32835260,Непарные плавники рыб и их филогенетическое развитие,,,,И.И. Шмальгаузен,1913,,,Кiевъ,,265,Russian (Old),,,,,,,,,,,,,,,200,,,,,,1,1,4500323,djvu,9481AB4C4DB88A3C95DEE4A09C5C2A4C,,,Непарные плавники рыб и их филогенетическое развитие (Шмальгаузен) (1913).djvu,0,2020-05-12 12:32:30,2020-05-12 15:40:01,2519000/9481ab4c4db88a3c95dee4a09c5c2a4c-g.jpg,Зоология,
32835261,Начальные основания естественной истории. Царство животных,,,,Николай Озерецковский,1791,,Императорская академия наук,СПБъ,,468,Russian (Old),,,,,,,,,,,,,,,200,,,,,,1,1,7000246,djvu,AF8CE20AEBA6FE1F491FA94DE03663E1,,,Начальные основания естественной истории... Царство животных (Озерецковский) (1791).djvu,0,2020-05-12 12:38:10,2020-05-12 15:40:01,2519000/af8ce20aeba6fe1f491fa94de03663e1-g.jpg,Зоология,
32835262,Мужской половой аппарат чешуекрылых,,,,Н. Холодковский,1886,,Императорская академия наук,СПБъ,,143,Russian (Old),,,,,,,,,,,,,,,200,,,,,,1,1,1625023,djvu,688B8182655FB47EF0ED8C2C395A4CEA,,,Мужской половой аппарат чешуекрылых (Холодковский) (1886).djvu,0,2020-05-12 12:40:05,2020-05-12 15:50:01,2519000/688b8182655fb47ef0ed8c2c395a4cea-g.jpg,Зоология,
32835263,Монголия и страна тангутов. Т. 2,2,,,Н. Пржевальский,1886,,,СПБъ,,453,Russian (Old),,,,,,,,,,,,,,,200,,,,,,1,1,13736550,djvu,D99BBD3DD5C0C5372F1432EE16C10182,,,Монголия и страна тангутов. Т. 2 (Пржевальский) (1876).djvu,0,2020-05-12 12:42:05,2020-05-12 15:50:01,2519000/d99bbd3dd5c0c5372f1432ee16c10182-g.jpg,Зоология,
32835264,"Материалы для истории научной и прикладной деятельности в России по зоологии и соприкасающимся с нею отраслям знания, преимущественно за последнее тридцатипятилетие (1850-1888 г.).",3,,,А. Богданов,1891,,,М.,,335,Russian (Old),,,,,,,,,,,,,,,200,,,,,,1,1,5339127,djvu,B2B85BF3032FE21E09B3E292F5F5BFC6,,,"Материалы для истории научной и прикладной деятельности в России по зоологии и соприкасающимся с нею отраслям знания, преимущественно за последнее тридцатипятилетие (1850-1888 г.). Т. 3 (Богданов) (1891).djvu",0,2020-05-12 12:44:10,2020-05-12 15:50:02,2519000/b2b85bf3032fe21e09b3e292f5f5bfc6-g.jpg,Зоология,
32835265,"Материалы для истории научной и прикладной деятельности в России по зоологии и соприкасающимся с ней отраслям знания, преимущественно за последнее тридцатипятилетие (1850-1887 г.). Т. 1",1,,,А. Богданов,1888,,,М.,,258,Russian (Old),,,,,,,,,,,,,,,200,,,,,,1,1,3271405,djvu,506B431B2033199CD2FF6C56D184403F,,,"Материалы для истории научной и прикладной деятельности в России по зоологии и соприкасающимся с ней отраслям знания, преимущественно за последнее тридцатипятилетие (1850-1887 г.). Т. 1 (Богданов) (1888).djvu",0,2020-05-12 12:45:58,2020-05-12 15:50:02,2519000/506b431b2033199cd2ff6c56d184403f-g.jpg,Зоология,
32835266,Летопись зоологических трудов общества в первое двадцатипятилетие его существования. (1863-1888 г.),,,,А. Богданов,1888,,,М.,,269,Russian (Old),,,,,,,,,,,,,,,200,,,,,,1,1,7684776,djvu,47450478D8051F89F169BD8BC55FEBDF,,,Летопись зоологических трудов общества в первое двадцатипятилетие его существования. (1863-1888 г.) (Богданов) (1888).djvu,0,2020-05-12 12:50:01,2020-05-12 16:00:01,2519000/47450478d8051f89f169bd8bc55febdf-g.jpg,Зоология,
32835267,Курс энтомологии теоретической и прикладной. Т. 1,,,,Н. Холодковский,1912,,,СПБъ,,518,Russian (Old),,,,,,,,,,,,,,,200,,,,,,1,1,11609156,djvu,94BB38FBCC971F4D7B0B2BE4402F2121,,,Курс энтомологии теоретической и прикладной. Т. 1 (Холодковский) (1912).djvu,0,2020-05-12 12:55:34,2020-05-12 16:00:01,2519000/94bb38fbcc971f4d7b0b2be4402f2121-g.jpg,Зоология,
32835268,Курс сравнительной анатомии позвоночных животных.,,,,В. Шимкевич,1912,2,,СПБъ,,662,Russian (Old),,,,,,,,,,,,,,,200,,,,,,1,1,19306891,djvu,5AD07A41534BFB98EF8931555C204C25,,,Курс сравнительной анатомии позвоночных животных. Изд. 2-е (Шимкевич) (1912).djvu,0,2020-05-12 12:58:01,2020-05-12 16:00:01,2519000/5ad07a41534bfb98ef8931555c204c25-g.jpg,,
32835269,Курс сравнительной анатомии позвоночных животных,,,,В. Шимкевич,1905,,,СПБъ,,539,Russian (Old),,,,,,,,,,,,,,,200,,,,,,1,1,13194402,djvu,4FB5EF83AF43FBABD50BACF6EDC8987B,,,Курс сравнительной анатомии позвоночных животных (Шимкевич) (1905).djvu,0,2020-05-12 12:59:16,2020-05-12 16:00:01,2519000/4fb5ef83af43fbabd50bacf6edc8987b-g.jpg,Зоология,
32835270,Краткий учебник зоологии.,,,,Ковалевский,1869,,,СПБъ,,628,Russian (Old),,,,,,,,,,,,,,,200,,,,,,1,1,28480548,djvu,999176C6BF8BA6B69E9E1F52E97734D5,,,Краткий учебник зоологии. 2-е изд. (Ковалевский) (1869).djvu,0,2020-05-12 13:02:24,2020-05-12 16:10:01,2519000/999176c6bf8ba6b69e9e1f52e97734d5-g.jpg,Зоология,
32835271,Геометрографическiй циркуль,,,,Горячкинъ В.,1915,,Типограф.Т-ва Рябушинскихъ.,Москва,21,21,Russian (Old),,,,,,,,,,,,,,,600,,,,,,,0,1254730,djvu,6F91EC37C6F62FCAD5CC2551DB0102F1,,,Горячкинъ_Геометрографический циркуль.djvu,0,2020-05-13 01:56:07,2020-05-13 05:00:01,2520000/6f91ec37c6f62fcad5cc2551db0102f1-g.jpg,,
32835272,Толковый словарь живого великорусского языка,1,,,Даль В.И.,1903,3,Вольф,СПб,,895,Russian (Old),,,,,,,,,,,,,,,600,0,,,,1,1,1,99402067,djvu,C79E998A5F783A5AF39BB65F50B57485,,,Том 1. А-З 1903.djvu,0,2020-05-17 23:23:44,2020-08-28 23:40:33,2522000/c79e998a5f783a5af39bb65f50b57485-g.jpg,,
32835273,Толковый словарь живого великорусского языка,3,,,Даль В.И.,1907,3,Вольф,СПб,,893,Russian (Old),,,,,,,,,,,,,,,600,0,,,,1,1,1,74623398,djvu,519C6C17B9DF8DBE493080821003588F,,,Том 3. П-Р 1907.djvu,0,2020-05-18 00:47:53,2020-08-28 23:40:43,2522000/519c6c17b9df8dbe493080821003588f-g.jpg,,
32835274,Толковый словарь живого великорусского языка,2,,,Даль В.И.,1905,3,Вольф,СПб,,1017,Russian (Old),,,,,,,,,,,,,,,600,0,,,,1,1,1,70497790,djvu,8BAEA944CCA6BB479BB09274E4B318D1,,,Том 2. И-О 1905.djvu,0,2020-05-18 00:01:47,2020-08-28 23:40:57,2522000/8baea944cca6bb479bb09274e4b318d1-g.jpg,,
32835275,Толковый словарь живого великорусского языка,4,,,Даль В.И.,1909,3,Вольф,СПб,,853,Russian (Old),,,,,,,,,,,,,,,600,0,,,,1,1,1,60945431,djvu,AD9DCCEE55D4871AEC3B1A6F87667F9F,,,Том 4. С-V 1909.djvu,0,2020-05-18 01:23:26,2020-08-28 23:41:19,2522000/ad9dccee55d4871aec3b1a6f87667f9f-g.jpg,,
32835276,"Краткий курс энтомологии, с обращением особенного внимания на насекомых, имеющих значение в лесном хозяйстве",,,,Н. Холодковский,1890,,,СПБъ,,637,Russian (Old),,,,,,,,,,,,,,,200,,,,,,1,1,14620602,djvu,1BFE80EBF7966917B363372CF45CEA85,,,"Краткий курс энтомологии, с обращением особенного внимания на насекомых, имеющих значение в лесном хозяйстве (Холодковский) (1890).djvu",0,2020-05-18 11:24:15,2020-05-18 14:30:01,2522000/1bfe80ebf7966917b363372cf45cea85-g.jpg,Зоология,
32835277,История развития Amphioxus lanceolatus или Branchiostoma lumbricum,,,,А. Ковалевский,1865,,,СПБъ,,48,Russian (Old),,,,,,,,,,,,,,,200,,,,,,1,1,1406773,djvu,53C885A3A61904EDE7C52B8B894DEB36,,,История развития Amphioxus lanceolatus или Branchiostoma lumbricum (Ковалевский) (1865).djvu,0,2020-05-18 11:29:30,2020-05-18 14:30:02,2522000/53c885a3a61904ede7c52b8b894deb36-g.jpg,Зоология,
32835278,Ископаемые и живущие Dreissensidae Евразии. Атлас,,,,Н. Андрусов,1897,,,СПБъ,,64,Russian (Old),,,,,,,,,,,,,,,200,,,,,,1,1,1362679,djvu,D5AD6926FF836DF68039FB66220401A9,,,Ископаемые и живущие Dreissensidae Евразии. Атлас (Андрусов) (1897).djvu,0,2020-05-18 11:32:02,2020-05-18 14:40:02,2522000/d5ad6926ff836df68039fb66220401a9-g.jpg,Зоология,
32835279,"Голые слизни (улитки), повреждающие поля и огороды в Московской губернии",,,,Вавилов Н.,1910,,,М.,,54,Russian (Old),,,,,,,,,,,,,,,300,,,,,,1,1,1394748,djvu,7FEAB30EAE8894377441909CCDFA269F,,,"Голые слизни (улитки), повреждающие поля и огороды в Московской губернии (Вавилов) (1910).djvu",0,2020-05-18 11:46:43,2020-05-18 14:50:01,2522000/7feab30eae8894377441909ccdfa269f-g.jpg,Зоология,
32835280,Атлас бабочек Европы и отчасти русско-азиатских владений,,,,Гофман Э.,1897,,Издание А.Ф. Девриена,СПБъ,,379,Russian (Old),,,,,,,,,,,,,,,300,,,,,,1,1,12172091,djvu,89642CD283FE683DCC6DE64523B801A6,,,Атлас бабочек Европы и отчасти русско-азиатских владений (Гофман) (1897).djvu,0,2020-05-18 11:52:26,2020-05-18 15:00:01,2522000/89642cd283fe683dcc6de64523b801a6-g.jpg,Зоология,
32835281,Основы анатомии человека. [Выпуск 1-3],,,,Ад. Панш,1888,,,СПБъ,,662,Russian (Old),,,,,,,,,,,,,,,300,,,,,,1,1,13443721,djvu,7547B88E364075B74D251AC87082A9EF,,,Основы анатомии человека. [Выпуск 1-3] (Панш) (1888).djvu,0,2020-05-18 12:05:01,2020-05-18 15:10:01,2522000/7547b88e364075b74d251ac87082a9ef-g.jpg,,
32835282,"Учебник анатомии и физиологии человека и животных, с кратким очерком жизнедеятельности растений",,,,Аникиев П.А.,1903,,Общественная польза,СПБъ,,268,Russian (Old),,,,,,,,,,,,,,,300,,,,,,1,1,4836639,djvu,3CF1DFABEE7DB33FEF4271EC67614504,,,"Учебник анатомии и физиологии человека и животных, с кратким очерком жизнедеятельности растений (Аникиев) (1903).djvu",0,2020-05-18 12:11:46,2020-05-18 15:20:01,2522000/3cf1dfabee7db33fef4271ec67614504-g.jpg,,
32835283,"Гёте и его время - Лекции по истории немецкой литературы XVIII века, читанные на высших женских курсах в Москве",,,,А. Шахов,1891,,Типография Тренке и Фюсно,С.-Петербург.,305,305,Russian (Old),,,,,,,,,,,,,,,300,,,0,1,1,0,0,4212041,djvu,3A6B167879B15349A23128877A356B6B,,,94_gete_i_ego_vremya__1891.djvu,0,2020-05-24 13:18:16,2020-05-24 16:20:01,2526000/3a6b167879b15349a23128877a356b6b-g.jpg,,
32835284,"Мировая скорбь, мрачное мировоззрение и пессимизм в западно-европейской поэзии нового времени, преимущественно новейшей французской",,,,Н. П. Дашкевич,1895,,Типография Императорского Университета Св. Владимира,Киев,39,39,Russian (Old),,,,,,,,,,,,,,,600,,,0,1,1,0,0,705573,djvu,C02CA029A2792957FCDDFD3025FBF95A,,,95_dashkewich_mirovays_skorb_1895.djvu,0,2020-05-24 13:23:41,2020-05-24 16:30:01,2526000/c02ca029a2792957fcddfd3025fbf95a-g.jpg,,
32835285,Метод в истории литературы,,,,Г. Лансон,1911,,"Товарищество \Мир\""""",Москва,79,79,Russian (Old),,,,,,,,,,,,,,,600,,,0,1,1,0,0,2027439,djvu,2EA522B4674AACDC55B904D76CDA7578,,,96_lanson_method_v_literature_1911.djvu,0,2020-05-24 13:28:14,2020-05-24 16:30:01,2526000/2ea522b4674aacdc55b904d76cda7578-g.jpg,,
32835286,Вольтер и его время,,,,А. Шахов,1907,,Типография Тренке и Фюсно,С.-Петербург,360,360,Russian (Old),,,,,,,,,,,,,,,300,,,0,1,1,0,0,3514619,djvu,F880F652ED17392A82AE21039137E3DA,,,93_shaxov_volter_i_ego_vremya_1907.djvu,0,2020-05-24 13:34:17,2020-05-24 16:40:01,2526000/f880f652ed17392a82ae21039137e3da-g.jpg,,
32835287,Политические мыслители и моралисты первой трети XIX века,,,,Эмиль Фагэ,1900,,Издание И. А. Баландина,Москва,234,234,Russian (Old),,,,,,,,,,,,,,,600,,,,,,,0,7541755,djvu,7BA9D0907A0AB13607BF85C1175BB33C,,,89_fage_mysliteli_moralisty_1900.djvu,0,2020-05-25 00:51:06,2020-05-25 05:00:02,2526000/7ba9d0907a0ab13607bf85c1175bb33c-g.jpg,,
32835288,Собрание сочинений Георга Брандеса. Том 9-й. Натурализм в Англии (окончание). Романтическая школа во Франции (начало),9,Всемирная библиотека. Собрание сочинений знаменитых русских и иностранных писателей,,Георг Брандес,1908,2,"Типография товарищества \Просвещение\""""",Санкт-Петербург,365,365,Russian (Old),,,,,,,,,,,,,,,600,,,0,1,1,0,0,6004735,djvu,811D53CC630E2ADD9F39ABA5912161E6,,,90_brandes_09_naturalism_v_anglii_1908.djvu,0,2020-05-25 02:01:20,2020-05-25 05:10:01,2526000/811d53cc630e2add9f39aba5912161e6-g.jpg,,
32835289,Собрание сочинений Георга Брандеса. Том 10-й. Романтическая школа во Франции (окончание),10,Всемирная библиотека. Собрание сочинений знаменитых русских и иностранных писателей,,Георг Брандес,1908,2,"Типография товарищества \Просвещение\""""",Санкт-Петербург,373,373,Russian (Old),,,,,,,,,,,,,,,600,,,0,1,1,0,0,6887154,djvu,296FCBE99EFEF68F760B00BD0D0772C0,,,91_brandes_10_romantism_vo_francii_1908.djvu,0,2020-05-25 02:22:19,2020-05-25 05:30:01,2526000/296fcbe99efef68f760b00bd0d0772c0-g.jpg,,
32835290,Вольтер: Крит.-биогр. очерк,,,,Густав Лансон,1911,,Изд. А. А. Карцева,Москва,201,201,Russian (Old),,,,,,,,,,,,,,,600,,,,,,,0,5522940,djvu,E656DA0422EE72CF31C9DF98B582DA55,,,03_lanson_volter_1911.djvu,0,2020-05-25 14:39:51,2020-05-26 00:40:01,2526000/e656da0422ee72cf31c9df98b582da55-g.jpg,,
32835291,В. Шекспир,,"Международная библиотека, №9",,Ипполит Тэн,1894,,Типография Исаковича,Одесса,36,36,Russian (Old),,,,,,,,,,,,,,,600,,,0,1,1,0,0,870041,djvu,AC0CA45EFD0C194152EDA449AF1F983C,,,04_ten_ippolit_shakespear_1894.djvu,0,2020-05-25 14:43:56,2020-05-26 00:40:01,2526000/ac0ca45efd0c194152eda449af1f983c-g.jpg,,
32835292,О методе критики и об истории литературы,,"Международная библиотека, №44",,Ипполит Тэн,1896,,Типография Брауде,Санкт-Петербург,63,63,Russian (Old),,,,,,,,,,,,,,,600,,,0,1,1,0,0,1097855,djvu,8AF24BA53412766AD01A98C0A9DACA22,,,05_ten_ippolit_o_methode_kritiki_1896.djvu,0,2020-05-25 14:51:16,2020-05-26 00:40:01,2526000/8af24ba53412766ad01a98c0a9daca22-g.jpg,,
32835293,"Байрон и его произведения: с предисл. Н. И. Стороженка \О влиянии Байрона на европейские литературы\""""",,,,Георг Брандес,1889,2,,Санкт-Петербург,134,134,Russian (Old),,,,,,,,,,,,,,,600,,,0,,1,0,0,3451264,djvu,F8C0E9DFB1B5C5C179CA9AD8E178A68C,,,24_brandes_bayron_1889.djvu,0,2020-05-25 14:56:28,2020-05-26 00:40:01,2526000/f8c0e9dfb1b5c5c179ca9ad8e178a68c-g.jpg,,
32835294,"Указатель к научным трудам Александра Николаевича Веселовского, профессора Императорского С.-Петербургского университета и академика Императорской Академии наук: 1859-1895",,,,,1896,2,Тип. В.С. Балашева и К°,Санкт-Петербург,135,135,Russian (Old),,,,,,,,,,,,,,,600,,,0,1,1,0,0,15924533,djvu,AE33F2760A9F63220A3DEB2FD91A113D,,,26_veselovskij_ukazatel_1896.djvu,0,2020-05-25 15:06:44,2020-05-26 00:40:01,2526000/ae33f2760a9f63220a3deb2fd91a113d-g.jpg,,
32835295,Лирика и лирики позднего средневековья. Очерки по истории поэзии Франции и Прованса,,Записки историко-филологического факультета Императорского С.-Петербургского Университета. Часть CII,,В. Шишмарев,1911,,Типография Н.Л. Данцига,C.-Петербург,578,578,Russian (Old),,,,,,,,,,,,,,,600,,,0,1,1,0,0,19587202,djvu,22CC4576DCD5C7FC061A9A22465BB04F,,,27_shishmarev_lirika_i_liriki_provansa_1911.djvu,0,2020-05-26 00:15:27,2020-05-26 03:20:01,2526000/22cc4576dcd5c7fc061a9a22465bb04f-g.jpg,,
32835296,О музыкально-прекрасном. Опыт поверки музыкальной эстетики,,,,Эдуард Ганслик,1895,,Музыкальная торговля И. Юргенсона,Москва,226,226,Russian (Old),,,,,,,,,,,,,,,600,,,0,1,1,0,0,11294690,djvu,1AF15EED45DB5030A114AEF3EE4023B2,,,28_ganslik_o_muzykalno_prekrasnom_1895.djvu,0,2020-05-26 00:45:47,2020-05-26 10:10:01,2526000/1af15eed45db5030a114aef3ee4023b2-g.jpg,,
32835297,Библиографический список учёно-литературных трудов А. Н. Веселовского с указанием их содержания и рецензий на них. 1859-1906 гг.,,"Сборник Отдела русского языка и словесности Императорской Академии наук, Т.99. №9 и последний",,Симони П. К.,1922,,,Петроград,75,75,Russian (Old),,,,,,,,,,,,,,,600,,,0,1,1,0,0,2753954,djvu,23038F69AFBC2EA9742188BECE9EC17D,,,31_spisok_rabot_veselovskogo_1922.djvu,0,2020-05-26 01:24:29,2020-05-26 10:10:03,2526000/23038f69afbc2ea9742188bece9ec17d-g.jpg,,
32835298,История польского народа в XIX веке,,,,А. Погодин,1915,,Издание Г.А. Лемана и С.И. Сахарова,Москва,154,154,Russian (Old),,,,,,,,,,,,,,,600,,,,,1,0,0,4654927,djvu,0592FCF3246A6AF25E4CD6BA9C4986BC,,,34_pogodin_istoriya_polskogo_naroda_XIX_1915.djvu,0,2020-05-26 01:37:11,2020-05-26 10:10:03,2526000/0592fcf3246a6af25e4cd6ba9c4986bc-g.jpg,,
32835299,Скептицизм в философии. Том первый,,"Библиотека современной философии, Выпуск пятый",,Рауль Рихтер,1910,,"Издательство \Шиповник\""""",С.-Петербург,450,450,Russian (Old),,,,,,,,,,,,,,,600,,,0,1,1,1,0,8004814,djvu,E60835B37340D74F7796163ABAD26264,,,64_raul_rihter_skepticism_v_filosofii_1910.djvu,0,2020-05-27 03:33:29,2020-05-27 13:30:02,2527000/e60835b37340d74f7796163abad26264-g.jpg,,
32835300,Альбрехт Дюрер. Критическая биография,,,,О. Маргильер,1905,,Издание А.С. Суворина,С.-Петербург,109,109,Russian (Old),,,,,,,,,,,,,,,300,,,0,1,1,0,0,2114511,djvu,4529812356A070B1AE083C955C0D8F24,,,98_durer_biografija_1905.djvu,0,2020-05-27 10:03:30,2020-05-27 13:30:04,2527000/4529812356a070b1ae083c955c0d8f24-g.jpg,,
32835301,"Голос минувшего. Журнал истории и истории литературы, 1913, №1, Январь",,,,"Ред. Мельгунов С.П., Семевский В.И. и др.",1913,,Типография Т-ва И. Д. Сытина,Москва,342,342,Russian (Old),,,,,,,,,,,,,,,600,,,0,1,1,0,0,4748317,djvu,D3AAA978065201DD8FAAAB9B72D41BF6,,,06_golos_minuvshego_1913_01_january.djvu,0,2020-05-27 12:20:31,2020-05-27 15:30:01,2527000/d3aaa978065201dd8faaab9b72d41bf6-g.jpg,,
32835302,"Голос минувшего. Журнал истории и истории литературы, 1913, №2, Февраль",,,,"Ред. Мельгунов С.П., Семевский В.И. и др.",1913,,Типография Т-ва И. Д. Сытина,Москва,333,333,Russian (Old),,,,,,,,,,,,,,,600,,,0,1,1,0,0,4010918,djvu,8A3BDD27A3FDFFCB160B9E5125474287,,,07_golos_minuvshego_1913_02_february.djvu,0,2020-05-27 12:24:48,2020-05-27 15:30:01,2527000/8a3bdd27a3fdffcb160b9e5125474287-g.jpg,,
32835303,"Голос минувшего. Журнал истории и истории литературы, 1913, №4, Апрель",,,,"Ред. Мельгунов С.П., Семевский В.И. и др.",1913,,Типография Т-ва И. Д. Сытина,Москва,344,344,Russian (Old),,,,,,,,,,,,,,,600,,,0,1,1,0,0,4312105,djvu,AAC1432C3359E03A104EA95DA1C7D8C5,,,09_golos_minuvshego_1913_04_april.djvu,0,2020-05-27 12:34:04,2020-05-27 15:40:01,2527000/aac1432c3359e03a104ea95da1c7d8c5-g.jpg,,
32835304,"Голос минувшего. Журнал истории и истории литературы, 1913, №5, Май",,,,"Ред. Мельгунов С.П., Семевский В.И. и др.",1913,,Типография Т-ва И. Д. Сытина,Москва,337,337,Russian (Old),,,,,,,,,,,,,,,600,,,0,1,1,0,0,4628618,djvu,677A2DD8C48A11EDBB0DE9DCEA5699B9,,,10_golos_minuvshego_1913_05_may.djvu,0,2020-05-27 12:38:10,2020-05-27 15:40:01,2527000/677a2dd8c48a11edbb0de9dcea5699b9-g.jpg,,
32835305,"Голос минувшего. Журнал истории и истории литературы, 1913, №6, Июнь",,,,"Ред. Мельгунов С.П., Семевский В.И. и др.",1913,,Типография Т-ва И. Д. Сытина,Москва,344,344,Russian (Old),,,,,,,,,,,,,,,600,,,0,1,1,0,0,4548284,djvu,F5D163CB1355E7DD5E2814AFC86DD2A7,,,11_golos_minuvshego_1913_06_june.djvu,0,2020-05-27 12:43:50,2020-05-27 15:50:01,2527000/f5d163cb1355e7dd5e2814afc86dd2a7-g.jpg,,
32835306,"Голос минувшего. Журнал истории и истории литературы, 1913, №7, Июль",,,,"Ред. Мельгунов С.П., Семевский В.И. и др.",1913,,Типография Т-ва И. Д. Сытина,Москва,333,333,Russian (Old),,,,,,,,,,,,,,,600,,,0,1,1,0,0,3872820,djvu,3EA79577B192590C6E18B3B45D183731,,,12_golos_minuvshego_1913_07_july.djvu,0,2020-05-27 12:50:02,2020-05-27 16:00:01,2527000/3ea79577b192590c6e18b3b45d183731-g.jpg,,
32835307,"Голос минувшего. Журнал истории и истории литературы, 1913, №8, Август",,,,"Ред. Мельгунов С.П., Семевский В.И. и др.",1913,,Типография Т-ва И. Д. Сытина,Москва,356,356,Russian (Old),,,,,,,,,,,,,,,600,,,0,1,1,0,0,4077789,djvu,348CE6EB309D98A898E423942D535B7D,,,13_golos_minuvshego_1913_08_august.djvu,0,2020-05-27 12:57:21,2020-05-27 16:00:01,2527000/348ce6eb309d98a898e423942d535b7d-g.jpg,,
32835308,"Голос минувшего. Журнал истории и истории литературы, 1913, №9, Сентябрь",,,,"Ред. Мельгунов С.П., Семевский В.И. и др.",1913,,Типография Т-ва И. Д. Сытина,Москва,337,337,Russian (Old),,,,,,,,,,,,,,,600,,,0,1,1,0,0,3823556,djvu,80C19DC6C1E502952D61B86C00EE9BDE,,,14_golos_minuvshego_1913_09_sept.djvu,0,2020-05-27 13:10:35,2020-05-27 16:20:01,2527000/80c19dc6c1e502952d61b86c00ee9bde-g.jpg,,
32835309,"Голос минувшего. Журнал истории и истории литературы, 1913, №10, Октябрь",,,,"Ред. Мельгунов С.П., Семевский В.И. и др.",1913,,Типография Т-ва И. Д. Сытина,Москва,342,342,Russian (Old),,,,,,,,,,,,,,,600,,,0,1,1,0,0,3857437,djvu,92CFE70A6C2E56BD3FA2A9A884095F6F,,,15_golos_minuvshego_1913_10_oct.djvu,0,2020-05-27 13:14:26,2020-05-27 16:20:01,2527000/92cfe70a6c2e56bd3fa2a9a884095f6f-g.jpg,,
32835310,"Голос минувшего. Журнал истории и истории литературы, 1914, №10, Октябрь",,,,"Ред. Мельгунов С.П., Семевский В.И. и др.",1914,,Типография Т-ва И. Д. Сытина,Москва,312,312,Russian (Old),,,,,,,,,,,,,,,600,,,0,1,1,0,0,15527548,djvu,B51F8B96A2601C9DC16075D1D8B8AA7B,,,16_golos_minuvshego_1914_10_oct.djvu,0,2020-05-27 13:24:46,2020-05-27 16:30:02,2527000/b51f8b96a2601c9dc16075d1d8b8aa7b-g.jpg,,
32835311,"Голос минувшего. Журнал истории и истории литературы, 1914, №11, Ноябрь",,,,"Ред. Мельгунов С.П., Семевский В.И. и др.",1914,,Типография Т-ва И. Д. Сытина,Москва,324,324,Russian (Old),,,,,,,,,,,,,,,600,,,0,1,1,0,0,3249594,djvu,A8B0F6DB4014F7D74C981805A9B30689,,,17_golos_minuvshego_1914_11_nov.djvu,0,2020-05-27 13:29:10,2020-05-27 16:30:02,2527000/a8b0f6db4014f7d74c981805a9b30689-g.jpg,,
32835312,"Голос минувшего. Журнал истории и истории литературы, 1914, №12, Декабрь",,,,"Ред. Мельгунов С.П., Семевский В.И. и др.",1914,,Типография Т-ва И. Д. Сытина,Москва,356,356,Russian (Old),,,,,,,,,,,,,,,600,,,0,1,1,0,0,4487859,djvu,3F94086427FE3A3F320705575D53070C,,,18_golos_minuvshego_1914_12_dec.djvu,0,2020-05-27 13:32:15,2020-05-27 16:40:01,2527000/3f94086427fe3a3f320705575d53070c-g.jpg,,
32835313,"Голос минувшего. Журнал истории и истории литературы, 1915, №1, Январь",,,,"Ред. Мельгунов С.П., Семевский В.И. и др.",1915,,Типография Т-ва Рябушинских,Москва,329,329,Russian (Old),,,,,,,,,,,,,,,600,,,0,1,1,0,0,7126366,djvu,63EC8AF1769E48E405528E9DE6E21BCF,,,19_golos_minuvshego_1915_01_january.djvu,0,2020-05-27 13:38:36,2020-05-27 16:40:01,2527000/63ec8af1769e48e405528e9de6e21bcf-g.jpg,,
32835314,"Голос минувшего. Журнал истории и истории литературы, 1915, №2, Февраль",,,,"Ред. Мельгунов С.П., Семевский В.И. и др.",1915,,Типография Т-ва Рябушинских,Москва,383,383,Russian (Old),,,,,,,,,,,,,,,600,,,0,1,1,0,0,6558813,djvu,8163E40EB408B27B7AC675B3EA2F8F4B,,,20_golos_minuvshego_1915_02_feb.djvu,0,2020-05-27 13:54:49,2020-05-27 17:00:01,2527000/8163e40eb408b27b7ac675b3ea2f8f4b-g.jpg,,
32835315,"Голос минувшего. Журнал истории и истории литературы, 1915, №5, Май",,,,"Ред. Мельгунов С.П., Семевский В.И. и др.",1915,,Типография Т-ва Рябушинских,Москва,361,361,Russian (Old),,,,,,,,,,,,,,,600,,,0,1,1,0,0,11534951,djvu,21FFD426AFEE23427A473409B07ED594,,,21_golos_minuvshego_1915_05_may.djvu,0,2020-05-27 14:01:55,2020-05-27 17:10:01,2527000/21ffd426afee23427a473409b07ed594-g.jpg,,
32835316,"Голос минувшего. Журнал истории и истории литературы, 1915, №11, Ноябрь",,,,"Ред. Мельгунов С.П., Семевский В.И. и др.",1915,,Типография Т-ва Рябушинских,Москва,318,318,Russian (Old),,,,,,,,,,,,,,,600,,,0,1,1,0,0,5198571,djvu,C75DF8B4542D4F68D41DB70A3AF6A9AE,,,22_golos_minuvshego_1915_11_nov.djvu,0,2020-05-27 14:06:06,2020-05-27 17:10:01,2527000/c75df8b4542d4f68d41db70a3af6a9ae-g.jpg,,
32835317,"Голос минувшего. Журнал истории и истории литературы, 1916, №5-6, Май-Июнь",,,,"Ред. Мельгунов С.П., Семевский В.И. и др.",1916,,Типография Т-ва Рябушинских,Москва,464,464,Russian (Old),,,,,,,,,,,,,,,600,,,0,1,1,0,0,4367083,djvu,82BFD62B1A69610E56B93DB054AFB33A,,,23_golos_minuvshego_1916_05_06.djvu,0,2020-05-27 14:11:06,2020-05-27 17:20:01,2527000/82bfd62b1a69610e56b93db054afb33a-g.jpg,,
32835318,Новеллы итальянского возрождения. Часть первая: Новеллисты Треченто,Часть 1,,,Перев. П. Муратов,1912,,Книгоиздательство К.Ф. Некрасова,Москва,185,185,Russian (Old),,,,,,,,,,,,,,,600,,,0,1,1,0,0,4604124,djvu,637D64062EC1E2D48D2DD9AEE3A11B67,,,45_novelli_italianskogo_vozrozhdenija_p1_1912.djvu,0,2020-05-27 15:00:08,2020-05-28 01:20:01,2527000/637d64062ec1e2d48d2dd9aee3a11b67-g.jpg,,
32835319,Новеллы итальянского возрождения. Часть вторая: Новеллисты Кватроченто,Часть 2,,,Перев. П. Муратов,1912,,Книгоиздательство К.Ф. Некрасова,Москва,150,150,Russian (Old),,,,,,,,,,,,,,,600,,,0,1,1,0,0,3446733,djvu,85914BE792FE2D3B4A344C5F6146B68D,,,46_novelli_italianskogo_vozrozhdenija_p2_1912.djvu,0,2020-05-27 15:02:46,2020-05-28 01:20:01,2527000/85914be792fe2d3b4a344c5f6146b68d-g.jpg,,
32835320,Новеллы итальянского возрождения. Часть третья: Новеллисты Чинквеченто,Часть 3,,,Перев. П. Муратов,1913,,Книгоиздательство К.Ф. Некрасова,Москва,332,332,Russian (Old),,,,,,,,,,,,,,,600,,,0,1,1,0,0,5158221,djvu,AB9494CFD2790739AA60402A2162ED95,,,47_novelli_italianskogo_vozrozhdenija_p3_1913.djvu,0,2020-05-27 15:05:52,2020-05-28 01:20:01,2527000/ab9494cfd2790739aa60402a2162ed95-g.jpg,,
32835321,Очерки современной литературы,,,,Жорж Пеллисье (Ж. Пелисье),1894,,Изд. кн. скл. П.К. Прянишникова,Москва,163,163,Russian (Old),,,,,,,,,,,,,,,600,,,0,1,1,0,0,3622955,djvu,9FBC731C17EBDCE9BEF849F99E461F7C,,,42_pelisie_ocherki_sovr_literaturi_1894.djvu,0,2020-05-27 15:13:01,2020-05-28 01:20:01,2527000/9fbc731c17ebdce9bef849f99e461f7c-g.jpg,,
32835322,Критические этюды современной литературы (Etudes de littérature contemporaine): Вторая серия,,,,Жорж Пеллисье (Ж. Пелисье),1901,,Изд. кн. скл. Д.П. Ефимова,Москва,317,317,Russian (Old),,,,,,,,,,,,,,,600,,,0,1,1,0,0,5940936,djvu,A89252FB4482B66C4A2570C07B09285A,,,43_pelisie_kritich_ocherki_sovr_literaturi_part2_1901.djvu,0,2020-05-27 15:19:33,2020-05-28 01:20:02,2527000/a89252fb4482b66c4a2570c07b09285a-g.jpg,,
32835323,Мировая скорбь. Опыт независимой философии (предисл.: Эмиль Готье),,,,Себастьян Фор,1906,,"Издание Виленского книжного склада \Знание\""""",С.-Петербург,350,350,Russian (Old),,,,,,,,,,,,,,,600,,,0,1,1,0,0,7873867,djvu,86B92562F113226326B0512B11EC708A,,,53_for_mirovaja_skorb_1906.djvu,0,2020-05-27 16:01:58,2020-05-28 01:20:02,2527000/86b92562f113226326b0512b11ec708a-g.jpg,,
32835324,"История реформации: С прил. ст. ред. о предшественниках реформации / Häusser, проф. всеобщ. истории Гейдельберг. ун-та; Пер. под ред. Виктора Михайловского, преп. IV Моск. гимназии",,,,Людвиг Хойссер,1882,,Тип. Э. Лисснер и Ю. Роман,Москва,811,811,Russian (Old),,,,,,,,,,,,,,,600,,,0,1,1,0,0,31238185,djvu,BF84E3492A9BE5D11E7DC7E38DB71DF8,,,52_hausser_istorija_reformacii_1882.djvu,0,2020-05-27 16:10:16,2020-05-28 01:20:02,2527000/bf84e3492a9be5d11e7dc7e38db71df8-g.jpg,,
32835325,"История испанской литературы. Том 1. Пер. с 4 англ. изд., пред. Н.И. Стороженко. С биогр. очерком Тикнора, примеч., библиогр. указ. и т. д.",1,,,Джордж Тикнор,1883,,К.Т. Солдатенков,Москва,495,495,Russian (Old),,,,,,,,,,,,,,,600,,,0,1,1,0,0,17245704,djvu,840DAAC996ACC6DD4212B0FC1D87CB0A,,,03_tiknor_ispanskaja_literatura_tom01_1883.djvu,0,2020-05-28 01:43:51,2020-05-28 09:40:01,2528000/840daac996acc6dd4212b0fc1d87cb0a-g.jpg,,
32835326,"История испанской литературы. Том 2. Пер. с 4 англ. изд., пред. Н.И. Стороженко. С биогр. очерком Тикнора, примеч., библиогр. указ. и т. д.",2,,,Джордж Тикнор,1886,,К.Т. Солдатенков,Москва,464,464,Russian (Old),,,,,,,,,,,,,,,600,,,0,1,1,0,0,20083168,djvu,9605AAF5993B5769079AD59A4EE5289E,,,04_tiknor_ispanskaja_literatura_tom02_1886.djvu,0,2020-05-28 01:50:39,2020-05-28 09:40:01,2528000/9605aaf5993b5769079ad59a4ee5289e-g.jpg,,
32835327,Торжество пола и гибель цивилизации,,,,"В.М. Фриче, прив.-доц. Моск. ун-та",1909,,Соврем. пробл.,Москва,102,102,Russian (Old),,,,,,,,,,,,,,,600,,,0,1,1,0,0,3086746,djvu,0814F2A7D8C0B6886B546A4BC81A1CA3,,,07_friche_torjestvo_pola_1909.djvu,0,2020-05-28 04:07:14,2020-05-28 09:40:02,2528000/0814f2a7d8c0b6886b546a4bc81a1ca3-g.jpg,,
32835328,Девятнадцатый век : Литературные этюды,,,,Эмиль Фагэ (Фаге),1901,,Т-во тип. А.И. Мамонтова,Москва,463,463,Russian (Old),,,,,,,,,,,,,,,600,,,0,1,1,0,0,9397931,djvu,F08C986E69D6BC2F918CCEB3B25E6130,,,08_fage_literaturnye_etudy_1901.djvu,0,2020-05-28 04:15:09,2020-05-28 09:40:02,2528000/f08c986e69d6bc2f918cceb3b25e6130-g.jpg,,
32835329,История греческой литературы. Руководство для учащихся и для самообразования. Пер. с 7-го фр. изд. В.С. Елисеевой; Под ред. и с предисл. С.А. Жебелева,,,,А. и М. Круазе,1916,"2-е изд., пересм.",Тип. Я. Башмакова и К°,Петроград,796,796,Russian (Old),,,,,,,,,,,,,,,600,,,0,1,1,0,0,36529619,djvu,8A5CD4EB4F010741806A058A43C7E8AF,,,83_croiset_grecheskaja_literatura_1916.djvu,0,2020-05-28 05:01:13,2020-05-28 09:40:02,2528000/8a5cd4eb4f010741806a058a43c7e8af-g.jpg,,
32835330,Очерки правительственной деятельности времени Павла I,,,,Клочков М.В.,1916,,,Петроград,635,623,Russian (Old),,,,,,,,,,,,,,,600,0,1,0,1,1,1,0,19404431,djvu,4195D2EDEE964A6A4FCBB3A44071200C,,,Клочков_Очерки правительственной деятельности времени Павла I (1916).djvu,0,2020-05-28 06:06:58,2020-05-28 09:40:03,2528000/4195d2edee964a6a4fcbb3a44071200c-g.jpg,,
32835331,Очерки правительственной деятельности времени Павла I,,,,Клочков М.В.,1916,,,Петроград,635,623,Russian (Old),,,,,,,,,,,,,,,600,0,1,0,1,1,1,0,48663345,pdf,81F5EFDACD9D44446123F8E60E43058F,,,Клочков_Очерки правительственной деятельности времени Павла I (1916).pdf,0,2020-05-28 06:43:39,2020-05-28 09:50:01,2528000/81f5efdacd9d44446123f8e60e43058f-g.jpg,,
32835332,Методы умозрительных наук,,Из наследия мировой философской мысли: логика,,Ж. М. К. Дюгамель ; пер. с фр. П. А. Хлебникова,2010,Изд. 2-е;испр.,URSS,Москва,112,112,Russian (Old),,,,9785396002586,,,,,,,,,,,300,,,0,1,1,0,0,887134,djvu,8B369C98E75DC7D5EE8E97BADB284BAD,,,48_dugamel_metodi_2010.djvu,0,2020-05-28 07:11:14,2020-05-30 20:54:48,2528000/8b369c98e75dc7d5ee8e97badb284bad-g.jpg,,9785396002586
32835333,Обзор философских учений,,,,П. Линицкий,1874,,Типография С. Т. Еремеева,Киев,255,255,Russian (Old),,,,,,,,,,,,,,,600,,,0,1,1,0,0,12518936,djvu,5854357110FF9EC1AAC9B2E7BD1C228A,,,97_linickij_1874.djvu,0,2020-05-28 08:26:50,2020-05-28 11:30:01,2528000/5854357110ff9ec1aac9b2e7bd1c228a-g.jpg,,
32835334,Граф Джиакомо Леопарди (1798-1837) и его теория infelicita: Литературный очерк,,,,Штейн В.И.,1891,,Типография и фототипия Штейна,Санкт-Петербург,156,156,Russian (Old),,,,,,,,,,,,,,,400,,,,,1,0,0,2382337,djvu,AA2B838833515DCA50D54A8403CCB08F,,,72_stein_leopardi_1891.djvu,0,2020-05-28 08:38:21,2020-05-28 11:40:01,2528000/aa2b838833515dca50d54a8403ccb08f-g.jpg,,
32835335,Commentationes Nikitinianae - Сборник статей по классической филологии в честь Петра Васильевича Никитина по поводу тридцатилетия служения его русскому просвещению 1871-1/VII-1901,,,,Коллектив авторов,1901,,"Типография \В.С. Балашев и К°\""""",Санкт-Петербург,381,381,Russian (Old),,,,,,,,,,,,,,,400,,,0,1,1,0,0,6300588,djvu,5B952AE4D11828CD032824170B6D19EF,,,75_commentationes_nikitinianae_1901.djvu,0,2020-05-28 09:06:09,2020-05-28 12:10:01,2528000/5b952ae4d11828cd032824170b6d19ef-g.jpg,,
32835336,Сердце в христианской и индийской мистике,,,,Б. Вышеславцев,1929,,YMCA-Press,Paris,79,79,Russian (Old),,,,,,,,,,,,,,,400,,,0,1,1,0,0,1310383,djvu,22AA8445D157A585E90A1D371A1165D1,,,61_vysheslavcev_serdce_1929.djvu,0,2020-05-28 11:57:44,2020-05-28 15:00:02,2528000/22aa8445d157a585e90a1d371a1165d1-g.jpg,,
32835337,Основные проблемы этики: Семь лекций / Пер. с нем. Г.А. Котляра,,,,Пауль Гензель ( Генсель ),1905,,Прогресс,Санкт-Петербург,87,87,Russian (Old),,,,,,,,,,,,,,,300,,,0,1,1,0,0,1326753,djvu,7B77059A4DB48D2B94116C2DDDA3A685,,,89_hensel_problemy_etiki_1905.djvu,0,2020-05-28 12:43:39,2020-05-28 15:50:02,2528000/7b77059a4db48d2b94116c2ddda3a685-g.jpg,,
32835338,"Современные вопросы эстетики / [Соч.] И. Фолькельта, проф. Лейпциг. ун-та; Пер. с нем. [и предисл.] Н. Штрупа",,,,Иоганнес Эммануил Фолькельт,1900,,"Издание ред. журн. \Образование\""""",Санкт-Петербург,251,251,Russian (Old),,,,,,,,,,,,,,,300,,,0,1,1,0,0,2721031,djvu,678B948ABDEE14E359715CE6DA34574B,,,90_folkelt_sovremennye_voprosy_estetiki_1899.djvu,0,2020-05-28 12:47:05,2020-05-28 15:50:02,2528000/678b948abdee14e359715ce6da34574b-g.jpg,,
32835339,"Питомник: разведение, лечение и уход за комнатными певчими птицами",,,,Ф. В. Добромский,1893,,Типография И. Гольдберга,,142,142,Russian (Old),,,,,,,,,,,,,,,0,,,,,,,0,3006509,djvu,C264814510F9D185CF34E41CABCB06F0,,,Dombrovskij-1893-R.djvu,0,2020-05-28 17:07:43,2020-05-29 02:50:02,2528000/c264814510f9d185cf34e41cabcb06f0-g.jpg,Домашние животные птицы,
32835340,Книга для охотников до птичьей и звериной ловли. Тт. 1-4,,1,,Левшин В.А.,1814,,,,54,54,Russian (Old),,,,,,,,,,,,,,,0,,,,,,,1,62469635,pdf,48513EE44C5714C8FE53CB739DBF7C72,,,Levshin.pdf,0,2020-05-28 22:46:29,2020-05-29 02:50:04,2528000/48513ee44c5714c8fe53cb739dbf7c72-g.jpg,,
32835341,Философский сборник : Льву Михайловичу Лопатину к тридцатилетию науч.-пед. деятельности : От Моск. психол. о-ва. 1881-1911,,,,Коллектив авторов,1912,,Типо-лит. т-ва И.Н. Кушнерева и К°,Москва,341,341,Russian (Old),,,,,,,,,,,,,,,300,,,0,1,1,0,0,2689275,djvu,BFFC71C93864B8ABFAB21BE3978D8AE6,,,24_lopatin_sbornik_1912.djvu,0,2020-05-29 04:10:54,2020-05-29 08:10:02,2528000/bffc71c93864b8abfab21be3978d8ae6-g.jpg,,
32835342,Материалы к фауне бабочек Кавказа. 1. Бабочки Красной Поляны.,,,,Кириченко А.Н.,1909,,,Новороссийск,,30,Russian (Old),,,,,,,,,,,,,,,0,,,,,,1,0,1357366,pdf,1AF907DF825BC3D81F27578D18968D31,,,kirichenko1909_mater_k_faune_bab_kavk_1.pdf,0,2020-06-07 04:03:52,2020-06-07 07:10:01,2534000/1af907df825bc3d81f27578d18968d31-g.jpg,Энтомология; Насекомые,
32835343,"Мораль Спинозы: изучение ее принципов и влияния, произведенного ею в новейшие времени",,,,Рене Вормс,1905,,Типография М. М. Стасюлевича,,,336,Russian (Old),,,,,,,,,,,,,,,600,,,0,1,1,1,1,12231816,djvu,27C76E443B2BED73901EA6C483107F72,,,Вормс Р. - Мораль Спинозы - 1905.djvu,0,2020-06-07 13:50:57,2020-08-28 23:42:32,2534000/27c76e443b2bed73901ea6c483107f72-g.jpg,,
32835344,Философия Парменида. Отзыв о рукописном сочинении,,,,Проф. E. А. Бобров,1903,,Типо - литография Императорского Университета,Казань,10,10,Russian (Old),,,,,,,,,,,,,,,0,,,,,1,,1,3901809,pdf,0D8A056E106F63DF824877A4C089A4B3,,,01003710722.pdf,0,2020-06-13 00:55:52,2020-06-13 04:00:02,2537000/0d8a056e106f63df824877a4c089a4b3-g.jpg,,
32835345,Философия Парменида. Отзыв о рукописном сочинении,,,,Проф. E. А. Бобров,1903,,Типо - литография Императорского Университета,Казань,18,18,Russian (Old),,,,,,,,,,,,,,,600,,,0,1,1,0,1,914364,djvu,90D8A1A81A42C3EC0A4ECAD02DE9C02A,,,94_bobrov_filosofija_parmenida_1903.djvu,0,2020-06-13 00:57:12,2020-06-13 04:00:02,2537000/90d8a1a81a42c3ec0a4ecad02de9c02a-g.jpg,,
32835346,Психогенезис внешнего мира,,"Вестник психологии, криминальной антропологии и гипнотизма. Вып. 4",,Проф. Бобров Е. А.,1904,,Бехтерев,Санкт-Петербург,15,15,Russian (Old),,,,,,,,,,,,,,,0,,,,,,,0,2266140,pdf,62AC60E07BEF29AF2856F14DA0F166DE,,,bwnfqs-unlocked.pdf,0,2020-06-13 04:32:37,2020-06-13 09:40:01,2537000/62ac60e07bef29af2856f14da0f166de-g.jpg,,
32835347,"УКАЗАТЕЛЬ СТАТЕЙ, HAПEЧАТАННЫX В УЧЕНЫХ ЗАПИСКАХ КАЗАНСКОГО УНИВЕРСИТЕТА за время 1834 — 1899 года включительно",,,,,1900,,Типо-литография ИМПЕРAТОPСКОГО Университета,Казань,98,98,Russian (Old),,,,,,,,,,,,,,,0,,,,,,1,1,15212341,pdf,1DDDE7990FBC3227ABA64DDE9847CCE8,,,72137.pdf,0,2020-06-13 10:40:10,2020-06-13 13:50:01,2537000/1ddde7990fbc3227aba64dde9847cce8-g.jpg,,
32835348,Аграрная политика партии народной свободы и ее последующая разработка,,,,Н.Н. Черненков,1907,,,СПБъ,,82,Russian (Old),,,,,,,,,,,,,,,0,,,,,,,1,33715869,pdf,702FA5E8058920DADB08E64B835451E2,,,7d6259eea97302098674181c909a0f3c(full permission).pdf,0,2020-06-15 06:08:22,2020-06-15 10:20:05,2539000/702fa5e8058920dadb08e64b835451e2-g.jpg,,
32835349,"Единство школы для всего народа, как требование русских политических партий",,,,Н. Тичеръ,1908,,,СПбъ,,60,Russian (Old),,,,,,,,,,,,,,,0,,,,,,,1,31584523,pdf,4330CD3049151B4FA6DADB9C9C325BC5,,,82bf877e81586f7af3aa16fe92f1c1e0(full permission).pdf,0,2020-06-15 12:03:01,2020-06-15 15:10:01,2539000/4330cd3049151b4fa6dadb9c9c325bc5-g.jpg,,
32835350,Базарь житейской суеты,3,,,Вильям Теккерей,1833,,,СПбъ,,442,Russian (Old),,,,,,,,,,,,,,,0,,,,,,,1,30261641,pdf,C5EADCD30210CE1FA9078CEC31919F0F,,,8c836de5b52e0a5cf296b606e89392c8(full permission).pdf,0,2020-06-15 12:14:45,2020-06-15 15:20:01,2539000/c5eadcd30210ce1fa9078cec31919f0f-g.jpg,,
32835351,Этюды по истории ранней греческой философии,,"Вопросы философии и психологии,  № 125",,П.П. БЛОНСКИЙ,1914,,,,,14,Russian (Old),,,,,,,,,,,,,,,0,,,,,,,0,7496888,pdf,C02E2A6E70A13E42B07B519810444CF0,,,book-41.pdf,0,2020-06-16 10:30:01,2020-06-16 13:40:02,2540000/c02e2a6e70a13e42b07b519810444cf0-g.jpg,,
32835352,Этическая проблема у Э. Гартмана,,"Вопросы философии и психологии, № 88",,П.П. БЛОНСКИЙ,1907,,,,,19,Russian (Old),,,,,,,,,,,,,,,0,,,,,,,0,11877226,pdf,93A06F94323E9F0D9882F0AF3BB95FA1,,,book-40.pdf,0,2020-06-16 10:33:49,2020-06-16 13:40:02,2540000/93a06f94323e9f0d9882f0af3bb95fa1-g.jpg,,
32835353,Павел и Виргиния (Paul et Virginie),,"Дешевая библиотека: История, Поэзия, Романы, №234",,Бернарден де Сен-Пьер,1892,,Издание А.С.Суворина,С.-Петербург,198,198,Russian (Old),,,,,,,,,,,,,,,0,,,,,1,,1,136990262,pdf,7FA76387455DC918EFA1D0EE54C6821B,,,Paul et Virginie1.pdf,0,2020-06-16 11:13:42,2020-06-16 17:56:46,2540000/7fa76387455dc918efa1d0ee54c6821b-g.jpg,,
32835354,"Павел и Виргиния, в переводе Константина Льдова, с 110 рисунками и 12 отдельными картинами М. Лелоара",,Наша библиотека,,Бернарден де Сен-Пьер,1890,,ИЗДАНИЕ ТОВАРИЩЕСТВА М. О. ВОЛЬФ,С.­ПЕТЕРБУРГ - МОСКВА,254,254,Russian (Old),,,,,,,,,,,,,,,0,,,,,,,1,248046214,pdf,CF08A1C05CA5C91F8B28938F1A63EDAD,,,Paul et Virginie2.pdf,0,2020-06-16 12:05:02,2020-06-16 15:10:02,2540000/cf08a1c05ca5c91f8b28938f1a63edad-g.jpg,,
32835355,"Критика и библиография. \Своё слово\"". Философско-литературный сборник"," издаваемый (вместо „Философского Трехмесячника\"") профессором А. А Козловым.""",,,,Е. Бобров,1899,,Ученые записки Каз. у-ва.,Казань,14,14,Russian (Old),,,,,,,,,,,,,,,300,,,,,,,1,433797,djvu,668D2A4CBA1CAEE9548348D0F6293736,,,1790-5_1899_9_ocr.djvu,0,2020-06-19 09:24:04,2020-06-19 14:40:05,2542000/668d2a4cba1caee9548348d0f6293736-g.jpg,
32835356,"Лекции по современной философии. Бесплатн. приложение к № 7 газ. \Неделя\""""",,,,Проф. В.М. Козловский,1911,,"Издательство \Вестника Знания\"" В.В.Битнера""",Санкт-Петербург,168,168,Russian (Old),,,,,,,,,,,,,,,0,,,,,,,0,47618400,pdf,8F13B9F0A15642F0F0A9AD378ED5E832,,,output.pdf,0,2020-06-19 10:22:19,2020-06-19 15:10:01,2542000/8f13b9f0a15642f0f0a9ad378ed5e832-g.jpg,,
32835357,Картина человека,,,,Галич А.И.,1834,,Тип. Имп. Акад. Наук,Санкт-Петербург,701,701,Russian (Old),,,,,,,,,,,,,,,600,,,,,,,1,33433743,djvu,9B8A11508188206ECD9CF4683D937F44,,,kartinachelovie00goog.djvu,0,2020-06-19 09:58:12,2020-06-19 15:20:08,2542000/9b8a11508188206ecd9cf4683d937f44-g.jpg,,
32835358,Картина человека,,Домашняя библиотека Г.В.Юдина,,Галич А.И.,1834,,Тип. Имп. Акад. Наук,Санкт-Петербург,700,700,Russian (Old),,,,,,,,,,,,,,,500,,,,,,,1,37991032,djvu,FD5BA176987F64BB6871C2C681E963FB,,,kartinacheloviek00gali.djvu,0,2020-06-19 10:09:34,2020-06-19 15:20:09,2542000/fd5ba176987f64bb6871c2c681e963fb-g.jpg,,
32835359,"Введение в философию, пер. с нем., под ред. Э.Л. Радлова, 2-е бесплатное прил. к журн. \Вестник и Библиотека Самообразования\""""",,Библиотека Самообразования,,В. Вундт,1903,,Тип. Акц. Общ. Брокгауз-Ефрон,С.-Петербург,164,164,Russian (Old),,,,,,,,,,,,,,,0,,,,,,,0,63378743,pdf,853B7FA8CA9B262FF4B235F7A87972C0,,,output.pdf,0,2020-06-20 04:11:47,2020-06-20 10:20:01,2543000/853b7fa8ca9b262ff4b235f7a87972c0-g.jpg,,
32835360,"История философии, авторизованный перевод с 2-го нем. изд. под ред. проф. В.А. Савальского",1,,,К. Форлендер,1911,,Издание О. Богдановой,С.-Петербург,280,280,Russian (Old),,,,,,,,,,,,,,,300,,,,,,,0,3103650,djvu,DF0E68EFD0C34219DA9E76FADFFA2210,,,Томъ I.djvu,0,2020-06-20 04:33:25,2020-06-20 10:20:01,2543000/df0e68efd0c34219da9e76fadffa2210-g.jpg,,
32835361,"Собрание сочинений по философии, 1888-1917 гг.",,,,Введенский А.И.,1888-1917 гг.,,,С.-Петербург,,0,Russian (Old),,,,,,,,,,,,,,,0,,,,,,,,237639747,zip,9C767A17599F4D8B83E10AC659F03262,,,Коллекция книг - Введенский А.И.zip,0,2020-06-20 07:28:02,2020-06-20 07:28:23,,,
32835362,Логос. Международный ежегодник по философии культуры. Архив номеров за 1910-1914 гг.,,,,Коллектив авторов,1910-1914,,"Издательство \Мусагет\""""",Москва,,0,Russian (Old),,,,,,,,,,,,,,,0,,,,,,,,108644654,zip,41AF2020766196A40CBE747EC1162717,,,Логос. Международный ежегодник по философии культуры (1910-1914).zip,0,2020-06-20 07:51:07,2020-06-20 07:51:07,,,
32835363,Борьба с мраморным хрущем на сыпучих песках и способы использования его паразитов,,,,К.Н. Россиков,1910,,Типография М. Меркушева,СПбъ,,87,Russian (Old),,,,,,,,,,,,,,,600,,,,,,,0,3043101,djvu,7A6EB4C8267F4BC37557670BF29227DA,,,rossikov1910_borjba_s_mramorn_khruschom.djvu,0,2020-06-22 05:49:44,2020-06-22 14:10:02,2544000/7a6eb4c8267f4bc37557670bf29227da-g.jpg,Энтомология; Насекомые,
32835364,"Возбуждение, торможение и наркоз",,,,Введенский Н.Е.,1901,,Типография М.М. Стасюлевича,СПБъ,,116,Russian (Old),,,,,,,,,,,,,,,200,,,,,,1,1,2260738,djvu,8768E892156157095C468CC90F56753B,,,"Возбуждение, торможение и наркоз (Введенский) (1901).djvu",0,2020-06-22 11:15:30,2020-06-22 14:20:01,2544000/8768e892156157095c468cc90f56753b-g.jpg,Физиология человека и животных,
32835365,Лекции о работе главных пищеварительных желез,,,,Павлов И.П.,1917,,Природа,М.,,249,Russian (Old),,,,,,,,,,,,,,,300,,,,,,1,1,2503241,djvu,FDE36BCF2167C9485593A5F0176263A8,,,Лекции о работе главных пищеварительных желез (Павлов) (1917).djvu,0,2020-06-22 11:24:01,2020-06-22 14:30:02,2544000/fde36bcf2167c9485593a5f0176263a8-g.jpg,Физиология человека и животных,
32835366,Лекции по физиологии пищеварения,,,,Павлов И.П.,1908,,,СПБъ,,71,Russian (Old),,,,,,,,,,,,,,,300,,,,,,1,1,2009022,djvu,6A0FB67756AA3EB822BA468F5BDA5F02,,,Лекции по физиологии пищеварения (Павлов) (1908).djvu,0,2020-06-22 11:25:06,2020-06-22 14:30:02,2544000/6a0fb67756aa3eb822ba468f5bda5f02-g.jpg,,
32835367,Наследственность и попытки ее объяснения,,,,Шимкевич В.,1896,,Издание Л.Ф. Пантелеева,СПБъ,,138,Russian (Old),,,,,,,,,,,,,,,200,,,,,,1,1,1848663,djvu,B7E8CA7A2F671BCF4945113FF84B1153,,,Наследственность и попытки ее объяснения (Шимкевич) (1896).djvu,0,2020-06-22 11:30:09,2020-06-22 14:40:02,2544000/b7e8ca7a2f671bcf4945113ff84b1153-g.jpg,Физиология человека и животных,
32835368,О животном электричестве,,,,Сеченов И.,1862,,,СПБъ,,225,Russian (Old),,,,,,,,,,,,,,,300,,,,,,1,1,3548770,djvu,6BD646139C21236F52CAFE92A1A45D68,,,О животном электричестве (Сеченов) (1862).djvu,0,2020-06-22 11:47:24,2020-06-22 14:50:01,2544000/6bd646139c21236f52cafe92a1a45d68-g.jpg,,
32835369,О зависимости кортикальных двигательных эффектов от побочных центральных влияний,,,,Ухтомский А.,1911,,,Юрьевъ,,251,Russian (Old),,,,,,,,,,,,,,,200,,,,,,1,1,4735425,djvu,8C01F062B8551B05B315DDB39E3AC964,,,О зависимости кортикальных двигательных эффектов от побочных центральных влияний (Ухтомский) (1911).djvu,0,2020-06-22 11:48:52,2020-06-22 14:50:01,2544000/8c01f062b8551b05b315ddb39e3ac964-g.jpg,Физиология человека и животных,
32835370,О неутомляемости нерва,,,,Введенский Н.Е.,1900,,,СПБъ,,47,Russian (Old),,,,,,,,,,,,,,,300,,,,,,1,1,1232445,djvu,B17E687A7AC2F7709CF8C9E2A6B02F7E,,,О неутомляемости нерва (Введенский) (1900).djvu,0,2020-06-22 11:50:13,2020-06-22 21:10:01,2544000/b17e687a7ac2f7709cf8c9e2a6b02f7e-g.jpg,,
32835371,О соотношениях между раздражением и возбуждением при тетанусе,,,,Введенский Н.Е.,1886,,,СПБъ,,340,Russian (Old),,,,,,,,,,,,,,,200,,,,,,1,1,4049700,djvu,02E0C00231B3FB99EFF2028F28C41D72,,,О соотношениях между раздражением и возбуждением при тетанусе (Введенский) (1886).djvu,0,2020-06-22 11:52:09,2020-06-22 21:10:02,2544000/02e0c00231b3fb99eff2028f28c41d72-g.jpg,Физиология человека и животных,
32835372,"Историческое описание одежды и вооружения Российских войск, с рисунками, составленное по высочайшему повелению. В 30-ти тт. Т. 1, Отд. I",,,,Под ред. А.В. Висковатова,2007,Репринтное издание,Альфарет,Санкт-Петербург,,371,Russian (Old),,,,,,,,,,,,,,,0,,,,,,,1,545173590,pdf,E6795F081E594AE55103C3C3A1181B10,,,"Том 1, Отд. 1 - 2007.pdf",0,2020-06-25 04:04:25,2020-06-25 11:10:01,2546000/e6795f081e594ae55103c3c3a1181b10-g.jpg,История России; История вооружения; Репринты;Раритеты,
32835373,"Историческое описание одежды и вооружения Российских войск, с рисунками, составленное по высочайшему повелению. В 30-ти тт. Т. 1, Отд. II",,,,Под ред. А.В. Висковатова,2007,Репринтное издание,Альфарет,Санкт-Петербург,,168,Russian (Old),,,,,,,,,,,,,,,0,,,,,,1,1,159990197,pdf,B90DDF3D7A84B64AF5162B6385D113D2,,,"Том 1, Отд. 2 - 2007.pdf",0,2020-06-25 04:07:15,2020-06-25 11:10:01,2546000/b90ddf3d7a84b64af5162b6385d113d2-g.jpg,История России; История вооружения; Репринты;Раритеты,
32835374,"Историческое описание одежды и вооружения Российских войск, с рисунками, составленное по высочайшему повелению. В 30-ти тт. Т. 2, Отд. I",,,,Под ред. А.В. Висковатова,2007,Репринтное издание,Альфарет,Санкт-Петербург,,247,Russian (Old),,,,,,,,,,,,,,,0,,,,,,,1,354536385,pdf,A505EFD0BED6CEAB6168ED2C5363AC8C,,,"Том 2, Отд. 1 - 2007.pdf",0,2020-06-25 04:09:43,2020-06-25 11:10:01,2546000/a505efd0bed6ceab6168ed2c5363ac8c-g.jpg,История России; История вооружения; Репринты;Раритеты,
32835375,"Историческое описание одежды и вооружения Российских войск, с рисунками, составленное по высочайшему повелению. В 30-ти тт. Т. 2, Отд. II",,,,Под ред. А.В. Висковатова,2007,Репринтное издание,Альфарет,Санкт-Петербург,,144,Russian (Old),,,,,,,,,,,,,,,0,,,,,,1,1,149129222,pdf,57C5FDDA8851426F9AA1C85113B64AC8,,,"Том 2, Отд. 2 - 2007.pdf",0,2020-06-25 04:12:26,2020-06-25 11:10:01,2546000/57c5fdda8851426f9aa1c85113b64ac8-g.jpg,История России; История вооружения; Репринты;Раритеты,
32835376,"Историческое описание одежды и вооружения Российских войск, с рисунками, составленное по высочайшему повелению. В 30-ти тт. Т. 3, Отд. I",,,,Под ред. А.В. Висковатова,2007,Репринтное издание,Альфарет,Санкт-Петербург,,286,Russian (Old),,,,,,,,,,,,,,,0,,,,,,,1,412243966,pdf,992299A9A5436FB49253FD109D6F39E2,,,"Том 3, Отд. 1 - 2007.pdf",0,2020-06-25 04:15:17,2020-06-25 11:10:01,2546000/992299a9a5436fb49253fd109d6f39e2-g.jpg,История России; История вооружения; Репринты;Раритеты,
32835377,"Историческое описание одежды и вооружения Российских войск, с рисунками, составленное по высочайшему повелению. В 30-ти тт. Т. 3, Отд. II",,,,Под ред. А.В. Висковатова,2007,,Альфарет,Санкт-Петербург,,206,Russian (Old),,,,,,,,,,,,,,,0,,,,,,,1,71995669,pdf,CD668039C0A03F912EE326FEA0C007FB,,,"Том 3, Отд. 2 - 2007.pdf",0,2020-06-25 04:16:50,2020-06-25 11:10:01,2546000/cd668039c0a03f912ee326fea0c007fb-g.jpg,История России; История вооружения; Репринты;Раритеты,
32835378,"Историческое описание одежды и вооружения Российских войск, с рисунками, составленное по высочайшему повелению. В 30-ти тт. Т. 4, Отд. I",,,,Под ред. А.В. Висковатова,2007,Репринтное издание,Альфарет,Санкт-Петербург,,222,Russian (Old),,,,,,,,,,,,,,,0,,,,,,,1,354107831,pdf,E11FD8D06EE1F690410241DD51843B19,,,"Том 4, Отд. 1 - 2007.pdf",0,2020-06-25 04:18:57,2020-06-25 11:10:01,2546000/e11fd8d06ee1f690410241dd51843b19-g.jpg,История России; История вооружения; Репринты;Раритеты,
32835379,"Историческое описание одежды и вооружения Российских войск, с рисунками, составленное по высочайшему повелению. В 30-ти тт. Т. 4, Отд. II",,,,Под ред. А.В. Висковатова,2007,Репринтное издание,Альфарет,Санкт-Петербург,,120,Russian (Old),,,,,,,,,,,,,,,0,,,,,,1,1,180563770,pdf,3EC5B04D6D2C998BBFFDF302D42AC856,,,"Том 4, Отд. 2 - 2007.pdf",0,2020-06-25 04:21:44,2020-06-25 11:10:01,2546000/3ec5b04d6d2c998bbffdf302d42ac856-g.jpg,История России; История вооружения; Репринты;Раритеты,
32835380,"Историческое описание одежды и вооружения Российских войск, с рисунками, составленное по высочайшему повелению. В 30-ти тт. Т. 5, Отд. I",,,,Под ред. А.В. Висковатова,2007,Репринтное издание,Альфарет,Санкт-Петербург,,146,Russian (Old),,,,,,,,,,,,,,,0,,,,,,,1,220327187,pdf,8A51376B789F8D9908E0CB7271E0387B,,,"Том 5, Отд. 1 - 2007.pdf",0,2020-06-25 04:23:57,2020-06-25 11:10:02,2546000/8a51376b789f8d9908e0cb7271e0387b-g.jpg,История России; История вооружения; Репринты;Раритеты,
32835381,"Историческое описание одежды и вооружения Российских войск, с рисунками, составленное по высочайшему повелению. В 30-ти тт. Т. 5, Отд. II",,,,Под ред. А.В. Висковатова,2007,Репринтное издание,Альфарет,Санкт-Петербург,,163,Russian (Old),,,,,,,,,,,,,,,0,,,,,,,1,58629563,pdf,4FF12D95D593BDB881FF1B5AB36F72A5,,,"Том 5, Отд. 2 - 2007.pdf",0,2020-06-25 04:25:40,2020-06-25 11:10:02,2546000/4ff12d95d593bdb881ff1b5ab36f72a5-g.jpg,История России; История вооружения; Репринты;Раритеты,
32835382,"Историческое описание одежды и вооружения Российских войск, с рисунками, составленное по высочайшему повелению. В 30-ти тт. Т. 6, Отд. I",,,,Под ред. А.В. Висковатова,2007,Репринтное издание,Альфарет,Санкт-Петербург,,166,Russian (Old),,,,,,,,,,,,,,,0,,,,,,,1,236443721,pdf,C12261517BF578E0F79F85ECB7DBEF09,,,"Том 6, Отд. 1 - 2007.pdf",0,2020-06-25 06:14:44,2020-06-25 11:10:02,2546000/c12261517bf578e0f79f85ecb7dbef09-g.jpg,История России; История вооружения; Репринты;Раритеты,
32835383,"Историческое описание одежды и вооружения Российских войск, с рисунками, составленное по высочайшему повелению. В 30-ти тт. Т. 6, Отд. II",,,,Под ред. А.В. Висковатова,2007,Репринтное издание,Альфарет,Санкт-Петербург,,148,Russian (Old),,,,,,,,,,,,,,,0,,,,,,,1,28975259,pdf,42FC699D1D4CA7832B3CAB5EC60B30E6,,,"Том 6, Отд. 2 - 2007.pdf",0,2020-06-25 06:15:59,2020-06-25 11:10:02,2546000/42fc699d1d4ca7832b3cab5ec60b30e6-g.jpg,История России; История вооружения; Репринты;Раритеты,
32835384,"Историческое описание одежды и вооружения Российских войск, с рисунками, составленное по высочайшему повелению. В 30-ти тт. Т. 7, Отд. I",,,,Под ред. А.В. Висковатова,2007,Репринтное издание,Альфарет,Санкт-Петербург,,198,Russian (Old),,,,,,,,,,,,,,,0,,,,,,,1,264515268,pdf,B5485F4A88B4ADD83A4F70C75658BCDF,,,"Том 7, Отд. 1 - 2007.pdf",0,2020-06-25 06:17:43,2020-06-25 11:10:02,2546000/b5485f4a88b4add83a4f70c75658bcdf-g.jpg,История России; История вооружения; Репринты;Раритеты,
32835385,"Историческое описание одежды и вооружения Российских войск, с рисунками, составленное по высочайшему повелению. В 30-ти тт. Т. 7, Отд. II",,,,Под ред. А.В. Висковатова,2007,Репринтное издание,Альфарет,Санкт-Петербург,,109,Russian (Old),,,,,,,,,,,,,,,0,,,,,,1,1,23137661,pdf,3B30EF3E8CEE957112D8A41BC6E6114D,,,"Том 7, Отд. 2 - 2007.pdf",0,2020-06-25 06:18:38,2020-06-25 11:10:02,2546000/3b30ef3e8cee957112d8a41bc6e6114d-g.jpg,История России; История вооружения; Репринты;Раритеты,
32835386,"Историческое описание одежды и вооружения Российских войск, с рисунками, составленное по высочайшему повелению. В 30-ти тт. Т. 8, Отд. I",,,,Под ред. А.В. Висковатова,2007,Репринтное издание,Альфарет,Санкт-Петербург,,131,Russian (Old),,,,,,,,,,,,,,,0,,,,,,,1,181474639,pdf,2343CBFE4546858C427041ADD503979A,,,"Том 8, Отд. 1 - 2007.pdf",0,2020-06-25 06:20:03,2020-06-25 11:10:02,2546000/2343cbfe4546858c427041add503979a-g.jpg,История России; История вооружения; Репринты;Раритеты,
32835387,"Историческое описание одежды и вооружения Российских войск, с рисунками, составленное по высочайшему повелению. В 30-ти тт. Т. 8, Отд. II",,,,Под ред. А.В. Висковатова,2007,Репринтное издание,Альфарет,Санкт-Петербург,,108,Russian (Old),,,,,,,,,,,,,,,0,,,,,,,1,211906992,pdf,5429B6F5D7EF629155773E4C10382E37,,,"Том 8, Отд. 2 - 2007.pdf",0,2020-06-25 06:21:36,2020-06-25 11:10:02,2546000/5429b6f5d7ef629155773e4c10382e37-g.jpg,История России; История вооружения; Репринты;Раритеты,
32835388,"Историческое описание одежды и вооружения Российских войск, с рисунками, составленное по высочайшему повелению. В 30-ти тт. Т. 9, Отд. I",,,,Под ред. А.В. Висковатова,2007,Репринтное издание,Альфарет,Санкт-Петербург,,177,Russian (Old),,,,,,,,,,,,,,,0,,,,,,,1,239554822,pdf,A027F6164B9F7E88164AD7F12DE5BF11,,,"Том 9, Отд. 1 - 2007.pdf",0,2020-06-25 06:23:09,2020-06-25 11:10:02,2546000/a027f6164b9f7e88164ad7f12de5bf11-g.jpg,История России; История вооружения; Репринты;Раритеты,
32835389,"Историческое описание одежды и вооружения Российских войск, с рисунками, составленное по высочайшему повелению. В 30-ти тт. Т. 9, Отд. II",,,,Под ред. А.В. Висковатова,2007,Репринтное издание,Альфарет,Санкт-Петербург,,160,Russian (Old),,,,,,,,,,,,,,,0,,,,,,1,1,49914438,pdf,DFBC777FC1BA905E68E1EFBB000D8699,,,"Том 9, Отд. 2 - 2007.pdf",0,2020-06-25 06:24:22,2020-06-25 11:10:02,2546000/dfbc777fc1ba905e68e1efbb000d8699-g.jpg,История России; История вооружения; Репринты;Раритеты,
32835390,"Историческое описание одежды и вооружения Российских войск, с рисунками, составленное по высочайшему повелению. В 30-ти тт. Т. 10, Отд. I",,,,Под ред. А.В. Висковатова,2007,Репринтное издание,Альфарет,Санкт-Петербург,,474,Russian (Old),,,,,,,,,,,,,,,0,,,,,,1,1,631034952,pdf,EB8406651D5C14E7033A39133ABC1953,,,"Том 10, Отд. 1 - 2007.pdf",0,2020-06-25 06:26:57,2020-06-25 11:10:02,2546000/eb8406651d5c14e7033a39133abc1953-g.jpg,История России; История вооружения; Репринты;Раритеты,
32835391,"Историческое описание одежды и вооружения Российских войск, с рисунками, составленное по высочайшему повелению. В 30-ти тт. Т. 10, Отд. II",,,,Под ред. А.В. Висковатова,2007,Репринтное издание,Альфарет,Санкт-Петербург,,127,Russian (Old),,,,,,,,,,,,,,,0,,,,,,1,1,157969336,pdf,206C47F932FE6CE177E9FBB0E3747E4D,,,"Том 10, Отд. 2 - 2007.pdf",0,2020-06-25 06:28:22,2020-06-25 11:10:02,2546000/206c47f932fe6ce177e9fbb0e3747e4d-g.jpg,История России; История вооружения; Репринты;Раритеты,
32835392,"Историческое описание одежды и вооружения Российских войск, с рисунками, составленное по высочайшему повелению. В 30-ти тт. Т. 11, Отд. I",,,,Под ред. А.В. Висковатова,2007,Репринтное издание,Альфарет,Санкт-Петербург,,175,Russian (Old),,,,,,,,,,,,,,,0,,,,,,,1,257370037,pdf,348255687046C61D225B1491AFBB7C21,,,"Том 11, Отд. 1 - 2007.pdf",0,2020-06-25 06:29:47,2020-06-25 11:10:03,2546000/348255687046c61d225b1491afbb7c21-g.jpg,История России; История вооружения; Репринты;Раритеты,
32835393,"Историческое описание одежды и вооружения Российских войск, с рисунками, составленное по высочайшему повелению. В 30-ти тт. Т. 11, Отд. II",,,,Под ред. А.В. Висковатова,2007,Репринтное издание,Альфарет,Санкт-Петербург,,206,Russian (Old),,,,,,,,,,,,,,,0,,,,,,1,1,96747652,pdf,CC7A467016433337A8334F10100E0F62,,,"Том 11, Отд. 2 - 2007.pdf",0,2020-06-25 06:30:54,2020-06-25 11:10:03,2546000/cc7a467016433337a8334f10100e0f62-g.jpg,История России; История вооружения; Репринты;Раритеты,
32835394,"Историческое описание одежды и вооружения Российских войск, с рисунками, составленное по высочайшему повелению. В 30-ти тт. Т. 12, Отд. I",,,,Под ред. А.В. Висковатова,2007,Репринтное издание,Альфарет,Санкт-Петербург,,144,Russian (Old),,,,,,,,,,,,,,,0,,,,,,,1,214526129,pdf,4689653D3037C8D2B3F8D073788369C8,,,"Том 12, Отд. 1 - 2007.pdf",0,2020-06-25 06:32:17,2020-06-25 11:10:03,2546000/4689653d3037c8d2b3f8d073788369c8-g.jpg,История России; История вооружения; Репринты;Раритеты,
32835395,"Историческое описание одежды и вооружения Российских войск, с рисунками, составленное по высочайшему повелению. В 30-ти тт. Т. 12, Отд. II",,,,Под ред. А.В. Висковатова,2007,Репринтное издание,Альфарет,Санкт-Петербург,,173,Russian (Old),,,,,,,,,,,,,,,0,,,,,,1,1,35372393,pdf,5EBE8FDAA1590B5EE7E2EE99128DEF4C,,,"Том 12, Отд. 2 - 2007.pdf",0,2020-06-25 06:33:18,2020-06-25 11:10:03,2546000/5ebe8fdaa1590b5ee7e2ee99128def4c-g.jpg,История России; История вооружения; Репринты;Раритеты,
32835396,"Историческое описание одежды и вооружения Российских войск, с рисунками, составленное по высочайшему повелению. В 30-ти тт. Т. 13, Отд. I",,,,Под ред. А.В. Висковатова,2007,Репринтное издание,Альфарет,Санкт-Петербург,,106,Russian (Old),,,,,,,,,,,,,,,0,,,,,,,1,156280651,pdf,FB0F0F621860D9CE6F47C1BCD0A448F7,,,"Том 13, Отд. 1 - 2007.pdf",0,2020-06-25 06:34:48,2020-06-25 11:10:03,2546000/fb0f0f621860d9ce6f47c1bcd0a448f7-g.jpg,История России; История вооружения; Репринты;Раритеты,
32835397,"Историческое описание одежды и вооружения Российских войск, с рисунками, составленное по высочайшему повелению. В 30-ти тт. Т. 13, Отд. II",,,,Под ред. А.В. Висковатова,2007,Репринтное издание,Альфарет,Санкт-Петербург,,104,Russian (Old),,,,,,,,,,,,,,,0,,,,,,,1,159418547,pdf,86DAEDA943910F4C7C1E6095FA39F0AA,,,"Том 13, Отд. 2 - 2007.pdf",0,2020-06-25 06:36:05,2020-06-25 11:10:03,2546000/86daeda943910f4c7c1e6095fa39f0aa-g.jpg,История России; История вооружения; Репринты;Раритеты,
32835398,"Историческое описание одежды и вооружения Российских войск, с рисунками, составленное по высочайшему повелению. В 30-ти тт. Т. 14, Отд. I",,,,Под ред. А.В. Висковатова,2007,Репринтное издание,Альфарет,Санкт-Петербург,,83,Russian (Old),,,,,,,,,,,,,,,0,,,,,,,1,117442358,pdf,830F2ABBDFC62265AD4A2EC8C53A2EFE,,,"Том 14, Отд. 1 - 2007.pdf",0,2020-06-25 06:37:15,2020-06-25 11:10:03,2546000/830f2abbdfc62265ad4a2ec8c53a2efe-g.jpg,История России; История вооружения; Репринты;Раритеты,
32835399,"Историческое описание одежды и вооружения Российских войск, с рисунками, составленное по высочайшему повелению. В 30-ти тт. Т. 14, Отд. II",,,,Под ред. А.В. Висковатова,2007,Репринтное издание,Альфарет,Санкт-Петербург,,120,Russian (Old),,,,,,,,,,,,,,,0,,,,,,,1,20532205,pdf,3E7991294C338705CB5A60FDC6ED30B5,,,"Том 14, Отд. 2 - 2007.pdf",0,2020-06-25 06:38:19,2020-06-25 11:10:03,2546000/3e7991294c338705cb5a60fdc6ed30b5-g.jpg,История России; История вооружения; Репринты;Раритеты,
32835400,"Историческое описание одежды и вооружения Российских войск, с рисунками, составленное по высочайшему повелению. В 30-ти тт. Т. 15, Отд. I",,,,Под ред. А.В. Висковатова,2007,Репринтное издание,Альфарет,Санкт-Петербург,,83,Russian (Old),,,,,,,,,,,,,,,0,,,,,,,1,118364293,pdf,3739E6A6CE28AE302EC8C67B88374D66,,,"Том 15, Отд. 1 - 2007.pdf",0,2020-06-25 06:39:33,2020-06-25 11:10:03,2546000/3739e6a6ce28ae302ec8c67b88374d66-g.jpg,История России; История вооружения; Репринты;Раритеты,
32835401,"Историческое описание одежды и вооружения Российских войск, с рисунками, составленное по высочайшему повелению. В 30-ти тт. Т. 15, Отд. II",,,,Под ред. А.В. Висковатова,2007,Репринтное издание,Альфарет,Санкт-Петербург,,155,Russian (Old),,,,,,,,,,,,,,,0,,,,,,,1,48201902,pdf,A31D1E0AC23CB50EF8C81AC6B1D2F055,,,"Том 15, Отд. 2 - 2007.pdf",0,2020-06-25 06:40:42,2020-06-25 11:10:03,2546000/a31d1e0ac23cb50ef8c81ac6b1d2f055-g.jpg,История России; История вооружения; Репринты;Раритеты,
32835402,"Историческое описание одежды и вооружения Российских войск, с рисунками, составленное по высочайшему повелению. В 30-ти тт. Т. 16, Отд. I",,,,Под ред. А.В. Висковатова,2007,Репринтное издание,Альфарет,Санкт-Петербург,,90,Russian (Old),,,,,,,,,,,,,,,0,,,,,,,1,131017521,pdf,49F0754FE9E92D12D0B061247CF18FAA,,,"Том 16, Отд. 1 - 2007.pdf",0,2020-06-25 06:41:53,2020-06-25 11:10:03,2546000/49f0754fe9e92d12d0b061247cf18faa-g.jpg,История России; История вооружения; Репринты;Раритеты,
32835403,"Историческое описание одежды и вооружения Российских войск, с рисунками, составленное по высочайшему повелению. В 30-ти тт. Т. 16, Отд. II",,,,Под ред. А.В. Висковатова,2007,Репринтное издание,Альфарет,Санкт-Петербург,,181,Russian (Old),,,,,,,,,,,,,,,0,,,,,,,1,55354936,pdf,B65E905D0781240D504ACCD65CBB4CEC,,,"Том 16, Отд. 2 - 2007.pdf",0,2020-06-25 06:42:52,2020-06-25 11:10:03,2546000/b65e905d0781240d504accd65cbb4cec-g.jpg,,
32835404,"Историческое описание одежды и вооружения Российских войск, с рисунками, составленное по высочайшему повелению. В 30-ти тт. Т. 17, Отд. I",,,,Под ред. А.В. Висковатова,2008,Репринтное издание,Альфарет,Санкт-Петербург,,91,Russian (Old),,,,,,,,,,,,,,,0,,,,,,,1,125714331,pdf,3771D897F68349D42A66C5A01C9EADE5,,,"Том 17, Отд. 1 - 2008.pdf",0,2020-06-25 06:44:07,2020-06-25 11:10:03,2546000/3771d897f68349d42a66c5a01c9eade5-g.jpg,История России; История вооружения; Репринты;Раритеты,
32835405,"Историческое описание одежды и вооружения Российских войск, с рисунками, составленное по высочайшему повелению. В 30-ти тт. Т. 17, Отд. II",,,,Под ред. А.В. Висковатова,2008,Репринтное издание,Альфарет,Санкт-Петербург,,114,Russian (Old),,,,,,,,,,,,,,,0,,,,,,1,1,131533546,pdf,5300F716A6C983E9C87D815D03A5BDFE,,,"Том 17, Отд. 2 - 2008.pdf",0,2020-06-25 06:45:25,2020-06-25 11:10:03,2546000/5300f716a6c983e9c87d815d03a5bdfe-g.jpg,История России; История вооружения; Репринты;Раритеты,
32835406,"Историческое описание одежды и вооружения Российских войск, с рисунками, составленное по высочайшему повелению. В 30-ти тт. Т. 18, Отд. I",,,,Под ред. А.В. Висковатова,2008,Репринтное издание,Альфарет,Санкт-Петербург,,158,Russian (Old),,,,,,,,,,,,,,,0,,,,,,,1,228193707,pdf,434B8E0092C8C501126966662B175FE3,,,"Том 18, Отд. 1 - 2008.pdf",0,2020-06-25 06:46:51,2020-06-25 11:10:03,2546000/434b8e0092c8c501126966662b175fe3-g.jpg,История России; История вооружения; Репринты;Раритеты,
32835407,"Историческое описание одежды и вооружения Российских войск, с рисунками, составленное по высочайшему повелению. В 30-ти тт. Т. 18, Отд. II",,,,Под ред. А.В. Висковатова,2008,Репринтное издание,Альфарет,Санкт-Петербург,,162,Russian (Old),,,,,,,,,,,,,,,0,,,,,,,1,47056294,pdf,13B73547F4F143BE7F7EC1EDDA5172B1,,,"Том 18, Отд. 2 - 2008.pdf",0,2020-06-25 06:48:17,2020-06-25 11:10:03,2546000/13b73547f4f143be7f7ec1edda5172b1-g.jpg,История России; История вооружения; Репринты;Раритеты,
32835408,"Историческое описание одежды и вооружения Российских войск, с рисунками, составленное по высочайшему повелению. В 30-ти тт. Т. 19, Отд. I",,,,Под ред. А.В. Висковатова,2008,Репринтное издание,Альфарет,Санкт-Петербург,,438,Russian (Old),,,,,,,,,,,,,,,0,,,,,,,1,553658946,pdf,EADA3F8E07ABB8F7B19F547581B459FB,,,"Том 19, Отд. 1 - 2008.pdf",0,2020-06-25 06:50:43,2020-06-25 11:10:03,2546000/eada3f8e07abb8f7b19f547581b459fb-g.jpg,История России; История вооружения; Репринты;Раритеты,
32835409,"Историческое описание одежды и вооружения Российских войск, с рисунками, составленное по высочайшему повелению. В 30-ти тт. Т. 19, Отд. II",,,,Под ред. А.В. Висковатова,2008,Репринтное издание,Альфарет,Санкт-Петербург,,109,Russian (Old),,,,,,,,,,,,,,,0,,,,,,1,1,71455877,pdf,E8DDE692D7AA45C2ED74A0ACF4580EEB,,,"Том 19, Отд. 2 - 2008.pdf",0,2020-06-25 06:52:01,2020-06-25 11:10:03,2546000/e8dde692d7aa45c2ed74a0acf4580eeb-g.jpg,История России; История вооружения; Репринты;Раритеты,
32835410,История царствования императора Александра I и России в его время. Том 1,1,,,Модест Богданович,1869,,,Санкт-Петербургъ,,539,Russian (Old),,,,2007041495,,,,,,,,,,,0,,,,,,,1,378394760,pdf,C65EDEBBF82D47E4BD0F3D783A16A0E0,,,Modest.Bogdanovich.Istorija.carstvovanija.imperatora.Aleksandra.I.i.Rossii.1869.Tom.1.pdf,0,2020-06-25 07:07:27,2020-06-27 17:21:02,2546000/c65edebbf82d47e4bd0f3d783a16a0e0-g.jpg,История России;Раритеты;История XIX века,2007041495
32835411,История царствования императора Александра I и России в его время. Том 2,2,,,Модест Богданович,1869,,,Санкт-Петербургъ,,631,Russian (Old),,,,2007041496,,,,,,,,,,,0,,,,,,,1,457844993,pdf,7421E8047305240B572486C47F075359,,,Modest.Bogdanovich.Istorija.carstvovanija.imperatora.Aleksandra.I.i.Rossii.1869.Tom.2.pdf,0,2020-06-25 07:11:32,2020-06-27 17:21:02,2546000/7421e8047305240b572486c47f075359-g.jpg,История России;Раритеты;История XIX века,2007041496
32835412,История царствования императора Александра I и России в его время. Том 3,3,,,Модест Богданович,1869,,,Санкт-Петербургъ,,584,Russian (Old),,,,2007041497,,,,,,,,,,,0,,,,,,,1,401860429,pdf,CCD94427812629F55E09A6DF8550D223,,,Modest.Bogdanovich.Istorija.carstvovanija.imperatora.Aleksandra.I.i.Rossii.1869.Tom.3.pdf,0,2020-06-25 07:36:30,2020-06-27 17:21:02,2546000/ccd94427812629f55e09a6df8550d223-g.jpg,История России;Раритеты;История XIX века,2007041497
32835413,История царствования императора Александра I и России в его время. Том 4,4,,,Модест Богданович,1869,,,Санкт-Петербургъ,,679,Russian (Old),,,,2007041498,,,,,,,,,,,0,,,,,,,1,502761710,pdf,EB6EF743C58FD311A4AE0EFE70DE4357,,,Modest.Bogdanovich.Istorija.carstvovanija.imperatora.Aleksandra.I.i.Rossii.1869.Tom.4.pdf,0,2020-06-25 07:39:11,2020-06-27 17:21:02,2546000/eb6ef743c58fd311a4ae0efe70de4357-g.jpg,История России;Раритеты;История XIX века,2007041498
32835414,История царствования императора Александра I и России в его время. Том 5,5,,,Модест Богданович,1871,,,Санкт-Петербургъ,640,640,Russian (Old),,,,2007041499,,,,,,,,,,,0,,,,,,1,1,519434081,pdf,43AE7D2286A538B0B74EB9B232512237,,,Modest.Bogdanovich.Istorija.carstvovanija.imperatora.Aleksandra.I.i.Rossii.1871.Tom.5.pdf,0,2020-06-25 07:41:58,2020-06-27 17:21:02,2546000/43ae7d2286a538b0b74eb9b232512237-g.jpg,История России;Раритеты;История XIX века,2007041499
32835415,История царствования императора Александра I и России в его время. Том 6,6,,,Модест Богданович,1871,,,Санкт-Петербургъ,,660,Russian (Old),,,,2007041500,,,,,,,,,,,0,,,,,,1,1,529869937,pdf,9C767A01941E7A5D2C3C999BBBF46E7D,,,Modest.Bogdanovich.Istorija.carstvovanija.imperatora.Aleksandra.I.i.Rossii.1871.Tom.6.pdf,0,2020-06-25 07:44:34,2020-06-27 17:21:02,2546000/9c767a01941e7a5d2c3c999bbbf46e7d-g.jpg,История России;Раритеты;История XIX века,2007041500
32835416,История войны 1814 года во Франции и низложения Наполеона I. Том 1,1,,,Богданович М.И.,1865,,,Санкт-Петербургъ,,682,Russian (Old),,,,2007081662,,,,,,,,,,,0,,,,,,,1,506665660,pdf,55A51CCB0AF7AB1590850178DD4C166B,,,Том 1 - 1865.pdf,0,2020-06-25 12:16:17,2020-06-27 17:21:02,2546000/55a51ccb0af7ab1590850178dd4c166b-g.jpg,История России;Раритеты;История XIX века,2007081662
32835417,История войны 1814 года во Франции и низложения Наполеона I. Том 2,2,,,Богданович М.И.,1865,,,Санкт-Петербургъ,,261,Russian (Old),,,,2007081661,,,,,,,,,,,0,,,,,,,1,318643913,pdf,3F8A89C5934ECAECAFCC5E31B7C2EFFD,,,Том 2 - 1865.pdf,0,2020-06-25 12:21:06,2020-06-27 17:21:02,2546000/3f8a89c5934ecaecafcc5e31b7c2effd-g.jpg,История России;Раритеты;История XIX века,2007081661
32835418,Психологические этюды,,,,Сеченов И.М.,1873,,Типография Ф.С. Сущинского,СПБъ,233,233,Russian (Old),,,,,,,,,,,,,,,300,,,,,,1,1,3605428,djvu,319BC893DCE492CC283D1A41DF44845B,,,Психологические этюды (Сеченов) (1873).djvu,0,2020-07-04 10:46:40,2020-07-04 15:30:02,2552000/319bc893dce492cc283d1a41df44845b-g.jpg,Физиология человека и животных,
32835419,Собрание сочинений И.М. Сеченова Т. 1 Экспериментальные исследования,,,,Сеченов И.М.,1907,,Императорская академия наук,М.,,278,Russian (Old),,,,,,,,,,,,,,,300,,,,,,1,1,3105998,djvu,5448A88D5ED28E4F549F9D3CA139828A,,,Собрание сочинений. Т. 1 (Сеченов) (1907).djvu,0,2020-07-04 10:49:24,2020-07-04 15:30:02,2552000/5448a88d5ed28e4f549f9d3ca139828a-g.jpg,Физиология человека и животных,
32835420,Собрание сочинений И.М. Сеченова Т. 2,,,,Сеченов И.М.,1908,,Императорская академия наук,М.,,482,Russian (Old),,,,,,,,,,,,,,,300,,,,,,1,1,5740993,djvu,4ADDC92B704189D6E2BAD3D35A0B641E,,,Собрание сочинений. Т. 2 (Сеченов) (1908).djvu,0,2020-07-04 10:51:29,2020-07-04 15:30:02,2552000/4addc92b704189d6e2bad3d35a0b641e-g.jpg,Физиология человека и животных,
32835421,Телефонические исследования над электрическими явлениями в мышечных и нервных аппаратах,,,,Введенский Н.Е.,1884,,,СПБъ,,137,Russian (Old),,,,,,,,,,,,,,,300,,,,,,1,1,1776727,djvu,DF529045DA5237D4D6948A5136EC8402,,,Телефонические исследования над электрическими явлениями в мышечных и нервных аппаратах (Введенский) (1884).djvu,0,2020-07-04 10:56:01,2020-07-04 15:30:03,2552000/df529045da5237d4d6948a5136ec8402-g.jpg,,
32835422,Физиологические эскизы (Молешотт),,,,Я. Молешотт,1863,,,М.,,255,Russian (Old),,,,,,,,,,,,,,,300,,,,,,1,1,3175867,djvu,E27AB88321695B694A8FC0D0654AC0D9,,,Физиологические эскизы (Молешотт) (1863).djvu,0,2020-07-04 10:57:25,2020-07-04 15:30:03,2552000/e27ab88321695b694a8fc0d0654ac0d9-g.jpg,Физиология человека и животных,
32835423,Физиология органов чувств. Зрение,,,,Сеченов И.М.,1867,,,СПБъ,,350,Russian (Old),,,,,,,,,,,,,,,200,,,,,,1,1,3968757,djvu,6CA8048878F41360B56167D0CB3C7957,,,Физиология органов чувств. Зрение (Сеченов) (1867).djvu,0,2020-07-04 10:58:32,2020-07-04 15:30:03,2552000/6ca8048878f41360b56167d0cb3c7957-g.jpg,Физиология человека и животных,
32835424,Генеральная карта западной сибири с киргизской степью 1848 год.,,,,Военно-топографический штаб,1848,,Военно-топографический штаб,,5,5,Russian (Old),Geography\\\\Russia,,,,,,,,,,,,,,0,,,,,,1,0,66567454,pdf,7756212EFB920454F4B203D26438E830,,,Генеральная карта западной сибири с киргизской степью 1848 год.pdf,0,2020-07-18 02:54:29,2020-07-18 02:54:43,,,
32835425,История XVIII века,,,,Герье В.И.,1902,,Типо-литография Ю. Венер,Москва,536,536,Russian (Old),,,,,,,,,,,,,,,0,,,,,,1,0,232307949,pdf,CDC4113C57A25F7ABC5A94092005CA57,,,Герье - История XVIII века.pdf,0,2020-07-31 10:41:14,2020-07-31 13:50:02,2569000/cdc4113c57a25f7abc5a94092005ca57-g.jpg,,
32835426,Элементарная теория вероятностей (для лиц незнакомых с началами высшей математики),,,,М.М. Филиппов,1896,,Типография А. Пороховщикова,Санкт-Петербург,127,129,Russian (Old),,,,,,,,,,,,,,,600,0,1,0,1,1,0,0,6747927,pdf,F90E65EA15EC15C55657C6C1A82DB31D,,,Filippov_ElemTeorVer.pdf,0,2020-08-02 11:32:10,2020-08-02 14:40:01,2574000/f90e65ea15ec15c55657c6c1a82db31d-g.jpg,,
32835427,Начальный курс естествоведения,,,,Л.С. Севрук,1908,5,Издание автора,Санкт-Петербург,607,0,Russian (Old),,,,,,,,,,,,,,zipped multipage tiff,300,0,1,0,1,1,,0,371181170,zip,8D0865C70AE5EFF0CE4E9EB412799AFC,,,Sevruk_NKE.zip,0,2020-08-09 12:44:19,2020-08-09 12:44:19,,,
32835428,"Ньютон, его жизнь и труды",,,,Н.Н. Маракуев,1890,2,"Издание \Народной библиотеки\"" В.Н. Маракуева""",Москва,205,208,Russian (Old),,,,,,,,,,,,,,,300,0,1,0,1,1,0,0,5859133,djvu,5A98772B934C3BAE731558FF37591975,,,Marakuev_Newton.djvu,0,2020-08-10 11:39:49,2020-08-11 10:00:03,2586000/5a98772b934c3bae731558ff37591975-g.jpg,,
32835429,Начальный курс естествоведения,,,,Л.С. Севрук,1908,5,Издание автора,Санкт-Петербург,607,0,Russian (Old),,,,,,,,,,,,,,zipped multipage tiff,300,0,1,0,1,1,0,0,453096668,zip,E002D384A2C5BB1536453751C791EE8D,,,Sevruk_NKE.zip,0,2020-08-11 22:50:51,2020-08-11 22:50:51,,,
32835430,Краткое руководство для практических занятий по микроскопической ботанике и введение в микроскопическую технику,,,,Эдуард Страсбургер,1885,,Издание книгопродавца Г. Шлейхера,Одесса,365,365,Russian (Old),,,,,,,,,,,,,,,300,0,1,0,1,1,,0,29060258,pdf,4551F92A9372FA94DCE62BDEBAC0B4BA,,,Strasburger_MicroBot.pdf,0,2020-08-14 09:47:44,2020-08-15 00:30:28,2593000/4551f92a9372fa94dce62bdebac0b4ba-g.jpg,,
32835431,Полуостров Ямал,,,,Житков Б.М.,1913,,Типографія М. М. Стасюлевича,СПб,,375,Russian (Old),,,,,,,,,,,,,,,600,0,1,,,1,1,1,17603762,djvu,EAE571AF866758705240D5EB51C8157E,,,Житков Б.М. Полуостров Ямал 1914.djvu,0,2020-09-09 02:49:34,2021-01-15 21:06:17,2664000/eae571af866758705240d5eb51c8157e-g.jpg,,
32835432,О ПОНЯТіИ БЫТІЯ,,,,Проф. Евгеній Бобровъ,1898,,Типо-литографія ИМПЕРАТОРСКАГО университета,КАЗАНЬ,76,76,Russian (Old),,,,,,,,,,,,,,,0,,,,,,,1,3507901,pdf,0A3DCCAF1171458332086A6F226EC585,,,268.pdf,0,2020-10-02 09:05:14,2020-10-02 12:10:36,2753000/0a3dccaf1171458332086a6f226ec585-g.jpg,,
32835433,НОВАЯ РЕКОНСТРУКЦIЯ МОНАДОЛОГIИ ЛЕЙБНИЦА,,,,Проф. Евгеній Бобровъ,1896,,Печатня К. Матисена,ЮРЬЕВЪ,18,18,Russian (Old),,,,,,,,,,,,,,,0,,,,,,,0,3528515,pdf,33E154B214D71FC4E5210978B098ED5A,,,63278.pdf,0,2020-10-02 09:15:13,2020-10-02 12:20:03,2753000/33e154b214d71fc4e5210978b098ed5a-g.jpg,,
32835434,О самосознанiи. Актовая рЬчь.,,,,Проф. Евгеній Бобровъ,1898,,Типо-литографИя ИМПЕРАТОРСКАГО Университета.,КАЗАНЬ,46,46,Russian (Old),,,,,,,,,,,,,,,0,,,,,,,1,1428868,pdf,C29CC423CE7A2CA4689EEA483DFFA38E,,,65211.pdf,0,2020-10-02 09:21:44,2020-10-02 12:30:09,2753000/c29cc423ce7a2ca4689eea483dffa38e-g.jpg,,
32835435,Психогенезисъ внЬшняго мiра,,"Вестник психологии, криминальной антропологии и гипнотизма. Вып. 4",,Проф. Евгеній Бобровъ,1904,,Типо-литографИя ИМПЕРАТОРСКАГО Университета.,СПб.,15,15,Russian (Old),,,,,,,,,,,,,,decrypted from 8E4D15D476964A2F2041F0B0C2E643DA source file,0,,,,,,,0,2266623,pdf,B52BD77E36C0D31589C032C73F470777,,,bwnfqs.pdf,0,2020-10-02 09:34:36,2020-10-02 12:40:40,2753000/b52bd77e36c0d31589c032c73f470777-g.jpg,,
32835436,Изъ исторiи критическаго индивидуалисма,,,,Проф. Евгеній Бобровъ,1898,,Типо-литографИя ИМПЕРАТОРСКАГО Университета.,КАЗАНЬ,51,51,Russian (Old),,,,,,,,,,,,,,,0,,,,,,,1,2717227,pdf,319F8B7D88B3854081D6B5F7ADD77145,,,indivi_sharp.pdf,0,2020-10-02 09:39:08,2020-10-02 12:40:40,2753000/319f8b7d88b3854081d6b5f7add77145-g.jpg,,
32835437,Изъ исторiи критическаго индивидуалисма,,,,Проф. Евгеній Бобровъ,1898,,Типо-литографИя ИМПЕРАТОРСКАГО Университета. Format: 	PDF,КАЗАНЬ,55,55,Russian (Old),,,,,,,,,,,,,,,0,,,,,,,0,11930899,pdf,ED464830CB2E7527531011688DEBEB40,,,indiviv81098.pdf,0,2020-10-02 09:44:28,2020-10-02 12:50:50,2754000/ed464830cb2e7527531011688debeb40-g.jpg,,
32835438,История черноморской торговли в средних веках. Часть 1,1,,,[Ла Примоди Е. Ф. де],1850,,,,,168,Russian (Old),64,,,,,,,,,,,,,,0,,,,,,1,0,107996102,pdf,84D5213BFB672FC2C1C655B904448F5A,,,[Ла Примоди Е. Ф. де]. История черноморской торговли в средних веках. Ч 1.pdf,0,2020-10-13 00:51:41,2020-10-13 04:00:46,2782000/84d5213bfb672fc2c1c655b904448f5a-g.jpg,,
32835439,Казань и казанцы. Часть 1,1,,,Агафонов Н.,1906,,,,,120,Russian (Old),64,,,,,,,,,,,,,,0,,,,,,,0,30374844,pdf,AF0F4A1E515BB6509A8C1C1EB256CA75,,,Агафонов Н. Казань и казанцы. Часть 1 (1906).PDF,0,2020-10-13 00:58:25,2020-10-13 04:00:46,2782000/af0f4a1e515bb6509a8c1c1eb256ca75-g.jpg,,
32835440,Казань и казанцы. Часть 2,2,,,Агафонов Н.,1907,,,,,144,Russian (Old),64,,,,,,,,,,,,,,0,,,,,,,0,39751074,pdf,CD80E56D8604EA3E839E5EC1DFDD4A27,,,Агафонов Н. Казань и казанцы. Часть 2 (1907).PDF,0,2020-10-13 00:59:30,2020-10-13 04:00:46,2782000/cd80e56d8604ea3e839e5ec1dfdd4a27-g.jpg,,
32835441,Карты первобытных народов,,,,Адлер Б.,1910,,,,,196,Russian (Old),33,,,,,,,,,,,,,,0,,,,,,,0,44642605,pdf,57D98ABF8E739B3243F54C581ABBB789,,,Адлер Б. Карты первобытных народов.PDF,0,2020-10-13 01:05:09,2020-10-13 04:10:03,2782000/57d98abf8e739b3243f54c581abbb789-g.jpg,,
32835442,История древне-русского искусства. Выпуск 1. Киев,1,,,Айналов Д.,1915,,,,,280,Russian (Old),57,,,,,,,,,,,,,,0,,,,,,,0,63269279,pdf,82E05B10D25E7D46F73F619E52AADCAD,,,Айналов Д. История древне-русского искусства. Выпуск 1. Киев_1915.PDF,0,2020-10-13 01:15:41,2020-10-13 04:20:22,2782000/82e05b10d25e7d46f73f619e52aadcad-g.jpg,,
32835443,Акты греческого Нежинского братства,,,,сост. А.А. Федотов-Чеховский,1884,,,,,188,Russian (Old),64,,,,,,,,,,,,,,0,,,,,,,0,49987686,pdf,4F4DE6D2DA61A95B0689C7253823989A,,,Акты греческого Нежинского братства .pdf,0,2020-10-13 01:17:56,2020-10-13 04:20:22,2782000/4f4de6d2da61a95b0689c7253823989a-g.jpg,,
32835444,Акты Литовско-Русского государства. Выпуск 1 (1390-1529 г.),,,,Изд. М. Довнар-Запольским,1899,,Унив. тип.,Москва,,282,Russian (Old),64,balik2,,,,,,,,,,,,,0,,,,,,,1,381035860,pdf,F06A75F59FA6B576E2FF57C0954E5324,,,Акты Литовско-Русского государства. Выпуск 1 (1390-1529 г.) (1899).pdf,0,2020-10-13 01:21:49,2020-10-13 04:30:03,2782000/f06a75f59fa6b576e2ff57c0954e5324-g.jpg,,
32835445,Акты царствования Екатерины ІІ: учреждения для управления губерний и жалованныя грамоты дворянству и городам,,,,под ред. И.Н. Шмелева,1907,,,,,165,Russian (Old),64,balik2,,,,,,,,,,,,,0,,,,,,,1,20264439,pdf,33FACFE106C37788641E84A801DDD91E,,,Акты царствования Екатерины ІІ_учреждения для управления губерний и жалованныя грамоты дворянству и городам.pdf,0,2020-10-13 01:28:21,2020-10-13 04:30:03,2782000/33facfe106c37788641e84a801ddd91e-g.jpg,,
32835446,История Чехии,,,,"Смишко, Антонина",1909,,"\Вестник знания\"" (В.В. Битнер)""",,,76,Russian (Old),,balik2,,,,,,,,,,,,,600,,,,,,,0,26300843,djvu,678C1E97A47DCD676C6BA4FE8142C439,,,Антошка. История Чехии (1909).djvu,0,2020-10-13 01:31:36,2020-10-13 04:40:03,2782000/678c1e97a47dcd676c6ba4fe8142c439-g.jpg,,
32835447,Абсолютная монархия на Западе,,,,"Ардашев, Павел Николаевич",1902,,Брокгауз-Ефрон,,,187,Russian (Old),64,balik2,,,,,,,,,,,,,0,,,,,,,1,17378175,pdf,DF8AC061FAD59DCC293C64DA3D4F9811,,,Ардашев П.Н. Абсолютная монархия.pdf,0,2020-10-13 01:47:43,2020-10-13 04:50:03,2782000/df8ac061fad59dcc293c64da3d4f9811-g.jpg,,
32835448,"Архив Юго-западной России. Ч. 1. Т. 01. Акты, относящиеся к истории православной церкви в Югозападной России",,,,,1859,,Унив. тип.,,,652,Russian (Old),64,balik2,,,,,,,,,,,,,0,,,,,,,0,248968257,pdf,A7668A2F3D6BCDF23D02690369448CC0,,,"Архив Юго-западной России. Ч. 1. Т. 01. Акты, относящиеся к истории православной церкви в Югозападной России (1859).PDF",0,2020-10-13 01:52:36,2020-10-13 05:21:26,2782000/a7668a2f3d6bcdf23d02690369448cc0-g.jpg,,
32835449,Архив Юго-западной России. Ч. 1. Т. 02. Материалы для истории православия в Западной Украине в XVIII ст.. Архимандрит Мелхиседек Значко-Яворский (1759 - 1771),,,,,1864,,,,,928,Russian (Old),64,balik2,,,,,,,,,,,,,0,,,,,,,0,381893649,pdf,CFB1DBBED661696A9B57904907EBAD0E,,,Архив Юго-западной России. Ч. 1. Т. 02. Материалы для истории православия в Западной Украине в XVIII ст.. Архимандрит Мелхиседек Значко-Яворский (1759 - 1771) (1864).PDF,0,2020-10-13 02:00:03,2020-10-13 05:21:26,2782000/cfb1dbbed661696a9b57904907ebad0e-g.jpg,,
32835450,Архив Юго-западной России. Ч. 1. Т. 03. Материалы для истории православия в Западной Украине в XVIII ст. Архимандрит Мелхиседек Значко-Яворский (1759 - 1771),,,,,1864,,,,,924,Russian (Old),64,balik2,,,,,,,,,,,,,0,,,,,,,0,429687163,pdf,2910A757870FF2498EAC59CEB8B5CEDB,,,Архив Юго-западной России. Ч. 1. Т. 03. Материалы для истории православия в Западной Украине в XVIII ст. Архимандрит Мелхиседек Значко-Яворский (1759 - 1771) (1864).PDF,0,2020-10-13 02:05:06,2020-10-13 05:21:27,2782000/2910a757870ff2498eac59ceb8b5cedb-g.jpg,,
32835451,Архив Юго-западной России. Ч. 1. Т. 04. Акты об унии и состоянии православной церкви с половины XVII века (1648 - 1798),,,,,1871,,,,,868,Russian (Old),64,balik2,,,,,,,,,,,,,0,,,,,,,0,347989596,pdf,08B2F51D1293B79F56A298E941B53E08,,,Архив Юго-западной России. Ч. 1. Т. 04. Акты об унии и состоянии православной церкви с половины XVII века (1648 - 1798) (1871).PDF,0,2020-10-13 02:12:04,2020-10-13 05:21:27,2782000/08b2f51d1293b79f56a298e941b53e08-g.jpg,,
32835452,"Архив Юго-западной России. Ч. 1. Т. 05. Акты, относящиеся к делу о подчинении Киевской Митрополии Московскому Патриархату (1620 - 1694)",,,,,1872,,,,,682,Russian (Old),64,balik2,,,,,,,,,,,,,0,,,,,,,0,266317831,pdf,45D8F3AAAD1F3ACBC12A0053D17D328F,,,"Архив Юго-западной России. Ч. 1. Т. 05. Акты, относящиеся к делу о подчинении Киевской Митрополии Московскому Патриархату (1620 - 1694) (1872).PDF",0,2020-10-13 02:26:22,2020-10-13 05:30:07,2782000/45d8f3aaad1f3acbc12a0053d17d328f-g.jpg,,
32835453,Архив Юго-западной России. Ч. 1. Т. 06. Акты о церковно-религиозных отношениях в Юго-Западной Руси (1322 - 1648),,,,,1883,,,,,1136,Russian (Old),,balik2,,,,,,,,,,,,,0,,,,,,,0,508201039,pdf,4E7DDBCDD1A4C89F44AD21681A483475,,,Архив Юго-западной России. Ч. 1. Т. 06. Акты о церковно-религиозных отношениях в Юго-Западной Руси (1322 - 1648) (1883).PDF,0,2020-10-13 02:29:25,2020-10-13 05:30:09,2782000/4e7ddbcdd1a4c89f44ad21681a483475-g.jpg,,
32835454,Архив Юго-западной России. Ч. 1. Т. 07. Памятники литературной полемики православных южно-руссцев с протестантами и латино-униатами,,,,,1887,,,,,832,Russian (Old),64,,,,,,,,,,,,,,0,,,,,,,0,370546206,pdf,00A5551C110EEC77CF1D4EF9BEEA68B0,,,Архив Юго-западной России. Ч. 1. Т. 07. Памятники литературной полемики православных южно-руссцев с протестантами и латино-униатами (1887).PDF,0,2020-10-13 02:43:39,2020-10-13 06:10:07,2782000/00a5551c110eec77cf1d4ef9beea68b0-g.jpg,,
32835455,Архив Юго-западной России. Ч. 1. Т. 08. Вып. 1. Памятники литературной полемики православных южно-руссов с протестантами и латино-униатами в Юго-западной Руси за XVI и XVII стол.,,,,,1914,,,,,808,Russian (Old),64,,,,,,,,,,,,,,0,,,,,,,0,348613549,pdf,5C890F8B329411F63D15FAEEA5690322,,,Архив Юго-западной России. Ч. 1. Т. 08. Вып. 1. Памятники литературной полемики православных южно-руссов с протестантами и латино-униатами в Юго-западной Руси за XVI и XVII стол. (1914).PDF,0,2020-10-13 02:46:36,2020-10-13 06:10:07,2782000/5c890f8b329411f63d15faeea5690322-g.jpg,,
32835456,"Архив Юго-западной России. Ч. 1. Т. 09. Лифос. полемическое сочинение, вышедшее из Киево-Печерской типографии в 1644 году",,,,,1893,,,,,612,Russian (Old),,,,,,,,,,,,,,,0,,,,,,,0,257778659,pdf,6FF7B7F663A1D8B81D09B33696171F25,,,"Архив Юго-западной России. Ч. 1. Т. 09. Лифос. полемическое сочинение, вышедшее из Киево-Печерской типографии в 1644 году (1893).PDF",0,2020-10-13 02:50:26,2020-10-13 06:10:07,2782000/6ff7b7f663a1d8b81d09b33696171f25-g.jpg,,
32835457,"Архив Юго-западной России. Ч. 1. Т. 10. Акты, относящиеся к истории Галицко-русской православной церкви (1423-1714 гг.)",,,,,1904,,,,,1008,Russian (Old),64,,,,,,,,,,,,,,0,,,,,,,0,437614345,pdf,123E5563A708097A56C39B439FB48B10,,,"Архив Юго-западной России. Ч. 1. Т. 10. Акты, относящиеся к истории Галицко-русской православной церкви (1423-1714 гг.) (1904).PDF",0,2020-10-13 02:53:10,2020-10-13 06:10:08,2782000/123e5563a708097a56c39b439fb48b10-g.jpg,,
32835458,"Архив Юго-западной России. Ч. 1. Т. 11. Акты, относящиеся к истории Львовского Ставропигиального братства",,,,,1904,,,,,940,Russian (Old),64,,,,,,,,,,,,,,0,,,,,,,0,384462234,pdf,54AFB22EE5030628921625B63ADBFDF9,,,"Архив Юго-западной России. Ч. 1. Т. 11. Акты, относящиеся к истории Львовского Ставропигиального братства (1904).PDF",0,2020-10-13 03:00:56,2020-10-13 06:10:08,2782000/54afb22ee5030628921625b63adbfdf9-g.jpg,,
32835459,"Архив Юго-западной России. Ч. 1. Т. 12. Акты, относящиеся к истории Львовского Ставропигиального братства (продолжение)",,,,,1904,,,,,888,Russian (Old),64,,,,,,,,,,,,,,0,,,,,,,0,370811637,pdf,FE45AD375AD3C4994AEDB7ACB0319A24,,,"Архив Юго-западной России. Ч. 1. Т. 12. Акты, относящиеся к истории Львовского Ставропигиального братства (продолжение) (1904).PDF",0,2020-10-13 03:04:14,2020-10-13 06:10:09,2782000/fe45ad375ad3c4994aedb7acb0319a24-g.jpg,,
32835460,"Архив Юго-западной России. Ч. 2. Т. 01. Постановления дворянских провинциальных сеймов, в Югозападной России",,,,,1861,,,,,604,Russian (Old),64,,,,,,,,,,,,,,0,,,,,,,0,217860012,pdf,529B600D50AF73DB2E7BC3DD9F96EB43,,,"Архив Юго-западной России. Ч. 2. Т. 01. Постановления дворянских провинциальных сеймов, в Югозападной России (1861).PDF",0,2020-10-13 03:10:36,2020-10-13 06:20:03,2782000/529b600d50af73db2e7bc3dd9f96eb43-g.jpg,,
32835461,Архив Юго-западной России. Ч. 2. Т. 02. Акты для истории провинциальных сеймиков Юго-Западного края во второй половине XVII века,,,,,1888,,,,,736,Russian (Old),64,,,,,,,,,,,,,,0,,,,,,,0,248015349,pdf,E9CD78AC1E4014CC015AF9E88E96C099,,,Архив Юго-западной России. Ч. 2. Т. 02. Акты для истории провинциальных сеймиков Юго-Западного края во второй половине XVII века (1888).PDF,0,2020-10-13 03:13:46,2020-10-13 06:20:09,2782000/e9cd78ac1e4014cc015af9e88e96c099-g.jpg,,
32835462,Архив Юго-западной России. Ч. 2. Т. 03. Постановления провинциальных сеймиков Юго-западной Руси в 1698 - 1726 г.г.,,,,,1910,,,,,952,Russian (Old),64,,,,,,,,,,,,,,0,,,,,,,0,363469724,pdf,EE5C0C12965199B0F16B14587F96C5C3,,,Архив Юго-западной России. Ч. 2. Т. 03. Постановления провинциальных сеймиков Юго-западной Руси в 1698 - 1726 г.г. (1910).PDF,0,2020-10-13 03:24:49,2020-10-13 06:30:25,2782000/ee5c0c12965199b0f16b14587f96c5c3-g.jpg,,
32835463,Архив Юго-западной России. Ч. 3. Т. 01. Акты о козаках (1500 - 1648),,,,,1863,,,,,570,Russian (Old),64,,,,,,,,,,,,,,0,,,,,,,0,233906588,pdf,D7BEC70538008BE7CD8F6799C709F879,,,Архив Юго-западной России. Ч. 3. Т. 01. Акты о козаках (1500 - 1648) (1863).PDF,0,2020-10-13 03:27:45,2020-10-13 06:30:25,2782000/d7bec70538008be7cd8f6799c709f879-g.jpg,,
32835464,Архив Юго-западной России. Ч. 3. Т. 02. Акты о козаках (1679 - 1716),,,,,1888,,,,,1052,Russian (Old),64,,,,,,,,,,,,,,0,,,,,,,0,423501084,pdf,8F5B07135F152F641504049FABF66BC9,,,Архив Юго-западной России. Ч. 3. Т. 02. Акты о козаках (1679 - 1716) (1888).PDF,0,2020-10-13 03:30:16,2020-10-13 06:40:03,2782000/8f5b07135f152f641504049fabf66bc9-g.jpg,,
32835465,Архив Юго-западной России. Ч. 3. Т. 03. Акты о гайдамаках (1700 - 1768),,,,,1876,,,,,1038,Russian (Old),64,,,,,,,,,,,,,,0,,,,,,,0,434647425,pdf,4F810FA8CB625F42449AEC73A4FD0E39,,,Архив Юго-западной России. Ч. 3. Т. 03. Акты о гайдамаках (1700 - 1768) (1876).PDF,0,2020-10-13 03:32:58,2020-10-13 06:41:00,2782000/4f810fa8cb625f42449aec73a4fd0e39-g.jpg,,
32835466,"Архив Юго-западной России. Ч. 3. Т. 04. Акты, относящиеся к эпохе Богдана Хмельницкого",,,,,1914,,,,,1112,Russian (Old),64,,,,,,,,,,,,,,0,,,,,,,0,353280312,pdf,E0575570FC7E25A4F1D3E1EE3CF17AC7,,,"Архив Юго-западной России. Ч. 3. Т. 04. Акты, относящиеся к эпохе Богдана Хмельницкого (1914).PDF",0,2020-10-13 03:34:56,2020-10-13 06:41:00,2782000/e0575570fc7e25a4f1d3e1ee3cf17ac7-g.jpg,,
32835467,Архив Юго-западной России. Ч. 3. Т. 05. Акты о мнимом крестьянском восстании в Юго-западном крае в 1789 году,,,,,1902,,,,,990,Russian (Old),64,,,,,,,,,,,,,,0,,,,,,,0,427258789,pdf,615086CF2E90C9186B8A4AF59AC4BAA5,,,Архив Юго-западной России. Ч. 3. Т. 05. Акты о мнимом крестьянском восстании в Юго-западном крае в 1789 году (1902).PDF,0,2020-10-13 03:36:46,2020-10-13 06:41:00,2782000/615086cf2e90c9186b8a4af59ac4baa5-g.jpg,,
32835468,"Архив Юго-западной России. Ч. 3. Т. 06. Акты Шведского государственного архива, относящиеся к истории Малороссии (1649-1660 г.)",,,,,1908,,,,,492,Russian (Old),64,,,,,,,,,,,,,,0,,,,,,,0,156854404,pdf,9B1DE0E74CC65F70E5D16F64A1257A00,,,"Архив Юго-западной России. Ч. 3. Т. 06. Акты Шведского государственного архива, относящиеся к истории Малороссии (1649-1660 г.) (1908).PDF",0,2020-10-13 03:39:46,2020-10-13 06:41:00,2782000/9b1de0e74cc65f70e5d16f64a1257a00-g.jpg,,
32835469,Архив Юго-западной России. Ч. 4. Т. 01. Акты о происхождении шляхетских родов в юго-западной России,,,,,1867,,,,,594,Russian (Old),64,,,,,,,,,,,,,,0,,,,,,,0,220983778,pdf,B7005381DED07C50317CDA1349376788,,,Архив Юго-западной России. Ч. 4. Т. 01. Акты о происхождении шляхетских родов в юго-западной России (1867).PDF,0,2020-10-13 03:43:49,2020-10-13 06:50:02,2782000/b7005381ded07c50317cda1349376788-g.jpg,,
32835470,Архив Юго-западной России. Ч. 5. Т. 01. Акты о городах (1432 - 1798),,,,,1869,,,,,748,Russian (Old),64,,,,,,,,,,,,,,0,,,,,,,0,323728999,pdf,FCC46CE1F35C990A9845AD823FC4AF6E,,,Архив Юго-западной России. Ч. 5. Т. 01. Акты о городах (1432 - 1798) (1869).PDF,0,2020-10-13 03:48:12,2020-10-13 06:50:07,2782000/fcc46ce1f35c990a9845ad823fc4af6e-g.jpg,,
32835471,Архив Юго-западной России. Ч. 5. Т. 02. Переписи еврейского населения в юго-западном крае в 1765-1791 гг. Вып. 1,,,,,1890,,,,,626,Russian (Old),,,,,,,,,,,,,,,0,,,,,,,0,259281756,pdf,82DBA202409668B8C40A7589802BAB61,,,Архив Юго-западной России. Ч. 5. Т. 02. Переписи еврейского населения в юго-западном крае в 1765-1791 гг. Вып. 1 (1890).PDF,0,2020-10-13 04:04:16,2020-10-13 07:11:23,2782000/82dba202409668b8c40a7589802bab61-g.jpg,,
32835472,Архив Юго-западной России. Ч. 5. Т. 02. Переписи еврейского населения в юго-западном крае в 1765-1791 гг. Вып. 2,,,,,1890,,,,,667,Russian (Old),64,,,,,,,,,,,,,,0,,,,,,,0,259578633,pdf,8D73B3FEEAA7768B4FF6CDB06A9D2372,,,Архив Юго-западной России. Ч. 5. Т. 02. Переписи еврейского населения в юго-западном крае в 1765-1791 гг. Вып. 2 (1890).PDF,0,2020-10-13 04:11:01,2020-10-13 07:21:36,2782000/8d73b3feeaa7768b4ff6cdb06a9d2372-g.jpg,,
32835473,Архив Юго-западной России. Ч. 6. Т. 01. Акты об экономических и юридических отношениях крестьян в XVI - XVIII веке (1498 - 1795),,,,,1876,,,,,800,Russian (Old),64,,,,,,,,,,,,,,0,,,,,,,0,353935655,pdf,E37B21E3F7A6A440661A0464C04E0B94,,,Архив Юго-западной России. Ч. 6. Т. 01. Акты об экономических и юридических отношениях крестьян в XVI - XVIII веке (1498 - 1795) (1876).PDF,0,2020-10-13 04:14:29,2020-10-13 07:21:37,2782000/e37b21e3f7a6a440661a0464c04e0b94-g.jpg,,
32835474,Архив Юго-западной России. Ч. 6. Т. 02. Акты об экономических и юридических отношениях крестьян в XVI - XVIII веке (1700 - 1799),,,,,1870,,,,,632,Russian (Old),64,,,,,,,,,,,,,,0,,,,,,,0,289017931,pdf,673C51E39DF73EADA2C3E681F737627F,,,Архив Юго-западной России. Ч. 6. Т. 02. Акты об экономических и юридических отношениях крестьян в XVI - XVIII веке (1700 - 1799) (1870).PDF,0,2020-10-13 04:18:31,2020-10-13 07:21:38,2782000/673c51e39df73eada2c3e681f737627f-g.jpg,,
32835475,Архив Юго-западной России. Ч. 7. Т. 01. Акты о заселении Юго-Западной России,,,,,1886,,,,,760,Russian (Old),64,,,,,,,,,,,,,,0,,,,,,,0,364986194,pdf,DF687936CB009A1C4B284A2D78A4DCC4,,,Архив Юго-западной России. Ч. 7. Т. 01. Акты о заселении Юго-Западной России (1886).PDF,0,2020-10-13 04:21:37,2020-10-13 07:30:03,2782000/df687936cb009a1c4b284a2d78a4dcc4-g.jpg,,
32835476,Архив Юго-западной России. Ч. 7. Т. 02. Акты о заселении Юго-Западной России,,,,,1890,,,,,874,Russian (Old),64,,,,,,,,,,,,,,0,,,,,,,0,378158905,pdf,C19AE764585AAB3BCAC8AF5D7360E357,,,Архив Юго-западной России. Ч. 7. Т. 02. Акты о заселении Юго-Западной России (1890).PDF,0,2020-10-13 04:23:51,2020-10-13 07:30:04,2782000/c19ae764585aab3bcac8af5d7360e357-g.jpg,,
32835477,Архив Юго-западной России. Ч. 7. Т. 03. Акты о заселении Южной России XVI-XVIII в.в.,,,,,1905,,,,,1243,Russian (Old),64,,,,,,,,,,,,,,0,,,,,,,0,573849190,pdf,5BC5FFA4DDC04D1E5F3E03C126089AFF,,,Архив Юго-западной России. Ч. 7. Т. 03. Акты о заселении Южной России XVI-XVIII в.в. (1905).PDF,0,2020-10-13 04:38:04,2020-10-13 07:42:34,2782000/5bc5ffa4ddc04d1e5f3e03c126089aff-g.jpg,,
32835478,Архив Юго-западной России. Ч. 8. Т. 01. Материалы для истории местного управления в связи с историей сословной организации. Акты Барского староства XV - XVI в.,,,,,1893,,,,,516,Russian (Old),64,,,,,,,,,,,,,,0,,,,,,,0,190059158,pdf,D86ED890E4845C0804DA1A93F0721022,,,Архив Юго-западной России. Ч. 8. Т. 01. Материалы для истории местного управления в связи с историей сословной организации. Акты Барского староства XV - XVI в. (1893).PDF,0,2020-10-13 04:41:23,2020-10-13 07:50:03,2782000/d86ed890e4845c0804da1a93f0721022-g.jpg,,
32835479,Архив Юго-западной России. Ч. 8. Т. 02. Материалы для истории местного управления в связи с историей сословной организации. Акты Барского староства XVII - XVIII в.,,,,,1894,,,,,784,Russian (Old),64,,,,,,,,,,,,,,0,,,,,,,0,351795207,pdf,FF88736D17134E79B167DC0F80949992,,,Архив Юго-западной России. Ч. 8. Т. 02. Материалы для истории местного управления в связи с историей сословной организации. Акты Барского староства XVII - XVIII в. (1894).PDF,0,2020-10-13 04:45:21,2020-10-13 07:50:04,2782000/ff88736d17134e79b167dc0f80949992-g.jpg,,
32835480,Архив Юго-западной России. Ч. 8. Т. 03. Акты о брачном праве и семейном быте в Юго-западной Руси в XVI - XVII вв.,,,,,1909,,,,,868,Russian (Old),64,,,,,,,,,,,,,,0,,,,,,,0,328311314,pdf,EE112E20EF37ABCC419967F74A171697,,,Архив Юго-западной России. Ч. 8. Т. 03. Акты о брачном праве и семейном быте в Юго-западной Руси в XVI - XVII вв. (1909).PDF,0,2020-10-13 04:47:49,2020-10-13 07:50:05,2782000/ee112e20ef37abcc419967f74a171697-g.jpg,,
32835481,Архив Юго-западной России. Ч. 8. Т. 04. Акты о землевладении в Юго-Западной России в XV - XVIII вв.,,,,,1907,,,,,782,Russian (Old),64,,,,,,,,,,,,,,0,,,,,,,0,336830091,pdf,AD2DBA2CDE5B17C904F2B2672CABE62E,,,Архив Юго-западной России. Ч. 8. Т. 04. Акты о землевладении в Юго-Западной России в XV - XVIII вв. (1907).PDF,0,2020-10-13 04:50:43,2020-10-13 08:00:04,2782000/ad2dba2cde5b17c904f2b2672cabe62e-g.jpg,,
32835482,Архив Юго-западной России. Ч. 8. Т. 05. Акты об украинской администрации в XVI - XVII в.в.,,,,,1907,,,,,732,Russian (Old),64,,,,,,,,,,,,,,0,,,,,,,0,290482365,pdf,14655878FAE6A2776E9092FBB5BB8DBB,,,Архив Юго-западной России. Ч. 8. Т. 05. Акты об украинской администрации в XVI - XVII в.в. (1907).PDF,0,2020-10-13 04:53:44,2020-10-13 08:00:04,2782000/14655878fae6a2776e9092fbb5bb8dbb-g.jpg,,
32835483,Архив Юго-западной России. Ч. 8. Т. 06. Акты о землевладении в Юго-Западной России в XV - XVIII вв.,,,,,1911,,,,,634,Russian (Old),64,,,,,,,,,,,,,,0,,,,,,,0,285106130,pdf,EFFA86BDAED7CD3E99A1026EE6A2DC60,,,Архив Юго-западной России. Ч. 8. Т. 06. Акты о землевладении в Юго-Западной России в XV - XVIII вв. (1911).PDF,0,2020-10-13 04:56:27,2020-10-13 08:00:05,2782000/effa86bdaed7cd3e99a1026ee6a2dc60-g.jpg,,
32835484,Воспоминания о моей службе в Западной Сибири 1859-1875 г.,,,,"Бабков, Иван Федорович",1912,,,,,575,Russian (Old),68,,,,,,,,,,,,,,0,,,,,,,0,90587066,pdf,20D6D580818D1BC7CB6C31D57B5E670D,,,Бабков И. Воспоминания о моей службе в Западной Сибири 1859-1875 г. .PDF,0,2020-10-13 05:00:19,2020-10-13 08:10:12,2782000/20d6d580818d1bc7cb6c31d57b5e670d-g.jpg,,
32835485,Происхождение летописного сказания о начале Руси,,,,"Барац, Герман Маркович",1913,,,,,70,Russian (Old),64,,,,,,,,,,,,,,0,,,,,,,0,31727127,pdf,16F2DF7C5FB24019F1B6BFBDB4C99B75,,,Барац Г.М. Происхождение летописного сказания о начале Руси.pdf,0,2020-10-13 05:02:29,2020-10-13 08:10:13,2783000/16f2df7c5fb24019f1b6bfbdb4c99b75-g.jpg,,
32835486,О Посольском приказе,,,,"Белокуров, Сергей Алексеевич",1906,,,,,89,Russian (Old),64,balik2,,,,,,,,,,,,,0,,,,,,1,1,27190074,pdf,C1ED3D53F2D5BCEE7E7477C8FA73B785,,,Белокуров С. А._О посольском приказе_1906.pdf,0,2020-10-13 05:14:10,2020-10-13 08:20:18,2783000/c1ed3d53f2d5bcee7e7477c8fa73b785-g.jpg,,
32835487,Белорусский архив древних грамот. Часть I,,,,,1824,,,,,168,Russian (Old),64,,,,,,,,,,,,,,0,,,,,,,0,102402224,pdf,1DF0019B2E2446FBD14D429114EA1C79,,,Белорусский архив древних грамот. Часть I (1824).PDF,0,2020-10-13 05:25:32,2020-10-13 08:30:19,2783000/1df0019b2e2446fbd14d429114ea1c79-g.jpg,,
32835488,Очерк истории Северо-западного края России,,,,"Беляев, Иван Дмитриевич",1867,,,,,131,Russian (Old),64,,,,,,,,,,,,,,0,,,,,,,0,53079899,pdf,9E2FC5B7DCB9056129A5E5F9E22353D9,,,Беляев И. Очерк истории Северо-Западного края России (1867).PDF,0,2020-10-13 05:27:35,2020-10-13 08:30:20,2783000/9e2fc5b7dcb9056129a5e5f9e22353d9-g.jpg,,
32835489,"Мнимый \туранизм\"" русских. К вопросу об инородцах и переселениях в России""",,,,"Бессонов, Петр Алексеевич",1885,,,,,136,Russian (Old),64,,,,,,,,,,,,,,0,,,,,,1,0,9245618,pdf,DF20094C8F07DE76F4B56D6FE23D22F2,,,Бессонов П.А. - Мнимый «туранизм» русских - 1885.pdf,0,2020-10-13 05:32:48,2020-10-13 08:40:11,2783000/df20094c8f07de76f4b56d6fe23d22f2-g.jpg,,
32835490,Земледельческая религия Афин. Том 1,,,,"Богаевский, Борис Леонидович",1916,,,,,260,Russian (Old),64,,,,,,,,,,,,,,0,,,,,,,0,149767533,pdf,7DF446CEDD01CD7642660CC76E998AEB,,,Богаевский Б. Земледельческая религия Афин. Том 1 (1916).PDF,0,2020-10-13 05:35:47,2020-10-13 08:40:12,2783000/7df446cedd01cd7642660cc76e998aeb-g.jpg,,
32835491,Бумаги Флорентинского центрального архива касающиеся до России. Итальянские и латинские подлинники с русским переводом графа М.Д. Бутурлина. Часть 1-2,,,,,1871,,,,,848,Russian (Old),64,,,,,,,,,,,,,,0,,,,,,1,1,24002663,pdf,86792C8B6224500AA2B8FC9C176946DB,,,Бумаги Флорентинского центрального архива касающиеся до России. Итальянские и латинские подлинники с русским переводом графа М.Д. Бутурлина. Часть 1-2 (1871).pdf,0,2020-10-13 05:38:12,2020-10-13 08:40:12,2783000/86792c8b6224500aa2b8fc9c176946db-g.jpg,,
32835492,Счетное дело Приказа сбора ратных людей 149-153/1640-1645 гг.,,,,"Яковлев, Алексей Иванович",1916,,,,,128,Russian (Old),64,balik2,,,,,,,,,,,,,0,,,,,,,0,62734534,pdf,970288A610BCBDE200E7E4B0179652F7,,,Яковлев А. Счетное дело Приказа сбора ратных людей 149-153 - 1640-1645 гг..PDF,0,2020-10-13 08:45:19,2020-10-13 11:50:34,2783000/970288a610bcbde200e7e4b0179652f7-g.jpg,,
32835493,История турок от начала турецкого народа до наших времен,,,,Шуберт В.Ф.,1829,,,,,204,Russian (Old),64,balik2,,,,,,,,,,,,,0,,,,,,,0,97628322,pdf,8DDAE4476B5A0C2D210CAD5F76A0C117,,,Шуберт В.Ф. История турок от начала турецкого народа до наших времен (1829).PDF,0,2020-10-13 08:47:13,2020-10-13 11:50:35,2783000/8ddae4476b5a0c2d210cad5f76a0c117-g.jpg,,
32835494,О происхождении и составе Хроники Георгия Монаха (Амартола),,,,"Шестаков, Сергей Петрович",1891,,,,,179,Russian (Old),64,balik2,,,,,,,,,,,,,0,,,,,,,1,11624161,pdf,80681257D83444BDB85131D126A7A067,,,Шестаков С. О происхождении и составе хроники Георгия Монаха.pdf,0,2020-10-13 08:48:38,2020-10-13 11:50:35,2783000/80681257d83444bdb85131d126a7a067-g.jpg,,
32835495,Обозрение летописных сводов Руси северо-восточной,,,,"Шахматов, Алексей Александрович",1899,,,,,70,Russian (Old),64,balik2,,,,,,,,,,,,,0,,,,,,,1,34810996,pdf,DE24FFBC3075A5A97F055F43DEB136B5,,,Шахматов А. Обозрение летописных сводов Руси северо-восточной. И.А. Тихомирова (1899).pdf,0,2020-10-13 08:49:47,2020-10-13 11:50:35,2783000/de24ffbc3075a5a97f055f43deb136b5-g.jpg,,
32835496,К истории ударений в славянских языках,,,,"Шахматов, Алексей Александрович",1898,,,,,20,Russian (Old),314,,,,,,,,,,,,,,0,,,,,,,1,13434155,pdf,E70BD177AA9BB52D0F8BBC9700D3F957,,,Шахматов А. К истории ударений в славянских языках (1898).pdf,0,2020-10-13 08:51:32,2020-10-13 12:00:02,2783000/e70bd177aa9bb52d0f8bbc9700d3f957-g.jpg,,
32835497,К истории сербско-хорватских ударений,,,,"Шахматов, Алексей Александрович",1890,,,,,38,Russian (Old),314,balik2,,,,,,,,,,,,,0,,,,,,,1,28027695,pdf,1113FFE97EAF0EF9940C549D2AAC90D7,,,Шахматов А. К истории сербско-хорватских ударений (1888).pdf,0,2020-10-13 08:53:04,2020-10-13 12:00:03,2783000/1113ffe97eaf0ef9940c549d2aac90d7-g.jpg,,
32835498,К истории звуков русского языка: Общеславянское Ä. I-II,,,,"Шахматов, Алексей Александрович",1902,,,,,15,Russian (Old),314,balik2,,,,,,,,,,,,,0,,,,,,,1,11789958,pdf,61F156C56B99EE23137FF89BE00DCA3C,,,Шахматов А. К истории звуков русского языка. Общеславянское Ä. I-II (1902).pdf,0,2020-10-13 08:54:38,2020-10-13 12:00:03,2783000/61f156c56b99ee23137ff89be00dca3c-g.jpg,,
32835499,К истории звуков русского языка. О полногласии и некоторых других явлениях,,,,"Шахматов, Алексей Александрович",1903,,,,,108,Russian (Old),314,balik2,,,,,,,,,,,,,0,,,,,,,1,35065293,pdf,DFADC825DE4DA8A9B7F48E8D6CB55EB9,,,Шахматов А. К истории звуков русского языка. О полногласии и некоторых других явлениях (1903).pdf,0,2020-10-13 08:56:53,2020-10-13 12:00:04,2783000/dfadc825de4da8a9b7f48e8d6cb55eb9-g.jpg,,
32835500,К вопросу об образовании русских наречий и русских народностей,,,,"Шахматов, Алексей Александрович",1899,,,,,32,Russian (Old),64,balik2,,2011142916,,,,,,,,,,,0,,,,,,,1,13793008,pdf,EAF9F267CBF414F0E9A225756D91432F,,,Шахматов А. К вопросу об образовании русских наречий и русских народностей (1899).pdf,0,2020-10-13 08:58:20,2020-10-27 20:39:21,2783000/eaf9f267cbf414f0e9a225756d91432f-g.jpg,,2011142916
32835501,К вопросу о различении иота и неслогового i в истории славянских языков,,,,"Шахматов, Алексей Александрович",1903,,,,,12,Russian (Old),314,balik2,,,,,,,,,,,,,0,,,,,,,1,8912613,pdf,F2FE78182B7636CCBA5256142AA4F88D,,,Шахматов А. К вопросу о различении иота и неслогового i в истории славянских языков (1903).pdf,0,2020-10-13 09:05:54,2020-10-13 12:10:03,2783000/f2fe78182b7636ccba5256142aa4f88d-g.jpg,,
32835502,Исследование о двинских грамотах XV в. Ч. 1 и 2,,"Исследования по русскому языку; Т. 2, вып. 3",,"Шахматов, Алексей Александрович",1903,,,,,342,Russian (Old),64,balik2,,,,,,,,,,,,,0,,,,,,,0,99391079,pdf,46BF1F1DD9D54BB292C81395A05BF008,,,Шахматов А. Исследование о двинских грамотах XV в. Часть 1 (1903).PDF,0,2020-10-13 09:25:09,2020-10-13 12:30:16,2783000/46bf1f1dd9d54bb292c81395a05bf008-g.jpg,,
32835503,Введение в курс истории русского языка. Ч. 1. Исторический процесс образования русских племен и наречий,,,,"Шахматов, Алексей Александрович",1916,,,,,153,Russian (Old),64,balik2,,,,,,,,,,,,,0,,,,,,,0,67155532,pdf,025737FF44C7961B20529EB504E8C432,,,Шахматов А. Введение в курс истории русского языка. Ч. 1. Исторический процесс образования русских племен и наречий (1916).PDF,0,2020-10-13 09:29:53,2020-10-13 12:30:16,2783000/025737ff44c7961b20529eb504e8c432-g.jpg,,
32835504,"Черниговского наместничества топографическое описание с кратким географическим и историческим описанием Малые России, из частей коей оное наместничество составлено",,,,"Шафонский, Афанасий Филимонович",1851,,,,,726,Russian (Old),64,balik2,,,,,,,,,,,,,200,,,,,,,0,105166809,djvu,0E41A9EDB22654213F034E9667098A18,,,Черниговского намесничества топографическое описание с кратким географическим и историческим описанием Малые России_1851.djvu,0,2020-10-13 09:33:53,2020-10-13 12:41:29,2783000/0e41a9edb22654213f034e9667098a18-g.jpg,,
32835505,К вопросу об епархиях в Бессарабии,,,,"Фрацман, Иустин Степанович",1901,,,,,87,Russian (Old),64,balik2,,,,,,,,,,,,,0,,,,,,,1,34193666,pdf,D4A0BF0E27F3FD935A1CD7198BB5F68E,,,Фрацман И. К вопросу об епархиях в Бессарабии (1901).pdf,0,2020-10-13 09:37:38,2020-10-13 12:41:29,2783000/d4a0bf0e27f3fd935a1cd7198bb5f68e-g.jpg,,
32835506,"Указатель статей, помещенных в неоффициальной части Полтавских епархиальных ведомостей за 25 лет издания их, с 1863 по 1888 год",,,,ПРОТОІЕРЕЙ ПЕТРЪ МАЗАНОВЪ.,1888,,,,,206,Russian (Old),64,balik2,,,,,,,,,,,,,600,,,,,,,1,15563140,djvu,2143A80146E70AC917434BDA17D477E0,,,"Указатель статей, помещенных в неоффициальной части Полтавских епархиальных ведомостей за 25 лет издания их, с 1863 по 1888 год (1888).djvu",0,2020-10-13 09:39:23,2020-10-13 12:41:29,2783000/2143a80146e70ac917434bda17d477e0-g.jpg,,
32835507,"Указатель к изданиям Временной Коммиссии для разбора древних актов, высочайше учрежденной при Киевском, Подольском и Волынском генерал-губернаторе (с 1845 по 1877 год). Том 2. Имена географические",,,,И. Новицкий,1882,,,,,984,Russian (Old),64,balik2,,,,,,,,,,,,,600,,,,,,,1,48188657,djvu,8220C4BA564D1271236C0619169B905E,,,"Указатель к изданиям Временной Коммиссии для разбора древних актов, высочайше учрежденной при Киевском, Подольском и Волынском генерал-губернаторе (с 1845 по 1877 год). Том 2. Имена географические (1882).djvu",0,2020-10-13 09:41:28,2020-10-13 12:50:03,2783000/8220c4ba564d1271236c0619169b905e-g.jpg,,
32835508,"Указатель к изданиям Временной Коммиссии для разбора древних актов, высочайше учрежденной при Киевском, Подольском и Волынском генерал-губернаторе (с 1845 по 1877 год). Том 1. Имена личныя",,,,И. Новицкий,1878,,,,,864,Russian (Old),,balik2,,,,,,,,,,,,,600,,,,,,,1,31729638,djvu,E5173ACC69600621B6E455F108695637,,,"Указатель к изданиям Временной Коммиссии для разбора древних актов, высочайше учрежденной при Киевском, Подольском и Волынском генерал-губернаторе (с 1845 по 1877 год). Том 1. Имена личныя (1878).djvu",0,2020-10-13 09:43:09,2020-10-13 12:50:03,2783000/e5173acc69600621b6e455f108695637-g.jpg,,
32835509,Судьба малороссийского крестьянства XVII-XVIII в.,,,,Козловский К.,1871,,,,,143,Russian (Old),64,balik2,,,,,,,,,,,,,0,,,,,,,0,61067794,pdf,A53E55AA7AFDC3C942DB59D4B444D0B1,,,Судьба малороссийского крестьянства XVII-XVIII в. (1871).PDF,0,2020-10-13 09:47:05,2020-10-13 12:50:03,2783000/a53e55aa7afdc3c942db59d4b444d0b1-g.jpg,,
32835510,Культура Италии в эпоху Возрождения. Т. 1,1,,,"Буркгардт, Яков",1904,,,,,454,Russian (Old),64,balik2,,,,,,,,,,,,,0,,,,,,,1,22569087,pdf,CBED950C513A1BFADBA263CF1194EFA0,,,"Буркгардт, Я. Культура Италии в эпоху Возрождения. Т. 1.pdf",0,2020-10-13 09:49:58,2020-10-13 12:50:03,2783000/cbed950c513a1bfadba263cf1194efa0-g.jpg,,
32835511,Культура Италии в эпоху Возрождения. Т. 2,2,,,"Буркгардт, Яков",1906,,,,,422,Russian (Old),64,balik2,,,,,,,,,,,,,0,,,,,,,1,19400803,pdf,887C81E8329B800C94461928510FC98A,,,"Буркгардт, Я. Культура Италии в эпоху Возрождения. Т. 2.pdf",0,2020-10-13 09:52:40,2020-10-13 13:00:03,2783000/887c81e8329b800c94461928510fc98a-g.jpg,,
32835512,Мысли Дюринга о реформе начал математики,,,,Маракуев Н.Н,1885,,,Москва,44,44,Russian (old),,kolxo3,94,,,,,,,,,,,,600,,,,,,0,1,521706,djvu,2FA56C9B8E9B6A0B83220B6A1716D1B1,,,"N:\\!genesis_files_for_add\\_add\\kolxo3\\94\\M_Mathematics\\MPh_Philosophy\\Marakuev N.N. Mysli Djuringa o reforme nachal matematiki (Moskva, 1885)(oldru)(600dpi)(T)(44s)_MPh_.djvu",0,2020-10-11 00:50:09,2020-10-19 22:10:27,2790000/2fa56c9b8e9b6a0b83220b6a1716d1b1-g.jpg,,
32835513,Русский филологический вестник,68 4,,,Евфимий Фёдорович Карский (ed.),1912,,Типография Варшавского учебного округа,Варшава,[276],276,Russian (Old),321,rusneb.ru,,,,,,,,,,,,,600,0,1,0,1,1,0,0,4665344,djvu,4747986ED36F4E25B0DD214740844D49,,,68 4 1912.djvu,0,2021-03-11 07:58:45,2021-03-12 06:40:03,2935000/4747986ed36f4e25b0dd214740844d49-g.jpg,,
32835514,Битва на рѣкѣ Нѣманѣ и разгромъ нѣмецкой армiи ген. Гинденбурга,,,,,1915,,Товарищество И.Д. Сытина,Москва,,34,Russian (Old),67,,,,,,,,,,,,,,600,,1,,1,1,1,0,42313039,pdf,CE4EE0FC7F4AA2704D1440F9F2F8348F,,,Битва на рѣкѣ Нѣманѣ и разгромъ нѣмецкой армiи ген. Гинденбурга. - 1915.pdf,0,2020-10-29 18:22:36,2020-10-30 04:11:44,2799000/ce4ee0fc7f4aa2704d1440f9f2f8348f-g.jpg,,
32835515,Полная энциклопедія русскаго сельскаго хозяйства и соприкасающихся съ нимъ наукъ. Томъ XI. Алфавитный Указатель,11,,,,1909,,Изданіе А. Ф. Девріена,СПб,,428,Russian (Old),,,,,,,,,,,,,,,600,0,1,,,1,1,1,19218278,djvu,E74EBF2D65E233590A8075D25262EB6E,,,Томъ XI. Алфавитный Указатель 1909.djvu,0,2020-11-02 22:23:46,2020-11-03 01:41:40,2807000/e74ebf2d65e233590a8075d25262eb6e-g.jpg,,
32835516,Полная энциклопедія русскаго сельскаго хозяйства и соприкасающихся съ нимъ наукъ. Томъ X. Уайтъ-Ротъ — Ящуръ,10,,,,1907,,Изданіе А. Ф. Девріена,СПб,,639,Russian (Old),,,,,,,,,,,,,,,600,0,1,,,1,0,1,60037105,djvu,B775773D66290C08D0E3D1839C146DAF,,,Томъ X. Уайтъ-Ротъ — Ящуръ 1907.djvu,0,2020-11-03 01:46:21,2020-11-03 08:00:03,2807000/b775773d66290c08d0e3d1839c146daf-g.jpg,,
32835517,Полная энциклопедія русскаго сельскаго хозяйства и соприкасающихся съ нимъ наукъ. Томъ II. Воскъ—Домъ помѣщичій,2,,,,1900,,Изданіе А. Ф. Девріена,СПб,,650,Russian (Old),,,,,,,,,,,,,,,600,0,1,,,1,0,1,58154687,djvu,7B17652B94363427D1E11D581B0592AE,,,Томъ II. Воскъ—Домъ помѣщичій 1900.djvu,0,2020-11-03 19:05:41,2020-11-04 03:02:09,2807000/7b17652b94363427d1e11d581b0592ae-g.jpg,,
32835518,Полная энциклопедія русскаго сельскаго хозяйства и соприкасающихся съ нимъ наукъ. Томъ III. Донникъ —Картографія почвъ,3,,,,1900,,Изданіе А. Ф. Девріена,СПб,,647,Russian (Old),,,,,,,,,,,,,,,600,0,1,,,1,0,1,58856549,djvu,794C1C8F2898E805DCCA2D068A208CE3,,,Томъ III. Донникъ —Картографія почвъ 1900.djvu,0,2020-11-03 19:18:35,2020-11-04 03:02:09,2807000/794c1c8f2898e805dcca2d068a208ce3-g.jpg,,
32835519,Полная энциклопедія русскаго сельскаго хозяйства и соприкасающихся съ нимъ наукъ. Томъ IV. Картофелекопатели — Ленъ,4,,,,1901,,Изданіе А. Ф. Девріена,СПб,,646,Russian (Old),,,,,,,,,,,,,,,600,0,1,,,1,0,1,56907300,djvu,98FF2174AC4F3B438D4A1DCB009F2B74,,,Томъ IV. Картофелекопатели — Ленъ 1901.djvu,0,2020-11-05 19:57:11,2020-11-05 23:00:52,2809000/98ff2174ac4f3b438d4a1dcb009f2b74-g.jpg,,
32835520,Полная энциклопедія русскаго сельскаго хозяйства и соприкасающихся съ нимъ наукъ. Томъ IX. Солонцы—Теневыносливость древесныхъ породъ,9,,,,1905,,Изданіе А. Ф. Девріена,СПб,,702,Russian (Old),,,,,,,,,,,,,,,600,0,1,,,1,0,1,66413543,djvu,9D8A99D30D6DEDBCFD19686C512B244B,,,Томъ IX. Солонцы—Теневыносливость древесныхъ породъ 1905.djvu,0,2020-11-05 23:25:40,2020-11-06 05:31:23,2809000/9d8a99d30d6dedbcfd19686c512b244b-g.jpg,,
32835521,Полная энциклопедія русскаго сельскаго хозяйства и соприкасающихся съ нимъ наукъ. Томъ V. Летучіе пески — Образованіе почвъ,5,,,,1901,,Изданіе А. Ф. Девріена,СПб,,654,Russian (Old),,,,,,,,,,,,,,,600,0,1,,,1,0,1,55807683,djvu,A5C7BE5A972A9623701CC6B6BBA0B044,,,Томъ V. Летучіе пески — Образованіе почвъ 1901.djvu,0,2020-11-06 01:31:12,2020-11-06 05:51:14,2809000/a5c7be5a972a9623701cc6b6bba0b044-g.jpg,,
32835522,Полная энциклопедія русскаго сельскаго хозяйства и соприкасающихся съ нимъ наукъ. Томъ VI. Образованіе сельскохозяйственное—Питомникъ плодовый,6,,,,1902,,Изданіе А. Ф. Девріена,СПб,,656,Russian (Old),,,,,,,,,,,,,,,600,0,1,,,1,0,1,58959460,djvu,29FAA5F2564C2B77C814D1194760A3AD,,,Томъ VI. Образованіе сельскохозяйственное—Питомникъ плодовый 1902.djvu,0,2020-11-06 02:33:58,2020-11-06 05:51:14,2809000/29faa5f2564c2b77c814d1194760a3ad-g.jpg,,
32835523,Полная энциклопедія русскаго сельскаго хозяйства и соприкасающихся съ нимъ наукъ. Томъ VII. Пихта — Пчеловодство въ Россіи,7,,,,1902,,Изданіе А. Ф. Девріена,СПб,,643,Russian (Old),,,,,,,,,,,,,,,600,0,1,,,1,0,1,59165453,djvu,A0411DA550C582D1A9BDC4DB3495BC6E,,,Томъ VII. Пихта — Пчеловодство въ Россіи 1902.djvu,0,2020-11-06 02:48:33,2020-11-06 05:51:14,2809000/a0411da550c582d1a9bdc4db3495bc6e-g.jpg,,
32835524,Полная энциклопедія русскаго сельскаго хозяйства и соприкасающихся съ нимъ наукъ. Томъ VIII. Пшеница — Соломорезки,8,,,,1903,,Изданіе А. Ф. Девріена,СПб,,661,Russian (Old),,,,,,,,,,,,,,,600,0,1,,,1,0,1,59300020,djvu,BAC4397E3B39369D40C80646AD2BE9A1,,,Томъ VIII. Пшеница — Соломорезки 1903.djvu,0,2020-11-06 03:13:14,2020-11-06 06:20:55,2809000/bac4397e3b39369d40c80646ad2be9a1-g.jpg,,
32835525,Собрание сочинений. Том 4. Корея,4,,,Серошевский В.Л.,1906,2,Изданіе Н. ГЛАГОЛЕВА,СПб,,488,Russian (Old),,,,,,,,,,,,,,,600,0,1,,,1,1,1,10013842,djvu,13BEC826B398DB3BECAC4D808154DFFA,,,Серошевский В.Л. Собрание сочинений. Том 4. Корея 1906.djvu,0,2020-11-11 08:25:23,2020-11-11 11:31:20,2813000/13bec826b398db3becac4d808154dffa-g.jpg,,
32835526,"Вмѣсто книги. Написано человѣкомъ, слишкомъ занятымъ чтобы писать книгу",,,,Венiаминъ Тэкеръ,1908,,Типографiя А.П. Поплавскаго,Москва,,648,Russian (Old),,,,,,,,,,,,,,,600,,,,,,,0,33791809,djvu,F52C2A69EF570F41EAEAD271713C1062,,,Taker_B_-_Vmesto_Knigi.djvu,0,2020-11-28 03:05:50,2020-11-28 07:10:32,2828000/f52c2a69ef570f41eaead271713c1062-g.jpg,,
32835527,Словарь растений дикорастущих и разводимых,,,,П. Алабин,1879,2,,СПбъ,,712,Russian (Old),29,,,"1303485443,6713681433,8489681433,1569131796,7995841095,6112271522,9415111593",,,,,,,,,,,300,,,,,,,1,14774929,djvu,C3EF61014C1F990E21BCFF91BA755DC4,,,alabin1879_slov_rast_dikor_i_razvod.djvu,0,2020-11-29 06:43:35,2020-11-29 09:50:07,2829000/c3ef61014c1f990e21bcff91ba755dc4-g.jpg,,"1303485443,6713681433,8489681433,1569131796,7995841095,6112271522,9415111593"
32835528,Путеводитель для геологических экскурсий в земли Всевеликого Войска Донского. Окрестности г.Таганрог,,,,В. Богачев; А. Шишкина,1919,,Новочеркасск,,,83,Russian (Old),,,,,,,,,,,,,,,0,,,,,,,0,7475551,pdf,5F00A10A512C618B39C6EFDE0262436C,,,bogachev1919_putev_geol_eksk_don.pdf,0,2020-12-07 05:30:00,2020-12-07 08:30:38,2839000/5f00a10a512c618b39c6efde0262436c-g.jpg,,
32835529,Из истории плезиозавров в России,,,,Н.Н. Боголюбова,1911,,Императорский Московский Университет,М.,,454,Russian (Old),,,,,,,,,,,,,,,0,,,,,,1,1,21786249,pdf,A18FC0A7C2EA6059C524630436B992DB,,,bogoljubov1911_iz_ist_pleziozavr_v_rossii.pdf,0,2020-12-07 05:34:37,2020-12-07 08:40:23,2839000/a18fc0a7c2ea6059c524630436b992db-g.jpg,,
32835530,Изображения и описание животных Российской империи,,,,Иван Двигубский,1917,,Императорский Московский Университет,М.,,168,Russian (Old),23,,,2014079225,,,,,,,,,,,0,,,,,,,1,26824038,pdf,E67633D7733AF6470FFC0AA37EC6FF2F,,,dvigubskij1817_izobr_opis_zhivotn_ross_imper_5_8.pdf,0,2020-12-09 09:08:30,2020-12-09 12:10:19,2843000/e67633d7733af6470ffc0aa37ec6ff2f-g.jpg,,2014079225
32835531,Атлас к палеонтологии России. Новый период,,,,Эдуард Эйхвальд,1850,,,СПбъ,,30,Russian (Old),24,,,,,,,,,,,,,,0,,,,,,1,0,6068869,pdf,F062C09CEED2E58E2AE34C93B46BBA6E,,,eichwald1850_paleont_rossii_1.pdf,0,2020-12-10 08:26:48,2020-12-10 20:30:02,2845000/f062c09ceed2e58e2ae34c93b46bba6e-g.jpg,,
32835532,Новыя идеи въ математикѣ,Сборникъ первый. Математика. Методъ. Проблемы и значенiе ея,,,Васильевъ А.В.,1913,,ОБРАЗОВАНIЕ,Санкт-Петербург,,160,Russian (Old),,RuTracker,,,,,,,,,,,,,600,,1,0,1,1,0,0,2419007,djvu,27C03F80EF89F63A3ED51EBEC6402A25,,,"Васильевъ, А. В., заслуж. проф., (подъ ред.) - Новыя идеи въ математикѣ. Сборникъ первый. Математика. Методъ. Проблемы и значенiе ея. - 1913.djvu",0,2020-12-12 07:03:42,2020-12-12 10:10:15,2847000/27c03f80ef89f63a3ed51ebec6402a25-g.jpg,,
32835533,Корабль призрак. Сказка,,,,Гауфъ В.,1912,,Изанiе I.Н. Кнебель,Москва,,12,Russian (Old),,,,,,,,,,,,,,,600,1,0,0,1,1,0,0,2480718,djvu,2654929775D4C585D693C9F57B3F4953,,,Vilgelm_Gauf_-_Korabl_Prizrak_-_1912.djvu,0,2020-12-20 08:01:19,2020-12-20 21:00:14,2859000/2654929775d4c585d693c9f57b3f4953-g.jpg,,
32835534,Жизнь альмансора,,,,Гауфъ В.,1612,,Изанiе I.Н. Кнебель,,,12,Russian (Old),,,,,,,,,,,,,,,600,1,0,0,1,1,0,0,2552672,djvu,29BB7B7409D6D5CB559D27CE9ECC9E1D,,,Vilgelm_Gauf_-_Zhizn_Almansora_-_1912.djvu,0,2020-12-20 08:03:00,2020-12-20 21:00:15,2859000/29bb7b7409d6d5cb559d27ce9ecc9e1d-g.jpg,,
32835535,Холодное сердце,,,,Гауфъ В.,1914,,Изанiе I.Н. Кнебель,,,12,Russian (Old),,,,,,,,,,,,,,,300,1,0,0,1,1,0,0,1712769,djvu,0F08DBEDA7F7CFC3E70EE110E44486B0,,,Vilgelm_Gauf_-_Kholodnoe_Serdtse_-_1914.djvu,0,2020-12-20 08:04:07,2020-12-21 21:22:06,2859000/0f08dbeda7f7cfc3e70ee110e44486b0-g.jpg,,
32835536,Исторiя искусствъ,,,,Байз К.,1902,,Издание С.В. Кульженко,Киев,,454,Russian (Old),,litmy.ru,,,,,,,,,,,,,0,1,0,0,1,1,0,0,179679883,pdf,EF765241DAE5BDED03E847546F36AE4F,,,"Байэ К. История искусств. — Киев, 1902.pdf",0,2020-12-30 06:40:16,2021-01-12 18:20:25,2874000/ef765241dae5bded03e847546f36ae4f-g.jpg,,
32835537,"Грибы. Список грибов, найденных в Подольском уезде",,,,Н.А. Мосолов (сост.),1906,2,,М.,,46,Russian (Old),,,,,,,,,,,,,,,0,,,,,,1,0,8398149,pdf,3485ADAAEE70477CBD57235254F85E7B,,,mosolov1906_koll_sheremetjevoj_griby.pdf,0,2021-01-18 09:15:24,2021-01-18 12:21:03,2896000/3485adaaee70477cbd57235254f85e7b-g.jpg,Fungi,
32835538,Описательный каталог естественно-исторического музея Нижегородского Губернского земства,3,,,К.Е. Мурашкинский (сост.),1911,,,Нижний Новгород,,27,Russian (Old),29,,,,,,,,,,,,,,0,,,,,,,0,1297245,pdf,1CFB7B324AD0D3C2D7740910E9430DDC,,,murashkinskij1911_katal_gerb_gribov_nizheg_kraja.pdf,0,2021-01-18 09:18:29,2021-01-18 12:21:04,2896000/1cfb7b324ad0d3c2d7740910e9430ddc-g.jpg,,
32835539,Актуальные проблемы мировой политики: итоги и перспективы,,,,,2020,,Дипломатическая академия МИД России,Москва,,271,Russian (Old),189,,,,,,,,,,,,,,0,,,,,,1,1,1533539,pdf,D6AA51726528989FCC7262E8FA11D47D,,,БЮЛЛЕТЕНЬ Конференция молодых ученых 2020.pdf,0,2021-01-22 15:04:45,2021-01-23 04:22:19,2898000/d6aa51726528989fcc7262e8fa11d47d-g.jpg,,
32835540,Богословско-политическiй трактатъ,,,,Спиноза Бенедикт,1906,,Типо-литографія Императорскаго Уииисрситета,Казань,,454,Russian (Old),,RuTracker,,,,,,,,,,,,,500,1,1,0,1,1,1,1,10979279,djvu,11177DB834A0FADB0015548CCC4240FB,,,Спиноза Б. - Богословско-политическiй трактатъ - 1906.djvu,0,2021-01-26 04:18:10,2021-01-26 07:21:46,2900000/11177db834a0fadb0015548ccc4240fb-g.jpg,,
32835541,"Творения иже во святых отца нашего Василия Великого, Архиепископа Кесари Каппадокийской: в 3-х т., 10 кн.; 10 zipped pdf files","3 vols, 10 books of 3 vols, 10 books",,,Василий Великий,1911,,Издательство П.П. Сойкина,Санкт-Петербург,,0,Russian (Old),208,,,,,,,,,,,,,,0,,,,,,,,939240072,zip,995F3D6FD75090B58D21BF5E32897B7D,,,Basil-the-Great-Works-in-3-vols-10-books-1911-pdfs.zip,0,2021-01-30 23:29:35,2021-01-31 02:29:10,,,
32835542,"Творения иже во святых отца нашего Василия Великого, Архиепископа Кесари Каппадокийской: в 3-х т., 10 кн.; 10 zipped pdf files of reduced size","3 vols, 10 books of 3 vols, 10 books",,,Василий Великий,1911,,Издательство П.П. Сойкина,Санкт-Петербург,,0,Russian (Old),208,,,,,,,,,,,,,,0,,,,,,,,235828614,zip,080E132E85082684F8BFAA1AB657B353,,,Basil-the-Great-Works-in-3-vols-10-books-1911-pdfs-of-reduced-size.zip,0,2021-01-30 23:32:22,2021-01-31 02:28:46,,,
32835543,Жупелъ. Журнал художественной сатиры,,,№1,,1905,,,,,8,Russian (Old),,,,,,,,,,,,,,,0,1,0,0,1,1,0,1,21213130,pdf,39AD9C58D2AA5A4B2609DA6134C3B3B0,,,Zhupel__1__1905.pdf,0,2021-02-03 00:25:53,2021-02-03 09:02:44,2904000/39ad9c58d2aa5a4b2609da6134c3b3b0-g.jpg,,
32835544,"Записка о поездке в пределы Западной Монголии, совершенной в 1899 году зайсангом Малодербетовского улуса Астраханской губернии Леджином Арлуевым и его двумя спутниками",,,,Арлуев А. Б.,1901,,,Санкт-Петербург,14,14,Russian (Old),64,,,,,,,,,,,,,,0,1,0,0,1,1,0,0,309117,pdf,4DDE81D74ADCEDD989CB083134A3CABA,,,16_Ledzhin_Arluev.pdf,0,2021-02-19 11:40:15,2021-02-20 09:02:50,2915000/4dde81d74adcedd989cb083134a3caba-g.jpg,,
32835545,Известия Отделения русского языка и словесности Императорской Академии наук,21 2,,,,1916,,Императорская Академия Наук,Петроград,329,329,Russian (Old),,rusneb.ru,,,,,,,,,,,,,600,0,1,0,1,1,0,0,6366308,djvu,135DD95E3271ACBC29D018CD89876217,,,21 2 1916.djvu,0,2021-03-07 04:11:13,2021-03-07 07:21:36,2931000/135dd95e3271acbc29d018cd89876217-g.jpg,,
32835546,Известия Отделения русского языка и словесности Императорской Академии наук,21 1,,,,1916,,Типография Императорской Академии наук,Петроград,"VII, 329",355,Russian (Old),321,rusneb.ru,,,,,,,,,,,,,600,0,1,0,1,1,,0,12021439,djvu,88ABC8A0363CEA11401B29CF527FC4E2,,,21 1 1916.djvu,0,2021-03-07 23:42:07,2021-03-08 07:22:01,2932000/88abc8a0363cea11401b29cf527fc4e2-g.jpg,,
32835547,Известия Отделения русского языка и словесности Императорской Академии наук,20 4,,,,1915,,Типография Императорской Академии наук,Петроград,"VII, 329",338,Russian (Old),321,rusneb.ru,,,,,,,,,,,,,600,0,1,0,1,1,,0,5302255,djvu,36CBDDB5FE052C37EB29545A6DE99BFE,,,20 4 1915.djvu,0,2021-03-07 23:48:07,2021-03-08 07:22:01,2932000/36cbddb5fe052c37eb29545a6de99bfe-g.jpg,,
32835548,Известия Отделения русского языка и словесности Императорской Академии наук,20 3,,,,1915,,Типография Императорской Академии наук,Петроград,358,362,Russian (Old),321,rusneb.ru,,,,,,,,,,,,,600,0,1,0,1,1,,0,5460269,djvu,4553B75AD130E4709668D21C5CE45511,,,20 3 1915.djvu,0,2021-03-07 23:55:29,2021-03-08 07:22:02,2932000/4553b75ad130e4709668d21c5ce45511-g.jpg,,
32835549,Известия Отделения русского языка и словесности Императорской Академии наук,20 1-2,,,,1915,,Типография Императорской Академии наук,Петроград,"366, VIII, 330",716,Russian (Old),321,rusneb.ru,,,,,,,,,,,,,600,0,1,0,1,1,,0,18915755,djvu,917EBB5B58450D52CBC6DA34830E8C58,,,20 1-2 1915.djvu,0,2021-03-08 00:03:39,2021-03-08 07:22:02,2932000/917ebb5b58450d52cbc6da34830e8c58-g.jpg,,
32835550,Известия Отделения русского языка и словесности Императорской Академии наук,19 4,,,,1914,,Типография Императорской Академии наук,Петроград,293 VII,304,Russian (Old),321,rusneb.ru,,,,,,,,,,,,,600,0,1,0,1,1,,0,4131161,djvu,6FFC688E4BF641FCB29F45C40CB8F574,,,19 4 1914.djvu,0,2021-03-08 00:09:19,2021-03-08 07:22:03,2932000/6ffc688e4bf641fcb29f45c40cb8f574-g.jpg,,
32835551,Известия Отделения русского языка и словесности Императорской Академии наук,19 3,,,,1914,,Типография Императорской Академии наук,Петроград,306,310,Russian (Old),321,rusneb.ru,,,,,,,,,,,,,600,0,1,0,0,1,,0,4262691,djvu,3D31DF3710BC0C9F9955757E5A5AB873,,,19 3 1914.djvu,0,2021-03-08 00:56:45,2021-03-08 07:22:06,2932000/3d31df3710bc0c9f9955757e5a5ab873-g.jpg,,
32835552,Известия Отделения русского языка и словесности Императорской Академии наук,18 3-4,,,,1913,,Типография Императорской Академии наук,Санктпетербург,"404, 384",808,Russian (Old),321,rusneb.ru,,,,,,,,,,,,,600,0,1,0,1,1,,0,13294263,djvu,C3723E65AFFC2ED07B2A5CC339E21DAF,,,18 3-4 1913.djvu,0,2021-03-08 01:03:23,2021-03-08 07:22:07,2932000/c3723e65affc2ed07b2a5cc339e21daf-g.jpg,,
32835553,Известия Отделения русского языка и словесности Императорской Академии наук,18 2,,,,1913,,Типография Императорской Академии наук,Санктпетербург,352,355,Russian (Old),,rusneb.ru,,,,,,,,,,,,,600,0,1,0,1,1,,0,4007032,djvu,1E5FAEC1B81662D0F453E54EE72119AE,,,18 2 1913.djvu,0,2021-03-08 01:09:25,2021-03-08 07:42:00,2932000/1e5faec1b81662d0f453e54ee72119ae-g.jpg,,
32835554,Известия Отделения русского языка и словесности Императорской Академии наук,18 1,,,,1913,,Типография Императорской Академии наук,Санктпетербург,384,411,Russian (Old),321,rusneb.ru,,,,,,,,,,,,,600,0,1,0,1,1,,0,20186400,djvu,8BD62112111BD5BA1022E9D56F18BF70,,,18 1 1913.djvu,0,2021-03-08 01:13:45,2021-03-08 07:42:00,2932000/8bd62112111bd5ba1022e9d56f18bf70-g.jpg,,
32835555,Известия Отделения русского языка и словесности Императорской Академии наук,17 4,,,,1912,,Типография Императорской Академии наук,Санктпетербург,"VIII, 411",422,Russian (Old),,rusneb.ru,,,,,,,,,,,,,600,0,1,0,1,1,,0,8606155,djvu,40E8DF5605EA38D9A1B05C88121FC7D2,,,17 4 1912.djvu,0,2021-03-08 01:16:41,2021-03-08 07:42:00,2932000/40e8df5605ea38d9a1b05c88121fc7d2-g.jpg,,
32835556,Известия Отделения русского языка и словесности Императорской Академии наук,17 3,,,,1912,,Типография Императорской Академии наук,Санктпетербург,375,380,Russian (Old),,rusneb.ru,,,,,,,,,,,,,600,0,1,0,1,1,,0,5656120,djvu,E8C26DDE6AFCCBAEB0449D8ECA00CBCF,,,17 3 1912.djvu,0,2021-03-08 01:18:43,2021-03-08 07:42:00,2932000/e8c26dde6afccbaeb0449d8eca00cbcf-g.jpg,,
32835557,Известия Отделения русского языка и словесности Императорской Академии наук,17 2,,,,1912,,Типография Императорской Академии наук,Санктпетербург,384,388,Russian (Old),,rusneb.ru,,,,,,,,,,,,,600,0,1,0,1,1,,0,5491622,djvu,63D9E1B90938EC657D9FC5C3D1297109,,,17 2 1912.djvu,0,2021-03-08 01:20:51,2021-03-08 07:42:01,2932000/63d9e1b90938ec657d9fc5c3d1297109-g.jpg,,
32835558,Известия Отделения русского языка и словесности Императорской Академии наук,17 1,,,,1912,,Типография Императорской Академии наук,Санктпетербург,362,366,Russian (Old),321,rusneb.ru,,,,,,,,,,,,,600,0,1,0,1,1,,0,4976802,djvu,1A803FBE5977CC968C09DCB0C2315EE2,,,17 1 1912.djvu,0,2021-03-08 01:28:12,2021-03-08 07:42:01,2932000/1a803fbe5977cc968c09dcb0c2315ee2-g.jpg,,
32835559,Известия Отделения русского языка и словесности Императорской Академии наук,16 4,,,,1911,,Типография Императорской Академии наук,Санктпетербург,356,358,Russian (Old),,rusneb.ru,,,,,,,,,,,,,600,0,1,0,1,1,,0,5396411,djvu,A0F0C9FA9FDEC4E49813DBC21CC4AFFC,,,16 4 1911.djvu,0,2021-03-08 01:34:22,2021-03-08 07:42:02,2932000/a0f0c9fa9fdec4e49813dbc21cc4affc-g.jpg,,
32835560,Известия Отделения русского языка и словесности Императорской Академии наук,16 3,,,,1911,,Типография Императорской Академии наук,Санктпетербург,"VII, 360",370,Russian (Old),321,rusneb.ru,,,,,,,,,,,,,600,0,1,0,1,1,,0,4695714,djvu,F8A9484A3021CD4B55682EFA314C5674,,,16 3 1911.djvu,0,2021-03-08 01:38:39,2021-03-08 07:42:02,2932000/f8a9484a3021cd4b55682efa314c5674-g.jpg,,
32835561,Известия Отделения русского языка и словесности Императорской Академии наук,16 1,,,,1911,,Типография Императорской Академии наук,Санктпетербург,350,352,Russian (Old),321,rusneb.ru,,,,,,,,,,,,,600,0,1,0,1,1,,0,4501769,djvu,02487CE38E6C0CC2DD8DADBA886D6E78,,,16 1 1911.djvu,0,2021-03-08 01:47:15,2021-03-08 07:42:05,2932000/02487ce38e6c0cc2dd8dadba886d6e78-g.jpg,,
32835562,Известия Отделения русского языка и словесности Императорской Академии наук,15 4,,,,1910,,Типография Императорской Академии наук,Санктпетербург,"VII, 340, XXVI, [2]",380,Russian (Old),321,rusneb.ru,,,,,,,,,,,,,600,0,1,0,1,1,,0,7746606,djvu,D696D4DB7F0DCD77D7BC31CED132BF70,,,15 4 1910.djvu,0,2021-03-08 01:50:11,2021-03-08 07:42:06,2932000/d696d4db7f0dcd77d7bc31ced132bf70-g.jpg,,
32835563,Известия Отделения русского языка и словесности Императорской Академии наук,15 3,,,,1910,,Типография Императорской Академии наук,Санктпетербург,432,478,Russian (Old),321,rusneb.ru,,,,,,,,,,,,,600,0,1,0,1,1,,0,27403317,djvu,7C2C87D48EBC1409398A45D087B434EC,,,15 3 1910.djvu,0,2021-03-08 01:53:44,2021-03-08 07:42:08,2932000/7c2c87d48ebc1409398a45d087b434ec-g.jpg,,
32835564,Известия Отделения русского языка и словесности Императорской Академии наук,15 2,,,,1910,,Типография Императорской Академии наук,Санктпетербург,332,335,Russian (Old),321,rusneb.ru,,,,,,,,,,,,,600,0,1,0,1,1,,0,4311600,djvu,5A26AAE774C84731D6F849BF36271863,,,15 2 1910.djvu,0,2021-03-08 01:56:08,2021-03-08 07:42:08,2932000/5a26aae774c84731d6f849bf36271863-g.jpg,,
32835565,Известия Отделения русского языка и словесности Императорской Академии наук,15 1,,,,1910,,Типография Императорской Академии наук,Санктпетербург,"328, XXI",357,Russian (Old),321,rusneb.ru,,,,,,,,,,,,,600,0,1,0,1,1,,0,5236237,djvu,DB0F4BE277EE9EE8E9462D74717B3392,,,15 1 1910.djvu,0,2021-03-08 02:02:41,2021-03-08 07:42:10,2932000/db0f4be277ee9ee8e9462d74717b3392-g.jpg,,
32835566,Известия Отделения русского языка и словесности Императорской Академии наук,14 4,,,,1909,,Типография Императорской Академии наук,Санктпетербург,"VIII, 356",371,Russian (Old),321,rusneb.ru,,,,,,,,,,,,,600,0,1,0,1,1,,0,4361860,djvu,B84E231C9C4E98D33A486695B8DFA1AD,,,14 4 1909.djvu,0,2021-03-08 02:06:07,2021-03-08 07:42:11,2932000/b84e231c9c4e98d33a486695b8dfa1ad-g.jpg,,
32835567,Известия Отделения русского языка и словесности Императорской Академии наук,14 3,,,,1909,,Типография Императорской Академии наук,Санктпетербург,354,359,Russian (Old),321,rusneb.ru,,,,,,,,,,,,,600,0,1,0,1,1,,0,4712958,djvu,227A0AC6977F25A13CFE3D0532339DD9,,,14 3 1909.djvu,0,2021-03-08 02:09:44,2021-03-08 07:42:13,2932000/227a0ac6977f25a13cfe3d0532339dd9-g.jpg,,
32835568,Известия Отделения русского языка и словесности Императорской Академии наук,14 2,,,,1909,,Типография Императорской Академии наук,Санктпетербург,392,396,Russian (Old),321,rusneb.ru,,,,,,,,,,,,,600,0,1,0,1,1,,0,6463138,djvu,D6447682CB1CEE893DE6799655D8470C,,,14 2 1909.djvu,0,2021-03-08 02:12:28,2021-03-08 07:42:13,2932000/d6447682cb1cee893de6799655d8470c-g.jpg,,
32835569,Известия Отделения русского языка и словесности Императорской Академии наук,14 1,,,,1909,,Типография Императорской Академии наук,Санктпетербург,369,375,Russian (Old),321,rusneb.ru,,,,,,,,,,,,,600,0,1,0,1,1,,0,6252089,djvu,FC6A47E01A51B29577A60DB8306E6647,,,14 1 1909.djvu,0,2021-03-08 02:15:07,2021-03-08 07:42:14,2932000/fc6a47e01a51b29577a60db8306e6647-g.jpg,,
32835570,Известия Отделения русского языка и словесности Императорской Академии наук,13 2,,,,1908,,Типография Императорской Академии наук,Санктпетербург,[524],509,Russian (Old),321,rusneb.ru,,,,,,,,,,,,,600,0,1,0,1,1,,0,17267885,djvu,E18B29184AAA74ED400CB3594A8D5E79,,,13 2 1908.djvu,0,2021-03-08 02:18:08,2021-03-08 07:42:15,2932000/e18b29184aaa74ed400cb3594a8d5e79-g.jpg,,
32835571,Известия Отделения русского языка и словесности Императорской Академии наук,13 1,,,,1908,,Типография Императорской Академии наук,Санктпетербург,464,469,Russian (Old),321,rusneb.ru,,,,,,,,,,,,,600,0,1,0,1,1,,0,5602658,djvu,7F015F0A81F48B9D39C3D18A549D32E2,,,13 1 1908.djvu,0,2021-03-08 02:22:21,2021-03-08 07:42:15,2932000/7f015f0a81f48b9d39c3d18a549d32e2-g.jpg,,
32835572,Известия Отделения русского языка и словесности Императорской Академии наук,4 4,,,,1899,,Типография Императорской Академии наук,Санктпетербург,[435],434,Russian (Old),321,rusneb.ru,,,,,,,,,,,,,600,0,1,0,1,1,,0,4653430,djvu,9F1225339859E2E9263A825968959DAE,,,4 4 1899.djvu,0,2021-03-08 02:25:20,2021-03-08 07:42:15,2932000/9f1225339859e2e9263a825968959dae-g.jpg,,
32835573,Известия Отделения русского языка и словесности Императорской Академии наук,4 3,,,,1899,,Типография Императорской Академии наук,Санктпетербург,"[I—IV], 782—1152 + 32",443,Russian (Old),321,feb-web.ru,,,,,,,,,,,,,0,0,1,0,1,1,,0,21783367,pdf,175BEDEC5C7A70BACE1B3D32C65BFAC6,,,4 3 1899.pdf,0,2021-03-08 02:28:45,2021-03-08 07:42:16,2932000/175bedec5c7a70bace1b3d32c65bfac6-g.jpg,,
32835574,Известия Отделения русского языка и словесности Императорской Академии наук,4 1-2,,,,1899,,Типография Императорской Академии наук,Санктпетербург,[836],823,Russian (Old),321,rusneb.ru,,,,,,,,,,,,,600,0,1,0,1,1,,0,21998934,djvu,57B93D58AAAAEA16358EBA848A0BAADE,,,4 1-2 1899.djvu,0,2021-03-08 02:31:56,2021-03-08 07:42:17,2932000/57b93d58aaaaea16358eba848a0baade-g.jpg,,
32835575,Известия Отделения русского языка и словесности Императорской Академии наук,3 1-4,,,,1898,,Типография Императорской Академии наук,Санктпетербург,[1658],1655,Russian (Old),321,rusneb.ru,,,,,,,,,,,,,600,0,1,0,1,1,,0,31569878,djvu,396F1D05AD9D176E860309B753784916,,,3 1-4 1898.djvu,0,2021-03-08 02:36:01,2021-03-08 07:42:18,2932000/396f1d05ad9d176e860309b753784916-g.jpg,,
32835576,Известия Отделения русского языка и словесности Императорской Академии наук,16 2,,,,1911,,Типография Императорской Академии наук,Санктпетербург,351,353,Russian (Old),321,rusneb.ru,,,,,,,,,,,,,600,0,1,0,1,1,,0,3657426,djvu,7EB06AFC37C5D5D150A4A37CF52EBDD7,,,16 2 1911.djvu,0,2021-03-08 01:42:57,2021-03-08 11:00:04,2933000/7eb06afc37c5d5d150a4a37cf52ebdd7-g.jpg,,
32835577,Сборник отделения русского языка и словесности Императорской Академии наук,95 1 2,,,,1916,,Типография Императорской Академии наук,Петроград,[195],194,Russian (Old),321,rusneb.ru,,,,,,,,,,,,,600,0,1,0,1,1,,0,2317867,djvu,119291BF68DB9DD36B4D8330A18788E8,,,95 1-2 1916.djvu,0,2021-03-08 09:33:52,2021-03-08 12:41:34,2933000/119291bf68db9dd36b4d8330a18788e8-g.jpg,,
32835578,Сборник отделения русского языка и словесности Императорской Академии наук,94 1 2 3 4,,,,1915-1916,,Типография Императорской Академии наук,Петроград,[888],881,Russian (Old),321,rusneb.ru,,,,,,,,,,,,,600,0,1,0,1,1,,0,20415227,djvu,7FC95D1D1596250468EDA0ABBB23D39C,,,94 1-3 1915 4 1916.djvu,0,2021-03-08 09:50:17,2021-03-08 13:01:59,2933000/7fc95d1d1596250468eda0abbb23d39c-g.jpg,,
32835579,Сборник Отделения русского языка и словесности Императорской Академии наук,93,,,,1915,,Типография Императорской Академии наук,Петроград,"VIII, 793",803,Russian (Old),321,rusneb.ru,,,,,,,,,,,,,600,0,1,0,1,1,,0,6833550,djvu,FB429901F43B76C5E8890E7561520493,,,93 1915.djvu,0,2021-03-08 12:12:30,2021-03-09 04:01:51,2933000/fb429901f43b76c5e8890e7561520493-g.jpg,,
32835580,Сборник Отделения русского языка и словесности Императорской Академии наук,91 1 2 3,,,,1914-1915,,Типография Императорской Академии наук,Петроград,[721],719,Russian (Old),321,rusneb.ru,,,,,,,,,,,,,600,0,1,0,1,1,,0,8663571,djvu,48767D9213381B056E0F198743B69765,,,91 1-2 1914 3 1915.djvu,0,2021-03-08 15:27:43,2021-03-09 04:22:07,2933000/48767d9213381b056e0f198743b69765-g.jpg,,
32835581,Руководство к изготовлению  при помощи ближайшей кузницы панцирей,,,,З.А. Давыдов,1915,,,М.,,16,Russian (Old),,,,,,,,,,,,,,,0,0,0,0,0,1,1,0,7903895,pdf,DC2339C7985994D89368C38C49413E1A,,,Руководство к изготовлению панцирей -+- Давыдов З.pdf,0,2021-03-09 04:25:21,2021-03-09 10:42:02,2933000/dc2339c7985994d89368c38c49413e1a-g.jpg,,
32835582,Взгляд на обязанности и дух военного звания,,,,А.Л. Блондель,1836,,,СПбъ,,99,Russian (Old),,,,2007113312,,,,,,,,,,,0,,,,,,,1,51375263,pdf,59673E8CDFFAC13488BC36A800B13991,,,Взглядъ на обязанности и духъ военнаго званiя -+- Блондель А.pdf,0,2021-03-09 04:50:45,2021-03-09 10:42:04,2933000/59673e8cdffac13488bc36a800b13991-g.jpg,,2007113312
32835583,Начальные основания артиллерийского искусства,,,,Вессель Е.,1851,,,СПбъ,,738,Russian (Old),,,,,,,,,,,,,,,0,,,,,,,1,319408209,pdf,42901F302E725A7926BF0633C9340D89,,,Начальные основания артиллерийского искусства -+- Вессель Е.pdf,0,2021-03-09 05:23:33,2021-03-09 10:42:06,2933000/42901f302e725a7926bf0633c9340d89-g.jpg,,
32835584,Сборник Отделения русского языка и словесности Императорской Академии наук,88 1 2 3,,,,1910,,Типография Императорской Академии наук,Санктпетербург,[723],717,Russian (Old),321,rusneb.ru,,,,,,,,,,,,,600,0,1,0,1,1,0,0,10739844,djvu,DE8991F60E69E3469960A1D2D0695A3D,,,88 1-3 1910.djvu,0,2021-03-09 05:37:42,2021-03-09 10:42:07,2933000/de8991f60e69e3469960a1d2d0695a3d-g.jpg,,
32835585,Сборник Отделения русского языка и словесности Императорской Академии наук,87 1 2 3 4 5,,,,1909-1910,,,Санктпетербург,[636],631,Russian (Old),321,rusneb.ru,,,,,,,,,,,,,600,0,1,0,1,1,0,0,15606213,djvu,6024B279837EF63244FC24843E2BA287,,,87 1 1909 2-5 1910.djvu,0,2021-03-09 08:21:54,2021-03-09 11:42:00,2934000/6024b279837ef63244fc24843e2ba287-g.jpg,,
32835586,Русский филологический вестник,76 4,,,Евфимий Фёдорович Карский (ed.),1916,,Синодальная типография,Москва,[170],170,Russian (Old),321,rusneb.ru,,,,,,,,,,,,,600,0,1,0,1,1,0,0,4210534,djvu,446B8DC9BE3579A8511E8BCC0EF4279D,,,76 4 1916.djvu,0,2021-03-10 00:07:54,2021-03-10 07:41:49,2934000/446b8dc9be3579a8511e8bcc0ef4279d-g.jpg,,
32835587,Сборник Отделения русского языка и словесности Императорской Академии наук,43 1 2 3 4,,,,1887-1888,,Типография Императорской Академии наук,Санктпетербург,[662],658,Russian (Old),321,rusneb.ru,,,,,,,,,,,,,600,0,1,0,1,1,0,0,11987050,djvu,935640DF466791F2310C76B6722DD34E,,,43 1887-1888.djvu,0,2021-03-09 10:37:48,2021-03-10 08:01:59,2934000/935640df466791f2310c76b6722dd34e-g.jpg,,
32835588,Русский филологический вестник,78 3 4,,,Евфимий Фёдорович Карский (ed.),1917,,Типо-литография Казанского университета,Казань,[248],247,Russian (Old),321,rusneb.ru,,,,,,,,,,,,,600,0,1,0,1,1,0,0,7013530,djvu,3B85584C0E7283E4BBFF92FD538511CA,,,78 3-4 1917.djvu,0,2021-03-09 12:03:06,2021-03-10 08:02:07,2934000/3b85584c0e7283e4bbff92fd538511ca-g.jpg,,
32835589,Русский филологический вестник,77 1 2,,,Евфимий Фёдорович Карский (ed.),1917,,Типография А. В. Орлова,Петроград,[426],425,Russian (Old),321,rusneb.ru,,,,,,,,,,,,,600,0,1,0,1,1,0,0,9576439,djvu,6660D1F4F2B1A14F294300C99FDEE3B1,,,77 1-2 1917.djvu,0,2021-03-09 14:03:57,2021-03-10 08:02:10,2934000/6660d1f4f2b1a14f294300c99fdee3b1-g.jpg,,
32835590,Русский филологический вестник,76 3,,,Евфимий Фёдорович Карский (ed.),1916,,Синодальная типография,Москва,[312],310,Russian (Old),321,rusneb.ru,,,,,,,,,,,,,600,0,1,0,1,1,0,0,6994399,djvu,E073DBD6E24FFED650B166451A166594,,,76 3 1916.djvu,0,2021-03-10 01:46:07,2021-03-10 08:02:37,2934000/e073dbd6e24ffed650b166451a166594-g.jpg,,
32835591,Русский филологический вестник,75 1 2,,,Евфимий Фёдорович Карский (ed.),1916,,Синодальная типография,Москва,[404],402,Russian (Old),321,rusneb.ru,,,,,,,,,,,,,600,0,1,0,1,1,0,0,8124057,djvu,56F0D3E2867615E681E8117879ACD5C1,,,75 1-2 1916.djvu,0,2021-03-10 03:39:50,2021-03-10 08:02:41,2934000/56f0d3e2867615e681e8117879acd5c1-g.jpg,,
32835592,Русский филологический вестник,74 3,,,Евфимий Фёдорович Карский (ed.),1915,,Синодальная типография,Москва,[330],328,Russian (Old),321,rusneb.ru,,,,,,,,,,,,,600,0,1,0,1,1,0,0,7812716,djvu,D8D7BC1C231D8092A7D8C3E74B5776A2,,,74 3 1915.djvu,0,2021-03-10 04:56:47,2021-03-10 08:02:42,2934000/d8d7bc1c231d8092a7d8c3e74b5776a2-g.jpg,,
32835593,Русский филологический вестник,73 2,,,Евфимий Фёдорович Карский (ed.),1915,,Типография Варшавского учебного округа,Варшава,[306],305,Russian (Old),321,rusneb.ru,,,,,,,,,,,,,600,0,1,0,1,1,0,0,7619204,djvu,DFC4025E67CB2E62E59661193420132A,,,73 2 1915.djvu,0,2021-03-10 06:43:04,2021-03-10 10:02:00,2934000/dfc4025e67cb2e62e59661193420132a-g.jpg,,
32835594,Русский филологический вестник,73 1,,,Евфимий Фёдорович Карский (ed.),1915,,Типография Варшавского учебного округа,Варшава,286,286,Russian (Old),321,rusneb.ru,,,,,,,,,,,,,600,0,1,0,1,1,0,0,4999822,djvu,582C23226732643581E9A9647A6BF06E,,,73 1 1915.djvu,0,2021-03-10 07:58:35,2021-03-10 11:02:24,2934000/582c23226732643581e9a9647a6bf06e-g.jpg,,
32835595,Русский филологический вестник,72 3 4,,,Евфимий Фёдорович Карский (ed.),1914,,Типография Варшавского учебного округа,Варшава,[532],531,Russian (Old),321,rusneb.ru,,,,,,,,,,,,,600,0,1,0,1,1,0,0,10622281,djvu,A3A28829F24E16CCF57A2141E821E270,,,72 3-4 1914.djvu,0,2021-03-10 10:23:21,2021-03-10 13:42:04,2934000/a3a28829f24e16ccf57a2141e821e270-g.jpg,,
32835596,Русский филологический вестник,70 4,,,Евфимий Фёдорович Карский (ed.),1913,,Типография Варшавского учебного округа,Варшава,[411],411,Russian (Old),321,rusneb.ru,,,,,,,,,,,,,600,0,1,0,1,1,0,0,8254130,djvu,9859D0789880D3D70497BFEAFE109548,,,70 4 1913.djvu,0,2021-03-11 01:45:02,2021-03-11 08:21:39,2935000/9859d0789880d3d70497bfeafe109548-g.jpg,,
32835597,Русский филологический вестник,70 3,,,Евфимий Фёдорович Карский (ed.),1913,,Типография Варшавского учебного округа,Варшава,[303],302,Russian (Old),321,rusneb.ru,,,,,,,,,,,,,600,0,1,0,1,1,0,0,6545494,djvu,E1BFC2282961680E24A50A69580349D4,,,70 3 1913.djvu,0,2021-03-11 03:49:05,2021-03-11 08:21:40,2935000/e1bfc2282961680e24a50a69580349d4-g.jpg,,
32835598,Русский филологический вестник,69 2,,,Евфимий Фёдорович Карский (ed.),1913,,Типография Варшавского учебного округа,Варшава,[326],326,Russian (Old),321,rusneb.ru,,,,,,,,,,,,,600,0,1,0,1,1,0,0,6342986,djvu,76A8CC9899F644D715CF48EC46EEF0C5,,,69 2 1913.djvu,0,2021-03-11 04:51:22,2021-03-11 08:21:42,2935000/76a8cc9899f644d715cf48ec46eef0c5-g.jpg,,
32835599,Русский филологический вестник,71 2,,,Евфимий Фёдорович Карский (ed.),1914,,Типография Варшавского учебного округа,Варшава,[532],428,Russian (Old),321,rusneb.ru,,,,,,,,,,,,,600,0,1,0,1,1,0,0,8214058,djvu,B52466F7E50FD536B798682D3701C2E9,,,71 2 1914.djvu,0,2021-03-10 11:40:29,2021-03-11 08:41:54,2935000/b52466f7e50fd536b798682d3701c2e9-g.jpg,,
32835600,Русский филологический вестник,71 1,,,Евфимий Фёдорович Карский (ed.),1914,,Типография Варшавского учебного округа,Варшава,[384],387,Russian (Old),321,rusneb.ru,,,,,,,,,,,,,600,0,1,0,1,1,0,0,7611220,djvu,B1CCD523F7CEC22BEC67183CBA350A87,,,71 1 1914.djvu,0,2021-03-10 13:01:41,2021-03-11 08:42:01,2935000/b1ccd523f7cec22bec67183cba350a87-g.jpg,,
32835601,Русский филологический вестник,69 1,,,Евфимий Фёдорович Карский (ed.),1913,,Типография Варшавского учебного округа,Варшава,[354],353,Russian (Old),321,rusneb.ru,,,,,,,,,,,,,600,0,1,0,1,1,1,0,6918359,djvu,A1273CCFC061ADE88A660A8E0E6EC61B,,,69 1 1913.djvu,0,2021-03-11 06:40:17,2021-03-11 10:00:03,2935000/a1273ccfc061ade88a660a8e0e6ec61b-g.jpg,,
32835602,Русский филологический вестник,68 3,,,Евфимий Фёдорович Карский (ed.),1912,,Типография Варшавского учебного округа,Варшава,[318],317,Russian (Old),321,rusneb.ru,,,,,,,,,,,,,600,0,1,0,1,1,0,0,5420769,djvu,99E5EF7755297FEAD8CEFF3C4AD30A5D,,,68 3 1912.djvu,0,2021-03-11 08:58:32,2021-03-12 06:41:30,2935000/99e5ef7755297fead8ceff3c4ad30a5d-g.jpg,,
32835603,Русский филологический вестник,65 2,,,Евфимий Фёдорович Карский (ed.),1911,,Типография Варшавского учебного округа,Варшава,[248],248,Russian (Old),321,rusneb.ru,,,,,,,,,,,,,600,,,,,,,0,8194770,djvu,7F0DBC626F599CA5A5E33E694A1F61B6,,,65 2 1911.djvu,0,2021-03-11 14:28:10,2021-03-12 07:42:12,2935000/7f0dbc626f599ca5a5e33e694a1f61b6-g.jpg,,
32835604,Русский филологический вестник,67 1-2,,,Евфимий Фёдорович Карский (ed.),1912,,Типография Варшавского учебного округа,Варшава,[512],510,Russian (Old),321,rusneb.ru,,,,,,,,,,,,,600,0,1,0,1,1,0,0,12752301,djvu,9E072FFEED1B6F3F883679B165F21324,,,67 1-2 1912.djvu,0,2021-03-11 10:51:27,2021-03-12 08:02:09,2935000/9e072ffeed1b6f3f883679b165f21324-g.jpg,,
32835605,Русский филологический вестник,66 3 4,,,Евфимий Фёдорович Карский (ed.),1911,,Типография Варшавского учебного округа,Варшава,[480],479,Russian (Old),321,rusneb.ru,,,,,,,,,,,,,600,0,1,0,1,1,0,0,11368082,djvu,2F61CB2D567AE54EB2480001253E698F,,,66 3-4 1911.djvu,0,2021-03-11 12:55:35,2021-03-12 08:02:12,2935000/2f61cb2d567ae54eb2480001253e698f-g.jpg,,
32835606,Русский филологический вестник,64 3-4,,,Евфимий Фёдорович Карский (ed.),1910,,Типография Варшавского учебного округа,Варшава,[492],489,Russian (Old),321,rusneb.ru,,,,,,,,,,,,,600,0,1,0,1,1,0,0,13021249,djvu,8782101A42262F8079A9D945ECDDA9D1,,,64 3-4 1910.djvu,0,2021-03-12 07:46:06,2021-03-12 11:01:55,2935000/8782101a42262f8079a9d945ecdda9d1-g.jpg,,
32835607,Русский филологический вестник,61 2,,,Евфимий Фёдорович Карский (ed.),1909,,Типография Варшавского учебного округа,Варшава,[204],202,Russian (Old),321,rusneb.ru,,,,,,,,,,,,,600,0,1,0,1,,0,0,4085667,djvu,91089C9AA39CD9BE360F3DC43D0921EF,,,61 2 1909.djvu,0,2021-03-12 08:40:57,2021-03-12 13:02:15,2935000/91089c9aa39cd9be360f3dc43d0921ef-g.jpg,,
32835608,Русский филологический вестник,61 1,,,Евфимий Фёдорович Карский (ed.),1909,,Типография Варшавского учебного округа,Варшава,[267],266,Russian (Old),321,rusneb.ru,,,,,,,,,,,,,600,0,1,0,1,1,0,0,6216158,djvu,5D8A057972C1FD147FDDE736C7C07BCE,,,61 1 1909.djvu,0,2021-03-12 09:56:59,2021-03-12 13:02:23,2936000/5d8a057972c1fd147fdde736c7c07bce-g.jpg,,
32835609,Русский филологический вестник,60 4,,,Евфимий Фёдорович Карский (ed.),1908,,Типография Варшавского учебного округа,Варшава,[242],242,Russian (Old),321,rusneb.ru,,,,,,,,,,,,,600,0,1,0,1,1,0,0,6261112,djvu,3CB0366E885CF880E707C686591B7291,,,60 4 1908.djvu,0,2021-03-12 10:51:45,2021-03-12 14:01:35,2936000/3cb0366e885cf880e707c686591b7291-g.jpg,,
32835610,Русский филологический вестник,60 3,,,Евфимий Фёдорович Карский (ed.),1908,,Типография Варшавского учебного округа,Варшава,[260],261,Russian (Old),321,rusneb.ru,,,,,,,,,,,,,600,0,1,0,1,1,0,0,6130718,djvu,10352F0E418D6F477DC8B824FC77FB63,,,60 3 1908.djvu,0,2021-03-12 11:57:41,2021-03-12 15:01:27,2936000/10352f0e418d6f477dc8b824fc77fb63-g.jpg,,
32835611,Русский филологический вестник,59 1-2,,,Евфимий Фёдорович Карский (ed.),1908,,Типография Варшавского учебного округа,Варшава,[444],443,Russian (Old),321,rusneb.ru,,,,,,,,,,,,,600,0,1,0,1,1,0,0,8422056,djvu,0CB1CCD7AB961C0B2E6FA1535108D6F7,,,59 1-2 1908.djvu,0,2021-03-12 13:34:41,2021-03-13 11:21:56,2936000/0cb1ccd7ab961c0b2e6fa1535108d6f7-g.jpg,,
32835612,Русский филологический вестник,63 2,,,Евфимий Фёдорович Карский (ed.),1910,,Типография Варшавского учебного округа,Варшава,[248],248,Russian (Old),321,rusneb.ru,,,,,,,,,,,,,600,0,1,0,1,1,0,0,5567761,djvu,A0E93BF7C1D67593A953D276AE51DFB1,,,63 2 1910.djvu,0,2021-03-12 23:34:25,2021-03-13 11:22:12,2936000/a0e93bf7c1d67593a953d276ae51dfb1-g.jpg,,
32835613,Русский филологический вестник,58 4,,,Евфимий Фёдорович Карский (ed.),1907,,Типография Варшавского учебного округа,Варшава,[206],206,Russian (Old),321,rusneb.ru,,,,,,,,,,,,,600,0,1,0,1,1,0,0,4628608,djvu,D119503298DC37953AAAF0BE8CE46FFF,,,58 4 1907.djvu,0,2021-03-13 01:50:00,2021-03-13 11:42:06,2936000/d119503298dc37953aaaf0be8ce46fff-g.jpg,,
32835614,Русский филологический вестник,63 1,,,Евфимий Фёдорович Карский (ed.),1910,,Типография Варшавского учебного округа,Варшава,[286],283,Russian (Old),321,rusneb.ru,,,,,,,,,,,,,600,0,1,0,1,1,0,0,7343673,djvu,E8390F35969D699448C4B800218D3F88,,,63 1 1910.djvu,0,2021-03-13 03:12:14,2021-03-13 11:42:11,2936000/e8390f35969d699448c4b800218d3f88-g.jpg,,
32835615,Русский филологический вестник,62 3 4,,,Евфимий Фёдорович Карский (ed.),1909,,Типография Варшавского учебного округа,Варшава,[443],442,Russian (Old),321,rusneb.ru,,,,,,,,,,,,,600,0,1,0,1,1,0,0,7380732,djvu,AB44F59B15EBF2F4E1112394139F9279,,,62 3-4 1909.djvu,0,2021-03-13 05:23:41,2021-03-13 11:42:14,2936000/ab44f59b15ebf2f4e1112394139f9279-g.jpg,,
32835616,Русский филологический вестник,58 3,,,Евфимий Фёдорович Карский (ed.),1907,,Типография Варшавского учебного округа,Варшава,[270],269,Russian (Old),321,rusneb.ru,,,,,,,,,,,,,600,0,1,0,1,1,0,0,5372544,djvu,0AB538135593B0F75CFC9A579115EBA6,,,58 3 1907.djvu,0,2021-03-13 06:38:03,2021-03-13 11:42:18,2936000/0ab538135593b0f75cfc9a579115eba6-g.jpg,,
32835617,Русский филологический вестник,57 2,,,Евфимий Фёдорович Карский (ed.),1907,,Типография Варшавского учебного округа,Варшава,[222],221,Russian (Old),321,rusneb.ru,,,,,,,,,,,,,600,0,1,0,1,1,0,0,5911355,djvu,7419CD71DE21BFC4C54B74F52107F794,,,57 2 1907.djvu,0,2021-03-13 07:51:12,2021-03-13 11:42:22,2936000/7419cd71de21bfc4c54b74f52107f794-g.jpg,,
32835618,Русский филологический вестник,57 1,,,Евфимий Фёдорович Карский (ed.),1907,,Типография Варшавского учебного округа,Варшава,[274],273,Russian (Old),321,rusneb.ru,,,,,,,,,,,,,600,0,1,0,1,1,0,0,6653697,djvu,DFD1A7DDE5AA116D1710C129E00B4BF6,,,57 1 1907.djvu,0,2021-03-13 09:02:45,2021-03-13 12:21:30,2936000/dfd1a7dde5aa116d1710c129e00b4bf6-g.jpg,,
32835619,Русский филологический вестник,56 3 4,,,Евфимий Фёдорович Карский (ed.),1906,,Типография Варшавского учебного округа,Варшава,[480],486,Russian (Old),321,google,,,,,,,,,,,,,0,0,,0,1,1,0,1,24440585,pdf,FD493476DB3F93C30660901AB55130A9,,,56 3-4 1906.pdf,0,2021-03-13 09:15:13,2021-03-13 12:21:31,2936000/fd493476db3f93c30660901ab55130a9-g.jpg,,
32835620,Русский филологический вестник,55 1 2,,,Евфимий Фёдорович Карский (ed.),1906,,Типография Варшавского учебного округа,Варшава,[428],436,Russian (Old),321,google,,,,,,,,,,,,,0,0,,0,1,1,0,1,21721899,pdf,FDC5F9E20306B6EDCAEA2A90765B9B1F,,,55 1-2 1906.pdf,0,2021-03-13 09:58:01,2021-03-13 13:01:51,2936000/fdc5f9e20306b6edcaea2a90765b9b1f-g.jpg,,
32835621,Русский филологический вестник,54 4,,,Евфимий Фёдорович Карский (ed.),1905,,Типография Варшавского учебного округа,Варшава,[252],251,Russian (Old),321,rusneb.ru,,,,,,,,,,,,,600,0,1,0,1,1,0,0,4528045,djvu,5544268CB2896D308DDAAFF2C60B06E0,,,54 4 1905.djvu,0,2021-03-13 10:54:00,2021-03-13 14:01:38,2936000/5544268cb2896d308ddaaff2c60b06e0-g.jpg,,
32835622,Русский филологический вестник,54 3,,,Евфимий Фёдорович Карский (ed.),1905,,Типография Варшавского учебного округа,Варшава,290,290,Russian (Old),321,rusneb.ru,,,,,,,,,,,,,600,0,1,0,1,1,0,0,5436761,djvu,7898DE297E0CDF47009466268C8C9410,,,54 3 1905.djvu,0,2021-03-13 11:56:32,2021-03-14 11:21:48,2936000/7898de297e0cdf47009466268c8c9410-g.jpg,,
32835623,Русский филологический вестник,53 2,,,Евфимий Фёдорович Карский (ed.),1905,,Типография Варшавского учебного округа,Варшава,[240],239,Russian (Old),321,rusneb.ru,,,,,,,,,,,,,600,0,1,0,1,1,0,0,5187422,djvu,E802FE095F861B22E3D505E905BB1E8E,,,53 2 1905.djvu,0,2021-03-13 12:50:59,2021-03-14 11:41:43,2936000/e802fe095f861b22e3d505e905bb1e8e-g.jpg,,
32835624,Русский филологический вестник,53 1,,,Евфимий Фёдорович Карский (ed.),1905,,Типография Варшавского учебного округа,Варшава,[233],231,Russian (Old),321,rusneb.ru,,,,,,,,,,,,,600,0,1,0,1,1,0,0,6688495,djvu,2C36364CE17594A8718B1ED21D178E61,,,53 1 1905.djvu,0,2021-03-14 00:41:21,2021-03-14 11:42:10,2937000/2c36364ce17594a8718b1ed21d178e61-g.jpg,,
32835625,Русский филологический вестник,52 3-4,,,Александр Иванович Смирнов,1904,,Типография Варшавского учебного округа,Варшава,[412],410,Russian (Old),321,rusneb.ru,,,,,,,,,,,,,600,0,1,0,1,1,0,0,10504669,djvu,7CC6AF0832C25E9F3B07A5ABBC3CBB43,,,52 3-4 1904.djvu,0,2021-03-14 03:34:40,2021-03-14 11:42:14,2937000/7cc6af0832c25e9f3b07a5abbc3cbb43-g.jpg,,
32835626,Русский филологический вестник,50 3 4,,,Александр Иванович Смирнов,1903,,Типография Варшавского учебного округа,Варшава,[430],428,Russian (Old),321,google,,,,,,,,,,,,,0,0,,0,1,1,0,0,12710172,pdf,CAD0732BF378F662FDC81D89CA589A0D,,,50 3-4 1903.pdf,0,2021-03-14 04:13:32,2021-03-14 11:42:15,2937000/cad0732bf378f662fdc81d89ca589a0d-g.jpg,,
32835627,Русский филологический вестник,49 1 2,,,Александр Иванович Смирнов,1903,,Типография Варшавского учебного округа,Варшава,[392],388,Russian (Old),321,google,,,,,,,,,,,,,0,0,,0,1,1,0,0,12428126,pdf,8D8AAA161D052618DF1045E3D5C84462,,,49 1-2 1903.pdf,0,2021-03-14 04:54:10,2021-03-14 11:42:15,2937000/8d8aaa161d052618df1045e3d5c84462-g.jpg,,
32835628,Русский филологический вестник,48 3 4,,,Александр Иванович Смирнов (ed.),1902,,Типография Варшавского учебного округа,Варшава,484,490,Russian (Old),321,rusneb.ru,,,,,,,,,,,,,600,0,1,0,1,1,0,0,9417062,djvu,788DCB055F77A56095D691F96BEB341B,,,48 3-4 1902.djvu,0,2021-03-14 06:53:00,2021-03-14 11:42:20,2937000/788dcb055f77a56095d691f96beb341b-g.jpg,,
32835629,Русский филологический вестник,47 1-2,,,Александр Иванович Смирнов (ed.),1902,,Типография Варшавского учебного округа,Варшава,,284,Russian (Old),321,google,,,,,,,,,,,,poor quality,0,0,,0,1,1,0,1,41340270,pdf,E2402697E593CBBD7D8E3EC66F0EE128,,,47 1-2 1902 [poor].pdf,0,2021-03-14 07:19:45,2021-03-14 11:42:21,2937000/e2402697e593cbbd7d8e3ec66f0ee128-g.jpg,,
32835630,Русский филологический вестник,46 3-4,,,Александр Иванович Смирнов (ed.),1901,,Типография Варшавского учебного округа,Варшава,,388,Russian (Old),321,google,,,,,,,,,,,,,0,0,,0,1,1,0,0,13538215,pdf,D750D5B86D10E34727F6A66D2D9FE880,,,46 3-4 1901.pdf,0,2021-03-14 07:35:47,2021-03-14 11:42:22,2937000/d750d5b86d10e34727f6a66d2d9fe880-g.jpg,,
32835631,Русский филологический вестник,45 1-2,,,Александр Иванович Смирнов (ed.),1901,,Типография Варшавского учебного округа,Варшава,[416],412,Russian (Old),321,google,,,,,,,,,,,,,0,0,,0,1,1,0,0,13352961,pdf,39BE45F2E163788B9AA41096633F2B2F,,,45 1-2 1901.pdf,0,2021-03-14 07:45:18,2021-03-14 11:42:22,2937000/39be45f2e163788b9aa41096633f2b2f-g.jpg,,
32835632,Русский филологический вестник,44 3-4,,,Александр Иванович Смирнов (ed.),1900,,Типография Варшавского учебного округа,Варшава,[404],404,Russian (Old),321,rusneb.ru,,,,,,,,,,,,,600,0,1,0,1,1,0,0,6069438,djvu,8998CE8BEBC8E736E256164EDE09B30B,,,44 3-4 1900.djvu,0,2021-03-14 09:11:24,2021-03-14 12:21:31,2937000/8998ce8bebc8e736e256164ede09b30b-g.jpg,,
32835633,Русский филологический вестник,43 1 2,,,Александр Иванович Смирнов (ed.),1900,,Типография Варшавского учебного округа,Варшава,[356],356,Russian (Old),321,rusneb.ru,,,,,,,,,,,,,600,0,1,0,1,1,0,0,6115999,djvu,015C9B1F12C145E573F771B8F86F26FE,,,43 1-2 1900.djvu,0,2021-03-14 10:29:50,2021-03-14 13:40:03,2937000/015c9b1f12c145e573f771b8f86f26fe-g.jpg,,
32835634,Русский филологический вестник,40 3 4,,,Александр Иванович Смирнов (ed.),1898,,Типография Варшавского учебного округа,Варшава,[412],412,Russian (Old),321,rusneb.ru,,,,,,,,,,,,,600,0,1,0,1,1,0,0,6323780,djvu,8940D02984926F20BC86E4C3FC0EF2B7,,,40 3-4 1898.djvu,0,2021-03-15 02:34:52,2021-03-15 10:42:18,2937000/8940d02984926f20bc86e4c3fc0ef2b7-g.jpg,,
32835635,Русский филологический вестник,39 1 2,,,Александр Иванович Смирнов (ed.),1898,,Типография Варшавского учебного округа,Варшава,[404],404,Russian (Old),321,rusneb.ru,,,,,,,,,,,,,600,0,1,0,1,1,0,0,7182504,djvu,5009668C72090B5A9CA30625A47C522D,,,39 1-2 1898.djvu,0,2021-03-15 04:07:46,2021-03-15 10:42:20,2937000/5009668c72090b5a9ca30625a47c522d-g.jpg,,
32835636,Русский филологический вестник,38 3 4,,,Александр Иванович Смирнов (ed.),1897,,Типография Варшавского учебного округа,Варшава,[438],442,Russian (Old),321,google,,,,,,,,,,,,,0,0,,0,1,1,0,0,16623541,pdf,A65E7CA1BEDBB523008E25460AC1140F,,,38 3-4 1897.pdf,0,2021-03-15 04:23:40,2021-03-15 10:42:20,2937000/a65e7ca1bedbb523008e25460ac1140f-g.jpg,,
32835637,Русский филологический вестник,37 1 2,,,Александр Иванович Смирнов (ed.),1897,,Типография Варшавского учебного округа,Варшава,,393,Russian (Old),321,google,,,,,,,,,,,,,0,0,,0,1,1,0,1,16031644,pdf,E10B995A39D1578A1833ABBEF355442C,,,37 1-2 1897.pdf,0,2021-03-15 04:29:28,2021-03-15 10:42:20,2937000/e10b995a39d1578a1833abbef355442c-g.jpg,,
32835638,Русский филологический вестник,42 3 4,,,Александр Иванович Смирнов (ed.),1899,,Типография Варшавского учебного округа,Варшава,[410],409,Russian (Old),321,rusneb.ru,,,,,,,,,,,,,600,0,1,0,1,1,0,0,7228647,djvu,A18623E560457AA3117D20F04C471A87,,,42 3-4 1899.djvu,0,2021-03-14 13:01:33,2021-03-15 11:02:01,2937000/a18623e560457aa3117d20f04c471a87-g.jpg,,
32835639,Русский филологический вестник,41 1 2,,,Александр Иванович Смирнов (ed.),1899,,Типография Варшавского учебного округа,Варшава,[358],358,Russian (Old),321,rusneb.ru,,,,,,,,,,,,,600,0,1,0,1,1,0,0,7040402,djvu,579984DBF27CA4D5B629CE20A85CF1A4,,,41 1-2 1899.djvu,0,2021-03-14 14:05:58,2021-03-15 11:02:06,2937000/579984dbf27ca4d5b629ce20a85cf1a4-g.jpg,,
32835640,Русский филологический вестник,36 3 4,,,Александр Иванович Смирнов (ed.),1896,,Типография Варшавского учебного округа,Варшава,[326],326,Russian (Old),321,rusneb.ru,,,,,,,,,,,,,600,0,1,0,1,1,0,0,5843834,djvu,7BF496CEBB93BDD2BE8483FF76CE8F28,,,36 3-4 1896.djvu,0,2021-03-15 05:23:07,2021-03-15 11:02:10,2937000/7bf496cebb93bdd2be8483ff76ce8f28-g.jpg,,
32835641,Русский филологический вестник,35 2,,,Александр Иванович Смирнов (ed.),1896,,Типография Варшавского учебного округа,Варшава,[178],182,Russian (Old),321,rusneb.ru,,,,,,,,,,,,,600,0,1,0,1,1,0,0,2986518,djvu,0AB04A3281CF49CA8810D366B0452E72,,,35 2 1896.djvu,0,2021-03-15 07:10:47,2021-03-15 11:02:11,2937000/0ab04a3281cf49ca8810d366b0452e72-g.jpg,,
32835642,Русский филологический вестник,35 1,,,Александр Иванович Смирнов (ed.),1896,,Типография Варшавского учебного округа,Варшава,[214],214,Russian (Old),321,rusneb.ru,,,,,,,,,,,,,600,0,1,0,1,1,0,0,3765947,djvu,6C4F9594F62C95C6D84D72D09A027BF7,,,35 1 1896.djvu,0,2021-03-15 07:51:41,2021-03-15 11:02:12,2937000/6c4f9594f62c95c6d84d72d09a027bf7-g.jpg,,
32835643,Русский филологический вестник,34 3 4,,,Александр Иванович Смирнов (ed.),1895,,Типография Варшавского учебного округа,Варшава,,400,Russian (Old),321,google,,,,,,,,,,,,,0,0,,0,1,1,0,0,13568785,pdf,40A9C4ED0B9C2D77DC665058282EA6A7,,,34 3-4 1895.pdf,0,2021-03-15 07:57:56,2021-03-15 11:02:13,2937000/40a9c4ed0b9c2d77dc665058282ea6a7-g.jpg,,
32835644,Русский филологический вестник,33 1 2,,,Александр Иванович Смирнов (ed.),1895,,Типография Варшавского учебного округа,Варшава,,438,Russian (Old),321,google,,,,,,,,,,,,,0,0,,0,1,1,0,0,15627093,pdf,92D6610C019FF782AFA7BA3F746DB6BB,,,33 1-2 1895.pdf,0,2021-03-15 08:02:58,2021-03-15 11:22:59,2937000/92d6610c019ff782afa7ba3f746db6bb-g.jpg,,
32835645,Русский филологический вестник,32 3 4,,,Александр Иванович Смирнов (ed.),1894,,Типография Варшавского учебного округа,Варшава,,462,Russian (Old),321,google,,,,,,,,,,,,,0,0,,0,1,1,0,0,18264756,pdf,0A9188B74E589AADD40BC340342E7280,,,32 3-4 1894.pdf,0,2021-03-15 08:10:08,2021-03-15 11:23:00,2937000/0a9188b74e589aadd40bc340342e7280-g.jpg,,
32835646,Русский филологический вестник,31 1-2,,,Александр Иванович Смирнов (ed.),1894,,Типография Варшавского учебного округа,Варшава,,456,Russian (Old),321,google,,,,,,,,,,,,,0,0,,0,1,1,0,0,17391889,pdf,26DF3CE7E0A3EA221A43DC97F6FC93EF,,,31 1-2 1894.pdf,0,2021-03-15 08:13:52,2021-03-15 11:23:01,2937000/26df3ce7e0a3ea221a43dc97f6fc93ef-g.jpg,,
32835647,Русский филологический вестник,30 3 4,,,Александр Иванович Смирнов (ed.),1893,,Типография Варшавского учебного округа,Варшава,,462,Russian (Old),321,google,,,,,,,,,,,,,0,0,,0,1,1,0,0,15322867,pdf,6EB0FFB94C2B3991BB930ED4FBA494B7,,,30 3-4 1893.pdf,0,2021-03-15 08:18:18,2021-03-15 11:23:02,2937000/6eb0ffb94c2b3991bb930ed4fba494b7-g.jpg,,
32835648,Русский филологический вестник,29 1 2,,,Александр Иванович Смирнов (ed.),1893,,Типография Варшавского учебного округа,Варшава,,458,Russian (Old),321,google,,,,,,,,,,,,,0,0,,0,1,1,0,0,13586970,pdf,247702053497BC0532A3AFD15E0CF496,,,29 1-2 1893.pdf,0,2021-03-15 08:22:08,2021-03-15 11:42:20,2937000/247702053497bc0532a3afd15e0cf496-g.jpg,,
32835649,Русский филологический вестник,28 3 4,,,Александр Иванович Смирнов (ed.),1892,,Типография Марии Земкевич,Варшава,,446,Russian (Old),321,google,,,,,,,,,,,,,0,0,,0,1,1,0,0,13833120,pdf,9C21E01AE7034961BA776EECABB54D52,,,28 3-4 1892.pdf,0,2021-03-15 08:38:36,2021-03-15 11:42:23,2937000/9c21e01ae7034961ba776eecabb54d52-g.jpg,,
32835650,Русский филологический вестник,27 1 2,,,Александр Иванович Смирнов (ed.),1892,,Типография Марии Земкевич,Варшава,,412,Russian (Old),321,google,,,,,,,,,,,,,0,0,,0,1,1,0,0,13950149,pdf,73921D9B89DC4B33F6EDC69F774E55D6,,,27 1-2 1892.pdf,0,2021-03-15 08:46:28,2021-03-15 12:01:44,2937000/73921d9b89dc4b33f6edc69f774e55d6-g.jpg,,
32835651,Русский филологический вестник,26 3 4,,,Александр Иванович Смирнов (ed.),1891,,Типография Марии Земкевич,Варшава,,368,Russian (Old),321,google,,,,,,,,,,,,,0,0,,0,1,1,0,0,10828760,pdf,1D784B28D801E3632A5CC9A07C3FD70C,,,26 3-4 1891.pdf,0,2021-03-15 08:52:50,2021-03-15 12:01:46,2937000/1d784b28d801e3632a5cc9a07c3fd70c-g.jpg,,
32835652,Русский филологический вестник,25 1 2,,,Александр Иванович Смирнов (ed.),1891,,Типография Марии Земкевич,Варшава,,420,Russian (Old),321,google,,,,,,,,,,,,,0,0,,0,1,1,0,0,11993364,pdf,2573B7387DD99576762A806EF8360137,,,25 1-2 1891.pdf,0,2021-03-15 08:59:56,2021-03-15 12:01:46,2937000/2573b7387dd99576762a806ef8360137-g.jpg,,
32835653,Русский филологический вестник,24 3 4,,,Александр Иванович Смирнов (ed.),1890,,Типография Марии Земкевич,Варшава,,410,Russian (Old),321,google,,,,,,,,,,,,,0,0,,0,1,1,0,0,12948287,pdf,BD9BC0DCD91E5D707C64E5D01C7752DC,,,24 3-4 1890.pdf,0,2021-03-15 09:06:16,2021-03-15 12:21:50,2937000/bd9bc0dcd91e5d707c64e5d01c7752dc-g.jpg,,
32835654,Русский филологический вестник,23 1 2,,,Александр Иванович Смирнов (ed.),1890,,Типография Марии Земкевич,Варшава,,404,Russian (Old),321,google,,,,,,,,,,,,,0,0,,0,1,1,0,0,14227978,pdf,509DF6C0FCA44FB238DAA24157659930,,,23 1-2 1890.pdf,0,2021-03-15 09:09:58,2021-03-15 12:21:50,2937000/509df6c0fca44fb238daa24157659930-g.jpg,,
32835655,Русский филологический вестник,22 4,,,Александр Иванович Смирнов (ed.),1889,,Типография Марии Земкевич,Варшава,[210],210,Russian (Old),321,rusneb.ru,,,,,,,,,,,,,600,0,1,0,1,1,0,0,3204000,djvu,B81B870B7D107D059277420D7C255532,,,22 4 1889.djvu,0,2021-03-15 09:52:51,2021-03-15 13:02:10,2937000/b81b870b7d107d059277420d7c255532-g.jpg,,
32835656,Русский филологический вестник,22 3,,,Александр Иванович Смирнов (ed.),1889,,Типография Марии Земкевич,Варшава,[218],218,Russian (Old),321,rusneb.ru,,,,,,,,,,,,,600,0,1,0,1,1,0,0,3902957,djvu,65E691CD17E0C65A5D99BAEF7BFADD25,,,22 3 1889.djvu,0,2021-03-15 10:33:47,2021-03-15 13:41:33,2937000/65e691cd17e0c65a5d99baef7bfadd25-g.jpg,,
32835657,Русский филологический вестник,21 2,,,Александр Иванович Смирнов (ed.),1889,,Типография Марии Земкевич,Варшава,[180],180,Russian (Old),321,rusneb.ru,,,,,,,,,,,,,600,0,1,0,1,1,0,0,3372479,djvu,6A711E4E9B2A63AB084C16C334A4A9F1,,,21 2 1889.djvu,0,2021-03-15 11:10:19,2021-03-15 14:21:06,2937000/6a711e4e9b2a63ab084c16c334a4a9f1-g.jpg,,
32835658,Русский филологический вестник,21 1,,,Александр Иванович Смирнов (ed.),1889,,Типография Марии Земкевич,Варшава,200,200,Russian (Old),321,rusneb.ru,,,,,,,,,,,,,600,0,1,0,1,1,0,0,3347684,djvu,25F4A90DBDA0BA1BA491AB9D76ABF5F4,,,21 1 1889.djvu,0,2021-03-15 11:45:27,2021-03-16 12:02:20,2937000/25f4a90dbda0ba1ba491ab9d76abf5f4-g.jpg,,
32835659,Три басни,1,,,Крылов И.А.,1913,,Издательство И.Н. Кнебель,,,12,Russian (Old),,,,,,,,,,,,,,,600,1,0,0,1,1,,0,3551735,djvu,5827CABE02D09CE264FEE2D241D36279,,,И. Крылов - Басни. Вып. 1 - 1913.djvu,0,2021-03-15 21:43:46,2021-03-16 15:01:31,2937000/5827cabe02d09ce264fee2d241d36279-g.jpg,,
32835660,Две басни,2,,,Крылов И.А.,1913,,Издательство И.Н. Кнебель,,,12,Russian (Old),,,,,,,,,,,,,,,600,1,0,0,1,1,,0,3829685,djvu,03794EEEDAE9464BDA84903687D57904,,,И. Крылов - Басни. Вып. 2 - 1913.djvu,0,2021-03-15 21:43:46,2021-03-16 15:01:31,2937000/03794eeedae9464bda84903687d57904-g.jpg,,
32835661,Басни,3,,,Крылов И.А.,1913,,Издательство И.Н. Кнебель,,,12,Russian (Old),,,,,,,,,,,,,,,600,1,0,0,1,1,,0,4664120,djvu,E5BAB0C74C7036AD0774BBABB642B82C,,,И. Крылов - Басни. Вып. 3 - 1913.djvu,0,2021-03-15 21:43:47,2021-03-16 15:01:31,2937000/e5bab0c74c7036ad0774bbabb642b82c-g.jpg,,
32835662,Басни,4,,,Крылов И.А.,1913,,Издательство И.Н. Кнебель,,,12,Russian (Old),,,,,,,,,,,,,,,600,1,0,0,1,1,,0,6760735,djvu,4CB9ECBD9FB77B7EEAFC0207F0D2768B,,,И. Крылов - Басни. Вып. 4 - 1913.djvu,0,2021-03-15 21:43:47,2021-03-16 15:01:32,2937000/4cb9ecbd9fb77b7eeafc0207f0d2768b-g.jpg,,
32835663,Русский филологический вестник,16 3 4,,,Александр Иванович Смирнов (ed.),1886,,Типография Михаила Земкевича,Варшава,,429,Russian (Old),321,google,,,,,,,,,,,,uploaded by mistake -- 15 2 16 3-4 1886.pdf has this and more,0,0,,0,1,1,1,1,14837227,pdf,89EBE25DBF5773386EA6F74492AAE399,,,16 3-4 1886.pdf,0,2021-03-16 04:15:35,2021-03-17 02:02:12,2937000/89ebe25dbf5773386ea6f74492aae399-g.jpg,,
32835664,Русский филологический вестник,14 3 4,,,Александр Иванович Смирнов (ed.),1885,,Типография Михаила Земкевича,Варшава,,461,Russian (Old),321,google,,,,,,,,,,,,,0,0,,0,1,1,1,1,15739472,pdf,A6549CFAE7020D4BC19BB2E18269AF23,,,14 3-4 1885.pdf,0,2021-03-16 04:32:42,2021-03-17 04:40:03,2937000/a6549cfae7020d4bc19bb2e18269af23-g.jpg,,
32835665,Русский филологический вестник,13 1-2,,,Александр Иванович Смирнов (ed.),1885,,Типография Михаила Земкевича,Варшава,,565,Russian (Old),321,google,,,,,,,,,,,,,0,0,,0,1,1,1,1,33483779,pdf,8A334651D604235560A493449913A520,,,13 1-2 1885.pdf,0,2021-03-16 04:40:26,2021-03-17 05:00:03,2937000/8a334651d604235560a493449913a520-g.jpg,,
32835666,Русский филологический вестник,11 1 2,,,Александр Иванович Смирнов (ed.),1884,,Типография М. Земкевича и В. Ноаковского,Варшава,,423,Russian (Old),321,google,,,,,,,,,,,,,0,0,,0,1,1,1,1,12903310,pdf,4FED5FF24C9AA8C85E861E28B197BBCB,,,11 1-2 1884.pdf,0,2021-03-16 04:44:40,2021-03-17 05:01:37,2937000/4fed5ff24c9aa8c85e861e28b197bbcb-g.jpg,,
32835667,Русский филологический вестник,10 3 4,,,Александр Иванович Смирнов (ed.),1883,,Типография М. Земкевича и В. Ноаковского,Варшава,,393,Russian (Old),321,google,,,,,,,,,,,,,0,0,,0,1,1,1,1,17607464,pdf,8A302F08964EFB75DEE6532983604D4A,,,10 3-4 1883.pdf,0,2021-03-16 04:47:47,2021-03-17 05:01:37,2937000/8a302f08964efb75dee6532983604d4a-g.jpg,,
32835668,Русский филологический вестник,9 1 2,,,Александр Иванович Смирнов (ed.),1883,,Типография М. Земкевича и В. Ноаковского,Варшава,,473,Russian (Old),321,google,,,,,,,,,,,,,0,0,,0,1,1,1,1,19290414,pdf,5294B57B433764C47386A34F4AB74F3A,,,9 1-2 1883.pdf,0,2021-03-16 04:51:01,2021-03-17 05:01:37,2937000/5294b57b433764c47386a34f4ab74f3a-g.jpg,,
32835669,Русский филологический вестник,7 1 2 8 3 4,,,Александр Иванович Смирнов (ed.),1882,,Типография М. Земкевича и В. Ноаковского,Варшава,,765,Russian (Old),321,google,,,,,,,,,,,,,0,0,,0,1,1,1,1,34334417,pdf,091F698C538E434CCD3D332A6DEA4C86,,,7 1 2 8 3 4 1882.pdf,0,2021-03-16 04:55:46,2021-03-17 05:01:37,2937000/091f698c538e434ccd3d332a6dea4c86-g.jpg,,
32835670,Русский филологический вестник,6 3 4,,,Александр Иванович Смирнов (ed.),1881,,Типография М. Земкевича и В. Ноаковского,Варшава,,427,Russian (Old),321,google,,,,,,,,,,,,,0,0,,0,1,1,1,1,14647061,pdf,A08C3E3AD08DAA40DA9F147AB4E9251D,,,6 3-4 1881.pdf,0,2021-03-16 04:58:42,2021-03-17 05:01:37,2937000/a08c3e3ad08daa40da9f147ab4e9251d-g.jpg,,
32835671,Русский филологический вестник,5 1-2,,,Александр Иванович Смирнов (ed.),1881,,Типография М. Земкевича и В. Ноаковского,Варшава,,461,Russian (Old),321,google,,,,,,,,,,,,,0,0,,0,1,1,1,1,16207153,pdf,A9CC5D4C4F62E4814751EA6022C256D1,,,5 1-2 1881.pdf,0,2021-03-16 05:02:13,2021-03-17 05:20:04,2937000/a9cc5d4c4f62e4814751ea6022c256d1-g.jpg,,
32835672,Русский филологический вестник,3 1 2 4 3 4,,,Александр Иванович Смирнов (ed.),1880,,Типография М. Земкевича и В. Ноаковского,Варшава,,839,Russian (Old),321,google,,,,,,,,,,,,,0,0,,0,1,1,1,1,65966459,pdf,A25738DF3641F8582BE19A71CC2004E0,,,3 1-2 4 3-4 1880.pdf,0,2021-03-16 05:16:58,2021-03-17 05:21:38,2937000/a25738df3641f8582be19a71cc2004e0-g.jpg,,
32835673,Русский филологический вестник,2 3 4,,,Митрофан Алексеевич Колосов (ed.),1879,,Типография М. Земкевича и В. Ноаковского,Варшава,,430,Russian (Old),321,rusneb.ru,,,,,,,,,,,,,600,0,1,0,1,1,0,0,10870713,djvu,A2897AD5B29BCB75F885AC2495188BCD,,,2 3-4 1879.djvu,0,2021-03-16 05:24:46,2021-03-17 05:40:03,2937000/a2897ad5b29bcb75f885ac2495188bcd-g.jpg,,
32835674,Русский филологический вестник,1 1 2,,,Митрофан Алексеевич Колосов (ed.),1879,,Типография М. Земкевича и В. Ноаковского,Варшава,,436,Russian (Old),321,google,,,,,,,,,,,,,0,0,,0,1,1,0,0,16945117,pdf,3DD521E452AE0E0E2F0EAE1208215DB2,,,1 1-2 1879.pdf,0,2021-03-16 05:28:35,2021-03-17 05:41:37,2937000/3dd521e452ae0e0e2f0eae1208215db2-g.jpg,,
32835675,Русский филологический вестник,20 3 4,,,Александр Иванович Смирнов (ed.),1888,,Типография Марии Земкевич,Варшава,,368,Russian (Old),321,google,,,,,,,,,,,,,0,0,1,0,1,1,0,0,12180565,pdf,9A18F5EAD4145D583DE62A2D846FBCA4,,,20 3-4 1888.pdf,0,2021-03-15 11:51:47,2021-03-17 06:00:03,2937000/9a18f5ead4145d583de62a2d846fbca4-g.jpg,,
32835676,Русский филологический вестник,19 1 2,,,Александр Иванович Смирнов (ed.),1888,,Типография Марии Земкевич,Варшава,,384,Russian (Old),321,google,,,,,,,,,,,,,0,0,,0,1,1,0,0,13725018,pdf,CB630F5D56E159D46188FEFF0141C031,,,19 1-2 1888.pdf,0,2021-03-15 11:59:14,2021-03-17 06:01:36,2937000/cb630f5d56e159d46188feff0141c031-g.jpg,,
32835677,Русский филологический вестник,15 2 16 3 4,,,Александр Иванович Смирнов (ed.),1886,,Типография Михаила Земкевича,Варшава,,649,Russian (Old),321,google,,,,,,,,,,,,,0,0,,0,1,1,1,1,32062260,pdf,C6D3DB07AD02E45B504A55775145FAF2,,,15 2 16 3-4 1886.pdf,0,2021-03-16 04:22:29,2021-03-17 06:01:57,2938000/c6d3db07ad02e45b504a55775145faf2-g.jpg,,
32835678,Известия Отделения русского языка и словесности Императорской Академии наук,13 4,,,,1908,,Типография Императорской Академии наук,Санктпетербург,,448,Russian (Old),321,google,,,,,,,,,,,,,0,0,,0,1,1,0,0,14419354,pdf,49CE93E6A98798290540FC8CB898FDF1,,,13 4 1908.pdf,0,2021-03-16 05:42:04,2021-03-17 06:01:58,2938000/49ce93e6a98798290540fc8cb898fdf1-g.jpg,,
32835679,Известия Отделения русского языка и словесности Императорской Академии наук,13 3,,,,1908,,Типография Императорской Академии наук,Санктпетербург,,416,Russian (Old),321,google,,,,,,,,,,,,,0,0,,0,1,1,0,0,12997307,pdf,64C86B7C1618B74B3B02C0AB6052FB50,,,13 3 1908.pdf,0,2021-03-16 05:45:14,2021-03-17 06:01:58,2938000/64c86b7c1618b74b3b02c0ab6052fb50-g.jpg,,
32835680,Известия Отделения русского языка и словесности Императорской Академии наук,12 4,,,,1907,,Типография Императорской Академии наук,Санктпетербург,,425,Russian (Old),321,google,,,,,,,,,,,,,0,0,,0,1,1,0,0,12658693,pdf,1B10029516D0F1FAFF434D35677839AD,,,12 4 1907.pdf,0,2021-03-16 05:50:17,2021-03-17 06:01:58,2938000/1b10029516d0f1faff434d35677839ad-g.jpg,,
32835681,Известия Отделения русского языка и словесности Императорской Академии наук,12 3,,,,1907,,Типография Императорской Академии наук,Санктпетербург,,426,Russian (Old),321,google,,,,,,,,,,,,,0,0,,0,1,1,0,0,14147604,pdf,79D285C8F080A66FCA1D2BC5271682B0,,,12 3 1907.pdf,0,2021-03-16 05:53:25,2021-03-17 06:01:58,2938000/79d285c8f080a66fca1d2bc5271682b0-g.jpg,,
32835682,Известия Отделения русского языка и словесности Императорской Академии наук,12 2,,,,1907,,Типография Императорской Академии наук,Санктпетербург,,510,Russian (Old),321,google,,,,,,,,,,,,,0,0,,0,1,1,0,0,17271303,pdf,0EEDA2540C89EC57333CEB31E4610DD7,,,12 2 1907.pdf,0,2021-03-16 05:56:04,2021-03-17 06:01:58,2938000/0eeda2540c89ec57333ceb31e4610dd7-g.jpg,,
32835683,Известия Отделения русского языка и словесности Императорской Академии наук,12 1,,,,1907,,Типография Императорской Академии наук,Санктпетербург,,484,Russian (Old),321,google,,,,,,,,,,,,,0,0,,0,1,1,0,0,19454777,pdf,9DE9B15B4DA37342D895F7326D08F1F8,,,12 1 1907.pdf,0,2021-03-16 05:58:41,2021-03-17 06:01:58,2938000/9de9b15b4da37342d895f7326d08f1f8-g.jpg,,
32835684,Известия Отделения русского языка и словесности Императорской Академии наук,11 4,,,,1906,,Типография Императорской Академии наук,Санктпетербург,,476,Russian (Old),321,google,,,,,,,,,,,,,0,0,,0,1,1,0,0,14972951,pdf,BA2F03DFB62FCAE2D0EA658D6C8F7B2D,,,11 4 1906.pdf,0,2021-03-16 06:01:55,2021-03-17 06:01:58,2938000/ba2f03dfb62fcae2d0ea658d6c8f7b2d-g.jpg,,
32835685,Известия Отделения русского языка и словесности Императорской Академии наук,11 3,,,,1906,,Типография Императорской Академии наук,Санктпетербург,,519,Russian (Old),321,google,,,,,,,,,,,,,0,0,,0,1,1,0,0,17925640,pdf,C116544ADBAB80665BCEC6A0930886E2,,,11 3 1906.pdf,0,2021-03-16 06:10:41,2021-03-17 06:01:58,2938000/c116544adbab80665bcec6a0930886e2-g.jpg,,
32835686,Известия Отделения русского языка и словесности Императорской Академии наук,11 2,,,,1906,,Типография Императорской Академии наук,Санктпетербург,,463,Russian (Old),321,google,,,,,,,,,,,,,0,0,,0,1,1,0,0,13564851,pdf,918FBFF15719370430F6BF6A55017584,,,11 2 1906.pdf,0,2021-03-16 06:12:38,2021-03-17 06:01:59,2938000/918fbff15719370430f6bf6a55017584-g.jpg,,
32835687,Известия Отделения русского языка и словесности Императорской Академии наук,11 1,,,,1906,,Типография Императорской Академии наук,Санктпетербург,,456,Russian (Old),321,google,,,,,,,,,,,,,0,0,,0,1,1,0,0,16811871,pdf,EFA9EAF0261BB13B4566A0786DDD24B3,,,11 1 1906.pdf,0,2021-03-16 06:14:57,2021-03-17 06:01:59,2938000/efa9eaf0261bb13b4566a0786ddd24b3-g.jpg,,
32835688,Русский филологический вестник Указатели. 1879-1913. I-LXX. 1913,,,,Евфимий Фёдорович Карский (ed.),1913,,Типография Варшавского учебного округа,Варшава,,146,Russian (Old),321,,,,,,,,,,,,,,600,,,,,1,,0,2758063,djvu,5BC6D2DC28601FCED849040EF01CB021,,,Указатели. 1879-1913. I-LXX. 1913.djvu,0,2021-03-16 06:49:49,2021-03-17 06:01:59,2938000/5bc6d2dc28601fced849040ef01cb021-g.jpg,,
32835689,Известия Отделения русского языка и словесности Императорской Академии наук,8 3,,,,1903,,Типография Императорской Академии наук,Санктпетербург,,438,Russian (Old),321,google,,,,,,,,,,,,,0,0,,0,1,1,0,0,16139895,pdf,3682D7418DAA8DDF72CFAE91245D0EA1,,,8 3 1903.pdf,0,2021-03-16 12:47:05,2021-03-17 06:02:10,2938000/3682d7418daa8ddf72cfae91245d0ea1-g.jpg,,
32835690,Русский филологический вестник,18 3 4,,,Александр Иванович Смирнов (ed.),1887,,Типография Марии Земкевич,Варшава,,430,Russian (Old),321,google,,,,,,,,,,,,,0,0,,0,1,1,0,0,15074479,pdf,B21F9286E1661D09B41609A49B9179E7,,,18 3-4 1887.pdf,0,2021-03-15 12:03:35,2021-03-17 06:21:38,2938000/b21f9286e1661d09b41609a49b9179e7-g.jpg,,
32835691,Русский филологический вестник,17 1 2,,,Александр Иванович Смирнов (ed.),1887,,Типография Марии Земкевич,Варшава,,465,Russian (Old),321,google,,,,,,,,,,,,,0,0,,0,1,1,0,0,17045953,pdf,6623A9233B2CC8E8B9E52C82D14FB380,,,17 1-2 1887.pdf,0,2021-03-15 12:10:34,2021-03-17 06:21:39,2938000/6623a9233b2cc8e8b9e52c82d14fb380-g.jpg,,
32835692,Известия Отделения русского языка и словесности Императорской Академии наук,10 3 4,,,,1905,,Типография Императорской Академии наук,Санктпетербург,[870],864,Russian (Old),321,rusneb.ru,,,,,,,,,,,,,600,0,1,0,1,1,0,0,17529901,djvu,8E819E088900F235B4CA91A93587DF88,,,10 3-4 1905.djvu,0,2021-03-16 12:25:26,2021-03-17 06:21:44,2938000/8e819e088900f235b4ca91a93587df88-g.jpg,,
32835693,Известия Отделения русского языка и словесности Императорской Академии наук,10 2,,,,1905,,Типография Императорской Академии наук,Санктпетербург,,464,Russian (Old),321,google,,,,,,,,,,,,,0,0,,0,1,1,0,0,21512291,pdf,2FAD3DA1BC348A8EF5BD2123075BD859,,,10 2 1905.pdf,0,2021-03-16 12:29:20,2021-03-17 06:21:44,2938000/2fad3da1bc348a8ef5bd2123075bd859-g.jpg,,
32835694,Известия Отделения русского языка и словесности Императорской Академии наук,10 1,,,,1905,,Типография Императорской Академии наук,Санктпетербург,,458,Russian (Old),321,google,,,,,,,,,,,,,0,0,,0,1,1,0,0,12761365,pdf,0DB7B591AAB15FD3027B29025321B7D1,,,10 1 1905.pdf,0,2021-03-16 12:31:49,2021-03-17 06:21:44,2938000/0db7b591aab15fd3027b29025321b7d1-g.jpg,,
32835695,Известия Отделения русского языка и словесности Императорской Академии наук,9 4,,,,1904,,Типография Императорской Академии наук,Санктпетербург,,392,Russian (Old),321,google,,,,,,,,,,,,,0,0,,0,1,1,0,0,12066930,pdf,7FBE6851C95C5CE3FE5FB95615583559,,,9 4 1904.pdf,0,2021-03-16 12:33:46,2021-03-17 06:21:44,2938000/7fbe6851c95c5ce3fe5fb95615583559-g.jpg,,
32835696,Известия Отделения русского языка и словесности Императорской Академии наук,9 3,,,,1904,,Типография Императорской Академии наук,Санктпетербург,,437,Russian (Old),321,google,,,,,,,,,,,,,0,0,,0,1,1,0,0,14114892,pdf,42F579FB3FA49071AEAE000864A153FB,,,9 3 1904.pdf,0,2021-03-16 12:35:39,2021-03-17 06:21:44,2938000/42f579fb3fa49071aeae000864a153fb-g.jpg,,
32835697,Известия Отделения русского языка и словесности Императорской Академии наук,9 2,,,,1904,,Типография Императорской Академии наук,Санктпетербург,,396,Russian (Old),321,google,,,,,,,,,,,,,0,0,,0,1,1,0,0,12372496,pdf,5664A4326C419586046558B8CABCD8D0,,,9 2 1904.pdf,0,2021-03-16 12:40:46,2021-03-17 06:21:44,2938000/5664a4326c419586046558b8cabcd8d0-g.jpg,,
32835698,Известия Отделения русского языка и словесности Императорской Академии наук,9 1,,,,1904,,Типография Императорской Академии наук,Санктпетербург,,452,Russian (Old),321,google,,,,,,,,,,,,,0,0,,0,1,1,0,0,12658344,pdf,300C4006BE47FF0D6B2EC8561B092018,,,9 1 1904.pdf,0,2021-03-16 12:42:50,2021-03-17 06:21:45,2938000/300c4006be47ff0d6b2ec8561b092018-g.jpg,,
32835699,Известия Отделения русского языка и словесности Императорской Академии наук,8 4,,,,1903,,Типография Императорской Академии наук,Санктпетербург,,406,Russian (Old),321,google,,,,,,,,,,,,,0,0,,0,1,1,0,0,15084322,pdf,B4B04BAE4165CE6DF079A800238BBF7C,,,8 4 1903.pdf,0,2021-03-16 12:44:47,2021-03-17 06:21:45,2938000/b4b04bae4165ce6df079a800238bbf7c-g.jpg,,
32835700,Известия Отделения русского языка и словесности Императорской Академии наук,8 2,,,,1903,,Типография Императорской Академии наук,Санктпетербург,,432,Russian (Old),321,google,,,,,,,,,,,,,0,0,,0,1,1,0,0,14740582,pdf,0A116F44F5BEB49A93791843C40F092A,,,8 2 1903.pdf,0,2021-03-16 12:49:05,2021-03-17 06:21:45,2938000/0a116f44f5beb49a93791843c40f092a-g.jpg,,
32835701,Известия Отделения русского языка и словесности Императорской Академии наук,8 1,,,,1903,,Типография Императорской Академии наук,Санктпетербург,,430,Russian (Old),321,google,,,,,,,,,,,,,0,0,,0,1,1,0,0,14719843,pdf,074BB5D6B8A0058EB9FAF3EF29D6EA8A,,,8 1 1903.pdf,0,2021-03-16 12:51:40,2021-03-17 06:21:45,2938000/074bb5d6b8a0058eb9faf3ef29d6ea8a-g.jpg,,
32835702,Известия Отделения русского языка и словесности Императорской Академии наук,7 4,,,,1902,,Типография Императорской Академии наук,Санктпетербург,,446,Russian (Old),321,google,,,,,,,,,,,,,0,0,,0,1,1,0,0,16411920,pdf,C8474B84E8526AF190C40D8465B1D05E,,,7 4 1902.pdf,0,2021-03-16 12:58:56,2021-03-17 06:21:45,2938000/c8474b84e8526af190c40d8465b1d05e-g.jpg,,
32835703,Известия Отделения русского языка и словесности Императорской Академии наук,7 3,,,,1902,,Типография Императорской Академии наук,Санктпетербург,,404,Russian (Old),321,google,,,,,,,,,,,,,0,0,,0,1,1,0,0,13485074,pdf,1FAD9E67B52E5363BA86A1ED46DC6A4D,,,7 3 1902.pdf,0,2021-03-16 13:01:11,2021-03-17 06:21:45,2938000/1fad9e67b52e5363ba86a1ed46dc6a4d-g.jpg,,
32835704,Известия Отделения русского языка и словесности Императорской Академии наук,7 2,,,,1902,,Типография Императорской Академии наук,Санктпетербург,,438,Russian (Old),321,google,,,,,,,,,,,,,0,0,,0,1,1,0,0,15740073,pdf,76A8A3E431A823518B52B183464A37C1,,,7 2 1902.pdf,0,2021-03-16 13:03:39,2021-03-17 06:21:45,2938000/76a8a3e431a823518b52b183464a37c1-g.jpg,,
32835705,Известия Отделения русского языка и словесности Императорской Академии наук,7 1,,,,1902,,Типография Императорской Академии наук,Санктпетербург,,422,Russian (Old),321,google,,,,,,,,,,,,,0,0,,0,1,1,0,0,13607238,pdf,B93219731CF7F4FD79087D83FA6B2FE3,,,7 1 1902.pdf,0,2021-03-16 13:21:01,2021-03-17 06:21:46,2938000/b93219731cf7f4fd79087d83fa6b2fe3-g.jpg,,
32835706,Известия Отделения русского языка и словесности Императорской Академии наук,6 4,,,,1901,,Типография Императорской Академии наук,Санктпетербург,,374,Russian (Old),321,google,,,,,,,,,,,,,0,0,,0,1,1,0,0,13237287,pdf,E9C2021999D862A746560CB211B4E31D,,,6 4 1901.pdf,0,2021-03-16 13:23:43,2021-03-17 06:21:46,2938000/e9c2021999d862a746560cb211b4e31d-g.jpg,,
32835707,Известия Отделения русского языка и словесности Императорской Академии наук,6 3,,,,1901,,Типография Императорской Академии наук,Санктпетербург,,368,Russian (Old),321,google,,,,,,,,,,,,,0,0,,0,1,1,0,0,11750566,pdf,50FAC17BA81ADA8D178C4A700EF886BA,,,6 3 1901.pdf,0,2021-03-16 13:25:20,2021-03-17 06:21:46,2938000/50fac17ba81ada8d178c4a700ef886ba-g.jpg,,
32835708,Известия Отделения русского языка и словесности Императорской Академии наук,6 2,,,,1901,,Типография Императорской Академии наук,Санктпетербург,,388,Russian (Old),321,google,,,,,,,,,,,,,0,0,,0,1,1,0,0,12726986,pdf,D0A55F74EF1F0F708630A6AA818C76A3,,,6 2 1901.pdf,0,2021-03-16 13:28:13,2021-03-17 06:21:46,2938000/d0a55f74ef1f0f708630a6aa818c76a3-g.jpg,,
32835709,Известия Отделения русского языка и словесности Императорской Академии наук,6 1,,,,1901,,Типография Императорской Академии наук,Санктпетербург,,364,Russian (Old),321,google,,,,,,,,,,,,,0,0,,0,1,1,0,0,13358808,pdf,2081467C3EDC87CCBF9558934ACD4B4E,,,6 1 1901.pdf,0,2021-03-16 13:36:54,2021-03-17 06:21:46,2938000/2081467c3edc87ccbf9558934acd4b4e-g.jpg,,
32835710,Известия Отделения русского языка и словесности Императорской Академии наук,5 4,,,,1900,,Типография Императорской Академии наук,Санктпетербург,,358,Russian (Old),321,google,,,,,,,,,,,,,0,0,,0,1,1,0,0,18047841,pdf,B30493EBD53B75495E0F55552A2572EF,,,5 4 1900.pdf,0,2021-03-16 13:38:59,2021-03-17 06:21:46,2938000/b30493ebd53b75495e0f55552a2572ef-g.jpg,,
32835711,Известия Отделения русского языка и словесности Императорской Академии наук,5 3,,,,1900,,Типография Императорской Академии наук,Санктпетербург,,330,Russian (Old),321,google,,,,,,,,,,,,,0,0,,0,1,1,0,0,13993323,pdf,0B70ECF9F840273B3CC95CB9A05970C7,,,5 3 1900.pdf,0,2021-03-16 13:40:37,2021-03-17 06:21:47,2938000/0b70ecf9f840273b3cc95cb9a05970c7-g.jpg,,
32835712,Известия Отделения русского языка и словесности Императорской Академии наук,5 2,,,,1900,,Типография Императорской Академии наук,Санктпетербург,,408,Russian (Old),321,google,,,,,,,,,,,,,0,0,,0,1,1,0,0,19458613,pdf,EECDAFE77317ED3CAD7CADD870089BFF,,,5 2 1900.pdf,0,2021-03-16 13:43:34,2021-03-17 06:21:47,2938000/eecdafe77317ed3cad7cadd870089bff-g.jpg,,
32835713,Известия Отделения русского языка и словесности Императорской Академии наук,5 1,,,,1900,,Типография Императорской Академии наук,Санктпетербург,,370,Russian (Old),321,google,,,,,,,,,,,,,0,0,,0,1,1,0,0,14994601,pdf,199CD242FA77407D66CEFB565E631E69,,,5 1 1900.pdf,0,2021-03-16 13:52:11,2021-03-17 06:21:47,2938000/199cd242fa77407d66cefb565e631e69-g.jpg,,
32835714,Известия Отделения русского языка и словесности Императорской Академии наук,2 4,,,,1897,,Типография Императорской Академии наук,Санктпетербург,,323,Russian (Old),321,google,,,,,,,,,,,,,0,0,,0,1,1,0,0,12736510,pdf,9FDC00ECE56C3A0556AB5EB6765C4C8D,,,2 4 1897.pdf,0,2021-03-16 13:56:01,2021-03-17 06:21:47,2938000/9fdc00ece56c3a0556ab5eb6765c4c8d-g.jpg,,
32835715,Известия Отделения русского языка и словесности Императорской Академии наук,2 3,,,,1897,,Типография Императорской Академии наук,Санктпетербург,,274,Russian (Old),321,google,,,,,,,,,,,,,0,0,,0,1,1,0,0,10851710,pdf,79B2D560B25CE6457C9635AD778AD78E,,,2 3 1897.pdf,0,2021-03-16 13:58:02,2021-03-17 06:21:47,2938000/79b2d560b25ce6457c9635ad778ad78e-g.jpg,,
32835716,Известия Отделения русского языка и словесности Императорской Академии наук,2 2,,,,1897,,Типография Императорской Академии наук,Санктпетербург,,303,Russian (Old),321,google,,,,,,,,,,,,,0,0,,0,1,1,0,0,11096789,pdf,D9F846B3F4AA6A89857CD61591FC21CD,,,2 2 1897.pdf,0,2021-03-16 13:59:31,2021-03-17 06:21:47,2938000/d9f846b3f4aa6a89857cd61591fc21cd-g.jpg,,
32835717,Известия Отделения русского языка и словесности Императорской Академии наук,2 1,,,,1897,,Типография Императорской Академии наук,Санктпетербург,,292,Russian (Old),321,google,,,,,,,,,,,,,0,0,,0,1,1,0,0,11277476,pdf,913EE51E4A72066349D7CD1DD9D93F2A,,,2 1 1897.pdf,0,2021-03-16 14:01:08,2021-03-17 06:21:48,2938000/913ee51e4a72066349d7cd1dd9d93f2a-g.jpg,,
32835718,Известия Отделения русского языка и словесности Императорской Академии наук,1 4,,,,1896,,Типография Императорской Академии наук,Санктпетербург,,366,Russian (Old),321,google,,,,,,,,,,,,,0,0,,0,1,1,0,0,14726027,pdf,8E70B6B1FAD6B87D46E627778553CDF1,,,1 4 1896.pdf,0,2021-03-16 14:02:47,2021-03-17 06:21:48,2938000/8e70b6b1fad6b87d46e627778553cdf1-g.jpg,,
32835719,Известия Отделения русского языка и словесности Императорской Академии наук,1 3,,,,1896,,Типография Императорской Академии наук,Санктпетербург,,213,Russian (Old),321,google,,,,,,,,,,,,,0,0,,0,1,1,0,0,7950355,pdf,0CEAF0F4DF62688FDDB084A7DF183961,,,1 3 1896.pdf,0,2021-03-16 14:04:32,2021-03-17 06:21:48,2938000/0ceaf0f4df62688fddb084a7df183961-g.jpg,,
32835720,Известия Отделения русского языка и словесности Императорской Академии наук,1 2,,,,1896,,Типография Императорской Академии наук,Санктпетербург,,208,Russian (Old),321,google,,,,,,,,,,,,,0,0,,0,1,1,0,0,8776999,pdf,CC4E724DB9571509909726FE51A291DC,,,1 2 1896.pdf,0,2021-03-16 14:08:14,2021-03-17 06:21:48,2938000/cc4e724db9571509909726fe51a291dc-g.jpg,,
32835721,Известия Отделения русского языка и словесности Императорской Академии наук,1 1,,,,1896,,Типография Императорской Академии наук,Санктпетербург,,251,Russian (Old),321,google,,,,,,,,,,,,,0,0,,0,1,1,0,0,9876076,pdf,B59AAA6852AA90CF4D6CDF8B81070D7C,,,1 1 1896.pdf,0,2021-03-16 14:09:56,2021-03-17 06:21:48,2938000/b59aaa6852aa90cf4d6cdf8b81070d7c-g.jpg,,
32835722,Сборник Отделения русского языка и словесности Императорской Академии наук,92,,,,1914,,Типография Императорской Академии наук,Петроград,,716,Russian (Old),321,archive.org,,,,,,,,,,,,,400,,,0,1,1,0,1,24707749,djvu,2E49F0BAAE69668D6ED28CE4628E5486,,,92 1914.djvu,0,2021-03-17 04:04:13,2021-03-17 07:21:55,2938000/2e49f0baae69668d6ed28ce4628e5486-g.jpg,,
32835723,Сборник Отделения русского языка и словесности Императорской Академии наук,90 1 2 3 4 5 6 7,,,,1914,,Типография Императорской Академии наук,Санктпетербург,,816,Russian (Old),321,archive.org,,,,,,,,,,,,,400,,,0,1,1,0,1,20256588,djvu,C2BE01FE20C919D3118D0F59A19A8D93,,,90 1 1912 2-6 1913 7 1914.djvu,0,2021-03-17 04:17:18,2021-03-17 07:21:56,2938000/c2be01fe20c919d3118d0f59a19a8d93-g.jpg,,
32835724,Сборник Отделения русского языка и словесности Императорской Академии наук,86 1 2 3,,,,1909,,Типография Императорской Академии наук,Санктпетербург,,832,Russian (Old),321,,,,,,,,,,,,,,600,,,0,1,1,0,0,30429253,djvu,6AF46BDB1E3C244F63CDA1CC5E933E95,,,86 1 1908 2-3 1909.djvu,0,2021-03-17 04:27:55,2021-03-17 07:41:38,2938000/6af46bdb1e3c244f63cda1cc5e933e95-g.jpg,,
32835725,Сборник Отделения русского языка и словесности Императорской Академии наук,85 1,,,,1908,,Типография Императорской Академии наук,Санктпетербург,,708,Russian (Old),321,google,,,,,,,,,,,,,0,0,,0,1,1,0,1,25351427,pdf,CB2F42A2EF96EF72422DDB31EF93C0C1,,,85 1 1908.pdf,0,2021-03-17 04:58:33,2021-03-17 08:01:32,2938000/cb2f42a2ef96ef72422ddb31ef93c0c1-g.jpg,,
32835726,Сборник Отделения русского языка и словесности Императорской Академии наук,84 1 2 3 4 5,,,,1908,,Типография Императорской Академии наук,Санктпетербург,,657,Russian (Old),321,google,,,,,,,,,,,,,0,,0,0,1,1,0,1,21053082,pdf,E0C1230B3C1745B778EA1643556803CA,,,84 1-5 1908.pdf,0,2021-03-17 05:11:04,2021-03-17 08:21:38,2938000/e0c1230b3c1745b778ea1643556803ca-g.jpg,,
32835727,Сборник Отделения русского языка и словесности Императорской Академии наук,83 1-5,,,,1907,,Типография Императорской Академии наук,Санктпетербург,,742,Russian (Old),321,archive.org,,,,,,,,,,,,,400,,,0,1,1,0,1,20403123,djvu,AE6D1DC7D0F2E6FBF1C15295C5F843B0,,,83 1-5 1907.djvu,0,2021-03-17 05:19:52,2021-03-17 08:21:39,2938000/ae6d1dc7d0f2e6fbf1c15295c5f843b0-g.jpg,,
32835728,Сборник Отделения русского языка и словесности Императорской Академии наук,82 1 2 3 4 5 6 7 8,,,,1907,,Типография Императорской Академии наук,Санктпетербург,,883,Russian (Old),321,google,,,,,,,,,,,,,0,,,0,1,1,0,1,22971413,pdf,B6DB4255D39461479C51A32061DC8B8D,,,82 1-3 1906 4-8 1907.pdf,0,2021-03-17 05:38:02,2021-03-17 08:41:42,2938000/b6db4255d39461479c51a32061dc8b8d-g.jpg,,
32835729,Сборник Отделения русского языка и словесности Императорской Академии наук,81 1 2 3 4 5 6 7,,,,1906,,Типография Императорской Академии наук,Санктпетербург,,1254,Russian (Old),321,google,,,,,,,,,,,,,0,,,0,1,1,0,1,40917982,pdf,8C08F65A5CA628E39A0012EED95B4139,,,81 1-2 1905 3-7 1906.pdf,0,2021-03-17 05:49:54,2021-03-17 09:00:03,2938000/8c08f65a5ca628e39a0012eed95b4139-g.jpg,,
32835730,Сборник Отделения русского языка и словесности Императорской Академии наук,80 1 2 3,,,,1905,,Типография Императорской Академии наук,Санктпетербург,,1186,Russian (Old),321,,,,,,,,,,,,,,600,,,0,1,1,0,0,28250992,djvu,48C074051E00EB629162F1B70998579C,,,80 1-3 1905.djvu,0,2021-03-17 06:25:07,2021-03-17 11:21:43,2938000/48c074051e00eb629162f1b70998579c-g.jpg,,
32835731,Сборник Отделения русского языка и словесности Императорской Академии наук,79,,,,1905,,Типография Императорской Академии наук,Санктпетербург,,1060,Russian (Old),321,google,,,,,,,,,,,,,0,,,0,1,1,0,1,35357669,pdf,A1247C1968B55092E52E868F59F7C6AE,,,79 1905.pdf,0,2021-03-17 06:39:17,2021-03-17 11:21:43,2938000/a1247c1968b55092e52e868f59f7c6ae-g.jpg,,
32835732,Сборник Отделения русского языка и словесности Императорской Академии наук,78 1 2 3 4 5,,,,1905,,Типография Императорской Академии наук,Санктпетербург,,1074,Russian (Old),321,archive.org,,,,,,,,,,,,,400,,,0,1,1,0,1,30959938,djvu,698665BC3905B35B361E4D3CFC0A14E8,,,78 1-3 1904 4-5 1905.djvu,0,2021-03-17 06:49:15,2021-03-17 11:21:45,2938000/698665bc3905b35b361e4d3cfc0a14e8-g.jpg,,
32835733,Сборник Отделения русского языка и словесности Императорской Академии наук,77 1-9,,,,1904,,Типография Императорской Академии наук,Санктпетербург,,1088,Russian (Old),321,archive.org,,,,,,,,,,,,,400,,,0,1,1,0,1,30721848,djvu,7A2B3C11853B2A52EDAB65C52F2D6EDC,,,77 1 1903 2-9 1904.djvu,0,2021-03-17 07:08:35,2021-03-17 11:21:48,2938000/7a2b3c11853b2a52edab65c52f2d6edc-g.jpg,,
32835734,Сборник Отделения русского языка и словесности Императорской Академии наук,76 1 2 3 4 5,,,,1904,,Типография Императорской Академии наук,Санктпетербург,,1044,Russian (Old),321,rusneb.ru,,,,,,,,,,,,,600,0,1,0,1,1,0,0,15005615,djvu,DAC111212FE492A27513A545138D2160,,,76 1-2 1903 3-5 1904.djvu,0,2021-03-17 07:20:12,2021-03-17 11:21:49,2938000/dac111212fe492a27513a545138d2160-g.jpg,,
32835735,Сборник Отделения русского языка и словесности Императорской Академии наук,75 1 2 3 4 5 6 7 8,,,,1904,,Типография Императорской Академии наук,Санктпетербург,,1035,Russian (Old),321,google,,,,,,,,,,,,,0,,,0,1,1,0,1,35022244,pdf,BC33A7AA14A4A91410B9CC96B08FF97C,,,75 1-8 1903 1904.pdf,0,2021-03-17 07:29:59,2021-03-17 11:21:49,2938000/bc33a7aa14a4a91410b9cc96b08ff97c-g.jpg,,
32835736,Сборник Отделения русского языка и словесности Императорской Академии наук,74 1 2,,,,1903,,Типография Императорской Академии наук,Санктпетербург,,1048,Russian (Old),321,google,,,,,,,,,,,,,0,,,0,1,1,0,1,52191632,pdf,6F138A80704283A7E8DF2841783529B9,,,74 1 2 1903.pdf,0,2021-03-17 08:08:48,2021-03-17 11:21:51,2938000/6f138a80704283a7e8df2841783529b9-g.jpg,,
32835737,Сборник Отделения русского языка и словесности Императорской Академии наук,73 1 2 3 4 5,,,,1903,,Типография Императорской Академии наук,Санктпетербург,,1144,Russian (Old),321,archive.org,,,,,,,,,,,,,400,,,0,1,1,0,1,34415848,djvu,204E3488EE822758C8E1488E3A5AE66A,,,73 1-5 1903.djvu,0,2021-03-17 08:14:22,2021-03-17 11:21:52,2938000/204e3488ee822758c8e1488e3a5ae66a-g.jpg,,
32835738,Сборник Отделения русского языка и словесности Императорской Академии наук,72 1 2 3 4 5,,,,1903,,Типография Императорской Академии наук,Санктпетербург,,1018,Russian (Old),321,google,,,,,,,,,,,,"poor quality, mangled pages",0,,,0,1,1,0,1,56701042,pdf,ED95D3C332B199A19AC14AC36F1CC608,,,72 1 2 3 4 5 1902 1903.pdf,0,2021-03-17 08:37:18,2021-03-17 11:41:47,2938000/ed95d3c332b199a19ac14ac36f1cc608-g.jpg,,
32835739,Сборник Отделения русского языка и словесности Императорской Академии наук,71 1 2 5 6 7,,,,1902,,Типография Императорской Академии наук,Санктпетербург,,1008,Russian (Old),321,google,,,,,,,,,,,,"poor quality, mangled pages, №№ 4 and 5 missing",0,,,0,1,1,0,1,34986692,pdf,F7E38BF8AC43FCED3A53F2E8446148D6,,,71 1 1902 2 5-6 1901 7 1902.pdf,0,2021-03-17 08:48:34,2021-03-17 12:02:01,2938000/f7e38bf8ac43fced3a53f2e8446148d6-g.jpg,,
32835740,Сборник Отделения русского языка и словесности Императорской Академии наук,70 1 2 3 4 5 6 7,,,,1902,,Типография Императорской Академии наук,Санктпетербург,,1075,Russian (Old),321,google,,,,,,,,,,,,some pages mangled,0,,,0,1,1,0,1,33036800,pdf,BEE75CB9928C0F09579CBF4AA57D20E0,,,70 1-7 1901 1902.pdf,0,2021-03-17 09:01:07,2021-03-17 12:22:05,2938000/bee75cb9928c0f09579cbf4aa57d20e0-g.jpg,,
32835741,иё,69 1 2 3,,,,1901,,Типография Императорской Академии наук,Санктпетербург,,1116,Russian (Old),321,archive.org,,,,,,,,,,,,,400,,,0,1,1,0,1,34488174,djvu,7C5303DD59A3CBB881CE017A1C2CC331,,,69 1-3 1901.djvu,0,2021-03-17 09:09:32,2021-03-17 12:22:06,2938000/7c5303dd59a3cbb881ce017a1c2cc331-g.jpg,,
32835742,12 гренадерский Астраханский Его Величества полк в боевой службе Царю и Отечеству. Чтение для солдат,,,,Саранчовъ,1889,,И.Н. Кушнерев и К,М.,,141,Russian (Old),,,,,,,,,,,,,,,0,,,,,,1,0,569788132,pdf,F7F425FF0539E13207BE3577336888A7,,,Итог1.pdf,0,2021-03-17 09:22:30,2021-03-17 12:42:44,2938000/f7f425ff0539e13207be3577336888a7-g.jpg,,
32835743,Сборник Отделения русского языка и словесности Императорской Академии наук,68 1 2 3 4 5 6,,,,1901,,Типография Императорской Академии наук,Санктпетербург,,906,Russian (Old),321,google,,,,,,,,,,,,,0,,,0,1,1,0,1,25296442,pdf,612816589FBE4BFEF50AF7EF6661C047,,,68 1-3 1900 4 1901 5-6 1900 1901.pdf,0,2021-03-17 09:31:53,2021-03-17 12:42:45,2938000/612816589fbe4bfef50af7ef6661c047-g.jpg,,
32835744,Сборник Отделения русского языка и словесности Императорской Академии наук,67 1 2 3 4 5 6 7 8 9,,,,1901,,Типография Императорской Академии наук,Санктпетербург,,1138,Russian (Old),321,archive.org,,,,,,,,,,,,,400,,,0,1,1,0,1,35053178,djvu,4F8FDA239734A5B71BD5A7E319FCB0C6,,,67 1-3 1899 4-6 1900 7-9 1901.djvu,0,2021-03-17 09:45:41,2021-03-17 13:01:31,2938000/4f8fda239734a5b71bd5a7e319fcb0c6-g.jpg,,
32835745,Сборник Отделения русского языка и словесности Императорской Академии наук,66 1 2 3 4 6 7 8,,,,1900,,Типография Императорской Академии наук,Санктпетербург,,1070,Russian (Old),321,google,,,,,,,,,,,,№ 5 missing,0,,,0,1,1,0,1,38469715,pdf,96C58740F8F8A4E01D32145D6603EFE4,,,66 1 1900 2 1898 3 1900 4 1898 6 1900 7-8 1899 1900.pdf,0,2021-03-17 10:32:43,2021-03-17 13:41:31,2938000/96c58740f8f8a4e01d32145d6603efe4-g.jpg,,
32835746,Сборник Отделения русского языка и словесности Императорской Академии наук,65 2 3 4 5 6 7 8 9,,,,1899,,Типография Императорской Академии наук,Санктпетербург,,1056,Russian (Old),321,google,,,,,,,,,,,,№ 1 missing (except half-title),0,,,0,1,1,0,1,33183028,pdf,3CB023018983CC4405DBEAE4DE2ABD03,,,65 2-5 1897 6 1898 7-8 1897 9 1898 1899.pdf,0,2021-03-17 10:51:07,2021-03-17 14:01:58,2938000/3cb023018983cc4405dbeae4de2abd03-g.jpg,,
32835747,Сборник Отделения русского языка и словесности Императорской Академии наук,63 1 2 3,,,,1897,,Типография Императорской Академии наук,Санктпетербург,,1001,Russian (Old),321,google,,,,,,,,,,,,,0,,,0,1,1,0,1,32740147,pdf,D54A9F6EEDEC51987455CFE25B4D45E8,,,63 1-2 1895 3 1897.pdf,0,2021-03-17 11:07:39,2021-03-17 14:21:27,2938000/d54a9f6eedec51987455cfe25b4d45e8-g.jpg,,
32835748,Сборник Отделения русского языка и словесности Императорской Академии наук,62,,,,1897,,Типография Императорской Академии наук,Санктпетербург,,1052,Russian (Old),321,google,,,,,,,,,,,,,0,,,0,1,1,0,1,33207160,pdf,FB6A3D0B7D86F7CFB2AD8D4BF779C21B,,,62 1897.pdf,0,2021-03-17 11:11:09,2021-03-17 14:21:27,2938000/fb6a3d0b7d86f7cfb2ad8d4bf779c21b-g.jpg,,
32835749,Сборник Отделения русского языка и словесности Императорской Академии наук,34 1 2,,,,1883 1884,,Типография Императорской Академии наук,Санктпетербург,,716,Russian (Old),321,google,,,,,,,,,,,,,0,,,0,0,1,0,1,29437183,pdf,142F8887BAC51EC65CD2101ED8FA2136,,,34 1-2 1883 1884.pdf,0,2021-03-18 08:11:19,2021-03-19 03:41:44,2939000/142f8887bac51ec65cd2101ed8fa2136-g.jpg,,
32835750,Сборник Отделения русского языка и словесности Императорской Академии наук,64 1 2 3 4 5 6 7 8 9 10 11,,,,1899,,Типография Императорской Академии наук,Санктпетербург,[1007],993,Russian (Old),321,rusneb.ru,,,,,,,,,,,,,600,0,1,0,1,1,0,0,18727398,djvu,B3C8F0ABDDC0E999412D2A24639DB882,,,64 1-10 1896 11 1897 1899.djvu,0,2021-03-18 01:54:03,2021-03-19 04:01:50,2939000/b3c8f0abddc0e999412d2a24639db882-g.jpg,,
32835751,Сборник Отделения русского языка и словесности Императорской Академии наук,56,,,,1893,,Типография Императорской Академии наук,Санктпетербург,,579,Russian (Old),321,google,,,,,,,,,,,,,0,,,0,1,1,0,1,16984272,pdf,49728B75C70E7C145623E3F9ED328B66,,,56 1893.pdf,0,2021-03-18 04:28:33,2021-03-19 04:40:03,2939000/49728b75c70e7c145623e3f9ed328b66-g.jpg,,
32835752,Сборник Отделения русского языка и словесности Императорской Академии наук,50,,,,1895,,Типография Императорской Академии наук,Санктпетербург,[905],913,Russian (Old),321,google,,,,,,,,,,,,,0,,,0,1,1,0,1,30240155,pdf,BA70C462C35B7A05950FFD9DBDFCB30E,,,50 1895.pdf,0,2021-03-18 05:32:37,2021-03-19 05:40:03,2939000/ba70c462c35b7a05950ffd9dbdfcb30e-g.jpg,,
32835753,Сборник Отделения русского языка и словесности Императорской Академии наук,49,,,,1891,,Типография Императорской Академии наук,Санктпетербург,,535,Russian (Old),321,google,,,,,,,,,,,,,0,,,0,1,1,0,1,34118100,pdf,D3E89CC1BEB18EFF6DA323906F4294A6,,,49 1891.pdf,0,2021-03-18 05:44:41,2021-03-19 06:00:03,2939000/d3e89cc1beb18eff6da323906f4294a6-g.jpg,,
32835754,Сборник Отделения русского языка и словесности Императорской Академии наук,48,,,,1890,,Типография Императорской Академии наук,Санктпетербург,572,584,Russian (Old),321,google,,,,,,,,,,,,,0,,,0,1,1,0,1,21490620,pdf,BB21566A0E5BF7C0268B9FC72B8A4499,,,48 1890.pdf,0,2021-03-18 05:50:27,2021-03-19 06:02:13,2939000/bb21566a0e5bf7c0268b9fc72b8a4499-g.jpg,,
32835755,Сборник Отделения русского языка и словесности Императорской Академии наук,47,,,,1889,,Типография Императорской Академии наук,Санктпетербург,,657,Russian (Old),321,google,,,,,,,,,,,,,0,,,0,1,1,0,1,24342827,pdf,89BB0E56F3933AC907C1B95B348BB4FF,,,47 1889.pdf,0,2021-03-18 05:53:01,2021-03-19 06:02:13,2939000/89bb0e56f3933ac907c1b95b348bb4ff-g.jpg,,
32835756,Сборник Отделения русского языка и словесности Императорской Академии наук,46 1 2 3 4 5 6,,,,1890,,Типография Императорской Академии наук,Санктпетербург,[925],928,Russian (Old),321,google,,,,,,,,,,,,,0,,,0,1,1,0,1,34453099,pdf,828BD63D1C49A617C3B311539520064B,,,46 1 1888 2-6 1889 1890.pdf,0,2021-03-18 06:03:50,2021-03-19 06:22:37,2939000/828bd63d1c49a617c3b311539520064b-g.jpg,,
32835757,Сборник Отделения русского языка и словесности Императорской Академии наук,23,,,,1881,,Типография Императорской Академии наук,Санктпетербург,"XVI, 510",540,Russian (Old),321,google,,,,,,,,,,,,,0,,,0,1,1,0,1,18188997,pdf,45F85DAB4CB8AEA4194D5ADDE431A1F7,,,23 1881.pdf,0,2021-03-18 10:13:06,2021-03-19 06:22:39,2939000/45f85dab4cb8aea4194d5adde431a1f7-g.jpg,,
32835758,Сборник Отделения русского языка и словесности Императорской Академии наук,22 1 2 3 4 5 6,,,,1881,,Типография Императорской Академии наук,Санктпетербург,,784,Russian (Old),321,archive.org,,,,,,,,,,,,,400,,,0,1,1,0,1,29703608,djvu,B486CD5E0325FD99C4AC38258F6D8F17,,,22 1 1880 2-6 1881.djvu,0,2021-03-18 10:32:57,2021-03-19 06:22:41,2939000/b486cd5e0325fd99c4ac38258f6d8f17-g.jpg,,
32835759,Сборник Отделения русского языка и словесности Императорской Академии наук,21 1 2 3 4 5 6 7 8,,,,1881,,Типография Императорской Академии наук,Санктпетербург,,824,Russian (Old),321,google,,,,,,,,,,,,,0,,,0,1,1,0,1,28692692,pdf,A05E2D243393384C2D173B5E06392F38,,,21 1-3 1880 4-8 1881.pdf,0,2021-03-18 10:49:12,2021-03-19 06:22:42,2939000/a05e2d243393384c2d173b5e06392f38-g.jpg,,
32835760,Сборник Отделения русского языка и словесности Императорской Академии наук,20 1 2 3 4 5 6,,,,1880,,Типография Императорской Академии наук,Санктпетербург,,640,Russian (Old),321,archive.org,,,,,,,,,,,,,400,,,0,1,1,0,1,22203603,djvu,F9C2B1DDE52E87DA848FE79C8EFABFE7,,,20 1-4 1879 5 1880 6 1879 1880.djvu,0,2021-03-18 11:02:47,2021-03-19 06:22:42,2939000/f9c2b1dde52e87da848fe79c8efabfe7-g.jpg,,
32835761,Сборник Отделения русского языка и словесности Императорской Академии наук,58 1 2 3 4,,,,1895,,Типография Императорской Академии наук,Санктпетербург,,902,Russian (Old),321,rusneb.ru,,,,,,,,,,,,,600,0,1,0,1,1,0,0,11963039,djvu,D1462013B37AF131574B8746926062CE,,,58 1 1893 2-4 1894 1895.djvu,0,2021-03-18 15:02:18,2021-03-19 06:23:01,2939000/d1462013b37af131574b8746926062ce-g.jpg,,
32835762,Сборник Отделения русского языка и словесности Императорской Академии наук,61,,,,1900,,Типография Императорской Академии наук,Санктпетербург,,600,Russian (Old),321,archive.org,,,,,,,,,,,,,400,,,0,1,1,0,1,13064366,djvu,9A0A71A7CCFD0301B12B135CD1E31BEC,,,61 1900.djvu,0,2021-03-18 02:04:46,2021-03-19 06:42:35,2939000/9a0a71a7ccfd0301b12b135cd1e31bec-g.jpg,,
32835763,Сборник Отделения русского языка и словесности Императорской Академии наук,60,,,,1896,,Типография Императорской Академии наук,Санктпетербург,,764,Russian (Old),321,google,,,,,,,,,,,,,300,,,0,1,1,0,1,21138285,djvu,126B60CED141A1775212BCADB12CD1A2,,,60 1896.djvu,0,2021-03-18 02:09:35,2021-03-19 06:42:35,2939000/126b60ced141a1775212bcadb12cd1a2-g.jpg,,
32835764,Сборник Отделения русского языка и словесности Императорской Академии наук,59,,,,1894,,Типография Императорской Академии наук,Санктпетербург,,697,Russian (Old),321,google,,,,,,,,,,,,,0,,,0,1,1,0,1,14819641,pdf,CF460C68AEBA3BFD5CB8F9F502E2C108,,,59 1894.pdf,0,2021-03-18 02:15:39,2021-03-19 06:42:36,2939000/cf460c68aeba3bfd5cb8f9f502e2c108-g.jpg,,
32835765,Сборник Отделения русского языка и словесности Императорской Академии наук,57,,,,1893,,Типография Императорской Академии наук,Санктпетербург,,760,Russian (Old),321,archive.org,,,,,,,,,,,,,400,,,0,1,1,0,1,24354185,djvu,DCAB73282F1FD19BD6D491A6A6716E15,,,57 1893.djvu,0,2021-03-18 04:23:45,2021-03-19 06:42:36,2939000/dcab73282f1fd19bd6d491a6a6716e15-g.jpg,,
32835766,Сборник Отделения русского языка и словесности Императорской Академии наук,55,,,,1893,,Типография Императорской Академии наук,Санктпетербург,,652,Russian (Old),321,google,,,,,,,,,,,,,0,,,0,1,1,0,1,17890829,pdf,7AE10CD245426C299A6565064331CBD6,,,55 1893.pdf,0,2021-03-18 04:33:20,2021-03-19 06:42:36,2939000/7ae10cd245426c299a6565064331cbd6-g.jpg,,
32835767,Сборник Отделения русского языка и словесности Императорской Академии наук,54 4 5,,,,1893,,Типография Императорской Академии наук,Санктпетербург,,658,Russian (Old),323,google,,,,,,,,,,,,"№№ 1 (except half-title), 2 amd 3 missing (same at rusneb.ru)",0,,,0,1,1,0,1,17441142,pdf,119FD049D658FF8F2195A6F4A9CA2E2F,,,54 1893.pdf,0,2021-03-18 04:46:10,2021-03-19 06:42:36,2939000/119fd049d658ff8f2195a6f4a9ca2e2f-g.jpg,,
32835768,Сборник Отделения русского языка и словесности Императорской Академии наук,53 1 2 3 4 5 6 7 8,,,,1892,,Типография Императорской Академии наук,Санктпетербург,[918],943,Russian (Old),321,google,,,,,,,,,,,,,0,,,0,1,1,0,1,33480129,pdf,7BC5F17A89BC06D7A2A4653EA97B206A,,,53 1-2 1892 3-6 1891 7-8 1892.pdf,0,2021-03-18 05:03:15,2021-03-19 06:42:37,2939000/7bc5f17a89bc06d7a2a4653ea97b206a-g.jpg,,
32835769,Сборник Отделения русского языка и словесности Императорской Академии наук,51 1 2 3 4,,,,1890,,Типография Императорской Академии наук,Санктпетербург,[944],956,Russian (Old),321,archive.org,,,,,,,,,,,,,400,,,0,1,1,0,1,30192237,djvu,85734B8CE801128F908063A6715A419E,,,51 1890.djvu,0,2021-03-18 05:22:51,2021-03-19 06:42:37,2939000/85734b8ce801128f908063a6715a419e-g.jpg,,
32835770,Сборник Отделения русского языка и словесности Императорской Академии наук,42 1 2 3 4,,,,1887,,Типография Императорской Академии наук,Санктпетербург,,968,Russian (Old),321,google,,,,,,,,,,,,,0,,,0,1,1,0,1,35348780,pdf,2F49D38456FFA1598B8204125839C970,,,42 1-4 1887.pdf,0,2021-03-18 06:21:40,2021-03-19 06:42:37,2939000/2f49d38456ffa1598b8204125839c970-g.jpg,,
32835771,Сборник Отделения русского языка и словесности Императорской Академии наук,41 1 2 3 4,,,,1887,,Типография Императорской Академии наук,Санктпетербург,997,1001,Russian (Old),321,google,,,,,,,,,,,,,0,,,0,1,1,0,1,28519243,pdf,E5930559A201C08CABD99CE57DA19026,,,41 1-2 1886 3-4 1887.pdf,0,2021-03-18 06:34:32,2021-03-19 06:42:38,2939000/e5930559a201c08cabd99ce57da19026-g.jpg,,
32835772,Сборник Отделения русского языка и словесности Императорской Академии наук,40 1 (33 1) 2 3 4 5,,,,1886,,Типография Императорской Академии наук,Санктпетербург,,974,Russian (Old),321,archive.org,,,,,,,,,,,,"also mistakenly contains Томъ XXXIII, № 1",300,,,0,1,1,0,1,35723231,djvu,133F24D568F693BC5DC7550BBDC28DBC,,,40 1 (33 1 1884) 2-5 1886.djvu,0,2021-03-18 06:56:03,2021-03-19 06:42:39,2939000/133f24d568f693bc5dc7550bbdc28dbc-g.jpg,,
32835773,Сборник Отделения русского языка и словесности Императорской Академии наук,39,,,,1885,,Типография Императорской Академии наук,Санктпетербург,,911,Russian (Old),321,google,,,,,,,,,,,,,0,,,0,1,1,0,1,28438332,pdf,09AA31BEDEA5307CC00FA8AD4F02FE59,,,39 1885.pdf,0,2021-03-18 07:01:31,2021-03-19 06:42:39,2939000/09aa31bedea5307cc00fa8ad4f02fe59-g.jpg,,
32835774,Сборник Отделения русского языка и словесности Императорской Академии наук,38 1 2 3 4 5 6 7 8,,,,1886,,Типография Императорской Академии наук,Санктпетербург,,773,Russian (Old),321,google,,,,,,,,,,,,"table of contents, minutes missing",0,,,0,1,1,0,1,25722055,pdf,B39FBC9E0E8541BA5B9FED153B9A26D5,,,38 1886 1- 6 1885 7-8 1886 [minutes missing].pdf,0,2021-03-18 07:15:00,2021-03-19 06:42:40,2939000/b39fbc9e0e8541ba5b9fed153b9a26d5-g.jpg,,
32835775,Сборник Отделения русского языка и словесности Императорской Академии наук,37 1,,,,1885,,Типография Императорской Академии наук,Санктпетербург,"VI, 648",674,Russian (Old),321,archive.org,,,,,,,,,,,,,400,,,0,1,1,0,1,20093970,djvu,B626C992D24848D8284DE9EEB156D428,,,37 1 1885.djvu,0,2021-03-18 07:20:28,2021-03-19 06:42:40,2939000/b626c992d24848d8284de9eeb156d428-g.jpg,,
32835776,Сборник Отделения русского языка и словесности Императорской Академии наук,36 1 2 3 4,,,,1885,,Типография Императорской Академии наук,Санктпетербург,,710,Russian (Old),321,google,,,,,,,,,,,,,0,,,0,1,1,0,1,33812558,pdf,68B3A829A4B0ADF707FFB2E2ED7F4277,,,36 1-2 1885 3-4 1884.pdf,0,2021-03-18 07:29:20,2021-03-19 06:42:41,2939000/68b3a829a4b0adf707ffb2e2ed7f4277-g.jpg,,
32835777,Сборник Отделения русского языка и словесности Императорской Академии наук,35,,,,1883 1884,,,Санктпетербург,"XXIV, 898",936,Russian (Old),321,google,,,,,,,,,,,,,0,,,0,1,1,0,1,28776106,pdf,475D76B01A5B27B5EBB01613F89CA87C,,,35 1883 1884.pdf,0,2021-03-18 07:40:31,2021-03-19 06:42:42,2939000/475d76b01a5b27b5ebb01613f89ca87c-g.jpg,,
32835778,Сборник Отделения русского языка и словесности Императорской Академии наук,33 2 3 4 5,,,,1884,,Типография Императорской Академии наук,Санктпетербург,,974,Russian (Old),321,archive.org,,,,,,,,,,,,"table of contents, minutes and № 1 missing",400,,,0,1,1,0,1,34098661,djvu,1CC8A21DE411DA26CEEAF68C4F3B2973,,,33 2-5 1884.djvu,0,2021-03-18 08:22:45,2021-03-19 06:42:44,2939000/1cc8a21de411da26ceeaf68c4f3b2973-g.jpg,,
32835779,Сборник Отделения русского языка и словесности Императорской Академии наук,32 1 2 3 4 5 6 7 8,,,,1883,,Типография Императорской Академии наук,Санктпетербург,,1030,Russian (Old),321,google,,,,,,,,,,,,table of contents missing,0,,,0,1,1,0,1,45231143,pdf,D0C68319437C7267B34668DD769B083D,,,32 1-8 1883.pdf,0,2021-03-18 08:36:11,2021-03-19 06:42:45,2939000/d0c68319437c7267b34668dd769b083d-g.jpg,,
32835780,Сборник Отделения русского языка и словесности Императорской Академии наук,31 1 2 3 4 5,,,,1883,,Типография Императорской Академии наук,Санктпетербург,,846,Russian (Old),321,archive.org,,,,,,,,,,,,,400,,,0,1,1,0,1,33600447,djvu,A21288A7214B604955A8C25C059E6AA7,,,31 1-4 1882 5 1883.djvu,0,2021-03-18 08:43:14,2021-03-19 06:42:46,2939000/a21288a7214b604955a8c25c059e6aa7-g.jpg,,
32835781,Сборник Отделения русского языка и словесности Императорской Академии наук,30 1,,,,1882,,Типография Императорской Академии наук,Санктпетербург,,640,Russian (Old),321,google,,,,,,,,,,,,,0,,,0,1,1,0,1,19202599,pdf,43619D3323E2088F4FDC368D17620335,,,30 1 1882.pdf,0,2021-03-18 08:50:08,2021-03-19 06:42:46,2939000/43619d3323e2088f4fdc368d17620335-g.jpg,,
32835782,Сборник Отделения русского языка и словесности Императорской Академии наук,29 1 2 3 4,,,,1882,,Типография Императорской Академии наук,Санктпетербург,,674,Russian (Old),321,google,,,,,,,,,,,,,0,,,0,1,1,0,1,30665974,pdf,3B32E835A1649612A4E11ED75AF33280,,,29 1 1881 2-4 1882.pdf,0,2021-03-18 08:58:05,2021-03-19 06:42:47,2939000/3b32e835a1649612a4e11ed75af33280-g.jpg,,
32835783,Сборник Отделения русского языка и словесности Императорской Академии наук,28 1 2 3,,,,1881,,Типография Императорской Академии наук,Санктпетербург,,672,Russian (Old),321,archive.org,,,,,,,,,,,,,400,,,0,1,1,0,1,27335862,djvu,54DBF8CD85A4B3367EC5A016B0DCBC1A,,,28 1-3 1881.djvu,0,2021-03-18 09:44:13,2021-03-19 06:42:48,2939000/54dbf8cd85a4b3367ec5a016b0dcbc1a-g.jpg,,
32835784,Сборник Отделения русского языка и словесности Императорской Академии наук,27,,,,1881,,Типография Императорской Академии наук,Санктпетербург,567,581,Russian (Old),321,google,,,,,,,,,,,,,0,,,0,0,1,0,1,24326810,pdf,B61EC54EE71C051B95936EEE8D304340,,,27 1881.pdf,0,2021-03-18 09:49:46,2021-03-19 06:42:48,2939000/b61ec54ee71c051b95936eee8d304340-g.jpg,,
32835785,Сборник Отделения русского языка и словесности Императорской Академии наук,26,,,,1881,,Типография Императорской Академии наук,Санктпетербург,788,795,Russian (Old),321,google,,,,,,,,,,,,,0,,,0,1,1,0,1,31156169,pdf,5FF2C4351CDE4035AF95D9640EDFD50D,,,26 1881.pdf,0,2021-03-18 09:53:54,2021-03-19 06:42:49,2939000/5ff2c4351cde4035af95d9640edfd50d-g.jpg,,
32835786,Сборник Отделения русского языка и словесности Императорской Академии наук,25,,,,1881,,Типография Императорской Академии наук,Санктпетербург,751,768,Russian (Old),321,google,,,,,,,,,,,,,0,,,0,1,1,0,1,21635273,pdf,0973B0AB6FF0993D9B3F927D0D8CD193,,,25 1881.pdf,0,2021-03-18 09:58:42,2021-03-19 06:42:49,2939000/0973b0ab6ff0993d9b3f927d0d8cd193-g.jpg,,
32835787,Сборник Отделения русского языка и словесности Императорской Академии наук,24,,,,1881,,Типография Императорской Академии наук,Санктпетербург,530,550,Russian (Old),321,google,,,,,,,,,,,,,0,,,0,1,1,0,1,16443595,pdf,E2AD915250A90224A1B0F9BCE78F160F,,,24 1881.pdf,0,2021-03-18 10:05:53,2021-03-19 06:42:50,2939000/e2ad915250a90224a1b0f9bce78f160f-g.jpg,,
32835788,Сборник Отделения русского языка и словесности Императорской Академии наук,52 1 2 3 4 5 6 7 8,,,,1891,,Типография Императорской Академии наук,Санктпетербург,,1146,Russian (Old),321,rusneb.ru,,,,,,,,,,,,,600,0,1,0,1,1,0,0,19527759,djvu,2E022EF20D320ACC774189F9FD888E59,,,52 1 1891 2-4 1890 5-8 1891.djvu,0,2021-03-19 04:08:07,2021-03-19 07:22:24,2939000/2e022ef20d320acc774189f9fd888e59-g.jpg,,
32835789,Сборник Отделения русского языка и словесности Императорской Академии наук,45,,,,1888,,Типография Императорской Академии наук,Санктпетербург,,922,Russian (Old),321,rusneb.ru,,,,,,,,,,,,,600,0,1,0,1,1,0,0,19471095,djvu,AFD566D8090513E96CB819926B674481,,,45 1888.djvu,0,2021-03-19 07:42:09,2021-03-19 11:41:36,2939000/afd566d8090513e96cb819926b674481-g.jpg,,
32835790,Сборник Отделения русского языка и словесности Императорской Академии наук,19 1-2,,,,1878,,Типография Императорской Академии наук,Санктпетербург,,702,Russian (Old),321,google,,,,,,,,,,,,,0,,,0,1,1,0,1,24417673,pdf,75C29132BFDD5FECB3C60D8A0D327ED8,,,19 1-2 1878.pdf,0,2021-03-19 08:14:23,2021-03-19 11:41:38,2939000/75c29132bfdd5fecb3c60d8a0d327ed8-g.jpg,,
32835791,Сборник Отделения русского языка и словесности Императорской Академии наук,17 1 2 3,,,,1877,,Типография Императорской Академии наук,Санктпетербург,,899,Russian (Old),321,google,,,,,,,,,,,,,0,,,0,1,1,0,1,28080866,pdf,7E4C65B2BC78DA10792B162222E1C8A9,,,17 1-3 1877.pdf,0,2021-03-19 09:05:10,2021-03-19 12:21:50,2939000/7e4c65b2bc78da10792b162222e1c8a9-g.jpg,,
32835792,"Сборник статей, читанных в Отделении русского языка и словесности Императорской Академии наук",7 1 2 3 4 5 6 7 8 9 10,Сборник Отделения русского языка и словесности Императорской Академии наук,,,1870,,Типография Императорской Академии наук,Санктпетербург,,869,Russian (Old),321,google,,,,,,,,,,,,,0,,,0,1,1,0,1,33734072,pdf,1AFA979ADC484680721FAB2ECA42BCE3,,,7 1 1868 2-4 1869 5-6 1870 7 1869 8-10 1870.pdf,0,2021-03-20 02:54:43,2021-03-20 07:02:11,2940000/1afa979adc484680721fab2eca42bce3-g.jpg,,
32835793,Сборник Отделения русского языка и словесности Императорской Академии наук,8 1 2 3 4 5,,,,1872,,Типография Императорской Академии наук,Санктпетербург,,731,Russian (Old),321,google,,,,,,,,,,,,,0,,,0,1,,0,1,25488702,pdf,D53DE36A6E4C8D8BC9E7E9A376940378,,,8 1 1871 2 1872 3-5 1871 1872.pdf,0,2021-03-20 02:42:32,2021-03-20 08:22:35,2940000/d53de36a6e4c8d8bc9e7e9a376940378-g.jpg,,
32835794,"Сборник статей, читанных в Отделении русского языка и словесности Императорской Академии наук",2 1 2 3 4 6 7,Сборник Отделения русского языка и словесности Императорской Академии наук,,,1868,,Типография Императорской Академии наук,Санктпетербург,,618,Russian (Old),321,,,,,,,,,,,,,№ 5 1868 missing except half-title,0,,,,,,,1,24816975,pdf,20FD5926B13A0C5237A6B46F815BF21A,,,2 1-4 1867 6-7 1868.pdf,0,2021-03-20 05:03:13,2021-03-20 08:22:39,2940000/20fd5926b13a0c5237a6b46f815bf21a-g.jpg,,
32835795,"Сборник статей, читанных в Отделении русского языка и словесности Императорской Академии наук",1 1 2 3 4 5 6 7 8 9 10 11,Сборник Отделения русского языка и словесности Императорской Академии наук,,,1867,,Типография Императорской Академии наук,Санктпетербург,,736,Russian (Old),321,google,,,,,,,,,,,,,0,,,0,1,1,0,1,36527206,pdf,5B30CC2036BF2D504FFAF9C9F0EB86B2,,,1 1-5 1866 6-11 1867.pdf,0,2021-03-20 05:17:28,2021-03-20 08:22:39,2940000/5b30cc2036bf2d504ffaf9c9f0eb86b2-g.jpg,,
32835796,Сборник Отделения русского языка и словесности Императорской Академии наук,13,,,,1875,,Типография Императорской Академии наук,Санктпетербург,,558,Russian (Old),321,google,,,,,,,,,,,,,0,,,0,1,1,0,1,21137158,pdf,E7FA9CB3A3043D3D77FB7C7ACDA6576E,,,13 1875.pdf,0,2021-03-19 15:21:16,2021-03-20 08:42:09,2940000/e7fa9cb3a3043d3d77fb7c7acda6576e-g.jpg,,
32835797,Сборник Отделения русского языка и словесности Императорской Академии наук,11 1 2 3 4 5 6,,,,1875,,Типография Императорской Академии наук,Санктпетербург,,782,Russian (Old),,google,,,,,,,,,,,,,0,,,0,1,1,0,1,27222355,pdf,39C67D3A218936C90554FCE037E8B815,,,11 1 1873 2-6 1874 1875.pdf,0,2021-03-20 02:05:25,2021-03-20 08:42:19,2940000/39c67d3a218936c90554fce037e8b815-g.jpg,,
32835798,Сборник Отделения русского языка и словесности Императорской Академии наук,9,,,,1872,,Типография Императорской Академии наук,Санктпетербург,,537,Russian (Old),321,google,,,,,,,,,,,,,0,,,0,1,1,0,1,23231595,pdf,8E92887D1E8865B2B7FA93762AB42AC7,,,9 1872.pdf,0,2021-03-20 02:14:46,2021-03-20 08:42:20,2940000/8e92887d1e8865b2b7fa93762ab42ac7-g.jpg,,
32835799,"Сборник статей, читанных в Отделении русского языка и словесности Императорской Академии наук",6,Сборник Отделения русского языка и словесности Императорской Академии наук,,,1869,,Типография Императорской Академии наук,Санктпетербург,,693,Russian (Old),321,google,,,,,,,,,,,,,0,,,0,1,1,0,1,22295746,pdf,65CD79BEA878B3CFC0C6EF40A81C90E6,,,6 1869.pdf,0,2021-03-20 03:15:40,2021-03-20 08:42:20,2940000/65cd79bea878b3cfc0c6ef40a81c90e6-g.jpg,,
32835800,"Сборник статей, читанных в Отделении русского языка и словесности Императорской Академии наук",5 1 2,Сборник Отделения русского языка и словесности Императорской Академии наук,,,1868 1873,,Типография Императорской Академии наук,Санктпетербург,,907,Russian (Old),323,google,,,,,,,,,,,,,0,,,0,1,1,0,1,34567209,pdf,32B703FADBDEAF7BCB8A3AA4BEBD1DEF,,,5 1 1868 2 1873.pdf,0,2021-03-20 04:28:44,2021-03-20 08:42:20,2940000/32b703fadbdeaf7bcb8a3aa4bebd1def-g.jpg,,
32835801,"Сборник статей, читанных в Отделении русского языка и словесности Императорской Академии наук",4,Сборник Отделения русского языка и словесности Императорской Академии наук,,,1868,,Типография Императорской Академии наук,Санктпетербург,,773,Russian (Old),321,google,,,,,,,,,,,,,0,,,0,1,1,0,1,36402565,pdf,38A5DDC886653C5718AA15BDA998D46E,,,4 1868.pdf,0,2021-03-20 04:33:11,2021-03-20 08:42:21,2940000/38a5ddc886653c5718aa15bda998d46e-g.jpg,,
32835802,"Сборник статей, читанных в Отделении русского языка и словесности Императорской Академии наук",3,Сборник Отделения русского языка и словесности Императорской Академии наук,,,1868,,Типография Императорской Академии наук,Санктпетербург,,651,Russian (Old),321,google,,,,,,,,,,,,,0,,,0,1,1,0,1,13773505,pdf,7187A8CFA5A1FD026D7CF9762724EC61,,,3 1868.pdf,0,2021-03-20 04:37:39,2021-03-20 08:42:21,2940000/7187a8cfa5a1fd026d7cf9762724ec61-g.jpg,,
32835803,Сборник Отделения русского языка и словесности Императорской Академии наук,18 1 2 3 4 5 6 7 8 9,,,,1878,,Типография Императорской Академии наук,Санктпетербург,,678,Russian (Old),321,rusneb.ru,,,,,,,,,,,,,600,0,1,0,1,1,0,0,12787107,djvu,2943E013047ADD86D28A172A1B4DD493,,,18 1-5 1877 6-9 1878.djvu,0,2021-03-19 11:31:45,2021-03-20 09:00:03,2940000/2943e013047add86d28a172a1b4dd493-g.jpg,,
32835804,Сборник Отделения русского языка и словесности Императорской Академии наук,16,,,,1877,,Типография Императорской Академии наук,Санктпетербург,"[8], II, 453",469,Russian (Old),321,google,,,,,,,,,,,,,0,,,0,1,1,0,1,17224546,pdf,2F531FE1D400A71E222264381ED9C8B6,,,16 1877.pdf,0,2021-03-19 11:38:32,2021-03-20 09:02:19,2940000/2f531fe1d400a71e222264381ed9c8b6-g.jpg,,
32835805,Сборник Отделения русского языка и словесности Императорской Академии наук,15 1 2 3 4 5,,,,1877,,Типография Императорской Академии наук,Санктпетербург,,610,Russian (Old),321,google,,,,,,,,,,,,several pages of poor quality,0,,,0,1,1,0,1,20092649,pdf,489162E6D581B077DA10B547841DF9A7,,,15 1-5 1876 1877.pdf,0,2021-03-19 11:54:47,2021-03-20 09:02:21,2940000/489162e6d581b077da10b547841df9a7-g.jpg,,
32835806,Сборник Отделения русского языка и словесности Императорской Академии наук,14,,,,1875,,,Санктпетербург,"X, 584",603,Russian (Old),321,google,,,,,,,,,,,,,0,,,0,1,1,0,1,24308788,pdf,EF6A7CF5A85EA06B8F5B72B6EF2979B8,,,14 1875.pdf,0,2021-03-19 12:00:27,2021-03-20 09:02:22,2940000/ef6a7cf5a85ea06b8f5b72b6ef2979b8-g.jpg,,
32835807,Сборник Отделения русского языка и словесности Императорской Академии наук,12 1 2,,,,1875,,Типография Императорской Академии наук,Санктпетербург,,664,Russian (Old),321,rusneb.ru,,,,,,,,,,,,,600,0,1,0,1,1,0,0,10717424,djvu,03FE21F62FC67FCBDBEC5E644FAC3D50,,,12 1-2 1874 1875.djvu,0,2021-03-20 09:47:53,2021-03-21 00:21:41,2940000/03fe21f62fc67fcbdbec5e644fac3d50-g.jpg,,
32835808,Сборник Отделения русского языка и словесности Императорской Академии наук,10 1 2 3 4 5 6 7 8 9,,,,1873,,Типография Императорской Академии наук,Санктпетербург,,739,Russian (Old),321,rusneb.ru,,,,,,,,,,,,,600,0,0,0,1,1,0,0,14403460,djvu,D256A5C0296F3D807732C272F0D6EB56,,,10 1-5 1872 6-9 1873.djvu,0,2021-03-20 12:44:03,2021-03-21 00:21:54,2940000/d256a5c0296f3d807732c272f0d6eb56-g.jpg,,
32835809,Сборник Отделения русского языка и словесности Российской Академии наук,97 1 2,Сборник Отделения русского языка и словесности Императорской Академии наук,,,1921,,Академическая двенадцатая государственная типография,Петроград,,518,Russian (Old),321,rusneb.ru,,,,,,,,,,,,,600,0,1,0,1,1,0,0,7763960,djvu,F56B87E16A0F99632528F452B94EE70B,,,97 1-2 1921.djvu,0,2021-03-21 01:41:43,2021-03-21 11:21:33,2941000/f56b87e16a0f99632528f452b94ee70b-g.jpg,,
32835810,Журнал Министерства народного просвещения Новая серия,22 7,,,,1909,,Сенатская типография,Санктпетербург,,481,Russian (Old),183,rusneb.ru,,,,,,,,,,,,,600,0,1,0,0,1,0,0,13991899,djvu,77BAE8225CA775B5942810F56F79D20F,,,Новая серія 22 7 1909.djvu,0,2021-03-21 04:47:36,2021-03-21 11:21:35,2941000/77bae8225ca775b5942810f56f79d20f-g.jpg,,
32835811,Известия Отделения русского языка и словесности Российской Академии наук,24 1 2,Известия Отделения русского языка и словесности Императорской Академии наук,,,1919,,Российская государственная академическая типография,Петроград,"II, 320+372",598,Russian (Old),321,feb-web.ru,,,,,,,,,,,,,0,0,,0,1,1,0,0,25195179,pdf,87146F9C3310AB6FBB2E8581D66CF351,,,24 1 1922 2 1923 1919.pdf,0,2021-03-22 01:04:43,2021-03-22 07:42:25,2941000/87146f9c3310ab6fbb2e8581d66cf351-g.jpg,,
32835812,Известия Отделения русского языка и словесности Российской Академии наук,25,Известия Отделения русского языка и словесности Императорской Академии наук,,,1920,,Государственная школа-типография им. т. Алексеева,Петроград,"VIII, 488",479,Russian (Old),321,feb-web.ru,,,,,,,,,,,,,0,0,,0,1,1,0,0,28924154,pdf,6C90B8B89402C3109AA58E41D8F00A5E,,,25 1922 1920.pdf,0,2021-03-22 05:06:27,2021-03-22 08:21:57,2941000/6c90b8b89402c3109aa58e41d8f00a5e-g.jpg,,
32835813,Ученые записки Второго отделения Императорской Академии наук,1,,,,1854,,Типография Императорской Академии наук,Санктпетербург,,480,Russian (Old),321,google,,,,,,,,,,,,,0,,,0,1,1,0,1,21445062,pdf,667F84ED63F27305C548254621701623,,,1 1854.pdf,0,2021-03-23 14:33:56,2021-03-24 07:21:59,2943000/667f84ed63f27305c548254621701623-g.jpg,,
32835814,Ученые записки Второго отделения Императорской Академии наук,2 1-2,,,,1856,,Типография Императорской Академии наук,Санктпетербург,,721,Russian (Old),321,google,,,,,,,,,,,,,0,,,0,1,1,0,1,29017436,pdf,72CCED27D08759517DD23BCBB87CBC34,,,2 1 2 1856.pdf,0,2021-03-23 14:36:19,2021-03-24 07:21:59,2943000/72cced27d08759517dd23bcbb87cbc34-g.jpg,,
32835815,Ученые записки Второго отделения Императорской Академии наук,3,,,,1856,,Типография Императорской Академии наук,Санктпетербург,,780,Russian (Old),321,google,,,,,,,,,,,,,0,,,0,1,1,0,1,31125898,pdf,3D7C3B64335D3C6A311781C81EDB28DC,,,3 1856.pdf,0,2021-03-23 14:37:58,2021-03-24 07:22:00,2943000/3d7c3b64335d3c6a311781c81edb28dc-g.jpg,,
32835816,Ученые записки Второго отделения Императорской Академии наук,4,,,,1858,,Типография Императорской Академии наук,Санктпетербург,,502,Russian (Old),321,google,,,,,,,,,,,,,0,,,0,1,1,0,1,21118554,pdf,DEDF137A7CCE37ACD0137F18B8451589,,,4 1858.pdf,0,2021-03-23 14:39:25,2021-03-24 07:22:00,2943000/dedf137a7cce37acd0137f18b8451589-g.jpg,,
32835817,Ученые записки Второго отделения Императорской Академии наук,5,,,,1859,,Типография Императорской Академии наук,Санктпетербург,,730,Russian (Old),321,google,,,,,,,,,,,,,0,,,0,1,1,0,1,31255666,pdf,5CBB13F869854C5010BBD33F666CAA5C,,,5 1859.pdf,0,2021-03-23 14:40:47,2021-03-24 07:22:00,2943000/5cbb13f869854c5010bbd33f666caa5c-g.jpg,,
32835818,Ученые записки Второго отделения Императорской Академии наук,6,,,,1861,,Типография Императорской Академии наук,Санктпетербург,,1150,Russian (Old),321,google,,,,,,,,,,,,,0,,,0,1,1,0,1,40788534,pdf,E1F1DEC1165AAC7A60C3F5C269E4EF8E,,,6 1861.pdf,0,2021-03-23 14:42:12,2021-03-24 07:22:00,2943000/e1f1dec1165aac7a60c3f5c269e4ef8e-g.jpg,,
32835819,Ученые записки Второго отделения Императорской Академии наук,7 1,,,,1861,,Типография Императорской Академии наук,Санктпетербург,,394,Russian (Old),321,google,,,,,,,,,,,,,0,,,0,1,1,0,1,14475387,pdf,3C58A2AF2E2FB19E79F466F99E8E7C4C,,,7 1 1861.pdf,0,2021-03-23 14:44:01,2021-03-24 07:22:00,2943000/3c58a2af2e2fb19e79f466f99e8e7c4c-g.jpg,,
32835820,Ученые записки Второго отделения Императорской Академии наук,7 2,,,,1863,,Типография Императорской Академии наук,Санктпетербург,,288,Russian (Old),321,google,,,,,,,,,,,,,0,,,0,1,1,1,1,8115534,pdf,1D26B98464549C59E88897A14F901C79,,,7 2 1863.pdf,0,2021-03-23 14:45:44,2021-03-24 07:22:00,2943000/1d26b98464549c59e88897a14f901c79-g.jpg,,
32835821,Записки Императорской Академии наук по Историко-филологическому отделению,4 1-9,,,,1900,,Типография Императорской Академии наук,Санктпетербург,,859,Russian (Old),321,archive.org,,,,,,,,,,,,,600,,,0,1,1,0,0,45272354,djvu,DF35330866DB1D33F9304C23813FF516,,,4 1900.djvu,0,2021-03-23 12:24:49,2021-03-24 07:41:28,2943000/df35330866db1d33f9304c23813ff516-g.jpg,,
32835822,Записки Императорской Академии наук по Историко-филологическому отделению,1 1-7,,,,1897,,Типография Императорской Академии наук,Санктпетербург,,840,Russian (Old),321,archive.org,,,,,,,,,,,,,0,,,0,1,1,0,1,49854782,pdf,1EA4BB1F2D9005F4573C29F7658D03CB,,,1 1897.pdf,0,2021-03-23 12:37:57,2021-03-24 07:41:31,2943000/1ea4bb1f2d9005f4573c29f7658d03cb-g.jpg,,
32835823,Записки Императорской Академии наук по Историко-филологическому отделению,2 1-2,,,,1897,,Типография Императорской Академии наук,Санктпетербург,,878,Russian (Old),321,archive.org,,,,,,,,,,,,,0,,,0,1,1,0,1,53515147,pdf,45066030D63BEDD700A309C5DD2774EE,,,2 1897.pdf,0,2021-03-23 12:41:30,2021-03-24 07:41:31,2943000/45066030d63bedd700a309c5dd2774ee-g.jpg,,
32835824,Записки Императорской Академии наук по Историко-филологическому отделению,3 1-6,,,,1899,,Типография Императорской Академии наук,Санктпетербург,,856,Russian (Old),321,archive.org,,,,,,,,,,,,,0,,,0,1,1,0,1,53487653,pdf,E4F8E0E643A7ADCAD0B53227189B59E0,,,3 1899.pdf,0,2021-03-23 12:45:55,2021-03-24 07:41:33,2943000/e4f8e0e643a7adcad0b53227189b59e0-g.jpg,,
32835825,Записки Императорской Академии наук по Историко-филологическому отделению,5 1-5,,,,1902,,Типография Императорской Академии наук,Санктпетербург,,1080,Russian (Old),321,archive.org,,,,,,,,,,,,,0,,,0,1,1,0,1,61702109,pdf,77FE9FCC8DE8E47718A527A61925DBF3,,,5 1902.pdf,0,2021-03-23 13:05:07,2021-03-24 07:41:37,2943000/77fe9fcc8de8e47718a527a61925dbf3-g.jpg,,
32835826,О преподавании отечественного языка. Часть 1,,,,Фёдор Иванович Буслаев,1844,,Университетская типография,Москва,,358,Russian (Old),321,google,,3186186202,,,,,,,,,,first unabridged edition (compared to the re-print of the second abridged edition at 1654162),0,,,0,1,1,1,1,17531293,pdf,D60428855EA68D1CBFA811990CB07697,,,О преподаванiи отечественнаго языка 1 1844.pdf,0,2021-03-23 13:12:42,2021-03-24 07:41:39,2943000/d60428855ea68d1cbfa811990cb07697-g.jpg,,3186186202
32835827,О преподавании отечественного языка. Часть 2,,,,Фёдор Иванович Буслаев,1844,,Университетская типография,Москва,,394,Russian (Old),321,google,,,,,,,,,,,,first unabridged edition (compared to the re-print of the second abridged edition at 1654163),0,,,0,1,1,1,1,20225675,pdf,825415E3AA22133283C38EB016A3EC12,,,О преподаванiи отечественнаго языка 2 1844.pdf,0,2021-03-23 13:17:46,2021-03-24 07:41:42,2943000/825415e3aa22133283c38eb016a3ec12-g.jpg,,
32835828,Записки Императорской Академии наук по Историко-филологическому отделению,6 1-7,,,,1904,,Типография Императорской Академии наук,Санктпетербург,,884,Russian (Old),321,archive.org,,,,,,,,,,,,,0,,,0,1,1,0,1,51605014,pdf,806100F452A0E2AA1D2C0D12F6BC35E5,,,6 1904.pdf,0,2021-03-23 13:31:02,2021-03-24 07:41:45,2943000/806100f452a0e2aa1d2c0d12f6bc35e5-g.jpg,,
32835829,Записки Императорской Академии наук по Историко-филологическому отделению,7 1-8,,,,1906,,Типография Императорской Академии наук,Санктпетербург,,894,Russian (Old),321,archive.org,,,,,,,,,,,,,0,,,0,1,1,0,1,50459241,pdf,2365FE3A634C5A775FAFEB46C1997643,,,7 1906.pdf,0,2021-03-23 13:35:43,2021-03-24 07:41:46,2943000/2365fe3a634c5a775fafeb46c1997643-g.jpg,,
32835830,Записки Императорской Академии наук по Историко-филологическому отделению,8 1-15,,,,1911,,Типография Императорской Академии наук,Санктпетербург,,1186,Russian (Old),321,archive.org,,,,,,,,,,,,,0,,,0,1,1,0,1,68851802,pdf,4F65EB387C74D6E99ED1D77CEA4ECAD4,,,8 1911.pdf,0,2021-03-23 13:40:56,2021-03-24 07:41:48,2943000/4f65eb387c74d6e99ed1d77cea4ecad4-g.jpg,,
32835831,Записки Российской Академии наук по Историко-филологическому отделению,9 1-2,Записки Императорской Академии наук по Историко-филологическому отделению,,,1918,,Типография Российской Академии наук,Петроград,,778,Russian (Old),321,archive.org,,,,,,,,,,,,,0,,,0,1,1,0,1,53321065,pdf,1C99497A3A238672FF71700BE6AC1DAC,,,9 1918.pdf,0,2021-03-23 13:46:21,2021-03-24 07:41:49,2943000/1c99497a3a238672ff71700be6ac1dac-g.jpg,,
32835832,Записки Императорской Академии наук по Историко-филологическому отделению,10 1-3,,,,1910,,Типография Императорской Академии наук,Санктпетербург,,954,Russian (Old),321,archive.org,,,,,,,,,,,,,0,,,0,1,1,0,1,57168695,pdf,AD641B9B6D00442EAC25D468758DA132,,,10 1910.pdf,0,2021-03-23 13:50:11,2021-03-24 07:41:51,2943000/ad641b9b6d00442eac25d468758da132-g.jpg,,
32835833,Записки Императорской Академии наук по Историко-филологическому отделению,11 1-5,,,,1912,,Типография Императорской Академии наук,Санктпетербург,,936,Russian (Old),321,archive.org,,,,,,,,,,,,,0,,,0,1,1,0,1,56032506,pdf,989D8308B27C92FDC42B04CA444600FA,,,11 1912.pdf,0,2021-03-23 13:53:20,2021-03-24 07:41:52,2943000/989d8308b27c92fdc42b04ca444600fa-g.jpg,,
32835834,Записки Императорской Академии наук по Историко-филологическому отделению,12 1-8,,,,1916,,Типография Императорской Академии наук,Петроград,,984,Russian (Old),321,archive.org,,,,,,,,,,,,,0,,,0,1,1,0,1,63403976,pdf,73194E8FC987637F4DCD88A75469599F,,,12 1916.pdf,0,2021-03-23 13:57:49,2021-03-24 07:41:53,2943000/73194e8fc987637f4dcd88a75469599f-g.jpg,,
32835835,Записки Российской Академии наук по Отделению исторических наук и филологии,13,Записки Императорской Академии наук по Историко-филологическому отделению,,,1922,,Типография Российской Академии наук,Петроград,,1006,Russian (Old),321,archive.org,,,,,,,,,,,,,0,,,0,1,1,0,1,63189607,pdf,F2C044E403C877460A018D41DB2090FF,,,13 1922.pdf,0,2021-03-23 14:05:23,2021-03-24 07:41:56,2943000/f2c044e403c877460a018d41db2090ff-g.jpg,,
32835836,Известия Императорской Академии Наук,9 (V),,,,1898,,Типография Императорской Академии наук,Санкт-Петербург,,564,Russian (Old),,archive.org,,,,,,,,,,,,,72,,,0,1,1,0,1,25886954,djvu,053B8885662C14A7A2F702A26183FD5F,,,9 4 1898.djvu,0,2021-03-24 05:38:50,2021-03-24 08:40:03,2943000/053b8885662c14a7a2f702a26183fd5f-g.jpg,,
32835837,Сборник в честь семидесятилетия профессора Дмитрия Николаевича Анучина,,,,,1913,,"Императорское Общество любителей естествознания, антропологии и этнографии при Московском у-те",Москва,,682,Russian (Old),,,,,,,,,,,,,,,0,,,,,,1,1,24320535,pdf,263536508B2D4483D825DE4225C8D1EE,,,[fest] Сборникъ въ честь семидесятилѣтія профессора Дмитрія Николаевича Анучина 1913.pdf,0,2021-03-27 03:44:46,2021-03-27 07:02:00,2944000/263536508b2d4483d825de4225c8d1ee-g.jpg,,
32835838,Букварь черкесскаго языка,,,,coll.,1853,,,,,54,Russian (Old),315,,,,,,,,,,,,,,0,,,,,,1,0,58747781,pdf,AB322AFAB9B3294E0649B0952C88F307,,,Bukvar_Cherkesskago_Iazika--1-54.pdf,0,2021-03-27 05:30:44,2021-03-27 08:41:35,2945000/ab322afab9b3294e0649b0952c88f307-g.jpg,Adygei;Adyghe;language;orthography,
32835839,"Словарь русско-черкесскій или адигскій, съ краткою грамматикою сего послѣдняго языка",,,,Леонтій Люлье,1846,,Городская типографія,,,145,Russian (Old),322,,,,,,,,,,,,,,0,,,,,,,0,60858951,pdf,BAA0A855D1163F08C904C308E7252B08,,,"Словарь русско-черкесский или адигский, с краткою грамматикою сего последнего языка. Л.Я.Люлье, 1846.pdf",0,2021-03-27 06:16:37,2021-03-27 09:21:57,2945000/baa0a855d1163f08c904c308e7252b08-g.jpg,Adygei;Adyghe;language;orthography,
32835840,Чудеса растительного мира,,Знание для всех,,К.К. Серебряков,1913,,Издательство П.П. Сойкина,СПбъ,,44,Russian (Old),,,,,,,,,,,,,,,0,,,,,,,0,32161717,pdf,005E91B045D99F01B8758E90399C7D22,,,serebrjakov1913_chudesa_rast_mira.pdf,0,2021-03-30 07:21:20,2021-03-30 11:02:40,2948000/005e91b045d99f01b8758e90399c7d22-g.jpg,,
32835841,История древней церкви,2,,,Дюшен Л.,1914,,Путь,Москва,446,449,Russian (Old),64,,,,,,,,,,,,,,0,,,,,,,1,12700414,pdf,A20FC8E6FD145C10303DF03FB46F396B,,,Dyushen_Istoria_Drevney_Tserkvi_Tom_2.pdf,0,2021-04-08 04:39:21,2021-04-08 09:02:14,2953000/a20fc8e6fd145c10303df03fb46f396b-g.jpg,,
32835842,Из зеленого царства. Популярные очерки из мира растений,,,,Димитрий Кайгородов,1888,,Издание А.С. Суворина,СПбъ,,300,Russian (Old),29,,,,,,,,,,,,,,600,,,,,,,0,30559788,djvu,F0C7ACF15373D8F4AD574DD678F9D472,,,kajgorodov1888_iz_zelenogo_tsarstva.djvu,0,2021-04-13 05:13:16,2021-04-13 08:41:44,2956000/f0c7acf15373d8f4ad574dd678f9d472-g.jpg,,
32835843,Животный мир: его быт и среда,3,,,Вильгельм Гааке,1902,,Издание А.Ф. Девриена,,,660,Russian (Old),,,,,,,,,,,,,,,300,,,,,,,0,28510951,djvu,525B85B2E24385D69CDD9FE49F6EE4AC,,,gaake1902_zhivotn_mir_3_afr_more_domashn_paraz_peschern.djvu,0,2021-04-13 05:45:45,2021-04-13 09:01:52,2956000/525b85b2e24385d69cdd9fe49f6ee4ac-g.jpg,,
32835844,Местопроисхождение возделываемых растений,,,,Альфонс Декандаль,1885,,Издание К. Риккера,СПбъ,,498,Russian (Old),,,,,,,,,,,,,,,600,,,,,,,1,28086324,djvu,883E0CEB7231451B027AEE63303E32FD,,,dekandolj1885_mestoproiskh_vozdel_rast.djvu,0,2021-04-13 05:59:26,2021-04-13 09:01:53,2956000/883e0ceb7231451b027aee63303e32fd-g.jpg,,
32835845,ПОСОБИЕ ПО НАУЧНОМУ СТИЛЮ РЕЧИ,,,,"Т. Е. АРОСЕВА, Л. Г. РОГОВА, Н. Ф. САФЬЯНОВА",1987,1987,Москва <<Русский язык>>,Moscow,215,215,Russian (Old),,,,,,,,,,,,,,,0,0,1,0,0,1,0,1,58741883,pdf,22C280122A0F3383891CB46FB6F43E3C,,,"ПОСОБИЕ ПО НАУЧНОМУ СТИЛЮ РЕЧИ (Т. Е. АРОСЕВА, Л. Г. РОГОВА, Н. Ф. САФЬЯНОВА).pdf",0,2021-04-21 08:03:03,2021-04-22 01:01:30,2966000/22c280122a0f3383891cb46fb6f43e3c-g.jpg,,
32835846,Товарищи Пушкина по Царскосельскому Лицею. Материалы для словаря лицеистов первого курса 1811-1817 гг.,1-3,,,Гастфрейнд Николай,1912-1913,,Типография Сойкина,СПб,,1523,Russian (Old),,,,,,,,,,,,,,,600,0,1,,,1,1,1,83937631,djvu,95A67AC9493C143D8091C0C9021E8A72,,,1.djvu,0,2021-04-28 05:00:44,2021-06-17 04:22:11,2972000/95a67ac9493c143d8091c0c9021e8a72-g.jpg,,
32835847,Устав гражданского судопроизводства с объяснениями по решениям Гражданского кассационного департамента и общего собрания Кассационных и I и II департаментов Правительствующего сената.,,,,А.Л. Борониковский,1908,6,Типография А.С. Суворина,С.-Петербургъ,,1106,Russian (Old),,,,,,,,,,,,,,,200,,,,,,1,1,23536210,djvu,C3938CC54B716451A577A530F35362BD,,,"Устав гражданского судопроизводства с объяснениями по решениям Гражданского кассационного департамента и общего собрания Кассационных и I и II департаментов Правительствующего сената. Изд. 6-е, неофиц. (1908).djvu",0,2021-04-29 11:19:53,2021-04-29 14:21:06,2973000/c3938cc54b716451a577a530f35362bd-g.jpg,,
32835848,"Третье прибавление к систематической росписи книгам, продающимся в книжном магазине Ивана Ильича Глазунова с 1873 по январь 1881 года",,,,В.И. Межов (сост.),1882,,Типография Глазунова,С.-Петербургъ,,1205,Russian (Old),,,,,,,,,,,,,,,300,,,,,,1,1,23494796,djvu,2748DA010E26164066C00B89379EEC75,,,"Систематическая роспись книгам, продающимся в книжном магазине Ивана Ильича Глазунова, в С.Петербурге. Прибавление 3 (Глазуновы (книжная торговля)) (1882).djvu",0,2021-04-29 11:24:38,2021-04-29 14:40:56,2973000/2748da010e26164066c00b89379eec75-g.jpg,,
32835849,Устав гражданского судопроизводства.,,,,Владимир Гордон (сост.),1903,3,Издание Н.К. Мартынова,С.-Петербургъ,,940,Russian (Old),,,,,,,,,,,,,,,200,,,,,,1,1,20711182,djvu,F77100A6A80D47BEEF43657F3E615B4B,,,Устав гражданского судопроизводства. Изд. 3-е (Гордон) (1903).djvu,0,2021-04-29 11:26:48,2021-04-29 14:40:56,2973000/f77100a6a80d47beef43657f3e615b4b-g.jpg,,
32835850,"Устав гражданского судопроизводства с объяснениями по решениям Гражданского кассационного департамента и общих собраний его с Уголовным, I и II департаментами Правительствующего сената.",,,,А.Л. Боровиковский,1903,5,Типография А.С. Суворина,С.-Петербургъ,,1092,Russian (Old),,,,,,,,,,,,,,,200,,,,,,1,1,20177114,djvu,312503086737017F3F01B072707297F0,,,"Устав гражданского судопроизводства с объяснениями по решениям Гражданского кассационного департамента и общих собраний его с Уголовным, I и II департаментами Правительствующего сената. Изд. 5-е, неофиц. (1903).djvu",0,2021-04-29 11:28:37,2021-04-29 14:40:56,2973000/312503086737017f3f01b072707297f0-g.jpg,,
32835851,"Пятое прибавление к систематической росписи книгам, продающимся в книжном магазине Ивана Ильича Глазунова с 1883-1887 вкл.",,,,В.И. Межов (сост.),1889,,Типография Глазунова,С.-Петербургъ,,1010,Russian (Old),,,,,,,,,,,,,,,300,,,,,,1,1,18921937,djvu,BAA6292B7A53F25891B5493580BA77AC,,,"Систематическая роспись книгам, продающимся в книжном магазине Ивана Ильича Глазунова, в С.Петербурге. Прибавление 5 (Глазуновы (книжная торговля)) (1889).djvu",0,2021-04-29 11:31:00,2021-04-29 14:40:57,2973000/baa6292b7a53f25891b5493580ba77ac-g.jpg,,
32835852,"Дифференциальное и интегральное исчисление, собранное на французском языке г. Кузеном, Парижского института членом, и приумноженное при преложении на российский С. Гурьевым Кн. 1",,,,С. Гурьев (ред.),1801,,Императорская Академия наук,С.-Петербургъ,,498,Russian (Old),,,,,,,,,,,,,,,300,,,,,,1,1,16522288,djvu,7FF78A121B1247C5237A4E438FC287C6,,,"Дифференциальное и интегральное исчисление, собранное на французском языке г. Кузеном, Парижского института членом, и приумноженное при преложении на российский С. Гурьевым, Академии наук академиком ... Кн. 1 (Гурьев) (1801).djvu",0,2021-04-29 11:34:26,2021-04-29 14:40:57,2973000/7ff78a121b1247c5237a4e438fc287c6-g.jpg,,
32835853,История Екатерины Второй. Т. 1,1,,,В.А. Бильбасов,1895,,,Лондон,,649,Russian (Old),,,,,,,,,,,,,,,200,,,,,,1,1,12183839,djvu,EE267238EB41D146B6182BE7634D52A8,,,История Екатерины Второй. Т. 1 (Бильбасов) (1895).djvu,0,2021-04-29 11:35:47,2021-04-29 14:40:57,2973000/ee267238eb41d146b6182be7634d52a8-g.jpg,,
32835854,История Екатерины Второй. Т. 2 Воцарение Екатерины,2,,,В.А. Бильбасов,1895,,,Лондон,,771,Russian (Old),,,,,,,,,,,,,,,200,,,,,,1,1,14069214,djvu,58A17BDC9C0E412D891682327583B1AB,,,История Екатерины Второй. Т. 2 (Бильбасов) (1895).djvu,0,2021-04-29 11:37:12,2021-04-29 14:40:57,2973000/58a17bdc9c0e412d891682327583b1ab-g.jpg,,
32835855,Новая начальная ботаника,,,,Голенкин,1912,,,,,24,Russian (Old),,,,,,,,,,,,,,,600,,,,,,,0,26028863,djvu,AE2CBBD8183FE3BB22C1C81BEEDA6261,,,golenkin1912_novaja_nachalnaja_botanika.djvu,0,2021-05-01 11:31:01,2021-05-01 14:41:29,2974000/ae2cbbd8183fe3bb22c1c81beeda6261-g.jpg,,
32835856,Записки Крымского общества естествоиспытателей и любителей природы. Т. III,,,,С.А. Мокржецкаго,1913,,,Симферополь,,119,Russian (Old),,,,,,,,,,,,,,,300,,,,,,,0,16219570,djvu,02001A1ADFB9AD25E45935971B20BCEB,,,zap_krymsk_obsch_estestvoisp_1913_3.djvu,0,2021-05-06 08:13:49,2021-05-06 15:01:18,2977000/02001a1adfb9ad25e45935971b20bceb-g.jpg,,
32835857,"Манифесты итальянского футуризма. Маринетти, Боччони, Карра, Руссоло, Балла, Северини, Прателла, Сен-Пуан",,,,Шершеневич В. (пер.),1914,,Типография Русского Товарищества,Москва,,76,Russian (Old),108,,,,,,,,,,,,,,0,,,,,,1,1,7840632,pdf,B4299F1E86677632A8092F1E9F279E47,,,Manifesty_Italyanskogo_Futurizma-_Sobranie_Manifestov_Marinetti_Karra_Russolo_Balla_Severini_Pratella_Sen-Puan_1914.pdf,0,2021-05-07 12:45:48,2021-05-07 16:01:08,2977000/b4299f1e86677632a8092f1e9f279e47-g.jpg,,
32835858,Вредные насекомые и меры для борьбы с ними,2,,,Брамсон К.Л.,1896,2,,Екатиринославъ,,373,Russian (Old),,,,,,,,,,,,,,,300,,,,,,,0,20185799,djvu,7BEE83C688CBB16D9E3C86206650CE22,,,"Брамсон К.Л. Вредные насекомые и меры для борьбы с ними. Ч. 2. Екатеринослав, 1896.djvu",0,2021-05-14 06:23:17,2021-05-14 13:02:15,2981000/7bee83c688cbb16d9e3c86206650ce22-g.jpg,,
32835859,Начатки ботаники,,,,Гукер И.Д.,1877,,,СПбъ,,112,Russian (Old),,,,,,,,,,,,,,,0,,,,,,,1,17915886,pdf,81FB6EA0CB5F660263E4F81612E9BC93,,,"Гукер И.Д. Начатки ботаники. СПб., 1877.pdf",0,2021-05-14 07:02:38,2021-05-14 13:02:18,2981000/81fb6ea0cb5f660263e4f81612e9bc93-g.jpg,,
32835860,"Машинное обучение в Python. Модуль 1. Предварительная подготовка данных в Python, 1-я часть",,,Обновление в режиме реального времени,Артем Груздев,2021,Май 2021,"ИЦ \ГЕВИССТА\""""",Москва,584,584,Russian (Old),,,,,,,,,,,,,,,0,,,,,,,1,23780555,pdf,F5736FB6D9DED5F0DAB371C765AD7FDE,,,Артем Груздев_Предварительная подготовка данных.pdf,0,2021-05-13 14:34:38,2021-05-14 13:21:29,2981000/f5736fb6d9ded5f0dab371c765ad7fde-g.jpg,,
32835861,Обличение лжеучения русских сектантов-рационалистов.,,,,Кальнев М. А.,1913,,Епархиальный дом Александровский,Одесса,,658,Russian (Old),205,,,,,,,,,,,,,,0,,,,,,,1,547031745,pdf,7EF143E3221445834B593F9097A2F483,,,Кальнев М. А. Обличение лжеучения русских сектантов-рационалистов. 1913.pdf,0,2021-05-16 08:41:29,2021-05-16 13:42:46,2982000/7ef143e3221445834b593f9097a2f483-g.jpg,,
32835862,Живые слова Л. Н. Толстого (За последние 25 лет его жизни).,,,,Тенеромо И. Б.,1912,,Книгоиздательство К.И. Тихомирова,,,515,Russian (Old),,,,2007083809,,,,,,,,,,,0,,,,,,,1,330719330,pdf,BEA15211152D8E361DC019791F27A0AD,,,Тенеромо И. Б. Живые слова Л. Н. Толстого (За последние 25 лет его жизни). 1912.pdf,0,2021-05-16 08:46:56,2021-05-16 13:42:47,2982000/bea15211152d8e361dc019791f27a0ad-g.jpg,,2007083809
32835863,Сборник 17-ти главнейших противосектантских бесед.,,,,Кальнев М. А.,1913,,Епархиальный дом Александровский,Одесса,,385,Russian (Old),205,,,,,,,,,,,,,,0,,,,,,,1,328438883,pdf,2523343729B153A79B4230391EEFE063,,,Кальнев М. А. Сборник 17-ти главнейших противосектантских бесед. 1913.pdf,0,2021-05-16 08:51:58,2021-05-16 13:42:48,2982000/2523343729b153a79b4230391eefe063-g.jpg,,
32835864,"Русские сектанты, их учение, культ и способы пропаганды.",,,,Кальнев М. А.,1913,,Тип. Е.И. Фесенко,Одесса,,344,Russian (Old),205,,,,,,,,,,,,,,0,,,,,,,1,292530544,pdf,1CB38A5DCF6E96D112D890D635C5626B,,,"Кальнев М. А. Русские сектанты, их учение, культ и способы пропаганды. 1911.pdf",0,2021-05-16 08:55:00,2021-05-16 13:42:48,2982000/1cb38a5dcf6e96d112d890d635c5626b-g.jpg,,
32835865,"Деяния Первого Всероссийского собора христиан-поморцев, приемлющих брак.",,,,Л. Пичугин,1909,,,,,468,Russian (Old),205,,,,,,,,,,,,,,0,,,,,,,1,585721897,pdf,28EB133A2F5AB0CF612D1A1A1E5339D5,,,"Деяния Первого Всероссийского собора христиан-поморцев, приемлющих брак. 1909.pdf",0,2021-05-16 09:15:10,2021-05-16 13:42:50,2982000/28eb133a2f5ab0cf612d1a1a1e5339d5-g.jpg,,
32835866,Записки Крымского общества естествоиспытателей и любителей природы,5,,,Н.К. Клепинин (ред),1915,,,Симферополь,,117,Russian (Old),,,,,,,,,,,,,,,300,,,,,,,0,9405046,djvu,D3066D54B70B1626D42F0DC6A2EB6F5F,,,"Записки Крымского общества естествоиспытателей и любителей природы. Т. 5. Симферополь, 1915.djvu",0,2021-05-17 07:51:12,2021-05-17 12:22:56,2982000/d3066d54b70b1626d42f0dc6a2eb6f5f-g.jpg,,
32835867,Полное собрание сочинений Оскара Уальда,1-2,,,"Оскар Уальд, К.И. Чуковский (ред.)",1912,,Издание А.Ф. Маркса,СПбъ,,700,Russian (Old),,,,,,,,,,,,,,,0,,,,,,1,0,331836115,pdf,D2277519EC1010172163FC82352858D9,,,Уайльд О. - Полное собрание сочинений. Т. 1-2 - 1912.pdf,0,2021-05-23 08:48:14,2021-05-24 01:41:24,2986000/d2277519ec1010172163fc82352858d9-g.jpg,,
32835868,Полное собрание сочинений Оскара Уайльда,3-4,,,"Оскар Уайльд, К.И. Чуковский (ред.)",1912,,Издание А.Ф. Маркса,СПбъ,,524,Russian (Old),,,,,,,,,,,,,,,0,,,,,,1,0,244174099,pdf,C453487ECB5B79B6D2A9A82514483F63,,,Уайльд О. - Полное собрание сочинений. Т. 3 - 1912.pdf,0,2021-05-23 08:54:08,2021-05-24 01:41:24,2986000/c453487ecb5b79b6d2a9a82514483f63-g.jpg,,
32835869,"Словарь церковно-славянского и русского языка, составленный Вторым отделением Императорской академии наук. Т. I-II",,,,Коллектив авторов,1847,,Императорская академия наук,СПбъ,,916,Russian (Old),,,,,,,,,,,,,,,0,,,,,,1,0,1042079679,pdf,113BD2DA945E7671DBC0FC4E2F6C1096,,,Словарь церковно-славянского и русского языка. Т. 1-2 - 1847.pdf,0,2021-05-23 09:42:54,2021-05-24 01:41:26,2986000/113bd2da945e7671dbc0fc4e2f6c1096-g.jpg,,
32835870,Словарь церковно-славянского и русского языка. Т. III-IV,,,,Коллектив авторов,1847,,Императорская академия наук,СПбъ,,1086,Russian (Old),,,,,,,,,,,,,,,0,,,,,,1,0,886266297,pdf,E6B58CE1ED0A03872EE419ED9B2F90B6,,,Словарь церковно-славянского и русского языка. Т. 3-4 - 1847.pdf,0,2021-05-23 09:49:26,2021-05-24 01:41:26,2986000/e6b58ce1ed0a03872ee419ed9b2f90b6-g.jpg,,
32835871,"Записки Приамурского отдела Императорского Русского Географического Общества. Т. 2, Вып. 1. Общий очерк Анадырской округа.",,,,А.В. Олсуфьев (сост.),1896,,Императорская академия наук,СПбъ,,252,Russian (Old),,,,,,,,,,,,,,,0,,,,,,1,0,155570311,pdf,ADCDE4F8750D6F20FF772CEDAE76D839,,,Записки Приамурского отдела Императорского Русского Географического Общества. Т. 2. Вып. 1 - 1896.pdf,0,2021-05-25 07:30:53,2021-05-25 11:41:24,2987000/adcde4f8750d6f20ff772cedae76d839-g.jpg,,
32835872,"Логика Т.1. Учение о суждении, понятии и выводе.",,,,Зигварт Х.,1908,,Общественная польза,СПбъ,,501,Russian (Old),,,,,,,,,,,,,,,0,,,,,,1,0,67823807,pdf,4009D622538F9790E2EB4D4B6F335BA1,,,Зигвард Х. - Логика. Т. 1 - 1908.pdf,0,2021-05-25 07:15:04,2021-05-25 12:01:34,2987000/4009d622538f9790e2eb4d4b6f335ba1-g.jpg,,
32835873,Логика. Т.2. Выпуск 1-й. Учение о методах,,,,Зигварт Х.,1908,,Общественная польза,СПбъ,,755,Russian (Old),,,,,,,,,,,,,,,0,,,,,,1,0,264811883,pdf,B4484A209DA4D66EB82484AE9F09DD36,,,Зигвард Х. - Логика. Т. 2 - 1908.pdf,0,2021-05-25 07:18:21,2021-05-25 12:01:35,2987000/b4484a209da4d66eb82484ae9f09dd36-g.jpg,,
32835874,Записки приамурского отдела императорского русского географического общества Т. 1 Вып. 3. Основные черты Оро-геологического строения хребта Сихота-Алина.,,,,Д.В. Иванов,1897,,,Хабаровск,,96,Russian (Old),,,,,,,,,,,,,,,0,,,,,,1,0,70671101,pdf,C62BF1454ED2BBD6AAA306F0FA2FAB26,,,Записки Приамурского отдела Императорского Русского Географического Общества. Т. 1. Вып. 3 - 1897.pdf,0,2021-05-25 07:22:57,2021-05-25 12:01:35,2987000/c62bf1454ed2bbd6aaa306f0fa2fab26-g.jpg,,
32835875,Записки Приамурского отдела. Императорского Русского Географического Общества. Т. I. Выпуск  IV.,,,,Коллектив авторов,1896,,,Хабаровск,,338,Russian (Old),,,,,,,,,,,,,,,0,,,,,,1,0,244666085,pdf,159E4BDDECCD6FF8AC1B9BAC3FD595F9,,,Записки Приамурского отдела Императорского Русского Географического Общества. Т. 1. Вып. 4 - 1896.pdf,0,2021-05-25 07:25:58,2021-05-25 12:01:35,2987000/159e4bddeccd6ff8ac1b9bac3fd595f9-g.jpg,,
32835876,Записки Приамурского отдела Императорского Русского Географического Общества. Т. 2. Вып. 3. Поездка в Камчатку  и на р. Анадырь,,,,А. П. Сильницкий,1897,,,Хабаровск,,82,Russian (Old),,,,,,,,,,,,,,,0,,,,,,1,0,193483733,pdf,20871D5DFFDE4C5B8402B431DCADF3A2,,,Записки Приамурского отдела Императорского Русского Географического Общества. Т. 2. Вып. 3 - 1897.pdf,0,2021-05-25 07:34:00,2021-05-25 12:01:36,2987000/20871d5dffde4c5b8402b431dcadf3a2-g.jpg,,
32835877,"Записки Приамурского отдела Императорского  Русского  Географического Общества. Т. 2, Вып. 4. Хамкенская и Пхеньянская ровинция Кореи.",,,,А.Г. Лубенцова,1897,,,Хабаровск,,297,Russian (Old),,,,,,,,,,,,,,,0,,,,,,1,0,190926074,pdf,619F19CF9EC2676993E7B690B0D1C1C8,,,Записки Приамурского отдела Императорского Русского Географического Общества. Т. 2. Вып. 4 - 1897.pdf,0,2021-05-25 07:36:41,2021-05-25 12:01:36,2987000/619f19cf9ec2676993e7b690b0d1c1c8-g.jpg,,
32835878,Записки Приамурского отдела Императорского Русского Географического Общества. Т. 4 Вып. 1.,,,,Коллектив авторов,1898,,,Хабаровск,,158,Russian (Old),,,,,,,,,,,,,,,0,,,,,,1,0,86002250,pdf,425F1FDD55559EEF575711E28351DA0D,,,Записки Приамурского отдела Императорского Русского Географического Общества. Т. 4. Вып. 1 - 1898.pdf,0,2021-05-25 07:37:58,2021-05-25 12:01:36,2987000/425f1fdd55559eef575711e28351da0d-g.jpg,,
32835879,Записки Приамурского отдела Императорского Русского Географического Общества. Т. 4. Вып. 2.,,,,Коллектив авторов,1898,,,Хабаровск,,163,Russian (Old),,,,,,,,,,,,,,,0,,,,,,1,0,92637441,pdf,0835D23FA9E0548DE6C9B4CF76E9CC0D,,,Записки Приамурского отдела Императорского Русского Географического Общества. Т. 4. Вып. 2 - 1898.pdf,0,2021-05-25 07:39:17,2021-05-25 12:01:37,2987000/0835d23fa9e0548de6c9b4cf76e9cc0d-g.jpg,,
32835880,Родныя сказки,Том II,,,Тулупов Н.В.,1914,,,Москва,,196,Russian (Old),,orpk.org,,,,,,,,,,,,,0,1,0,0,1,1,0,1,82006211,pdf,C3AB8767159E007515D24903150AD330,,,1914 - Родные сказки.pdf,0,2021-05-30 23:36:55,2021-05-31 04:21:41,2989000/c3ab8767159e007515d24903150ad330-g.jpg,,
32835881,Трущобные люди,,,,Гиляровскiй Вл.,1887,,Типографiя бр. Вернеръ,Москва,,245,Russian (Old),,orpk.org,,,,,,,,,,,,,0,,0,0,1,1,,1,161125882,pdf,BDE12F62F4278C1E1ED968EF1A82E51C,,,1887 - Трущобные люди. Этюды с натуры.pdf,0,2021-05-30 09:16:26,2021-05-31 04:41:20,2989000/bde12f62f4278c1e1ed968ef1a82e51c-g.jpg,,
32835882,Собранiе запрещенныхъ стихотворенiй,,,,Пушкин А.С.,1918,,,Петербург,,105,Russian (Old),,orpk.org,,,,,,,,,,,,,0,1,0,0,1,1,,0,7488432,pdf,1B282B29FEE880442B7E5FB02EAA6082,,,1918 - Собрание запрещенных стихотворений.pdf,0,2021-05-30 09:19:44,2021-05-31 04:41:21,2989000/1b282b29fee880442b7e5fb02eaa6082-g.jpg,,
32835883,Очерки современныхъ казней,,,,Владимиров В.,1906,,,Москва,,284,Russian (Old),,,,,,,,,,,,,,,0,1,0,0,1,1,0,0,75676759,pdf,25A789C3DA119D4D03F887A91CF8A824,,,1906 - Очерки современных казней.pdf,0,2021-05-30 09:26:49,2021-05-31 04:41:24,2989000/25a789c3da119d4d03f887a91cf8a824-g.jpg,,
32835884,Футуризм и безумие. Параллели творчества и аналоги нового языка кубо-футуристов,,,,Радинъ Е.П.,1914,,Изданiе Н.П. Карбасникова,Санкт-Петербург,,64,Russian (Old),,orpk.org,,,,,,,,,,,,,0,1,0,0,1,1,,1,11648928,pdf,2CE3A1886F8E5F1C6A910D1472C2111D,,,1914 - Футуризм и безумие. Параллели творчества и аналогии нового языка кубо-футуристов.pdf,0,2021-05-30 09:34:16,2021-05-31 04:41:26,2989000/2ce3a1886f8e5f1c6a910d1472c2111d-g.jpg,,
32835885,Японскiя народныя сказки,,,,,1904,3,Редакция журнала «Свѣтлячокъ» и «Путеводный огонекъ»,Москва,,70,Russian (Old),,orpk.org,,,,,,,,,,,,,0,1,0,0,1,1,0,1,17583757,pdf,1F0AC11718335DA3905960A8A556CE3B,,,1904 - Японские народные сказки.pdf,0,2021-05-30 10:01:38,2021-05-31 04:41:28,2989000/1f0ac11718335da3905960a8a556ce3b-g.jpg,,
32835886,Эшафот Эго-футуры,,,,Игнатьевъ И.В.,1914,,Петербургскiй Глашатай,Санкт-Петербург,,20,Russian (Old),,orpk.org,,,,,,,,,,,,,0,1,0,0,1,1,,1,2624065,pdf,A965AD32713A80ADA73592D95F9B45C6,,,1914 - Эшафот Эго-футуры.pdf,0,2021-05-30 10:03:35,2021-05-31 04:41:28,2989000/a965ad32713a80ada73592d95f9b45c6-g.jpg,,
32835887,Портрет Дориана Грея,,,,Уайльд О.,1906,,,,,190,Russian (Old),,orpk.org,,,,,,,,,,,,,0,1,0,0,1,1,0,0,110196676,pdf,C833D3E4F7FBA009BBA862E42B45C706,,,1906 - Портрет Дориана Грея.pdf,0,2021-05-30 10:14:01,2021-05-31 04:41:29,2989000/c833d3e4f7fba009bba862e42b45c706-g.jpg,,
32835888,К вопросу об изменениях в тканях животного организма при хроническом отравлении спорыньей,,,,Кокорин Федор,1884,,,Санкт-Петербург,,120,Russian (Old),,orpk.org,,,,,,,,,,,,,0,1,0,0,1,1,0,1,78727178,pdf,6748C34C618F05997402AA565DBB996B,,,1884 - К вопросу об изменениях в тканях животного организма при хроническом отравлении спорыньей.pdf,0,2021-05-30 10:17:15,2021-05-31 04:41:29,2989000/6748c34c618f05997402aa565dbb996b-g.jpg,,
32835889,Сказка про Марью Моревну,,,,,1904,,,,,22,Russian (Old),,orpk.org,,,,,,,,,,,,,0,1,0,0,1,1,0,1,19000387,pdf,E1ECF2C1807A6226A57B12650926B683,,,1904 - Сказка про Марью Моревну.pdf,0,2021-05-30 10:20:28,2021-05-31 04:41:29,2989000/e1ecf2c1807a6226a57b12650926b683-g.jpg,,
32835890,Игрушка - как начало столярного дела,,,,Федоровъ Вакхъ,1914,,,Москва,,188,Russian (Old),,orpk.org,,2007089825,,,,,,,,,,,0,1,0,0,1,1,0,1,36615003,pdf,FBC23985B2A057A4D35D2501D419527E,,,1914 - Игрушка - как начало столярного дела.pdf,0,2021-05-31 03:36:31,2021-05-31 06:41:27,2990000/fbc23985b2a057a4d35d2501d419527e-g.jpg,,2007089825
32835891,Волкъ и семеро козлятъ,,,,,1984,,,Москва,,24,Russian (Old),,orpk.org,,,,,,,,,,,,,0,0,0,0,1,1,0,1,14982243,pdf,0EBA416DC8EBABF7286BFF4702AABD4E,,,1894 - Волк и семеро козлят.pdf,0,2021-05-30 10:12:29,2021-06-01 00:00:04,2990000/0eba416dc8ebabf7286bff4702aabd4e-g.jpg,,
32835892,Нравственность и безнравственность въ искусствѣ,,,,Бредтъ Е.В.,1914,,,Москва,,140,Russian (Old),,orpk.org,,2018550808,,,,,,,,,,,0,1,0,0,1,1,0,1,42176413,pdf,AF9274D2B9896D0750141EDE3D5BC8D9,,,1914 - Нравственность и безнравственность в искусстве.pdf,0,2021-05-31 07:43:12,2021-06-01 00:21:38,2990000/af9274d2b9896d0750141ede3d5bc8d9-g.jpg,,2018550808
32835893,Букварь «Охота пуще неволи»,,,,"Пановъ В.Н., Соколовъ Н.И.",1909,2,,Москва,,84,Russian (Old),,orpk.org,,,,,,,,,,,,,0,1,0,0,1,1,0,1,34010486,pdf,3954FAAC285A77A15559C69B07E25373,,,1909 - Букварь «Охота пуще неволи».pdf,0,2021-05-31 07:48:57,2021-06-01 00:21:38,2990000/3954faac285a77a15559c69b07e25373-g.jpg,,
32835894,Къ ученiю о формѣ таза взрослой женщины. Тазъ русской женщины,,,,Рунге Г.,1888,,,Санкт-Петербург,,98,Russian (Old),,orpk.org,,2007067410,,,,,,,,,,,0,1,0,0,1,1,0,1,101522146,pdf,4D3FDC9CC578ADD3AE4632DDBC328CD3,,,1888 - К учению о форме таза взрослой женщины. Таз русской женщины.pdf,0,2021-05-31 08:01:29,2021-06-01 00:21:39,2990000/4d3fdc9cc578add3ae4632ddbc328cd3-g.jpg,,2007067410
32835895,"Сани, ладья и кони, какъ принадлежности похороннаго обряда",,,,Анучинъ Д.Н.,1890,,,Москва,,151,Russian (Old),,orpk.org,,2007237466,,,,,,,,,,,0,1,0,0,1,1,0,1,190248378,pdf,037578E6156AFFFC37ADCE7D5D9AF216,,,"1890 - Сани, ладья и кони, как принадлежности похоронного обряда.pdf",0,2021-05-31 08:04:02,2021-06-01 00:21:40,2990000/037578e6156afffc37adce7d5d9af216-g.jpg,,2007237466
32835896,Скоморохи на Руси,,,,Фамицина А.С.,1889,,,Санкт-Петербург,,200,Russian (Old),,orpk.org,,,,,,,,,,,,,0,1,0,0,1,1,0,1,67334050,pdf,789652EA3B13A8855E64498666CF12F9,,,1889 - Скоморохи на Руси.pdf,0,2021-05-31 08:05:55,2021-06-01 00:21:40,2990000/789652ea3b13a8855e64498666cf12f9-g.jpg,,
32835897,Люди луннаго свѣта. Метафизика христiанства,,,,Розановъ В.В.,1911,,,Санкт-Петербург,,208,Russian (Old),,orpk.org,,,,,,,,,,,,,0,1,0,0,1,1,0,1,148871495,pdf,E5B76A3D7B8B32EE29C7803F68535CA3,,,1911 - Люди лунного света. Метафизика христианства.pdf,0,2021-05-31 23:56:52,2021-06-01 13:01:06,2990000/e5b76a3d7b8b32ee29c7803f68535ca3-g.jpg,,
32835898,Пощечина общественному вкусу. Стихи. Проза. Статьи,,,,"Д. Бурлюкъ, И. Бурлюкъ, А. Крученыхъ, В. Кандинскій, В. Лившицъ, В, ІѴІаяковскій, В. Хлѣбниковъ",1913,,,,,110,Russian (Old),,orpk.org,,,,,,,,,,,,,0,1,0,0,1,1,0,1,15263944,pdf,F80093D9D954569C5BC2E657A6F0E9B7,,,1913 - Пощечина общественному вкусу. Стихи. Проза. Статьи.pdf,0,2021-05-31 23:59:14,2021-06-01 13:01:06,2990000/f80093d9d954569c5bc2e657a6f0e9b7-g.jpg,,
32835899,Ноа-ноа. Путешествiе на Таити,,,,Поль Гогэнъ,1914,,,Москва,,164,Russian (Old),,orpk.org,,,,,,,,,,,,,0,1,0,0,1,1,0,0,83162662,pdf,D4571EA77699DF3BB8C57D59FB40DF58,,,1914 -  Ноа-ноа. Путешествие на Таити.pdf,0,2021-06-01 00:20:22,2021-06-01 13:01:07,2990000/d4571ea77699df3bb8c57d59fb40df58-g.jpg,,
32835900,Московскiя норы и трущобы,,,,Левитова А.,1869,"2, дополненное",,Санкт-Петербург,,588,Russian (Old),,orpk.org,,2007084382,,,,,,,,,,,0,1,0,0,1,1,0,1,479325663,pdf,D5AD9876FC50BBF752EA1D91242F75B7,,,1869 - Московские норы и трущобы.pdf,0,2021-06-01 00:24:00,2021-06-01 13:01:08,2990000/d5ad9876fc50bbf752ea1d91242f75b7-g.jpg,,2007084382
32835901,Растенiя-дармоѣды и растенiя-хищники,,"Научно-популярная библиотека для народа, №28",,Лункевич В.,1912,5,,Санкт-Петербург,,66,Russian (Old),,orpk.org,,,,,,,,,,,,,0,1,0,0,1,1,0,1,24986313,pdf,084B094CDD4393E018B57D807914B2B9,,,1912 - Растения-дармоеды и растения-хищники.pdf,0,2021-06-01 00:28:01,2021-06-01 13:01:08,2990000/084b094cdd4393e018b57d807914b2b9-g.jpg,,
32835902,Чудеса общежитiя. Жизнь первобытнаго человѣка и современныхъ дикарей,,,,Лункевич В.,1912,3,,,,80,Russian (Old),,orpk.org,,2007077099,,,,,,,,,,,0,1,0,0,1,1,0,1,31827430,pdf,8A6298CC7A247F1010C0F34FBA464C12,,,1912 - Чудеса общежития. Жизнь первобытного человека и современных дикарей.pdf,0,2021-06-01 00:36:41,2021-06-01 13:01:09,2990000/8a6298cc7a247f1010c0f34fba464c12-g.jpg,,2007077099
32835903,"Черепа изъ старыхъ московскихъ кладбищъ, находящиеся въ Краниологическомъ собранiи Общества любителей естествознанiя",,"Антропологические материалы, часть 2, выпуск 4",,Богданов А.П.,1879,,,Москва,,23,Russian (Old),,orpk.org,,2007237525,,,,,,,,,,,0,1,0,0,1,1,0,1,41588433,pdf,FAB362485DE20DF22CC57BF0EF8C25C4,,,"1879 - Черепа из старых московских кладбищ, находящиеся в Краниологическом собрании Общества любителей естествознания.pdf",0,2021-06-01 00:46:17,2021-06-01 13:01:10,2990000/fab362485de20df22cc57bf0ef8c25c4-g.jpg,,2007237525
32835904,Источники русско-литовского права,,,,Леонтович Ф.,1894,,,,,82,Russian (Old),,,,,,,,,,,,,,,0,,,,,,,1,23723014,pdf,7E5D74C56BF6DD912B674D7657AC4702,,,Леонтович Ф. Источники русско-литовского права (1894).pdf,0,2021-06-02 11:18:08,2021-06-03 03:21:49,2991000/7e5d74c56bf6dd912b674d7657ac4702-g.jpg,,
32835905,К вопросу об удельных князьях и местном управлении в литовско-русском государстве,,,,Любавский М.,1894,,,,,56,Russian (Old),,,,,,,,,,,,,,,0,,,,,,,1,24235105,pdf,20CAB36B7F7976C3AFAD0F4276CCDF39,,,Любавский М. К вопросу об удельных князьях и местном управлении в литовско-русском государстве (1894).pdf,0,2021-06-02 11:48:43,2021-06-03 03:21:50,2991000/20cab36b7f7976c3afad0f4276ccdf39-g.jpg,,
32835906,Ботаническая география,,,,Дильс А.,1916,,,Петроградъ,,138,Russian (Old),,,,,,,,,,,,,,,600,,,,,,,0,2148823,djvu,90707AF07D66C51A42F8687296183647,,,"Дильс А. Ботаническая география. Петроград, 1916.djvu",0,2021-06-03 01:33:04,2021-06-03 04:40:44,2992000/90707af07d66c51a42f8687296183647-g.jpg,,
32835907,Звери Кавказа. Ч. 1. Китообразные и копытные.,,,,Н.Я. Динник,1910,,,Тифлис,,260,Russian (Old),,,,,,,,,,,,,,,600,,,,,,,0,7148366,djvu,286F1BA0F5AF5181AFA37F587A8E76A1,,,"Динник Н.Я. Звери Кавказа. Ч. 1. Китообразные и копытные. Тифлис, 1910.djvu",0,2021-06-03 01:34:00,2021-06-03 04:40:44,2992000/286f1ba0f5af5181afa37f587a8e76a1-g.jpg,,
32835908,Натуралист в Восточной Африке,,,,Догель В.А.,1916,,А.С. Панафидин,Петроградъ,,118,Russian (Old),,,,,,,,,,,,,,,600,,,,,,,0,6319018,djvu,D6E7DC2B18A06FD952735CA5CD8A8981,,,"Догель В.А. Натуралист в Восточной Африке. Петроград, 1916.djvu",0,2021-06-03 01:39:58,2021-06-03 04:40:44,2992000/d6e7dc2b18a06fd952735ca5cd8a8981-g.jpg,,
32835909,Наука о войнѣ. О соцiологическомъ изученiи войны,,,,Головинъ Н.Н.,1938,,,Париж,,256,Russian (Old),,orpk.org,,,,,,,,,,,,,0,1,0,0,1,0,0,0,61178328,pdf,04FC298DFA6312A5587018DE340628AF,,,1938 - Наука о войне.pdf,0,2021-06-03 03:33:55,2021-06-04 08:40:03,2992000/04fc298dfa6312a5587018de340628af-g.jpg,,
32835910,"Новой способъ, какъ узнать можно каждаго человѣка свойства по его сложениямъ",,,,Скоти М.,1781,,,,,168,Russian (Old),,orpk.org,,,,,,,,,,,,,0,,0,0,1,1,0,0,145657437,pdf,E46C81362F9241ACE325E629473610AA,,,"1781 - Новой способ, как узнать можно каждаго человека свойства по его сложениям.pdf",0,2021-06-03 03:39:43,2021-06-04 08:41:02,2992000/e46c81362f9241ace325e629473610aa-g.jpg,,
32835911,Сказки русскаго народа,Выпуск 8,,,Гатцук В.А.,1902,,Ступин А.Д.,Москва,,42,Russian (Old),,orpk.org,,,,,,,,,,,,,0,1,0,0,1,1,0,1,19221950,pdf,F879CFA59F5345091045733CC065DACC,,,1902 - Сказки русскаго народа. Выпуск 8.pdf,0,2021-06-03 05:56:35,2021-06-04 08:41:04,2992000/f879cfa59f5345091045733cc065dacc-g.jpg,,
32835912,Сказки русскаго народа,Выпуск 16,,,Гатцук В.А.,1902,,Ступин А.Д.,Москва,,43,Russian (Old),,orpk.org,,,,,,,,,,,,,0,1,0,0,1,1,0,1,19123976,pdf,DB8259F59B1B17A0A057DACACB20E71B,,,1902 - Сказки русскаго народа.pdf,0,2021-06-03 05:58:29,2021-06-04 08:41:04,2992000/db8259f59b1b17a0a057dacacb20e71b-g.jpg,,
32835913,"Исторiя насѣкомыхъ, вредныхъ для человѣка, для скота, для хлѣбопашества и садоводства",,,,,1794,,,Москва,,314,Russian (Old),,orpk.org,,,,,,,,,,,,,0,1,0,0,1,1,0,0,166545698,pdf,22DA22ADC1484E68B171030FD2F64591,,,"1794 -  История насекомых, вредных для человека, для скота, для хлебопашества и садоводства.pdf",0,2021-06-05 01:13:15,2021-06-05 09:02:03,2993000/22da22adc1484e68b171030fd2f64591-g.jpg,,
32835914,Раpсказы дѣдушки про сѣдую старину,,,,,1870,,,Москва,,270,Russian (Old),,orpk.org,,,,,,,,,,,,,0,1,0,0,1,1,0,0,64167844,pdf,DCC99440819E68C3AE88F7816B6790EC,,,1870 - Рассказы дедушки про седую старину.pdf,0,2021-06-05 01:15:49,2021-06-05 09:02:03,2993000/dcc99440819e68c3ae88f7816b6790ec-g.jpg,,
32835915,"Любовная школа, или Подробное изъяснение всѣх степеней и таинствъ любовной науки",,,,,1791,,,Москва,,74,Russian (Old),,orpk.org,,,,,,,,,,,,,0,1,0,0,1,1,0,0,43335090,pdf,EADB06A877EB82B3F96C11DD3AB58456,,,"1791 - Любовная школа, или Подробное изъяснение всех степеней и таинств любовной науки.pdf",0,2021-06-05 01:18:30,2021-06-05 09:02:04,2993000/eadb06a877eb82b3f96c11dd3ab58456-g.jpg,,
32835916,Любовныя утѣхи,,,,,1780,2,,Москва,,44,Russian (Old),,orpk.org,,,,,,,,,,,,,0,1,0,0,1,1,0,0,14353711,pdf,B2DC77B1971F53CE52CFD40EF9CEEAEC,,,1780 - Любовныя утехи.pdf,0,2021-06-05 01:23:53,2021-06-05 09:02:04,2993000/b2dc77b1971f53ce52cfd40ef9ceeaec-g.jpg,,
32835917,"Жизнь Давыда Гумма, описанная имъ самимъ",,,,,1781,,,Москва,,64,Russian (Old),,orpk.org,,,,,,,,,,,,,0,1,0,0,1,1,0,0,33051308,pdf,5589A279C04127385E8988E90659EDF9,,,"1781 - Жизнь Давыда Гумма, описанная им самим.pdf",0,2021-06-05 01:25:25,2021-06-05 09:02:04,2993000/5589a279c04127385e8988e90659edf9-g.jpg,,
32835918,Кавказскiя преданiя и легенды,,,,Свѣтловъ В.,1895,,,Санкт-Петербург,,284,Russian (Old),,orpk.org,,2010456786,,,,,,,,,,,0,,0,0,1,1,0,1,189062139,pdf,B836A6895F445EC2BBBD997200D53DD0,,,1895 - Кавказские предания и легенды.pdf,0,2021-06-05 01:28:04,2021-06-05 09:02:04,2993000/b836a6895f445ec2bbbd997200d53dd0-g.jpg,,2010456786
32835919,Законы Вселенной,,,,"Э.Амига, Г.М.Пекаторос",1895,2,,Одесса,173,190,Russian (Old),,,,,,,,,,,,,,,0,,,,,,,1,53829796,pdf,DD5E9D1D605214935A6255C482B69FF1,,,Амиг Э._Законы Вселенной_1895.pdf,0,2021-06-08 03:45:53,2021-06-08 13:21:09,2996000/dd5e9d1d605214935a6255c482b69ff1-g.jpg,"Астрономия, история, научно-популярное",
32835920,По немногу обо всем из трех царст природы,,,,Вебер Карл Карлович,1883,,Сотрудник школ,М.,160,174,Russian (Old),,,,2011097449,,,,,,,,,,,0,,,,,,,1,84367238,pdf,58DDECAB06B66BB45CFFC9B01FB8AB74,,,По немногу обо всем из трех царст природы_1883.pdf,0,2021-06-08 04:33:01,2021-06-08 13:21:15,2996000/58ddecab06b66bb45cffc9b01fb8ab74-g.jpg,,2011097449
32835921,"Духовное развитие в первом детстве, с указаниями для родителей о его наблюдении",,,,Прейер Вильгельм Тьерри,1894,,Изд. А. Альмедингена,С-П,261,265,Russian (Old),,,,2007338372,,,,,,,,,,,0,,,,,,,1,11339977,pdf,F326252C665BD8A1C32CDA3751F21FDD,,,Прейер В._Духовное развитие в первом детстве_1894.pdf,0,2021-06-08 04:44:48,2021-06-08 13:21:16,2996000/f326252c665bd8a1c32cda3751f21fdd-g.jpg,,2007338372
32835922,"Обзор внешних сношений России (по 1800 год). Часть 3 (Курляндия, Лифляндия, Эстляндия, Финляндия, Польша и Португалия)",,,,Бантыш-Каменский Н.,1897,,,,,340,Russian (Old),,,,,,,,,,,,,,,0,,,,,,,1,209066651,pdf,A8C621CDA486FECAA182C58E6496ABB3,,,"Бантыш-Каменский Н. Обзор внешних сношений России (по 1800 год). Часть 3 (Курляндия, Лифляндия, Эстляндия, Финляндия, Польша и Португалия) (1897).pdf",0,2021-06-09 08:25:34,2021-06-09 11:40:51,2999000/a8c621cda486fecaa182c58e6496abb3-g.jpg,,
32835923,Очерки русской исторической географии. География начальной (Несторовой) летописи,,,,Барсов Н.,1885,,,,,392,Russian (Old),,,,,,,,,,,,,,,0,,,,,,,1,134005130,pdf,A78DF896500E15C076010FD771140251,,,Барсов Н. Очерки русской исторической географии. География начальной (Несторовой) летописи (1885).pdf,0,2021-06-10 11:56:07,2021-06-11 00:21:13,3000000/a78df896500e15c076010fd771140251-g.jpg,,
32835924,Джироламо Савонарола и его время,Томъ I,,,Виллари Пасквале,1913,,,,,436,Russian (Old),,,,,,,,,,,,,,,0,0,1,0,1,1,1,0,31303004,pdf,74A7335A1ED1E815CA17C02CE9147D13,,,Виллари П. - Джироламо Савонарола и его время. Том 1 - 1913.pdf,0,2021-06-17 08:40:41,2021-06-17 12:00:26,3004000/74a7335a1ed1e815ca17c02ce9147d13-g.jpg,,
32835925,Джироламо Савонарола и его время,Томъ II,,,Виллари Пасквале,1913,,,,,493,Russian (Old),,,,,,,,,,,,,,,0,0,1,0,1,1,1,0,33556840,pdf,0D37A2E4EA945A2FA8B644845A0070DC,,,Виллари П. - Джироламо Савонарола и его время. Том 2 - 1913.pdf,0,2021-06-17 08:40:41,2021-06-17 12:00:26,3004000/0d37a2e4ea945a2fa8b644845a0070dc-g.jpg,,
32835926,Сельская школа. Сборникъ статей,,,,Рачинский С.А.,1891,,,Москва,,250,Russian (Old),,,,,,,,,,,,,,,0,0,1,0,1,1,0,1,5366921,pdf,FAB4C8C44644D4909291936A3C228715,,,Rachinskiy_SA_Selskaya_shkola.pdf,0,2021-06-21 03:18:51,2021-06-21 09:01:04,3008000/fab4c8c44644d4909291936a3c228715-g.jpg,,
32835927,Сказки,,,,,1906,,,,,20,Russian (Old),,orpk.org,,2011138744,,,,,,,,,,,0,1,0,0,1,1,0,1,16089468,pdf,32E98F0AB2C1D363EB4BF6596CCFD98E,,,1906 - Сказки.pdf,0,2021-06-22 04:17:22,2021-06-22 09:02:09,3008000/32e98f0ab2c1d363eb4bf6596ccfd98e-g.jpg,,2011138744
32835928,Детки земли,,,,,1917,,,,,29,Russian (Old),,orpk.org,,2015061675,,,,,,,,,,,0,1,0,0,1,1,0,1,17645662,pdf,DD05183076A1876297337D854632CD20,,,1917 - Детки земли.pdf,0,2021-06-22 04:19:39,2021-06-22 09:02:09,3008000/dd05183076a1876297337d854632cd20-g.jpg,,2015061675
32835929,Защита аэроната,,,,Цiолковскiй К.,1911,,,Калуга,,18,Russian (Old),,orpk.org,,,,,,,,,,,,,0,1,0,0,1,1,0,1,25036010,pdf,69A6B719272C336FD4AC48FEC8D669D8,,,1911 - Защита аэроната.pdf,0,2021-06-22 05:21:40,2021-06-22 09:02:11,3008000/69a6b719272c336fd4ac48fec8d669d8-g.jpg,,
32835930,Демонъ,,,,Лермонтов М.Ю.,1910,,,,,115,Russian (Old),,orpk.org,,,,,,,,,,,,,0,1,0,0,1,1,0,1,43447786,pdf,57AD59248F81FE0A47C53AF5583BCCEF,,,1910 - Демон.pdf,0,2021-06-22 06:53:53,2021-06-22 22:53:23,3009000/57ad59248f81fe0a47c53af5583bccef-g.jpg,,
32835931,Русское зодчество по преданиямъ народной старины,,,,Сусловъ В.В.,1911,,,Санкт-Петербург,,80,Russian (Old),,orpk.org,,,,,,,,,,,,,0,1,0,0,1,1,0,0,34665528,pdf,3204E1806DA056C464EE595B7E07E8AC,,,1911 - Русское зодчество по преданиям народной старины.pdf,0,2021-06-23 08:52:55,2021-06-23 12:00:28,3009000/3204e1806da056c464ee595b7e07e8ac-g.jpg,,
32835932,Затычка,,,,"Хлѣбниковъ Велимiръ, Бурлюки Давидъ, Владимiръ, Николай",1913,,Гилея,,,47,Russian (Old),,orpk.org,,,,,,,,,,,,,0,1,0,0,1,1,0,0,15135130,pdf,9EC01994D73050DFDD45B1351F3C9FAA,,,1913 - Затычка.pdf,0,2021-06-23 08:56:50,2021-06-23 12:00:29,3009000/9ec01994d73050dfdd45b1351f3c9faa-g.jpg,,
32835933,Вешнiй цвѣт. Рассказы для дѣтей средняго возраста,,,,Дмитрiева В.I.,1911,,,Санкт-Петербург,,368,Russian (Old),,orpk.org,,,,,,,,,,,,,0,1,0,0,1,0,0,1,106517213,pdf,291763B39E6090A68CBF820EFCC2CFF0,,,1911 - Вешний цвет.pdf,0,2021-06-25 09:15:11,2021-06-25 23:20:02,3011000/291763b39e6090a68cbf820efcc2cff0-g.jpg,,
32835934,Душа Японiи,,,,Кокоро,1910,,,,,366,Russian (Old),,orpk.org,,2007334149,,,,,,,,,,,0,1,0,0,1,1,0,1,115046649,pdf,8932F420DA184CD18029C78D3C168345,,,1910 - Душа Японии.pdf,0,2021-06-25 09:26:57,2021-06-25 23:21:06,3011000/8932f420da184cd18029c78d3c168345-g.jpg,,2007334149
32835935,Путешествiе пилигрима,,,,Бюнiанъ Джонъ,1903,,Изданiе Ф.А. Семенова,Санкт-Петербург,,175,Russian (Old),,,,2011094686,,,,,,,,,,,0,0,0,0,0,1,0,1,112002022,pdf,4815C6139D0B021B0276C40308A7EBA8,,,Путешествие_пилигрима.pdf,0,2021-06-25 09:30:44,2021-06-25 23:21:07,3011000/4815c6139d0b021b0276c40308a7eba8-g.jpg,,2011094686
32835936,Полное собрание сочинений,,,,Тютчев Ф.И.; Быков П.В. (ред.),1913,,Издание А.Ф. Маркса,СПбъ,,463,Russian (Old),,,,,,,,,,,,,,,0,,,,,,1,0,196024700,pdf,97BC766C4679C59E2351E5C16A51359C,,,Тютчев Ф.И. - Полное собрание сочинений - 1913.pdf,0,2021-06-25 23:55:12,2021-06-26 08:40:33,3011000/97bc766c4679c59e2351e5c16a51359c-g.jpg,,
32835937,How to Protect Investors: Lessons from the EC and the UK (International Corporate Law and Financial Market Regulation),,,,Niamh Moloney,2010,1,,,502,502,English,306,,до 2011-01,"0521888700,9780521888707",,,,,332.6094,HG4524 .M65 2010,,,OL23832677M,,0,,,,1,0,,1,5239893,pdf,7079bfcf45097364d9b171a214955a88,,,F:\\Library.nu\\70\\_169789.7079bfcf45097364d9b171a214955a88.pdf,0,2011-06-04 06:46:07,2019-12-21 13:23:21,419000/7079bfcf45097364d9b171a214955a88-d.jpg,Финансово-экономические дисциплины;Инвестиции;,"0521888700,9780521888707"
32835938,Изучение Kali Linux.,,,,Мессье Р.,2018,,O'Relly,,,584,Russian,,,,,,,,,,,,,,,600,,,,,,,0,8582667,djvu,3BA7B8D072E5F544E05E2362702E18E9,,,Мессье Р. Изучение Kali Linux. (2018).djvu,0,2021-07-01 05:43:46,2021-07-01 09:00:49,3015000/3ba7b8d072e5f544e05e2362702e18e9-g.jpg,,
32835939,Численные методы максимина.,,,,Федоров В.В.,1979,,Наука,М.,,281,Russian,,,,,,,,,,,,,,,600,,,,,,,1,4035903,djvu,3B19F4D97D2D3C05D6C11666DA9E70AB,,,Федоров В.В. Численные методы максимина. (1979)(4 Mb).djvu,0,2021-07-01 05:07:46,2021-07-01 08:20:33,3015000/3b19f4d97d2d3c05d6c11666da9e70ab-g.jpg,,
32835940,Ecology and Literatures in English: Writing to Save the Planet,,,,Françoise Besson,2019,,Cambridge Scholars Publishing,,,555,English,,,,"1527518043,9781527518049",,,,,,,,,,,0,,,,,,1,1,3615099,pdf,977CDBE6A7F2D29197DC5E39C02F1611,,,Ecology and Literatures in English Writing to Save the Planet_nodrm.pdf,0,2021-07-01 14:47:37,2021-07-01 14:47:37,977cdbe6a7f2d29197dc5e39c02f1611-g.jpg,,"1527518043,9781527518049"
32835941,Refocus: the Films of Paul Leni,,(ReFocus: The International Directors Series),,"Erica Tortolani (editor), Martin F. Norden (editor)",2021,,Edinburgh University Press,,240,289,English,60,,,"1474454518,9781474454513",,,,,,,,,,,0,,,,,,1,1,6335076,pdf,69F0B0BC9BCFAD86CF85F3573F020228,,,6670_Tortolani.indd - mac5.pdf,0,2021-07-01 15:24:47,2021-07-01 15:24:47,69f0b0bc9bcfad86cf85f3573f020228-g.jpg,"Film Studies, Cultural Studies, Cinema, German Films, Expressionism, Expressionism in Cinema","1474454518,9781474454513"
32835942,History in a Post-Truth World: Theory and Praxis,,(Routledge Approaches to History 39),,"Marius Gudonis (editor), Benjamin T. Jones (editor)",2020,1,Routledge,,330,331,English,64,,,"0367333244,9780367333249",,,,,,,,,,,0,,,,,,1,1,2928043,pdf,EBA2B323FD264E93921DA3D390A2FE0C,,,History in a Post-Truth World; Theory and - Marius Gudonis.pdf,0,2021-07-01 15:30:48,2021-07-01 15:30:48,eba2b323fd264e93921da3d390a2fe0c-g.jpg,"Post-Truth, History","0367333244,9780367333249"
32835943,The Emergence of Literature: An Archaeology of Modern Literary Theory,,,,Jacob Bittner,2020,,Bloomsbury Academic,,256,249,English,102,,,"1501354248,9781501354243",,,,,,,,,,,0,,,,,,1,1,20573715,pdf,615F5741F42A1FF7291707C263ECD20D,,,The Emergence of Literature_ An Archaeolog - Jacob Bittner.pdf,0,2021-07-01 16:08:03,2021-07-01 16:08:03,615f5741f42a1ff7291707c263ecd20d-g.jpg,"Literary Criticism, Critical Thinking, Literary Theory,  Modern Literary Theory","1501354248,9781501354243"
32835944,"Calcutta, The Living City Volume II: The Present and the Future",,,,Sukanta Chaudhuri,1995,,Oxford University Press,,380,389,English,,,,"019563697X,9780195636970",,,,,,,,,,,0,0,0,0,1,1,0,0,129854686,pdf,5BAB7E8F481A318360234A3F33B88C58,,,Calcutta v2.pdf,0,2021-07-01 01:26:38,2021-07-01 07:41:27,3015000/5bab7e8f481a318360234a3f33b88c58-g.jpg,,"019563697X,9780195636970"
32835945,"Основы садово-паркового хозяйства : методические рекомендации к лабораторным занятиям для студентов специальности 1 - 75 01 01 \Лесное хозяйство\""""",,,,"Макознак, Наталия Александровна",0,,,,69,69,Russian,,,,,,,,,,,,,,,0,,,,,,,1,3223355,pdf,3936490D5AC70A378C13E3B368CCFC36,,,book1215.pdf,0,2021-06-28 00:24:29,2021-06-28 00:24:30,3936490d5ac70a378c13e3b368ccfc36-g.jpg,,
32835946,"Нормативная документация в ландшафтном строительстве : тексты лекций для студентов специальности 1-75 02 01 \Садово-парковое строительство\""""",,,,"Березко, Ольга Михайловна",0,,,,60,60,Russian,,,,,,,,,,,,,,,0,,,,,,,1,568386,pdf,64A81E1482512BD27869542C17D059CF,,,book1215.pdf,0,2021-06-28 00:24:54,2021-06-28 00:24:55,64a81e1482512bd27869542c17d059cf-g.jpg,,
32835947,Великая Отечественная война советского народа (в контексте Второй мировой войны),,,,"Коледа, Инна Владимировна",0,,,,92,92,Russian,,,,,,,,,,,,,,,0,,,,,,,1,722051,pdf,20E580C14C00E08BCDFC9D869EAD48B6,,,book1215.pdf,0,2021-06-28 00:25:24,2021-06-28 00:25:25,20e580c14c00e08bcdfc9d869ead48b6-g.jpg,,
32835948,Информационные технологии. Разработка Web-сайта на основе HTML с использованием JavaScript,,,,"Жиляк, Надежда Александровна",0,,,,61,61,Russian,,,,,,,,,,,,,,,0,,,,,,,1,743444,pdf,769A5B638BD861A7EF7BF4108F9F22E4,,,book1215.pdf,0,2021-06-28 00:25:45,2021-06-28 00:25:46,769a5b638bd861a7ef7bf4108f9f22e4-g.jpg,,
32835949,Технология переработки пластмасс,,,,"Прокопчук, Николай Романович",0,,,,106,106,Russian,,,,,,,,,,,,,,,0,,,,,,,1,672442,pdf,530573BBD2808FEB85A06B695BCA2B65,,,book1215.pdf,0,2021-06-28 00:26:10,2021-06-28 00:26:11,530573bbd2808feb85a06b695bca2b65-g.jpg,,
32835950,"Микробиологические методы контроля качества пищевых продуктов : программа, методические указания, контрольные задания и лабораторные работы для студентов специальности 1054 01 03 \Физико-химические методы и приборы контроля качества продукции\"" заочной формы обучения""",,,,"Игнатенко, Аркадий Васильевич",0,,,,112,112,Russian,,,,,,,,,,,,,,,0,,,,,,,1,1490162,pdf,5D574D6F58FC9BCB294A80DECE97821D,,,book1215.pdf,0,2021-06-28 00:26:42,2021-06-28 00:26:43,5d574d6f58fc9bcb294a80dece97821d-g.jpg,,
32835951,Инженерная графика. Проекционное черчение,,,,"Касперов, Георгий Иванович",0,,,,108,108,Russian,,,,,,,,,,,,,,,0,,,,,,,1,7884087,pdf,8B91EE8C5A4BF902EAB3D92E06342131,,,book1215.pdf,0,2021-06-28 00:27:25,2021-07-01 14:47:35,8b91ee8c5a4bf902eab3d92e06342131-g.jpg,,
32835952,Детали машин,,,,"Блохин, Алексей Владимирович",0,,,,173,173,Russian,,,,,,,,,,,,,,,0,,,,,,,1,3100299,pdf,301057149F1D644140DC5AA5A847C171,,,book1215.pdf,0,2021-06-28 00:29:41,2021-06-28 00:29:42,301057149f1d644140dc5aa5a847c171-g.jpg,,
32835953,Детали машин : учебно-методическое пособие,,,,"Осоко, Сергей Анатольевич",0,,,,94,94,Russian,,,,,,,,,,,,,,,0,,,,,,,1,1921931,pdf,629056C787F605C630656D58E8BBC394,,,book1215.pdf,0,2021-06-28 00:30:11,2021-06-28 00:30:12,629056c787f605c630656d58e8bbc394-g.jpg,,
32835954,"Self-Defense Techniques and How to Win a Street Fight: And Using Mind Power, Spiritual Energy, and Common Sense to Stay Safe",,,,"Goi Jr., James",2021,,James Goi Jr.,,128,0,English,291,,,"9781683470311,9781683470328,9781683470618,1683470311",,,,,,,,,,,0,,,,,,,,2679468,epub,C9564F65145A30965CA4818B03920A2D,,,Self-Defense Techniques and How to Win a Street Fight  by James Goi Jr. (2021).epub,0,2021-07-01 14:48:48,2021-07-01 14:48:48,c9564f65145a30965ca4818b03920a2d-g.jpg,,"9781683470311,9781683470328,9781683470618,1683470311"
32835955,Детали машин. Лабораторный практикум,,,,"Осоко, Сергей Анатольевич",0,,,,172,172,Russian,,,,,,,,,,,,,,,0,,,,,,,1,13317274,pdf,C9E18543C7F615588C3C309253A62901,,,book1215.pdf,0,2021-06-28 00:31:11,2021-06-28 00:31:12,c9e18543c7f615588c3c309253a62901-g.jpg,,
32835956,"Лесные культуры : учебно-методическое пособие по дипломному проектированию для студентов специальности 1-75 01 01 \Лесное хозяйство\""""",,,,"Якимов, Николай Игнатьевич",0,,,,71,71,Russian,,,,,,,,,,,,,,,0,,,,,,,1,712536,pdf,4A3C252F8B72C402C562564D2164D847,,,book1215.pdf,0,2021-06-28 00:31:37,2021-06-28 00:31:38,4a3c252f8b72c402c562564d2164d847-g.jpg,,
32835957,Основы полиграфического производства,,,,"Каледина, Наталья Борисовна",0,,,,72,72,Russian,,,,,,,,,,,,,,,0,,,,,,,1,982345,pdf,CA0923D0FA5CE8FC40F9FE58AA7C9F2A,,,book1215.pdf,0,2021-06-28 00:32:03,2021-06-28 00:32:04,ca0923d0fa5ce8fc40f9fe58aa7c9f2a-g.jpg,,
32835958,Экономика лесного хозяйства. Экономическое обоснование дипломных проектов,,,,"Санкович, Михаил Макарович",0,,,,86,86,Russian,,,,,,,,,,,,,,,0,,,,,,,1,1196981,pdf,74E5DABEC6CCE373BF4840EF90C252E8,,,book1215.pdf,0,2021-06-28 00:32:29,2021-06-28 00:32:30,74e5dabec6cce373bf4840ef90c252e8-g.jpg,,
32835959,"Молекулярная биотехнология : электронный курс лекций для студентов специальности 1-48 02 01 \Биотехнология\""""",,,,"Белясова, Наталья Александровна",0,,,,173,173,Russian,,,,,,,,,,,,,,,0,,,,,,,1,2817104,pdf,135E1C64F3E9618ECBB2E96C003F9453,,,book1215.pdf,0,2021-06-28 00:33:17,2021-06-28 00:33:18,135e1c64f3e9618ecbb2e96c003f9453-g.jpg,,
32835960,Физическая химия. Задания для самостоятельной работы в системе дистанционного обучения,,,,"Болвако, Александр Константинович",0,,,,81,81,Russian,,,,,,,,,,,,,,,0,,,,,,,1,1386980,pdf,6225BC994E1559C9C70A97BCD217B0F0,,,book1215.pdf,0,2021-06-28 00:33:45,2021-06-28 00:33:46,6225bc994e1559c9c70a97bcd217b0f0-g.jpg,,
32835961,Физическая химия : пособие для самостоятельной работы в системе дистанционного обучения для студентов химико-технологических специальностей,,,,"Болвако, Александр Константинович",0,,,,67,67,Russian,,,,,,,,,,,,,,,0,,,,,,,1,1131077,pdf,152475DDC857334C91DB00D0098313C1,,,book1215.pdf,0,2021-06-28 00:34:10,2021-06-28 00:34:11,152475ddc857334c91db00d0098313c1-g.jpg,,
32835962,Разработка мобильных приложений : электронное учебно-методическое пособие,,,,"Пацей, Наталья Владимировна",0,,,,266,266,Russian,,,,,,,,,,,,,,,0,,,,,,,1,9148978,pdf,4F98E3488EF1FA10E0E342824A09AA8C,,,book1215.pdf,0,2021-06-28 00:34:57,2021-06-28 00:34:58,4f98e3488ef1fa10e0e342824a09aa8c-g.jpg,,
32835963,Объектно-ориентированное программирование на С++/C# : лабораторный практикум. Ч. 1,,,,"Пацей, Наталья Владимировна",0,,,,51,51,Russian,,,,,,,,,,,,,,,0,,,,,,,1,834954,pdf,F65ED76BE1F1BB9D6F36154288E603D9,,,book1215.pdf,0,2021-06-28 00:36:33,2021-06-28 00:36:34,f65ed76be1f1bb9d6f36154288e603d9-g.jpg,,
32835964,Гісторыя сусветнай літаратуры. Класіцызм. Барока. Асветніцтва : вучэбна-метадычны дапаможнік,,,,"Федарцова, Тамара Мікалаеўна",0,,,,139,139,Russian,,,,,,,,,,,,,,,0,,,,,,,1,1085656,pdf,2F91B04CE0344FFBBF7BF286BBB2832F,,,book1215.pdf,0,2021-06-28 00:37:14,2021-06-28 00:37:15,2f91b04ce0344ffbbf7bf286bbb2832f-g.jpg,,
32835965,Гісторыя сусветнай літаратуры. Сярэднявечча. Адраджэнне : тэксты лекцый,,,,"Федарцова, Тамара Мікалаеўна",0,,,,133,133,Russian,,,,,,,,,,,,,,,0,,,,,,,1,1015064,pdf,B000DDC4FA231B03CDD9A42C10D93C19,,,book1215.pdf,0,2021-06-28 00:37:38,2021-07-01 14:50:48,b000ddc4fa231b03cdd9a42c10d93c19-g.jpg,,
32835966,Замежная літаратура. Антычны перыяд : вучэбна-метадычны дапаможнік,,,,"Федарцова, Тамара Мікалаеўна",0,,,,88,88,Russian,,,,,,,,,,,,,,,0,,,,,,,1,698044,pdf,9509998E9594B4C81A053361AFD6A969,,,book1215.pdf,0,2021-06-28 00:38:08,2021-07-01 14:50:50,9509998e9594b4c81a053361afd6a969-g.jpg,,
32835967,Системы озеленения населенных мест. Лабораторный практикум. Ч. 1 : Проект ландшафтной организации улицы. Проект ландшафтной организации части микрорайона,,,,"Телеш, Анна Дмитриевна",0,,,,85,85,Russian,,,,,,,,,,,,,,,0,,,,,,,1,2587736,pdf,F3139EDFC1AAB4EEBAFAC75EEC79A1C6,,,book1215.pdf,0,2021-06-28 00:38:58,2021-06-28 00:38:59,f3139edfc1aab4eebafac75eec79a1c6-g.jpg,,
32835968,Системы озеленения населенных мест. Лабораторный практикум. Ч. 2 : Парк,,,,"Сидоренко, Марина Вячеславовна",0,,,,135,135,Russian,,,,,,,,,,,,,,,0,,,,,,,1,9111199,pdf,2D0303B6CBE75A8C827BF9F5A32347D5,,,book1215.pdf,0,2021-06-28 00:39:48,2021-06-28 00:39:49,2d0303b6cbe75a8c827bf9f5a32347d5-g.jpg,,
32835969,Основы полиграфического производства : учебно-методическое пособие,,,,"Каледина, Наталья Борисовна",0,,,,139,139,Russian,,,,,,,,,,,,,,,0,,,,,,,1,2740061,pdf,AF075CA13C9CFF444731BA9D524DDCD2,,,book1215.pdf,0,2021-06-28 00:40:19,2021-06-28 00:40:20,af075ca13c9cff444731ba9d524ddcd2-g.jpg,,
32835970,Технология работы в текстовом процессоре Microsoft Word 2010,,,,"Каледина, Наталья Борисовна",0,,,,278,278,Russian,,,,,,,,,,,,,,,0,,,,,,,1,11770579,pdf,4879A6D06191E1C970A49368C3B70316,,,book1215.pdf,0,2021-06-28 00:41:09,2021-06-28 00:41:11,4879a6d06191e1c970a49368c3b70316-g.jpg,,
32835971,Технико-экономическое обоснование дипломных проектов (работ),,,,"Кузнецова, Галина Федоровна",0,,,,64,64,Russian,,,,,,,,,,,,,,,0,,,,,,,1,606265,pdf,2A42506C80FF37198E05F1C570803728,,,book1215.pdf,0,2021-06-28 00:42:50,2021-06-28 00:42:52,2a42506c80ff37198e05f1c570803728-g.jpg,,
32835972,Cabal!: The Plot Against General Washington,,,,Mark Edward Lender,2019,1,Westholme Publishing,,384,0,English,,,,"159416326X,9781594163265",,,,,,,,,,,0,,,,,,,,4747222,epub,5C0D7A04EFDD5060BFAE19FD8EC50CEC,,,Cabal! - The Plot Against General Washington by Mark Edward Lender.epub,0,2021-07-01 14:53:05,2021-07-01 14:53:05,5c0d7a04efdd5060bfae19fd8ec50cec-g.jpg,,"159416326X,9781594163265"
32835973,Meal Prep Made Frugal,,,,C.C. Evans,,,,,33,0,English,49,,,,,B0948HXZZ6,,,,,,,,flavorful meals as you progress in your fitness journey,0,,,,,,,,433307,epub,8214EC7B9C16204712C48B2A724809E0,,,Meal Prep Made Frugal by C.C. Evans (2021).epub,0,2021-07-01 14:57:00,2021-07-01 14:57:00,8214ec7b9c16204712c48b2a724809e0-g.jpg,flavorful meals as you progress in your fitness journey,
32835974,Черчение и моделирование в системе SolidWorks. Лабораторный практикум,,,,"Красковский, Станислав Владимирович",0,,,,73,73,Russian,,,,,,,,,,,,,,,0,,,,,,,1,44115567,pdf,0955A787BC5151D4149DCFC09C4D3276,,,book1215.pdf,0,2021-06-28 00:44:19,2021-06-28 00:44:20,0955a787bc5151d4149dcfc09c4d3276-g.jpg,,
32835975,Основы веб-дизайна : учебно-методическое пособие,,,,"Потапенко, Наталья Ивановна",0,,,,161,161,Russian,,,,,,,,,,,,,,,0,,,,,,,1,12605793,pdf,3438968DA10F5E6E474194FAB968DDFD,,,book1215.pdf,0,2021-06-28 00:45:04,2021-06-28 00:45:05,3438968da10f5e6e474194fab968ddfd-g.jpg,,
32835976,Dig WW2: Rediscovering the Great Wartime Battles,,,,Jean Hood,2013,,Sterling Publishing,,272,0,English,,,,"1844861503,9781844861507",,,,,,,,,,,0,,,,,,,,28366178,epub,EF7CA70EB32D711FF9856F18F1CADE96,,,DIG WW2 - Rediscovering the Great Wartime Battles by Jean Hood.epub,0,2021-07-01 14:59:28,2021-07-01 14:59:28,ef7ca70eb32d711ff9856f18f1cade96-g.jpg,,"1844861503,9781844861507"
32835977,Техническая эксплуатация и ремонт деревообрабатывающего оборудования : учебно-методическое пособие,,,,"Раповец, Вячеслав Валерьевич",0,,,,92,92,Russian,,,,,,,,,,,,,,,0,,,,,,,1,6163848,pdf,960EB6D8AF31E303A3BDC2B8AD05CA7D,,,book1215.pdf,0,2021-06-28 00:45:43,2021-06-28 00:45:44,960eb6d8af31e303a3bdc2b8ad05ca7d-g.jpg,,
32835978,Технология производства мебели и столярно-строительных изделий. Лабораторный практикум,,,,"Шетько, Сергей Васильевич",0,,,,193,193,Russian,,,,,,,,,,,,,,,0,,,,,,,1,6584157,pdf,757AFC9D279006B07E18369D9E0B9ED9,,,book1215.pdf,0,2021-06-28 00:46:16,2021-06-28 00:46:17,757afc9d279006b07e18369d9e0b9ed9-g.jpg,,
32835979,"Английский язык : учеб.-метод. пособие для студ. I курса спец. 1-25 01 07 «Экономика и управление на предприятии», 1-26 02 02 «Менеджмент», 1-26 02 03 «Маркетинг»",,,,"Благодерова, Екатерина Ивановна",0,,,,151,151,Russian,,,,,,,,,,,,,,,0,,,,,,,1,1199302,pdf,52552AA9CDCD96E375B3919C84B9FFF7,,,book1215.pdf,0,2021-06-28 00:46:42,2021-06-28 00:46:43,52552aa9cdcd96e375b3919c84b9fff7-g.jpg,,
32835980,Английский язык : учеб.-метод. пособие с терминологическим словарем для студ. I и II курсов спец. 1-43 01 06 «Энергоэффективные технологии и энергетический менеджмент»,,,,"Кривоносова, Елена Валерьевна",0,,,,113,113,Russian,,,,,,,,,,,,,,,0,,,,,,,1,1677331,pdf,1C3ADC7242F6A2EA1E201DBB24472AF7,,,book1215.pdf,0,2021-06-28 00:47:09,2021-06-28 00:47:10,1c3adc7242f6a2ea1e201dbb24472af7-g.jpg,,
32835981,Английский язык : учеб.-метод. пособие для студ. экономических спец. заочной формы обучения,,,,"Романова, Анна Михайловна",0,,,,90,90,Russian,,,,,,,,,,,,,,,0,,,,,,,1,3973144,pdf,85AB9867965938809B56F062F087E94F,,,book1215.pdf,0,2021-06-28 00:47:42,2021-06-28 00:47:43,85ab9867965938809b56f062f087e94f-g.jpg,,
32835982,"Генетика и селекция : учебно-методическое пособие по практическим занятиям для студентов специальности 1-75 01 01 \Лесное хозяйство\"" очной и заочной форм обучения""",,,,"Поплавская, Лилия Францевна",0,,,,65,65,Russian,,,,,,,,,,,,,,,0,,,,,,,1,1088992,pdf,03E3F19144881B751170242D048E2DE9,,,book1215.pdf,0,2021-06-28 00:48:12,2021-06-28 00:48:13,03e3f19144881b751170242d048e2de9-g.jpg,,
32835983,Методы и оборудование контроля качества полиграфических материалов,,,,"Губарев, Александр Александрович",0,,,,51,51,Russian,,,,,,,,,,,,,,,0,,,,,,,1,755830,pdf,3F723CC2541B082BFE6B0B99E9C2D204,,,book1215.pdf,0,2021-06-28 00:49:24,2021-06-28 00:49:25,3f723cc2541b082bfe6b0b99e9c2d204-g.jpg,,
32835984,"Базы данных : методические указания к выполнению контрольной работы для студентов специальности 1-40 01 02-03 \Информационные системы и технологии (издательско-полиграфический комплекс)\"" заочной формы обучения""",,,,"Смелов, Владимир Владимирович",0,,,,57,57,Russian,,,,,,,,,,,,,,,0,,,,,,,1,961344,pdf,FD8951EFCC5D441ACFD9A35214EC0895,,,book1215.pdf,0,2021-06-28 00:51:08,2021-06-28 00:51:09,fd8951efcc5d441acfd9a35214ec0895-g.jpg,,
32835985,Английский язык,,,,"Абрамович, Елена Викторовна",0,,,,60,60,Russian,,,,,,,,,,,,,,,0,,,,,,,1,407786,pdf,5CE06298696B5D60AD5801ED64A81B52,,,book1215.pdf,0,2021-06-28 00:52:44,2021-06-28 00:52:45,5ce06298696b5d60ad5801ed64a81b52-g.jpg,,
32835986,"Механизация лесохозяйственных работ : методические указания к проведению учебной практики для студентов специальности 1-75 01 01 \Лесное хозяйство\""""",,,,"Асмоловский, Михаил Корнеевич",0,,,,77,77,Russian,,,,,,,,,,,,,,,0,,,,,,,1,3748746,pdf,8348BF4CDB22B3E4861C671DD84CDE87,,,book1215.pdf,0,2021-06-28 00:53:12,2021-06-28 00:53:13,8348bf4cdb22b3e4861c671dd84cde87-g.jpg,,
32835987,Охрана труда. Лабораторный практикум : пособие для студентов всех специальностей,,,,"Гармаза, Андрей Константинович",0,,,,322,322,Russian,,,,,,,,,,,,,,,0,,,,,,,1,3831373,pdf,A1342FDAEE1C6283381F5C18BED0C04F,,,book1215.pdf,0,2021-06-28 00:53:55,2021-06-28 00:53:56,a1342fdaee1c6283381f5c18bed0c04f-g.jpg,,
32835988,Технология переработки эластомеров :  учебно-методическое пособие для студентов специальности 1-48 01 02 \Химическая технология органических веществ," материалов и изделий\"" специализации 1-48 01 02 05 \""Технология переработки эластомеров\""""",,,,"Шашок, Жанна Станиславовна",0,,,,124,124,Russian,,,,,,,,,,,,,,,0,,,,,,,1,2804278,pdf,16E0B45C790C00E99572D825DA72C884,,,book1215.pdf,0,2021-06-28 00:54:23,2021-06-28 00:54:24,16e0b45c790c00e99572d825da72c884-g.jpg,
32835989,"Конспект лекций по дисциплине \Информационная безопасность и надежность систем\""""",,,,"Урбанович, Павел Павлович",0,,,,116,116,Russian,,,,,,,,,,,,,,,0,,,,,,,1,3281327,pdf,6C518FDB13C4FBF8186A65918DAB0357,,,book1215.pdf,0,2021-06-28 00:56:21,2021-06-28 00:56:22,6c518fdb13c4fbf8186a65918dab0357-g.jpg,,
32835990,Организация web-портала и администрирование ресурсов в web,,,,"Романенко, Дмитрий Михайлович",0,,,,82,82,Russian,,,,,,,,,,,,,,,0,,,,,,,1,2088520,pdf,2785AD8B9CFAD5375C3EAE0B430EA096,,,book1215.pdf,0,2021-06-28 00:56:48,2021-06-28 00:56:50,2785ad8b9cfad5375c3eae0b430ea096-g.jpg,,
32835991,Физика. Ч. 2 : Термодинамика. Молекулярная физика,,,,"Кленицкий, Дмитрий Викентьевич",0,,,,86,86,Russian,,,,,,,,,,,,,,,0,,,,,,,1,1712511,pdf,D52710D9C5101DFFC47277C36C1B74EC,,,book1215.pdf,0,2021-06-28 00:57:48,2021-06-28 00:57:49,d52710d9c5101dffc47277c36c1b74ec-g.jpg,,
32835992,Подсочка леса : курс лекций,,,,"Ковбаса, Николай Петрович",0,,,,88,88,Russian,,,,,,,,,,,,,,,0,,,,,,,1,3694742,pdf,8A9E802BB46A63B4327F4B7F44C3143A,,,book1215.pdf,0,2021-06-28 00:58:14,2021-06-28 00:58:15,8a9e802bb46a63b4327f4b7f44c3143a-g.jpg,,
32835993,"Физическая химия : учебно-методическое пособие для практических и лабораторных занятий по разделу \Химическая кинетика\"" для студентов учреждений высшего образования по специальностям 1-48 01 01 \""Химическая технология неорганических веществ"," материалов и изделий\"""," 1-48 01 02 \""Химическая технология органических веществ"," материалов и изделий\"""," 1-48 01 04 \""Технология электрохимических производств\"""," 1-48 02 01 \""Биотехнология\"""," 1-47 02 01 \""Технология полиграфических производств\"""," 1-54 01 03 \""Физико-химические методы и приборы контроля качества продукции\""""",,,,"Клындюк, Андрей Иванович",0,,,,125,125,Russian,,,,,,,,,,,,,,,0,,,,,,,1,1039790,pdf,D0654E18BB1704D67577AA913476AE01,,
32835994,"1943: Days of Peril, Year of Victory",,,,Victor Brooks,2021,,Lyons Press,,248,0,English,,,,"1493045083,9781493045082",,,,,,,,,,,0,,,,,,,,2309039,epub,F6F396061650D47208AF5FE27F269AA0,,,1943_-_Victor_Brooks.epub,0,2021-07-01 15:07:40,2021-07-01 15:07:40,f6f396061650d47208af5fe27f269aa0-g.jpg,,"1493045083,9781493045082"
32835995,Sapiens face à sapiens,,,,Pascal Picq,,,,,,183,French,,,,"9782081493681,9782081493704,9782081424029",,,,,,,,,,,0,,,,,,1,1,1388779,pdf,242401C391E95C80BF46F4E763315046,,,Pascal-Picq-Sapiens-face-à-Sapiens-2019.pdf,0,2021-07-01 15:07:58,2021-07-01 15:07:58,242401c391e95c80bf46f4e763315046-g.jpg,,"9782081493681,9782081493704,9782081424029"
32835996,A History Of Mathematics,,,,Carl B. Boyer,,,,,,740,English,,,,"0471097632,0471543977",,,,,,,,,,,0,,,,,,,1,123352314,pdf,79695E5D653A19A4FC85644D56F7F4AF,,,Carl B. Boyer - A History Of Mathematics.pdf,0,2021-07-01 15:15:40,2021-07-01 15:15:40,79695e5d653a19a4fc85644d56f7f4af-g.jpg,,"0471097632,0471543977"
32835997,The History Of Mathematics,,,,David M. Burton,,,,,,710,English,,,,,,,,,,,,,,,0,,,,,,,1,74423467,pdf,C0B76062FEEB9BFA928C5A641C1F43A7,,,David M. Burton - The History Of Mathematics - An Introduction.pdf,0,2021-07-01 15:16:07,2021-07-01 15:16:07,c0b76062feeb9bfa928c5a641c1f43a7-g.jpg,,
32835998,A History Of Mathematics,,,,Victor J. Katz,,,,,,904,English,,,,,,,,,,,,,,,0,,,,,,,1,133154086,pdf,AC890F06D3129B9B46CAF68C51B47D38,,,Victor J. Katz - A History Of Mathematics - An Introduction.pdf,0,2021-07-01 15:16:30,2021-07-01 15:16:30,ac890f06d3129b9b46caf68c51b47d38-g.jpg,,
32835999,The Occult,,,,Colin Wilson,,,,,,624,English,,,,,,,,,,,,,,,0,,,,,,,1,108571818,pdf,01D80BD818447FEA89E973F8E8F6368D,,,Colin Wilson - The Occult.pdf,0,2021-07-01 15:16:52,2021-07-01 15:16:52,01d80bd818447fea89e973f8e8f6368d-g.jpg,,
32836000,The History Of Magic & The Occult,,,,Kurt Seligmann,,,,,,376,English,,,,,,,,,,,,,,,0,,,,,,,1,36136661,pdf,4A4B169682BF2714C98ABE195F4A22C7,,,Kurt Seligmann - The History Of Magic & The Occult.pdf,0,2021-07-01 15:17:27,2021-07-01 15:17:27,4a4b169682bf2714c98abe195f4a22c7-g.jpg,,
32836001,The History & Practice Of Magic,,,,Paul Christian,,,,,,660,English,,,,,,,,,,,,,,,0,,,,,,,1,59280203,pdf,94D0B6823133AB583667930501178A01,,,Paul Christian - The History & Practice Of Magic.pdf,0,2021-07-01 15:17:48,2021-07-01 15:17:48,94d0b6823133ab583667930501178a01-g.jpg,,
32836002,The Finger Food Cookbook,,,,"Burns, Angel",2021,,,,82,0,English,49,,,,,B098FHT94D,,,,,,,,55 classic finger food recipes,0,,,,,,,,6812516,azw3,025B8C800131C16AC6961C1085BBFC84,,,The Finger Food Cookbook Wonderful Recipes for Your Next Party or Gathering by Angel Burns (2021).azw3,0,2021-07-01 15:18:40,2021-07-01 15:18:40,025b8c800131c16ac6961c1085bbfc84-g.jpg,55 classic finger food recipes,
32836003,Многоуровневый мониторинг территорий с использованием данных дистанционного зондирования Земли : учебно-методическое пособие,,,,"Шавров, Сергей Алексеевич",0,,,,200,200,Russian,,,,,,,,,,,,,,,0,,,,,,,1,23971896,pdf,71D12DD144918C5DA13792D640165FE9,,,book1215.pdf,0,2021-06-28 01:00:11,2021-06-28 01:00:13,71d12dd144918c5da13792d640165fe9-g.jpg,,
32836004,Гидролиз и твердение минеральных вяжущих веществ,,,,"Мечай, Александр Анатольевич",0,,,,72,72,Russian,,,,,,,,,,,,,,,0,,,,,,,1,823515,pdf,0CD01EC0737B820FF6B0274E9620D7FA,,,book1215.pdf,0,2021-06-28 01:00:37,2021-06-28 01:00:38,0cd01ec0737b820ff6b0274e9620d7fa-g.jpg,,
32836005,Финансы и финансовый менеджмент : учебно-методическое пособие,,,,"Масилевич, Наталья Александровна",0,,,,105,105,Russian,,,,,,,,,,,,,,,0,,,,,,,1,1242510,pdf,877330C7B4D2A11BD26B175DA9A65811,,,book1215.pdf,0,2021-06-28 01:01:00,2021-06-28 01:01:01,877330c7b4d2a11bd26b175da9a65811-g.jpg,,
32836006,Финансы и финансовый менеджмент : тексты лекций,,,,"Масилевич, Наталья Александровна",0,,,,204,204,Russian,,,,,,,,,,,,,,,0,,,,,,,1,1755978,pdf,426233554ECD264511388DDE6239620F,,,book1215.pdf,0,2021-06-28 01:01:25,2021-06-28 01:01:26,426233554ecd264511388dde6239620f-g.jpg,,
32836007,Технология пластических масс. Лабораторный практикум,,,,"Глоба, Анастасия Ивановна",0,,,,157,157,Russian,,,,,,,,,,,,,,,0,,,,,,,1,1764927,pdf,D334B11B862BB609FA1DF219AC1F27F3,,,book1215.pdf,0,2021-06-28 01:01:48,2021-06-28 01:01:49,d334b11b862bb609fa1df219ac1f27f3-g.jpg,,
32836008,Guerra Fria: História e Historiografia,,,,Sidnei J. Munhoz,2021,1. ed.,,,299,299,Portuguese,,,,9788547336707,,,,,,,,,,,0,,,,,,1,1,3185991,pdf,7A24748878694F9961CFA8A1A87C15CA,,,"MUNHOZ, Sidnei. Guerra Fria Historia e Historiografia - Copia.pdf",0,2021-07-01 15:29:18,2021-07-01 15:29:18,7a24748878694f9961cfa8a1a87c15ca-g.jpg,,9788547336707
32836009,Ботаника. Лабораторный практикум,,,,"Пашкевич, Людмила Сергеевна",0,,,,295,295,Russian,,,,,,,,,,,,,,,0,,,,,,,1,24974643,pdf,FCBAF7666CCD6F4DCCB6698BCC92961B,,,book1215.pdf,0,2021-06-28 01:02:55,2021-06-28 01:02:57,fcbaf7666ccd6f4dccb6698bcc92961b-g.jpg,,
32836010,"Метрология, стандартизация и сертификация в упаковочном производстве. Лабораторный практикум",,,,"Марченко, Ирина Валентиновна",0,,,,75,75,Russian,,,,,,,,,,,,,,,0,,,,,,,1,797548,pdf,1D4F513DF8237972E79DD510E4E8DD6C,,,book1215.pdf,0,2021-06-28 01:03:26,2021-06-28 01:03:29,1d4f513df8237972e79dd510e4e8dd6c-g.jpg,,
32836011,Технология производства шин и резинотехнических изделий. Лабораторный практикум,,,,"Шашок, Жанна Станиславовна",0,,,,104,104,Russian,,,,,,,,,,,,,,,0,,,,,,,1,3058726,pdf,06822937C61AF1517F761FAF2CC1BFCB,,,book1215.pdf,0,2021-06-28 01:04:00,2021-06-28 01:04:01,06822937c61af1517f761faf2cc1bfcb-g.jpg,,
32836012,Ландшафтное планирование и организация объектов экологического туризма. Лабораторный практикум,,,,"Березко, Ольга Михайловна",0,,,,84,84,Russian,,,,,,,,,,,,,,,0,,,,,,,1,2644198,pdf,BD7F4658AAD3BFFF7433A35CCAB47938,,,book1215.pdf,0,2021-06-28 01:04:30,2021-06-28 01:04:31,bd7f4658aad3bfff7433a35ccab47938-g.jpg,,
32836013,"Ландшафтная таксация с основами парколесоустройства : учебно-методическое пособие к практическим занятиям для студентов специальности 1-75 02 01 \Садово-парковое строительство\""""",,,,"Севко, Оксана Александровна",0,,,,107,107,Russian,,,,,,,,,,,,,,,0,,,,,,,1,1175443,pdf,2EB28D992313476064D7BA509ADD2126,,,book1215.pdf,0,2021-06-28 01:04:59,2021-06-28 01:05:00,2eb28d992313476064d7ba509add2126-g.jpg,,
32836014,Современные подходы к организации физического воспитания в вузах,,,,"Куликов, Валерий Михайлович",0,,,,181,181,Russian,,,,,,,,,,,,,,,0,,,,,,,1,11110942,pdf,092594792F7DBE4B8769E0E47DC41020,,,book1215.pdf,0,2021-06-28 01:05:41,2021-06-28 01:05:43,092594792f7dbe4b8769e0e47dc41020-g.jpg,,
32836015,Управление процессом физического воспитания студентов технического вуза,,,,"Тимофеев, Анатолий Алексеевич",0,,,,79,79,Russian,,,,,,,,,,,,,,,0,,,,,,,1,2486525,pdf,0B424CA9F83502AB66F95A96C44EB027,,,book1215.pdf,0,2021-06-28 01:06:08,2021-06-28 01:06:09,0b424ca9f83502ab66f95a96c44eb027-g.jpg,,
32836016,"Аналитическая химия. Лабораторный практикум : учебно-методическое пособие для студентов учреждений высшего образования по технологическим специальностям и в качестве учебно-методического пособия для студентов учреждений высшего образования по специальностям 1-57 01 01 \Охрана окружающей среды и рациональное использование природных ресурсов\"""," 1-57 01 03 \""Биоэкология\"""," 1-48 01 05 \""Химическая технология переработки древесины\""""",,,,"Соколовский, Александр Евгеньевич",0,,,,111,111,Russian,,,,,,,,,,,,,,,0,,,,,,,1,1715994,pdf,3AEB36041DB2D4098C54D03FAF99A1F7,,,book1215.pdf,0,2021-06-28 01:06:35,2021-06-28 01:06:37,3aeb36041db2d4098c54d03faf99a1f7-g.jpg
32836017,Инженерная и машинная графика. Варианты контрольных работ с примерами решений,,,,"Касперов, Георгий Иванович",0,,,,62,62,Russian,,,,,,,,,,,,,,,0,,,,,,,1,8485984,pdf,1BDEA0F4CED85DDA46FE000497D74080,,,book1215.pdf,0,2021-06-28 01:07:13,2021-06-28 01:07:14,1bdea0f4ced85dda46fe000497d74080-g.jpg,,
32836018,Редакторская подготовка изданий для детей,,,,"Зылевич, Дина Павловна",0,,,,210,210,Russian,,,,,,,,,,,,,,,0,,,,,,,1,1613921,pdf,D86B959EC4DAB56E7E35245F916180FF,,,book1215.pdf,0,2021-06-28 01:07:38,2021-06-28 01:07:39,d86b959ec4dab56e7e35245f916180ff-g.jpg,,
32836019,Технология послепечатных процессов,,,,"Марченко, Ирина Валентиновна",0,,,,80,80,Russian,,,,,,,,,,,,,,,0,,,,,,,1,1459295,pdf,F312D69722B8C16A0B7266C0638C6285,,,book1215.pdf,0,2021-06-28 01:08:04,2021-06-28 01:08:05,f312d69722b8c16a0b7266c0638c6285-g.jpg,,
32836020,"Оценка неопределенности измерений :учебно-методическое пособие для студентов вузов по специальности 1-54 01 03 \Физико-химические методы и приборы контроля качества продукции\""""",,,,"Заяц, Наталия Ивановна",0,,,,91,91,Russian,,,,,,,,,,,,,,,0,,,,,,,1,975057,pdf,7DB7CC68248FC09756402F0383001049,,,book1215.pdf,0,2021-06-28 01:08:28,2021-06-28 01:08:29,7db7cc68248fc09756402f0383001049-g.jpg,,
32836021,"Основные классы неорганических соединений: номенклатура, классификация, свойства и способы получения",,,,"Малашонок, Ирина Евгеньевна",0,,,,99,99,Russian,,,,,,,,,,,,,,,0,,,,,,,1,777206,pdf,FF23FB14B3D4A4D9C8B12C0CE96E8C2B,,,book1215.pdf,0,2021-06-28 01:08:55,2021-06-28 01:08:57,ff23fb14b3d4a4d9c8b12c0ce96e8c2b-g.jpg,,
32836022,Финансы и финансовый менеджмент : методические указания к практическим занятиям,,,,"Масилевич, Наталья Александровна",0,,,,88,88,Russian,,,,,,,,,,,,,,,0,,,,,,,1,697880,pdf,8C82F9E4783F02D4EB4F383048FDB338,,,book1215.pdf,0,2021-06-28 01:10:08,2021-06-28 01:10:09,8c82f9e4783f02d4eb4f383048fdb338-g.jpg,,
32836023,Распределение товаров,,,,"Крачковский, Александр Петрович",0,,,,102,102,Russian,,,,,,,,,,,,,,,0,,,,,,,1,857832,pdf,7997B5FC490A3266A0F1DF22CABF269C,,,book1215.pdf,0,2021-06-28 01:11:25,2021-06-28 01:11:27,7997b5fc490a3266a0f1df22cabf269c-g.jpg,,
32836024,Поверхностные явления и дисперсные системы : сборник примеров и задач,,,,"Богдан, Екатерина Олеговна",0,,,,112,112,Russian,,,,,,,,,,,,,,,0,,,,,,,1,1042205,pdf,EE98A90D530F8559968C88985A7B26F3,,,book1215.pdf,0,2021-06-28 01:11:53,2021-06-28 01:11:54,ee98a90d530f8559968c88985a7b26f3-g.jpg,,
32836025,Смазочные материалы для узлов трения лесных машин,,,,"Демидов, Валерий Алексеевич",0,,,,68,68,Russian,,,,,,,,,,,,,,,0,,,,,,,1,839127,pdf,248A4B913F4200A7A26A02890C193F1F,,,book1215.pdf,0,2021-06-28 01:12:14,2021-06-28 01:12:15,248a4b913f4200a7a26a02890c193f1f-g.jpg,,
32836026,Лесоэксплуатация. Курсовое проектирование,,,,"Турлай, Иван Васильевич",0,,,,88,88,Russian,,,,,,,,,,,,,,,0,,,,,,,1,693343,pdf,7531F2D1F9025ED8C9BCD498582BD274,,,book1215.pdf,0,2021-06-28 01:12:39,2021-06-28 01:12:40,7531f2d1f9025ed8c9bcd498582bd274-g.jpg,,
32836027,"Охрана труда :  учебно-методическое пособие для студентов учреждений высшего образования по специальностям 1-75 01 01 \Лесное хозяйство\"""," 1-46 01 01 \""Лесоинженерное дело\"""," 1-46 01 02 \""Технология деревообработки\"""," 1-36 05 01 \""Машины и оборудование лесного комплекса\"" заочной формы обучения""",,,,"Гармаза, Андрей Константинович",0,,,,73,73,Russian,,,,,,,,,,,,,,,0,,,,,,,1,748277,pdf,5CBF2113F452804AED338DCF9489280D,,,book1215.pdf,0,2021-06-28 01:13:10,2021-06-28 01:13:11
32836028,Специальный привод технологического оборудования отрасли,,,,"Бавбель, Иван Иванович",0,,,,82,82,Russian,,,,,,,,,,,,,,,0,,,,,,,1,2566870,pdf,312238CEB058743BAD8ED27BF6163EF1,,,book1215.pdf,0,2021-06-28 01:13:40,2021-06-28 01:13:41,312238ceb058743bad8ed27bf6163ef1-g.jpg,,
32836029,Системы автоматизированного проектирования машин и оборудования,,,,"Гарабажиу, Александр Андреевич",0,,,,146,146,Russian,,,,,,,,,,,,,,,0,,,,,,,1,4617286,pdf,95AAFBC4210F3003B9A395654CA2A988,,,book1215.pdf,0,2021-06-28 01:14:12,2021-06-28 01:14:13,95aafbc4210f3003b9a395654ca2a988-g.jpg,,
32836030,Технология полупроводников,,,,"Богомазова, Наталья Валентиновна",0,,,,72,72,Russian,,,,,,,,,,,,,,,0,,,,,,,1,1571170,pdf,FEAF30E2E4D12E20E90B30E4AB1F35AE,,,book1215.pdf,0,2021-06-28 01:15:24,2021-06-28 01:15:25,feaf30e2e4d12e20e90b30e4ab1f35ae-g.jpg,,
32836031,Экономика предприятия отрасли,,,,"Касперович, Сергей Антонович",0,,,,77,77,Russian,,,,,,,,,,,,,,,0,,,,,,,1,626501,pdf,2A4DA1E156E087AAF820A92AC113B53E,,,book1215.pdf,0,2021-06-28 01:15:48,2021-06-28 01:15:49,2a4da1e156e087aaf820a92ac113b53e-g.jpg,,
32836032,Экономическое обоснование дипломных проектов,,,,"Сюсюкина, Людмила Аркадьевна",0,,,,61,61,Russian,,,,,,,,,,,,,,,0,,,,,,,1,436992,pdf,46CF8030984C1A76BAF7D73A1DB3F54E,,,book1215.pdf,0,2021-06-28 01:17:40,2021-06-28 01:17:42,46cf8030984c1a76baf7d73a1db3f54e-g.jpg,,
32836033,Конфликтология,,,,"Мещерякова, Елена Валентиновна",0,,,,65,65,Russian,,,,,,,,,,,,,,,0,,,,,,,1,551705,pdf,23A45D75B3FD0E1AF535F6715408B715,,,book1215.pdf,0,2021-06-28 01:18:04,2021-06-28 01:18:05,23a45d75b3fd0e1af535f6715408b715-g.jpg,,
32836034,Управление персоналом,,,,"Мещерякова, Елена Валентиновна",0,,,,59,59,Russian,,,,,,,,,,,,,,,0,,,,,,,1,519106,pdf,532A0D962F7C38C8C77E133E9DD4F258,,,book1215.pdf,0,2021-06-28 01:18:28,2021-06-28 01:18:29,532a0d962f7c38c8c77e133e9dd4f258-g.jpg,,
32836035,"Органическая химия и высокомолекулярные соединения : программа, методические указания и контрольные задания для студентов заочной формы обучения специальности 1-46 01 02 \Технология деревообрабатывающих производств\"". В 2 ч. Ч. 1 : Органическая химия""",,,,"Кузьменок, Нина Михайловна",0,,,,56,56,Russian,,,,,,,,,,,,,,,0,,,,,,,1,18024706,pdf,D452D82D717F66B3BFD38C5CF5B0627E,,,book1215.pdf,0,2021-06-28 01:19:17,2021-06-28 01:19:19,d452d82d717f66b3bfd38c5cf5b0627e-g.jpg,,
32836036,Системы глобального позиционирования в лесном хозяйстве. Лабораторный практикум,,,,"Кравченко, Ольга Валерьевна",0,,,,75,75,Russian,,,,,,,,,,,,,,,0,,,,,,,1,7634119,pdf,9C2A06F80201B7C2F54FD72EF6BF6247,,,book1215.pdf,0,2021-06-28 01:19:50,2021-06-28 01:19:51,9c2a06f80201b7c2f54fd72ef6bf6247-g.jpg,,
32836037,"Органическая химия : программа, методические указания и контрольные задания для студентов заочной формы обучения специальностей 1-48 02 01 \Биотехнология\"""," 1-54 01 03 \""Физико-химические методы и приборы контроля качества продукции\"""," 1-57 01 01 \""Охрана окружающей среды и рациональное использование природных ресурсов\""""",,,,"Кушнер, Марина Александровна",0,,,,50,50,Russian,,,,,,,,,,,,,,,0,,,,,,,1,413184,pdf,B3E34878C4FF3C5370AAB00392109539,,,book1215.pdf,0,2021-06-28 01:20:11,2021-06-28 01:20:12,b3e34878c4ff3c5370aab00392109539-g.jpg
32836038,Основы конструирования и проектирования,,,,"Бадеев, Валерий Павлович",0,,,,57,57,Russian,,,,,,,,,,,,,,,0,,,,,,,1,2160997,pdf,B41410A14DE62919F7B14444E63E7044,,,book1215.pdf,0,2021-06-28 01:20:35,2021-06-28 01:20:36,b41410a14de62919f7b14444e63e7044-g.jpg,,
32836039,Физика. Ч. 3. Оптика. Строение вещества : пособие для студентов заочной формы обучения,,,,"Бобрович, Олег Георгиевич",0,,,,234,234,Russian,,,,,,,,,,,,,,,0,,,,,,,1,6884454,pdf,1860CCD08C0E036F98715E395A618AA4,,,book1215.pdf,0,2021-06-28 01:21:08,2021-06-28 01:21:10,1860ccd08c0e036f98715e395a618aa4-g.jpg,,
32836040,Дизайн и юзабилити интерфейсов пользователя : учебно-методическое пособие к курсовому проектированию,,,,"Кишкурно, Татьяна Вадимовна",0,,,,120,120,Russian,,,,,,,,,,,,,,,0,,,,,,,1,34109024,pdf,F09131DB4E2FF36323A7864BBE726DF6,,,book1215.pdf,0,2021-06-28 01:22:26,2021-06-28 01:22:27,f09131db4e2ff36323a7864bbe726df6-g.jpg,,
32836041,Дизайн электронных и веб-изданий. Лабораторный практикум,,,,"Потапенко, Наталья Ивановна",0,,,,125,125,Russian,,,,,,,,,,,,,,,0,,,,,,,1,4199799,pdf,1C05A3915BF70375A64432C3B7573DD1,,,book1215.pdf,0,2021-06-28 01:22:56,2021-06-28 01:22:57,1c05a3915bf70375a64432c3b7573dd1-g.jpg,,
32836042,Компьютерные информационные технологии : лабораторный практикум. Ч. 2,,,,"Лащенко, Анатолий Павлович",0,,,,218,218,Russian,,,,,,,,,,,,,,,0,,,,,,,1,24140062,pdf,2CDF441B509B4C46AD3965025ABCD4CC,,,book1215.pdf,0,2021-06-28 01:23:56,2021-06-28 01:23:57,2cdf441b509b4c46ad3965025abcd4cc-g.jpg,,
32836043,Теоретические основы менеджмента,,,,"Равино, Алла Васильевна",0,,,,51,51,Russian,,,,,,,,,,,,,,,0,,,,,,,1,435748,pdf,6E68294EF8C7A5BBC3DCA9DD12EF9C97,,,book1215.pdf,0,2021-06-28 01:24:30,2021-07-01 16:08:59,6e68294ef8c7a5bbc3dca9dd12ef9c97-g.jpg,,
32836044,"Генетика и селекция :  учебно-методическое пособие для студентов заочной формы обучения специальности 1-75 01 01 \Лесное хозяйство\""""",,,,"Поплавская, Лилия Францевна",0,,,,61,61,Russian,,,,,,,,,,,,,,,0,,,,,,,1,517837,pdf,28BC5248A75096D389A6A4CD53476AFF,,,book1215.pdf,0,2021-06-28 01:24:55,2021-06-28 01:24:56,28bc5248a75096d389a6a4cd53476aff-g.jpg,,
32836045,Дескрипторные системы управления : библиографический указатель,,,,"Асмыкович, Иван Кузьмич",0,,,,307,307,Russian,,,,,,,,,,,,,,,0,,,,,,,1,29845543,pdf,C7FF99AD03C9C913EEA4FABEBBE23C7A,,,book1215.pdf,0,2021-06-28 01:25:49,2021-06-28 01:25:52,c7ff99ad03c9c913eea4fabebbe23c7a-g.jpg,,
32836046,"Статистика предприятия отрасли : программа, методические указания и задания к контрольной работе для студентов экономических специальностей заочной формы обучения",,,,"Долинина, Татьяна Николаевна",0,,,,51,51,Russian,,,,,,,,,,,,,,,0,,,,,,,1,415073,pdf,A9BFF4A0DA32B257EA38BC0EC229809C,,,book1215.pdf,0,2021-06-28 01:26:28,2021-06-28 01:26:29,a9bff4a0da32b257ea38bc0ec229809c-g.jpg,,
32836047,Education and Economics: Disciplinary Evolution and Policy Discourse,,,,Saumen Chattopadhyay,2012,,Oxford University Press,,320,288,English,,University Press Scholarship Online,,"0198082258,9780198082255",,,,,,,,,,,0,,,,,0,1,1,2589680,pdf,55DB328017149998500D8C276716CDA9,,,9780198082255.pdf,0,2021-07-01 16:13:47,2021-07-01 16:13:47,55db328017149998500d8c276716cda9-g.jpg,,"0198082258,9780198082255"
32836048,Экономика предприятия отрасли,,,,"Сюсюкина, Людмила Аркадьевна",0,,,,80,80,Russian,,,,,,,,,,,,,,,0,,,,,,,1,484005,pdf,BBC2BD93D3AA722AB9842B8C28C0E5D1,,,book1215.pdf,0,2021-06-28 01:26:56,2021-06-28 01:26:57,bbc2bd93d3aa722ab9842b8c28c0e5d1-g.jpg,,
32836049,Проекционное черчение,,,,"Жарков, Николай Иванович",0,,,,83,83,Russian,,,,,,,,,,,,,,,0,,,,,,,1,37857053,pdf,ED60CD51A7753724E660E11853F36E3E,,,book1215.pdf,0,2021-06-28 01:29:09,2021-06-28 01:29:11,ed60cd51a7753724e660e11853f36e3e-g.jpg,,
32836050,Технология и оборудование лесных складов,,,,"Завойских, Григорий Илларионович",0,,,,79,79,Russian,,,,,,,,,,,,,,,0,,,,,,,1,1228278,pdf,64F51F86B9F8AD3DD13EAA0A52B5728E,,,book1215.pdf,0,2021-06-28 01:29:32,2021-06-28 01:29:33,64f51f86b9f8ad3dd13eaa0a52b5728e-g.jpg,,
32836051,Химия биологически активных веществ. Лабораторный практикум,,,,"Леонтьев, Виктор Николаевич",0,,,,91,91,Russian,,,,,,,,,,,,,,,0,,,,,,,1,1973007,pdf,9F5693DBD490AA34F2EA03A0292E7BA0,,,book1215.pdf,0,2021-06-28 01:29:57,2021-06-28 01:29:58,9f5693dbd490aa34f2ea03a0292e7ba0-g.jpg,,
32836052,Строение и оптические свойства тетрапиррольных соединений,,,,"Крук, Николай Николаевич",0,,,,216,216,Russian,,,,,,,,,,,,,,,0,,,,,,,1,5689883,pdf,BE648035DB0E7A2E425179E1E94874DC,,,book1215.pdf,0,2021-06-28 01:30:34,2021-06-28 01:30:35,be648035db0e7a2e425179e1e94874dc-g.jpg,,
32836053,Синтетические материалы в бумажных и картонных производствах: ресурсосбережение и импортозамещение,,,,"Черная, Наталья Викторовна",0,,,,205,205,Russian,,,,,,,,,,,,,,,0,,,,,,,1,3647707,pdf,EFA0637537B816EBC3BFE352A4E63A1A,,,book1215.pdf,0,2021-06-28 01:30:58,2021-07-01 16:19:48,efa0637537b816ebc3bfe352a4e63a1a-g.jpg,,
32836054,Полиграфика и настольные издательские системы,,,,"Каледина, Наталья Борисовна",0,,,,140,140,Russian,,,,,,,,,,,,,,,0,,,,,,,1,7200927,pdf,99FAC2908B4BECC03FDEAFACAB6EBA88,,,book1215.pdf,0,2021-06-28 01:31:30,2021-06-28 01:31:31,99fac2908b4becc03fdeafacab6eba88-g.jpg,,
32836055,Технология изделий из древесины. Проектирование производственного процесса,,,,"Игнатович, Людмила Владимировна",0,,,,130,130,Russian,,,,,,,,,,,,,,,0,,,,,,,1,1244738,pdf,51CBE26C9103368383188B08A073FC51,,,book1215.pdf,0,2021-06-28 01:31:59,2021-06-28 01:32:00,51cbe26c9103368383188b08a073fc51-g.jpg,,
32836056,Технология изделий из древесины. Курсовое и дипломное проектирование,,,,"Барташевич, Александр Александрович",0,,,,71,71,Russian,,,,,,,,,,,,,,,0,,,,,,,1,2736903,pdf,1BB0D0401B99993E9A77606254B3FAF3,,,book1215.pdf,0,2021-06-28 01:32:30,2021-06-28 01:32:31,1bb0d0401b99993e9a77606254b3faf3-g.jpg,,
32836057,Органическая химия,,,,"Сенько, Инга Викторовна",0,,,,55,55,Russian,,,,,,,,,,,,,,,0,,,,,,,1,1971936,pdf,4376CDBDA1CB9AE5B84B697E0B379C8B,,,book1215.pdf,0,2021-06-28 01:32:54,2021-06-28 01:32:55,4376cdbda1cb9ae5b84b697e0b379c8b-g.jpg,,
32836058,Технология деревообработки,,,,"Леонович, Олег Константинович",0,,,,470,470,Russian,,,,,,,,,,,,,,,0,,,,,,,1,24837794,pdf,F5A3603208122BB40FD71D349F626E77,,,book1215.pdf,0,2021-06-28 01:33:41,2021-06-28 01:33:42,f5a3603208122bb40fd71d349f626e77-g.jpg,,
32836059,Лабораторный практикум по дисциплинам «Защита информации и надежность информационных систем» и «Криптографические методы защиты информации».Ч. 2. Криптографические и стеганографические методы защиты информации,,,,"Урбанович, Павел Павлович",0,,,,226,226,Russian,,,,,,,,,,,,,,,0,,,,,,,1,11556785,pdf,40E9F28958DA29D09A343D69885AB7AC,,,book1215.pdf,0,2021-06-28 01:34:13,2021-06-28 01:34:14,40e9f28958da29d09a343d69885ab7ac-g.jpg,,
32836060,Новые виды фосфорсодержащих комплексных удобрений и тукосмесей. Технологии получения и агрохимическая эффективность,,,,"Жантасов, Курманбек Тажмаханбетович",0,,,,307,307,Russian,,,,,,,,,,,,,,,0,,,,,,,1,7462650,pdf,C99B3ACAF6291B5FBBF058184D28AE0A,,,book1215.pdf,0,2021-06-28 01:34:45,2021-06-28 01:34:46,c99b3acaf6291b5fbbf058184d28ae0a-g.jpg,,
32836061,Основы садово-паркового хозяйства : учебно-методическое пособие,,,,"Макознак, Наталия Александровна",0,,,,84,84,Russian,,,,,,,,,,,,,,,0,,,,,,,1,10089419,pdf,CBCDC59E330D4FE447A562B04CEF3EDC,,,book1215.pdf,0,2021-06-28 01:35:15,2021-06-28 01:35:16,cbcdc59e330d4fe447a562b04cef3edc-g.jpg,,
32836062,Практические рекомендации по выращиванию голубики узколистной (Vaccinium angustifolium Ait.) : методические указания к практическим занятиям,,,,"Гордей, Дмитрий Васильевич",0,,,,59,59,Russian,,,,,,,,,,,,,,,0,,,,,,,1,9788709,pdf,B9257DEE00C8AE3268476B576AC3486A,,,book1215.pdf,0,2021-06-28 01:35:49,2021-06-28 01:35:50,b9257dee00c8ae3268476b576ac3486a-g.jpg,,
32836063,Садово-парковые сооружения. Лабораторный практикум,,,,"Макознак, Наталия Александровна",0,,,,83,83,Russian,,,,,,,,,,,,,,,0,,,,,,,1,33833837,pdf,431D1157FB64FE711F20DF6E558BF739,,,book1215.pdf,0,2021-06-28 01:37:50,2021-06-28 01:37:52,431d1157fb64fe711f20df6e558bf739-g.jpg,,
32836064,"Engineering Design Handbook - Ammunition Series, Fuses",,AMCP 706-10,,,1969,,,,213,213,English,,,,,,,,,,,,,,,0,,,,,,,1,19259977,pdf,FA76499FCC08F9BD650AB488870B3C24,,,AMCP_706-10.pdf,0,2021-07-01 16:29:14,2021-07-01 16:34:22,fa76499fcc08f9bd650ab488870b3c24-g.jpg,,
32836065,Engineering Design Handbook - Criteria for Environmental Control of Mobile Systems,,AMCP 706-120,,,1971,,,,184,184,English,,,,,,,,,,,,,,,0,,,,,,,1,10838571,pdf,86E7A7094A0E661E0C9D1288B2BB5E87,,,AMCP_706-120.pdf,0,2021-07-01 16:31:20,2021-07-01 16:33:45,86e7a7094a0e661e0c9d1288b2bb5e87-g.jpg,,
32836066,Асновы вядзення лясной гаспадаркі і лесакарыстання : тэксты лекцый,,,,"Ражкоў, Леанід Мікалаевіч",0,,,,252,252,Russian,,,,,,,,,,,,,,,0,,,,,,,1,64854754,pdf,2E909CB7AC1C6EB1DDFA82FFDACD4827,,,book1215.pdf,0,2021-06-28 01:39:26,2021-06-28 01:39:27,2e909cb7ac1c6eb1ddfa82ffdacd4827-g.jpg,,
32836067,Детали машин : конспект лекций,,,,"Блохин, Алексей Владимирович",0,,,,197,197,Russian,,,,,,,,,,,,,,,0,,,,,,,1,6793691,pdf,21FC3AD42B8419BD4809AD01233A8AB5,,,book1215.pdf,0,2021-06-28 01:39:57,2021-06-28 01:39:58,21fc3ad42b8419bd4809ad01233a8ab5-g.jpg,,
32836068,Маркетинговая стратегия средств массовой информации : тексты лекций,,,,"Шишкина, Надежда Игоревна",0,,,,63,63,Russian,,,,,,,,,,,,,,,0,,,,,,,1,961238,pdf,1A2D7F4B4AE74BEA58FC4FECBCD3EF6E,,,book1215.pdf,0,2021-06-28 01:40:22,2021-06-28 01:40:23,1a2d7f4b4ae74bea58fc4fecbcd3ef6e-g.jpg,,
32836069,Оборудование и основы проектирования предприятий минеральных удобрений и солей,,,,"Дормешкин, Олег Борисович",0,,,,75,75,Russian,,,,,,,,,,,,,,,0,,,,,,,1,1480293,pdf,415471D52F9A824DFED1E0E3870C4F59,,,book1215.pdf,0,2021-06-28 01:40:47,2021-06-28 01:40:48,415471d52f9a824dfed1e0e3870c4f59-g.jpg,,
32836070,"Reading Marie al-Khazen’s Photographs: Gender, Photography, Mandate Lebanon",,,,Yasmine Nachabe Taan,2020,,Bloomsbury Visual Arts,,192,193,English,,,,"1788314808,9781788314800",,,,,,,,,,,0,,,,,,1,1,2757475,pdf,1A648AFE122516D6C0A2608D85E8BF64,,,Reading Marie Al-Khazens Photographs.pdf,0,2021-07-01 16:33:16,2021-07-01 16:33:16,1a648afe122516d6c0a2608d85e8bf64-g.jpg,,"1788314808,9781788314800"
32836071,Лесоустройство. Курсовое проектирование,,,,"Машковский, Владимир Петрович",0,,,,91,91,Russian,,,,,,,,,,,,,,,0,,,,,,,1,1458270,pdf,F206CFF8ABEA62EBBDA07181313DBE26,,,book1215.pdf,0,2021-06-28 01:41:34,2021-06-28 01:41:36,f206cff8abea62ebbda07181313dbe26-g.jpg,,
32836072,Физическая химия,,,,"Башкиров, Леонид Андреевич",0,,,,52,52,Russian,,,,,,,,,,,,,,,0,,,,,,,1,535954,pdf,8B77C4D793E253F82D85D6B2F55DF5E0,,,book1215.pdf,0,2021-06-28 01:42:19,2021-06-28 01:42:20,8b77c4d793e253f82d85d6b2f55df5e0-g.jpg,,
32836073,Практычная і функцыянальная стылістыка беларускай мовы,,,,"Русак, Вольга Уладзіміраўна",0,,,,214,214,Russian,,,,,,,,,,,,,,,0,,,,,,,1,2165054,pdf,4928E14C5791DCF8D91910F7F508B687,,,book1215.pdf,0,2021-06-28 01:43:14,2021-06-28 01:43:15,4928e14c5791dcf8d91910f7f508b687-g.jpg,,
32836074,Генетика и селекция,,,,"Поплавская, Лилия Францевна",0,,,,54,54,Russian,,,,,,,,,,,,,,,0,,,,,,,1,6911448,pdf,3C9E35F7DCA99F231D96A92A208073C7,,,book1215.pdf,0,2021-06-28 01:43:42,2021-06-28 01:43:43,3c9e35f7dca99f231d96a92a208073c7-g.jpg,,
32836075,Технология содовых продуктов,,,,"Пинаев, Геннадий Федорович",0,,,,58,58,Russian,,,,,,,,,,,,,,,0,,,,,,,1,559373,pdf,7FA4F2DAE687867F633067991453C5DC,,,book1215.pdf,0,2021-06-28 01:44:07,2021-06-28 01:44:08,7fa4f2dae687867f633067991453c5dc-g.jpg,,
32836076,Технология содовых продуктов,,,,"Пинаев, Геннадий Федорович",0,,,,88,88,Russian,,,,,,,,,,,,,,,0,,,,,,,1,646038,pdf,350F2ED5EAE0B926C4F7A195CB06A639,,,book1215.pdf,0,2021-06-28 01:44:43,2021-06-28 01:44:44,350f2ed5eae0b926c4f7a195cb06a639-g.jpg,,
32836077,Технология фосфорных и комплексных удобрений,,,,"Воробьев, Николай Иванович",0,,,,178,178,Russian,,,,,,,,,,,,,,,0,,,,,,,1,7594842,pdf,AC07E57B6DD1C2D2274BDC244D71AAB1,,,book1215.pdf,0,2021-06-28 01:45:38,2021-06-28 01:45:40,ac07e57b6dd1c2d2274bdc244d71aab1-g.jpg,,
32836078,Engineering Design Handbook - Electrical Wire and Cable,,AMCP 706-125,,,1969,,,,298,298,English,,,,,,,,,,,,,,,0,,,,,,,1,17295467,pdf,91F0C4E6D8D46A010980EE5B10C446B4,,,AMCP_706-125.pdf,0,2021-07-01 16:35:32,2021-07-01 16:35:32,91f0c4e6d8d46a010980ee5b10c446b4-g.jpg,,
32836079,Промышленная теплоэнергетика,,,,"Володин, Виктор Иванович",0,,,,80,80,Russian,,,,,,,,,,,,,,,0,,,,,,,1,6798334,pdf,E516894FCEDA64CE5934C97C3B636B36,,,book1215.pdf,0,2021-06-28 01:46:31,2021-06-28 01:46:32,e516894fceda64ce5934c97c3b636b36-g.jpg,,
32836080,"Engineering Design Handbook - Explosive Series, Explosive Trains",,AMCP 706-179,,,1974,,,,241,241,English,,,,,,,,,,,,,,,0,,,,,,,1,11881007,pdf,CE93ED4EAD33849B99C2936114295F72,,,AMCP_706-179.pdf,0,2021-07-01 16:36:58,2021-07-01 16:36:58,ce93ed4ead33849b99c2936114295f72-g.jpg,,
32836081,Инженерная и машинная графика. Практикум,,,,"Касперов, Георгий Иванович",0,,,,167,167,Russian,,,,,,,,,,,,,,,0,,,,,,,1,37270828,pdf,56697FD8D026FC83CE8EFC2ADE7D8D7B,,,book1215.pdf,0,2021-06-28 01:47:28,2021-06-28 01:47:29,56697fd8d026fc83ce8efc2ade7d8d7b-g.jpg,,
32836082,Engineering Design Handbook - Explosions in Air,,AMCP 706-181,,,1974,,,,287,287,English,,,,,,,,,,,,,,,0,,,,,,,1,21917635,pdf,D5B1F9232E2182B87559E38FBEE36866,,,AMCP_706-181.pdf,0,2021-07-01 16:38:12,2021-07-01 16:38:12,d5b1f9232e2182b87559e38fbee36866-g.jpg,,
32836083,Программирование на языке PHP,,,,"Романенко, Дмитрий Михайлович",0,,,,256,256,Russian,,,,,,,,,,,,,,,0,,,,,,,1,23826748,pdf,5DFC2257AC63756CCE7E25D4D85C1B12,,,book1215.pdf,0,2021-06-28 01:48:13,2021-06-28 01:48:14,5dfc2257ac63756cce7e25d4d85c1b12-g.jpg,,
32836084,The Crowdsourced Panopticon : Conformity and Control on Social Media,,,,Jeremy Weissman,2021,,Rowman & Littlefield,,,189,English,,,,"9781538144312,9781538144329,2020950817,9781538144336",,,,,,,,,,,0,,,,,,1,1,2043742,pdf,5DFA18E9C772DD8F974BC8119D9EA3E5,,,The Crowdsourced Panopticon_nodrm.pdf,0,2021-07-01 16:38:56,2021-07-01 16:38:56,5dfa18e9c772dd8f974bc8119d9ea3e5-g.jpg,,"9781538144312,9781538144329,2020950817,9781538144336"
32836085,"Машыны і абсталяванне прадпрыемстваў будаўнічых матэрыялаў. Ч. 2, кн. 1 : Спецыяльныя машыны і абсталяванне",,,,"Вайцяховіч, Петр Яўгеньевіч",0,,,,195,195,Russian,,,,,,,,,,,,,,,0,,,,,,,1,23125324,pdf,B10E831D46AD4777E8FD623163423A53,,,book1215.pdf,0,2021-06-28 01:48:58,2021-06-28 01:48:59,b10e831d46ad4777e8fd623163423a53-g.jpg,,
32836086,"Машыны і абсталяванне прадпрыемстваў будаўнічых матэрыялаў. Ч. 2, кн. 2 : Спецыяльныя машыны і абсталяванне",,,,"Вайцяховіч, Петр Яўгенавіч",0,,,,182,182,Russian,,,,,,,,,,,,,,,0,,,,,,,1,15020828,pdf,0581EAE1B5AD227B96CA384F3EFA627A,,,book1215.pdf,0,2021-06-28 01:49:39,2021-06-28 01:49:40,0581eae1b5ad227b96ca384f3efa627a-g.jpg,,
32836087,Мероприятия по охране труда и безопасности жизнедеятельности. Дипломное проектирование,,,,"Гармаза, Андрей Константинович",0,,,,162,162,Russian,,,,,,,,,,,,,,,0,,,,,,,1,1389419,pdf,FED68685AD26A15E6BF705A7EB698209,,,book1215.pdf,0,2021-06-28 01:50:03,2021-06-28 01:50:05,fed68685ad26a15e6bf705a7eb698209-g.jpg,,
32836088,Тэарэтычныя асновы электратэхнікі,,,,"Гарошка, Уладзімір Іванавіч",0,,,,75,75,Russian,,,,,,,,,,,,,,,0,,,,,,,1,4514733,pdf,FCC85A22DA19B70867095452C2344F39,,,book1215.pdf,0,2021-06-28 01:50:33,2021-06-28 01:50:34,fcc85a22da19b70867095452c2344f39-g.jpg,,
32836089,"Engineering Design Handbook - Military Pyrotechnics Series, Bibliography",,AMCP 706-189,,,1966,,,,83,83,English,,,,,,,,,,,,,,,0,,,,,,,1,16727761,pdf,3D48B48B2E5287BCFB4FC77BCE55A366,,,AMCP_706-189.pdf,0,2021-07-01 16:40:19,2021-07-01 16:40:19,3d48b48b2e5287bcfb4fc77bce55a366-g.jpg,,
32836090,Процессы и аппараты химической технологии. Техническая гидравлика,,,,"Вилькоцкий, Андрей Иванович",0,,,,400,400,Russian,,,,,,,,,,,,,,,0,,,,,,,1,20636165,pdf,8D18234A0BC17607F3B159AF5284E2A3,,,book1215.pdf,0,2021-06-28 01:51:26,2021-06-28 01:51:27,8d18234a0bc17607f3b159af5284e2a3-g.jpg,,
32836091,Engineering Design Handbook - Computer Aided Design of Mechanical Systems,,AMCP 706-192,,,1973,,,,349,349,English,,,,,,,,,,,,,,,0,,,,,,,1,42149984,pdf,1F3B2B0CE13132C4A209D676331FC511,,,AMCP_706-192.pdf,0,2021-07-01 16:41:39,2021-07-01 16:41:39,1f3b2b0ce13132c4a209d676331fc511-g.jpg,,
32836092,"Engineering Design Handbook - Development Guide for Reliability, Part 6 Mathetical Appendix and Glossary",,AMCP 706-200,,,1976,,,,201,201,English,,,,,,,,,,,,,,,0,,,,,,,1,11558471,pdf,F47713E38A75BF9B47B0204C7880D9E8,,,AMCP_706-200.pdf,0,2021-07-01 16:43:22,2021-07-01 16:43:22,f47713e38a75bf9b47b0204c7880d9e8-g.jpg,,
32836093,Исторические традиции и перспективы развития садово-паркового искусства Беларуси,,,,"Потаев, Георгий Александрович",0,,,,169,169,Russian,,,,,,,,,,,,,,,0,,,,,,,1,80021322,pdf,9F7D7C8D8296F21B1ECDADD997BD2B70,,,book1215.pdf,0,2021-06-28 01:53:06,2021-06-28 01:53:08,9f7d7c8d8296f21b1ecdadd997bd2b70-g.jpg,,
32836094,Механика и молекулярная физика,,,,"Бобрович, Олег Георгиевич",0,,,,170,170,Russian,,,,,,,,,,,,,,,0,,,,,,,1,1736036,pdf,FEDB6A0337548558456CDE2ED932A394,,,book1215.pdf,0,2021-06-28 01:53:33,2021-07-01 16:43:41,fedb6a0337548558456cde2ed932a394-g.jpg,,
32836095,Триботехника,,,,"Кордикова, Елена Ивановна",0,,,,150,150,Russian,,,,,,,,,,,,,,,0,,,,,,,1,1851996,pdf,748ECCBEEB6D00A5420BF5A82D4E6EBF,,,book1215.pdf,0,2021-06-28 01:53:58,2021-07-01 16:43:47,748eccbeeb6d00a5420bf5a82d4e6ebf-g.jpg,,
32836096,"Аналитическая химия. Справочные материалы : учебно-методическое пособие по дисциплине \Аналитическая химия\"" и \""Аналитическая химия и физико-химические методы анализа\"" для студентов химико-технологических специальностей""",,,,"Соколовский, Александр Евгеньевич",0,,,,81,81,Russian,,,,,,,,,,,,,,,0,,,,,,,1,683991,pdf,25CD1C5DCE19BB56AA286594411B2AD9,,,book1215.pdf,0,2021-06-28 01:54:53,2021-06-28 01:54:54,25cd1c5dce19bb56aa286594411b2ad9-g.jpg,,
32836097,Менеджмент,,,,"Неверов, Александр Васильевич",0,,,,58,58,Russian,,,,,,,,,,,,,,,0,,,,,,,1,437241,pdf,7A894C0236309804D34449EDB33AAEAA,,,book1215.pdf,0,2021-06-28 01:55:34,2021-06-28 01:55:35,7a894c0236309804d34449edb33aaeaa-g.jpg,,
32836098,Охрана труда. Определение эффективности мероприятий по улучшению условий труда : учебно-методическое пособие для студентов всех специальностей,,,,"Ермак, Иван Тимофеевич",0,,,,82,82,Russian,,,,,,,,,,,,,,,0,,,,,,,1,636915,pdf,D96961EE018C9F3D32B1AE8EE0D7819B,,,book1215.pdf,0,2021-06-28 01:55:54,2021-06-28 01:55:55,d96961ee018c9f3d32b1ae8ee0d7819b-g.jpg,,
32836099,Английский язык,,,,"Кривоносова, Елена Валерьевна",0,,,,63,63,Russian,,,,,,,,,,,,,,,0,,,,,,,1,408277,pdf,64CBE5234157DE9989EB6FBB5C984417,,,book1215.pdf,0,2021-06-28 01:57:02,2021-06-28 01:57:03,64cbe5234157de9989eb6fbb5c984417-g.jpg,,
32836100,Проекционное черчение,,,,"Жарков, Николай Иванович",0,,,,53,53,Russian,,,,,,,,,,,,,,,0,,,,,,,1,1833916,pdf,543835093BB39F96BC3D96DD75302261,,,book1215.pdf,0,2021-06-28 02:00:22,2021-06-28 02:00:53,543835093bb39f96bc3d96dd75302261-g.jpg,,
32836101,Прогнозирование и планирование экономики,,,,"Касперович, Сергей Антонович",0,,,,85,85,Russian,,,,,,,,,,,,,,,0,,,,,,,1,902975,pdf,41EC8306591855C0680133246722EEFE,,,book1215.pdf,0,2021-06-28 02:02:00,2021-06-28 02:02:01,41ec8306591855c0680133246722eefe-g.jpg,,
32836102,Графический редактор CorelDRAW,,,,"Каледина, Наталья Борисовна",0,,,,149,149,Russian,,,,,,,,,,,,,,decrypted from 356C647A44CEFCB93D35FE8A3CE65100 source file,0,,,,,,,0,3361561,pdf,86620A2A17E9ACA5B22673A59BB4632E,,,book1215.pdf,0,2021-06-28 02:02:41,2021-06-28 02:02:42,86620a2a17e9aca5b22673a59bb4632e-g.jpg,,
32836103,柯林斯COBUILD高阶英汉双解学习词典,,,,英国柯林斯出版公司,2011,,外语教学与研究出版社,北京,3122,3160,Chinese,,,,9787513509916,,,,,,,,,,,0,,,,,,1,0,1056080577,pdf,2F767B66B824FFF630CA5FED91DB5C96,,,柯林斯COBUILD高阶英汉双解学习词典.pdf,0,2021-07-01 16:44:30,2021-07-01 16:44:30,2f767b66b824fff630ca5fed91db5c96-g.jpg,,9787513509916
32836104,Engineering Design Handbook - Helicopter Performance Testing,,AMCP 706-204,,,1974,,,,262,262,English,,,,,,,,,,,,,,,0,,,,,,,1,41186575,pdf,1116CA9F5AE6BD6B98B044E429F18636,,,AMCP_706-204.pdf,0,2021-07-01 16:44:32,2021-07-01 16:44:32,1116ca9f5ae6bd6b98b044e429f18636-g.jpg,,
32836105,Английский язык,,,,"Буяк, Ольга Анатольевна",0,,,,133,133,Russian,,,,,,,,,,,,,,,0,,,,,,,1,746821,pdf,E04007829C0BE4890CE6914383D8AE41,,,book1215.pdf,0,2021-06-28 02:03:06,2021-06-28 02:03:07,e04007829c0be4890ce6914383d8ae41-g.jpg,,
32836106,Организация полиграфического производства и управление предприятием,,,,"Хилькевич, Юрий Сергеевич",0,,,,64,64,Russian,,,,,,,,,,,,,,,0,,,,,,,1,429324,pdf,8CA932ABD22300C764B84896A6901EC6,,,book1215.pdf,0,2021-06-28 02:03:30,2021-06-28 02:03:31,8ca932abd22300c764b84896a6901ec6-g.jpg,,
32836107,Поверхностные явления и дисперсные системы :  лабораторный практикум для студентов химико-технологических специальностей,,,,"Шершавина, Алла Александровна",0,,,,106,106,Russian,,,,,,,,,,,,,,,0,,,,,,,1,988201,pdf,6C415F68F8253F39AC3A95CDF89B74EA,,,book1215.pdf,0,2021-06-28 02:03:54,2021-06-28 02:03:55,6c415f68f8253f39ac3a95cdf89b74ea-g.jpg,,
32836108,Макроэкономика,,,,"Жук, Дмитрий Александрович",0,,,,110,110,Russian,,,,,,,,,,,,,,,0,,,,,,,1,909626,pdf,1FC1B8B5C85D78016DED2C32C4AB2869,,,book1215.pdf,0,2021-06-28 02:04:19,2021-06-28 02:04:20,1fc1b8b5c85d78016ded2c32c4ab2869-g.jpg,,
32836109,"Лесные культуры и защитное лесоразведение : лабораторный практикум для студентов очной и заочной форм обучения спец. 1-75 01 01 \Лесное хозяйство\""""",,,,"Гвоздев, Валерий Кириллович",0,,,,98,98,Russian,,,,,,,,,,,,,,,0,,,,,,,1,723522,pdf,89276C3FF70EC3B7D2A6FD6A80294912,,,book1215.pdf,0,2021-06-28 02:04:46,2021-06-28 02:04:47,89276c3ff70ec3b7d2a6fd6a80294912-g.jpg,,
32836110,Прикладная этика,,,,"Леоненко, Валентина Степановна",0,,,,59,59,Russian,,,,,,,,,,,,,,,0,,,,,,,1,432579,pdf,646D9DFF5DE82326672815377BF11933,,,book1215.pdf,0,2021-06-28 02:06:22,2021-06-28 02:06:23,646d9dff5de82326672815377bf11933-g.jpg,,
32836111,Политология,,,,"Полуян, Иван Васильевич",0,,,,165,165,Russian,,,,,,,,,,,,,,,0,,,,,,,1,2430296,pdf,B62F519E9FAEE2EF04D84C97C50717D5,,,book1215.pdf,0,2021-06-28 02:06:47,2021-06-28 02:06:48,b62f519e9faee2ef04d84c97c50717d5-g.jpg,,
32836112,Общая химия,,,,"Жарский, Иван Михайлович",0,,,,91,91,Russian,,,,,,,,,,,,,,,0,,,,,,,1,734584,pdf,0D4338971DFF67187AA5B5C6E16A0B21,,,book1215.pdf,0,2021-06-28 02:07:13,2021-06-28 02:07:14,0d4338971dff67187aa5b5c6e16a0b21-g.jpg,,
32836113,Химическая технология стекла и ситаллов : тексты лекций. Ч. 1,,,,"Бобкова, Нинель Мироновна",0,,,,121,121,Russian,,,,,,,,,,,,,,,0,,,,,,,1,2715650,pdf,3B905AF7678D073A7FAEEE9D82417EC8,,,book1215.pdf,0,2021-06-28 02:11:41,2021-06-28 02:11:42,3b905af7678d073a7faeee9d82417ec8-g.jpg,,
32836114,Основы технологии тугоплавких неметаллических и силикатных материалов,,,,"Кузьменков, Михаил Иванович",0,,,,175,175,Russian,,,,,,,,,,,,,,,0,,,,,,,1,2250708,pdf,D67E9C1FD6C60D82F9A5C70AEC201438,,,book1215.pdf,0,2021-06-28 02:12:31,2021-06-28 02:12:35,d67e9c1fd6c60d82f9a5c70aec201438-g.jpg,,
32836115,Основы работы в системе Компас-График,,,,"Жарков, Николай Иванович",0,,,,70,70,Russian,,,,,,,,,,,,,,,0,,,,,,,1,2815715,pdf,D9512CEDAD9BE6A09E622F1ED6847CA9,,,book1215.pdf,0,2021-06-28 02:16:25,2021-06-28 02:16:26,d9512cedad9be6a09e622f1ed6847ca9-g.jpg,,
32836116,"Аэрокосмические методы в лесном хозяйстве : лабораторный практикум  для спец. 1-75 01 01 \Лесное хозяйство\""""",,,,"Севко, Оксана Александровна",0,,,,86,86,Russian,,,,,,,,,,,,,,,0,,,,,,,1,2383371,pdf,B8BF3B67F0197C016BC34B4ACB268D87,,,book1215.pdf,0,2021-06-28 02:16:50,2021-06-28 02:16:51,b8bf3b67f0197c016bc34b4acb268d87-g.jpg,,
32836117,"Аэрокосмические методы в лесном хозяйстве : курс лекций для студентов специальности 1-75 01 01 \Лесное хозяйство\""""",,,,"Севко, Оксана Александровна",0,,,,180,180,Russian,,,,,,,,,,,,,,,0,,,,,,,1,1933396,pdf,7B2DFD762BAFAC7FC04B01A6C9D09036,,,book1215.pdf,0,2021-06-28 02:17:14,2021-06-28 02:17:15,7b2dfd762bafac7fc04b01a6c9d09036-g.jpg,,
32836118,Экономика и организация природопользования,,,,"Баранчик, Владимир Павлович",0,,,,96,96,Russian,,,,,,,,,,,,,,,0,,,,,,,1,593842,pdf,1C94F3678AE1F2304C81B9411F0BC009,,,book1215.pdf,0,2021-06-28 02:17:35,2021-06-28 02:17:36,1c94f3678ae1f2304c81b9411f0bc009-g.jpg,,
32836119,Engineering Design Handbook - Timing Systems and Components,,AMCP 706-205,,,1975,,,,489,489,English,,,,,,,,,,,,,,,0,,,,,,,1,78813519,pdf,0FD3CDC9BF8E5EDB3F75AACE71784F39,,,AMCP_706-205.pdf,0,2021-07-01 16:45:41,2021-07-01 16:45:41,0fd3cdc9bf8e5edb3f75aace71784f39-g.jpg,,
32836120,Оценка воздействия на окружающую среду и экологический контроль,,,,"Марцуль, Владимир Николаевич",0,,,,71,71,Russian,,,,,,,,,,,,,,,0,,,,,,,1,510647,pdf,BE97A2D82F8BAE2D8870C0FC3133A7F2,,,book1215.pdf,0,2021-06-28 02:17:56,2021-06-28 02:17:57,be97a2d82f8bae2d8870c0fc3133a7f2-g.jpg,,
32836121,Кинематика составного и плоскопараллельного движений,,,,"Вихренко, Вячеслав Степанович",0,,,,91,91,Russian,,,,,,,,,,,,,,,0,,,,,,,1,2167666,pdf,93814975C70F46D7F24D5AFB97ED6CB1,,,book1215.pdf,0,2021-06-28 02:18:22,2021-06-28 02:18:23,93814975c70f46d7f24d5afb97ed6cb1-g.jpg,,
32836122,"Биотехнология. Лабораторный практикум : учебное пособие для студентов специальностей \Биотехнология\"" и \""Химическая технология переработки древесины\"" вузов""",,,,"Ручай, Николай Степанович",0,,,,84,84,Russian,,,,,,,,,,,,,,,0,,,,,,,1,6112768,pdf,CD60EF9546A4C4D105D3F4869BB2AEE1,,,book1215.pdf,0,2021-06-28 02:18:49,2021-06-28 02:18:50,cd60ef9546a4c4d105d3f4869bb2aee1-g.jpg,,
32836123,Теория вероятностей,,,,"Блинова, Елена Ивановна",0,,,,121,121,Russian,,,,,,,,,,,,,,,0,,,,,,,1,1005975,pdf,CA2F60A7AD13C2F94A7FCC37E0886DF6,,,book1215.pdf,0,2021-06-28 02:19:55,2021-06-28 02:19:57,ca2f60a7ad13c2f94a7fcc37e0886df6-g.jpg,,
32836124,Маркетинговые коммуникации,,,,"Борушко, Нина Викторовна",0,,,,56,56,Russian,,,,,,,,,,,,,,,0,,,,,,,1,431003,pdf,62F6D36DED67D764DF3A5E42C7CD3F22,,,book1215.pdf,0,2021-06-28 02:20:58,2021-07-01 16:46:00,62f6d36ded67d764df3a5e42c7cd3f22-g.jpg,,
32836125,Логика. Практикум для студентов очной формы обучения всех специальностей,,,,"Подручный, Михаил Викторович",0,,,,68,68,Russian,,,,,,,,,,,,,,,0,,,,,,,1,625664,pdf,DFA9DFD3557B5585CDA239C7930F195C,,,book1215.pdf,0,2021-06-28 02:22:15,2021-06-28 02:22:17,dfa9dfd3557b5585cda239c7930f195c-g.jpg,,
32836126,"Основы стандартизации, сертификации, метрологии :  учебное пособие для студентов инженерно-экономических специальностей лесного комплекса вузов",,,,"Ламоткин, Сергей Александрович",0,,,,407,407,Russian,,,,,,,,,,,,,,,0,,,,,,,1,2120635,pdf,78E4C00725A05FB6B14238A5EF2A7048,,,book1215.pdf,0,2021-06-28 02:23:15,2021-06-28 02:23:16,78e4c00725a05fb6b14238a5ef2a7048-g.jpg,,
32836127,"Органическая химия : лабораторный практикум с основами химии природных соединений для студентов специальности 1-48 01 05 \Химическая технология переработки древесины\""""",,,,"Антоневич, Инесса Петровна",0,,,,82,82,Russian,,,,,,,,,,,,,,,0,,,,,,,1,616953,pdf,D8705980C0EC623CD5BCF5F5AC1795F2,,,book1215.pdf,0,2021-06-28 02:23:40,2021-06-28 02:23:41,d8705980c0ec623cd5bcf5f5ac1795f2-g.jpg,,
32836128,Лесоскладское грузоподъемное оборудование,,,,"Лой, Владимир Николаевич",0,,,,109,109,Russian,,,,,,,,,,,,,,,0,,,,,,,1,2213100,pdf,6D59128C0EC507077F1C9F80FABE7D40,,,book1215.pdf,0,2021-06-28 02:24:22,2021-06-28 02:24:23,6d59128c0ec507077f1c9f80fabe7d40-g.jpg,,
32836129,Технология и оборудование лесозаготовительного производства. Практикум,,,,"Матвейко, Александр Петрович",0,,,,199,199,Russian,,,,,,,,,,,,,,,0,,,,,,,1,2914715,pdf,E196D4FA21D737BC6BCE068269ED0D2C,,,book1215.pdf,0,2021-06-28 02:24:52,2021-07-01 16:46:31,e196d4fa21d737bc6bce068269ed0d2c-g.jpg,,
32836130,"Электротехника, основы электроники и электрооборудование химических производств",,,,"Горошко, Владимир Иванович",0,,,,246,246,Russian,,,,,,,,,,,,,,,0,,,,,,,0,14000868,pdf,5FEE896906D275323ADC53FC9BFCAE2E,,,book1215.pdf,0,2021-06-28 02:26:25,2021-06-28 02:26:27,5fee896906d275323adc53fc9bfcae2e-g.jpg,,
32836131,Мониторинг окружающей среды,,,,"Жарская, Тамара Александровна",0,,,,112,112,Russian,,,,,,,,,,,,,,,0,,,,,,,1,862905,pdf,E2F8FB8DF6119262B610AEBBB1E95B62,,,book1215.pdf,0,2021-06-28 02:26:54,2021-06-28 02:26:55,e2f8fb8df6119262b610aebbb1e95b62-g.jpg,,
32836132,Технические жидкости для специальных лесных машин,,,,"Мохов, Сергей Петрович",0,,,,68,68,Russian,,,,,,,,,,,,,,,0,,,,,,,1,893063,pdf,29E0985E624D69028FD700C3D02B5915,,,book1215.pdf,0,2021-06-28 02:27:21,2021-06-28 02:27:22,29e0985e624d69028fd700c3d02b5915-g.jpg,,
32836133,Основы трехмерного параметрического моделирования деталей машин в системе КОМПАС-3D,,,,"Гарабажиу, Александр Андреевич",0,,,,97,97,Russian,,,,,,,,,,,,,,,0,,,,,,,1,1729386,pdf,73645E42B074C07021B46E1EACEA8DCD,,,book1215.pdf,0,2021-06-28 02:27:47,2021-06-28 02:27:48,73645e42b074c07021b46e1eacea8dcd-g.jpg,,
32836134,Физическая химия : тексты лекций для студентов химико-технологических специальностей заочной формы обучения,,,,"Клындюк, Андрей Иванович",0,,,,92,92,Russian,,,,,,,,,,,,,,,0,,,,,,,1,1163693,pdf,2A03BAD8EE5A48DD5FFB254B89E81041,,,book1215.pdf,0,2021-06-28 02:28:08,2021-06-28 02:28:09,2a03bad8ee5a48dd5ffb254b89e81041-g.jpg,,
32836135,"Применение добавок химических соединений для интенсификации процессов экстракции, флотации, адсорбции : [монография]",,,,"Грушова, Евгения Ивановна",0,,,,110,110,Russian,,,,,,,,,,,,,,,0,,,,,,,1,1216031,pdf,90B1042545599D4D872AF7F52A83ABD3,,,book1215.pdf,0,2021-06-28 02:28:32,2021-06-28 02:28:33,90b1042545599d4d872af7f52a83abd3-g.jpg,,
32836136,"Engineering Design Handbook - Ammunition Series, Fuzes, Proximity, Electrical, Part 2",,AMCP 706-212,,,1963,,,,94,94,English,,,,,,,,,,,,,,,0,,,,,,,0,55563626,pdf,A09980CDF5661077F22F965BEF63D784,,,AMCP_706-212.pdf,0,2021-07-01 16:47:23,2021-07-01 16:47:23,a09980cdf5661077f22f965bef63d784-g.jpg,,
32836137,Технология переработки пластмасс. Проектирование производств : учебное пособие для студентов специальностей \Химическая технология органических веществ," материалов и изделий\"""," \""Упаковочное производство\"" вузов""",,,,"Ревяко, Михаил Михайлович",0,,,,134,134,Russian,,,,,,,,,,,,,,,0,,,,,,,1,2674930,pdf,62D87A614F098D73B0894A1AFFAB5E2F,,,book1215.pdf,0,2021-06-28 02:28:57,2021-07-01 16:47:24,62d87a614f098d73b0894a1affab5e2f-g.jpg
32836138,Высшая математика. Математические методы и модели в расчетах на ЭВМ. Лабораторный практикум,,,,"Игнатенко, Василий Васильевич",0,,,,134,134,Russian,,,,,,,,,,,,,,,0,,,,,,,1,2926866,pdf,C261169A79B4928CDB7CD29007D78082,,,book1215.pdf,0,2021-06-28 02:29:22,2021-06-28 02:29:23,c261169a79b4928cdb7cd29007d78082-g.jpg,,
32836139,Основы идеологии белорусского государства. Материалы к семинарским занятиям,,,,"Семенчик, Николай Ефимович",0,,,,72,72,Russian,,,,,,,,,,,,,,,0,,,,,,,1,521178,pdf,6805F345A7D03C7C36AEE1A6BE7593A7,,,book1215.pdf,0,2021-06-28 02:29:44,2021-06-28 02:29:45,6805f345a7d03c7c36aee1a6be7593a7-g.jpg,,
32836140,Охрана труда :  учебное пособие для студентов технологических специальностей вузов,,,,"Челноков, Александр Антонович",0,,,,295,295,Russian,,,,,,,,,,,,,,,0,,,,,,,1,2666847,pdf,B4B4E371DED66709762F7A3E565C7AC0,,,book1215.pdf,0,2021-06-28 02:30:13,2021-07-01 16:48:01,b4b4e371ded66709762f7a3e565c7ac0-g.jpg,,
32836141,"Экологическая биотехнология : учебное пособие для студентов специальности \Биоэкология\"" вузов""",,,,"Ручай, Николай Степанович",0,,,,327,327,Russian,,,,,,,,,,,,,,,0,,,,,,,1,4491740,pdf,6CC04E50FFE77D236921255BF7B22D0D,,,book1215.pdf,0,2021-06-28 02:30:44,2021-06-28 02:30:45,6cc04e50ffe77d236921255bf7b22d0d-g.jpg,,
32836142,Воспитание в студенческой группе (воспитательные технологии),,,,"Каленникова, Таисия Григорьевна",0,,,,92,92,Russian,,,,,,,,,,,,,,,0,,,,,,,1,622104,pdf,A5AE317DD360B76FE929C944FF7D8A0A,,,book1215.pdf,0,2021-06-28 02:31:07,2021-06-28 02:31:08,a5ae317dd360b76fe929c944ff7d8a0a-g.jpg,,
32836143,Технология эластомеров,,,,"Шашок, Жанна Станиславовна",0,,,,67,67,Russian,,,,,,,,,,,,,,,0,,,,,,,1,803944,pdf,DFF6CDF748CF7930B640BA91276D375F,,,book1215.pdf,0,2021-06-28 02:31:31,2021-06-28 02:31:32,dff6cdf748cf7930b640ba91276d375f-g.jpg,,
32836144,Хозяйственное право : учебно-методическое пособие для студентов всех специальностей очной и заочной форм обучения,,,,"Кулис, Лидия Андреевна",0,,,,88,88,Russian,,,,,,,,,,,,,,,0,,,,,,,1,564488,pdf,9F59C86ED479A0AFE99B58F2C56B15E8,,,book1215.pdf,0,2021-06-28 02:31:57,2021-06-28 02:31:58,9f59c86ed479a0afe99b58f2c56b15e8-g.jpg,,
32836145,"Engineering Design Handbook - Ammunition Series, Fuzes, Proximity, Electrical, Part 5",,AMCP 706-215,,,1963,,,,129,129,English,,,,,,,,,,,,,,,0,,,,,,,1,10232366,pdf,7BD53B2CD6FEAB866B02571980D055D7,,,AMCP_706-215.pdf,0,2021-07-01 16:48:28,2021-07-01 16:48:28,7bd53b2cd6feab866b02571980d055d7-g.jpg,,
32836146,"Машины и механизмы садово-паркового хозяйства : лабораторный практикум для студентов спец. 1-75 02 01 \Садово-парковое строительство\""""",,,,"Асмоловский, Михаил Корнеевич",0,,,,68,68,Russian,,,,,,,,,,,,,,,0,,,,,,,1,14837936,pdf,1E9F2718838B7375A8D4DC1771B2C152,,,book1215.pdf,0,2021-06-28 02:34:01,2021-06-28 02:34:02,1e9f2718838b7375a8d4dc1771b2c152-g.jpg,,
32836147,"Охрана труда : программа, методические указания и контрольные задания для студентов заочной формы обучения специальностей 1-48 01 05 \Химическая технология переработки древесины\"" и 1-48 02 01 \""Биотехнология\""""",,,,"Сацура, Валентин Михайлович",0,,,,56,56,Russian,,,,,,,,,,,,,,,0,,,,,,,1,378113,pdf,41ACF642258DCD842007FEB667B04A16,,,book1215.pdf,0,2021-06-28 02:35:23,2021-06-28 02:35:24,41acf642258dcd842007feb667b04a16-g.jpg,,
32836148,Психология управления,,,,"Мещерякова, Елена Валентиновна",0,,,,57,57,Russian,,,,,,,,,,,,,,,0,,,,,,,1,503085,pdf,000B956A6D9BBF70175DDAE6B88895C7,,,book1215.pdf,0,2021-06-28 02:36:10,2021-07-01 16:49:34,000b956a6d9bbf70175ddae6b88895c7-g.jpg,,
32836149,"Engineering Design Handbook - Ammunition Series Section 1, Artillery Ammunition - General",,AMCP 706-244,,,1963,,,,87,87,English,,,,,,,,,,,,,,,0,,,,,,,1,3128055,pdf,613E825DCE747B4B2BC677752241F9FB,,,AMCP_706-244.pdf,0,2021-07-01 16:49:43,2021-07-01 16:49:43,613e825dce747b4b2bc677752241f9fb-g.jpg,,
32836150,Сухопутный транспорт леса,,,,"Вырко, Николай Павлович",0,,,,493,493,Russian,,,,,,,,,,,,,,,0,,,,,,,1,8510563,pdf,AEE85EC34B8262D465AD3DB03A1864E4,,,book1215.pdf,0,2021-06-28 02:38:18,2021-06-28 02:38:20,aee85ec34b8262d465ad3db03a1864e4-g.jpg,,
32836151,Оценка имущества отрасли,,,,"Синяк, Николай Георгиевич",0,,,,50,50,Russian,,,,,,,,,,,,,,,0,,,,,,,0,5172824,pdf,C44F02C1ADCEB37FA420A7270CF47BD8,,,book1215.pdf,0,2021-06-28 02:38:53,2021-06-28 02:38:54,c44f02c1adceb37fa420a7270cf47bd8-g.jpg,,
32836152,Экологический менеджмент,,,,"Неверов, Александр Васильевич",0,,,,318,318,Russian,,,,,,,,,,,,,,,0,,,,,,,1,1960509,pdf,1E9C33C7B94935B8764AFE90D4E7C08A,,,book1215.pdf,0,2021-06-28 02:40:10,2021-06-28 02:40:11,1e9c33c7b94935b8764afe90d4e7c08a-g.jpg,,
32836153,Экономика предприятия отрасли,,,,"Синяк, Николай Георгиевич",0,,,,67,67,Russian,,,,,,,,,,,,,,,0,,,,,,,0,6185485,pdf,67DC0E6DFC8EE06F655D3E549081A1CB,,,book1215.pdf,0,2021-06-28 02:40:43,2021-06-28 02:40:44,67dc0e6dfc8ee06f655d3e549081a1cb-g.jpg,,
32836154,Экономико-метаматические методы и модели,,,,"Янович, Владимир Иванович",0,,,,63,63,Russian,,,,,,,,,,,,,,decrypted from 98C0FA5491D187E6FE582E4AFC7371C3 source file,0,,,,,,,0,736487,pdf,A0585D8BE733AE3BE5B61EAB5D3DDFB7,,,book1215.pdf,0,2021-06-28 02:41:11,2021-06-28 02:41:12,a0585d8be733ae3be5b61eab5d3ddfb7-g.jpg,,
32836155,Основы маркетинга,,,,"Борушко, Нина Викторовна",0,,,,70,70,Russian,,,,,,,,,,,,,,,0,,,,,,,1,457568,pdf,5EC08EB0667349BF12DD23DFAA6F6266,,,book1215.pdf,0,2021-06-28 02:41:39,2021-06-28 02:41:40,5ec08eb0667349bf12dd23dfaa6f6266-g.jpg,,
32836156,"Охрана труда : учебно-методическое пособие для студентов заочной формы обучения специальностей: 1–46 01 01 «Лесоинженерное дело», 1–75 01 01 «Лесное хозяйство», 1–46 01 02 «Технология деревообрабатывающих производств», 1–36 05 01 «Машины и оборудование лесного комплекса», 1–25 01 07 «Экономика и управление на предприятии», 1–25 01 08 «Бухгалтерский учёт, анализ и аудит», 1–25 02 02 «Менеджмент», 1– 26 02 03 «Маркетинг»",,,,"Ермак, Иван Тимофеевич",0,,,,59,59,Russian,,,,,,,,,,,,,,,0,,,,,,,1,678692,pdf,66428CFFBE557E9298A6B8309CDD29B9,,,book1215.pdf,0,2021-06-28 02:44:21,2021-06-28 02:44:23,66428cffbe557e9298a6b8309cdd29b9-g.jpg,,
32836157,Мировая экономика,,,,"Коротков, Максим Владимирович",0,,,,75,75,Russian,,,,,,,,,,,,,,decrypted from 040A88A041504EF54C1EFCF09B5F149B source file,0,,,,,,,0,487389,pdf,FEEED173564FF0EB140C01EAB5E828F4,,,book1215.pdf,0,2021-06-28 02:45:04,2021-06-28 02:45:05,feeed173564ff0eb140c01eab5e828f4-g.jpg,,
32836158,Организация производства,,,,"Ледницкий, Андрей Викентьевич",0,,,,57,57,Russian,,,,,,,,,,,,,,,0,,,,,,,1,436310,pdf,2B89F2BAF38672F0A3965C24CE9F8548,,,book1215.pdf,0,2021-06-28 02:45:45,2021-06-28 02:45:46,2b89f2baf38672f0a3965c24ce9f8548-g.jpg,,
32836159,"Лесное семеноводство. Лабораторный практикум : учебно-методическое пособие для студентов вузов по специальности 1-75 01 01 \Лесное хозяйство\"" специализации 1-75 01 01 06 \""Лесовосстановление и питомническое хозяйство\""""",,,,"Волкович, Александр Петрович",0,,,,69,69,Russian,,,,,,,,,,,,,,,0,,,,,,,1,944548,pdf,835EA8DBA7099B98A34848C709794E79,,,book1215.pdf,0,2021-06-28 02:46:10,2021-06-28 02:46:11,835ea8dba7099b98a34848c709794e79-g.jpg,,
32836160,Стратегический менеджмент,,,,"Демидовец, Виктор Павлович",0,,,,229,229,Russian,,,,,,,,,,,,,,,0,,,,,,,1,1903289,pdf,50C90A7E7AA72FB6A0F9F2EC7957AF1F,,,book1215.pdf,0,2021-06-28 02:47:03,2021-06-28 02:47:04,50c90a7e7aa72fb6a0f9f2ec7957af1f-g.jpg,,
32836161,"Engineering Design Handbook - Ammunition Series Section 4, Design for Projection",,AMCP 706-247,,,1964,,,,184,184,English,,,,,,,,,,,,,,,0,,,,,,,1,9642481,pdf,B97D02CECB253D33E0900E0C690874BD,,,AMCP_706-247.pdf,0,2021-07-01 16:51:08,2021-07-01 16:51:08,b97d02cecb253d33e0900e0c690874bd-g.jpg,,
32836162,"Химия древесины и синтетических полимеров : лабораторный практикум для студентов специальности 1-48 01 05 \Химическая технология переработки древесины\""""",,,,"Ламоткин, Александр Иванович",0,,,,81,81,Russian,,,,,,,,,,,,,,,0,,,,,,,1,1213454,pdf,81D3E42C9353687085823A9376C4DF1E,,,book1215.pdf,0,2021-06-28 02:47:33,2021-06-28 02:47:34,81d3e42c9353687085823a9376c4df1e-g.jpg,,
32836163,Гибкие автоматические линии в деревообработке,,,,"Кравченко, Анатолий Сергеевич",0,,,,77,77,Russian,,,,,,,,,,,,,,,0,,,,,,,1,4370079,pdf,3F67CBA3028C1F54B56D55AFA301B639,,,book1215.pdf,0,2021-06-28 02:48:07,2021-06-28 02:48:08,3f67cba3028c1f54b56d55afa301b639-g.jpg,,
32836164,Транспортное оборудование. Роботы и манипуляторы деревообрабатывающих производств,,,,"Кравченко, Анатолий Сергеевич",0,,,,59,59,Russian,,,,,,,,,,,,,,,0,,,,,,,1,1349752,pdf,32444197FDC1BC4F27C1EC27705236EB,,,book1215.pdf,0,2021-06-28 02:48:41,2021-07-01 16:51:38,32444197fdc1bc4f27c1ec27705236eb-g.jpg,,
32836165,Инженерно-экономические задачи на базе MATHCAD,,,,"Лащенко, Анатолий Павлович",0,,,,69,69,Russian,,,,,,,,,,,,,,,0,,,,,,,1,644872,pdf,21FA5EBB5F8F1925D25552AB4B4450DA,,,book1215.pdf,0,2021-06-28 02:49:06,2021-07-01 16:51:44,21fa5ebb5f8f1925d25552ab4b4450da-g.jpg,,
32836166,Конструирование программ и языки программирования. Ч. 2,,,,"Пацей, Наталья Владимировна",0,,,,113,113,Russian,,,,,,,,,,,,,,,0,,,,,,,1,737306,pdf,8D32D83AB505CB98FAF49418B6C1569F,,,book1215.pdf,0,2021-06-28 02:49:31,2021-06-28 02:49:32,8d32d83ab505cb98faf49418b6c1569f-g.jpg,,
32836167,Конструирование программ и языки программирования. Ч. 1,,,,"Пацей, Наталья Владимировна",0,,,,106,106,Russian,,,,,,,,,,,,,,,0,,,,,,,1,795428,pdf,DEE82CBC176147D6B3092B1454E4B4AF,,,book1215.pdf,0,2021-06-28 02:49:53,2021-06-28 02:49:54,dee82cbc176147d6b3092b1454e4b4af-g.jpg,,
32836168,Информационные сети,,,,"Юденков, Виктор Степанович",0,,,,78,78,Russian,,,,,,,,,,,,,,,0,,,,,,,1,673962,pdf,09CDDEE2F657CC77E32794F11CB7C0A3,,,book1215.pdf,0,2021-06-28 02:50:16,2021-06-28 02:50:17,09cddee2f657cc77e32794f11cb7c0a3-g.jpg,,
32836169,Философия и методология науки : учебно-методическое пособие для аспирантов и соискателей БГТУ,,,,"Водопьянов, Павел Александрович",0,,,,127,127,Russian,,,,,,,,,,,,,,,0,,,,,,,1,688665,pdf,5D928F6DC9E849FBD79E9C8993B0EF2C,,,book1215.pdf,0,2021-06-28 02:50:43,2021-06-28 02:50:44,5d928f6dc9e849fbd79e9c8993b0ef2c-g.jpg,,
32836170,Энергоэффективные технологии на зараженных радионуклидами территориях,,,,"Гребеньков, Александр Жоресович",0,,,,69,69,Russian,,,,,,,,,,,,,,,0,,,,,,,1,795668,pdf,62A97687D22C791DE70F2F591DB22862,,,book1215.pdf,0,2021-06-28 02:51:10,2021-06-28 02:51:11,62a97687d22c791de70f2f591db22862-g.jpg,,
32836171,"Engineering Design Handbook - Ammunition Series Section 5, Inspection Aspects of Artillery Ammunition Design",,AMCP 706-248,,,1966,,,,32,32,English,,,,,,,,,,,,,,,0,,,,,,,1,2341531,pdf,6D6FF9FD119B16B6F0EB5498EC8F2BC7,,,AMCP_706-248.pdf,0,2021-07-01 16:52:14,2021-07-01 16:52:14,6d6ff9fd119b16b6f0eb5498ec8f2bc7-g.jpg,,
32836172,Измерение физических величин. Практикум,,,,"Поплавский, Василий Владимирович",0,,,,177,177,Russian,,,,,,,,,,,,,,,0,,,,,,,1,12206754,pdf,020173E4CBD89235A035426782DA81D4,,,book1215.pdf,0,2021-06-28 02:51:47,2021-06-28 02:51:48,020173e4cbd89235a035426782da81d4-g.jpg,,
32836173,Проектирование систем автоматизации,,,,"Барашко, Олег Георгиевич",0,,,,56,56,Russian,,,,,,,,,,,,,,,0,,,,,,,1,1174685,pdf,61851D2469FFB4A14B4AD0A655F84FA4,,,book1215.pdf,0,2021-06-28 02:52:13,2021-06-28 02:52:14,61851d2469ffb4a14b4ad0a655f84fa4-g.jpg,,
32836174,O Folclore no Cariri,,,,J. DE FIGUEIREDO FILHO,1960,,Imprensa Universitária do Ceará,Fortaleza,,77,Portuguese,,,,,,,,,,,,,,,0,,,,,,,0,24736503,pdf,7C7CD16B5AF9BFF35A618B588BABEB1C,,,O Folclore no Cariri - J. de Figueiredo Filho.pdf,0,2021-07-01 16:53:09,2021-07-01 16:53:09,7c7cd16b5af9bff35a618b588babeb1c-g.jpg,,
32836175,"Трансформаторы, электрические машины и электропривод",,,,"Горошко, Владимир Иванович",0,,,,62,62,Russian,,,,,,,,,,,,,,,0,,,,,,,1,593409,pdf,35C5342C7507252A665D9D1BE38BD258,,,book1215.pdf,0,2021-06-28 02:52:36,2021-07-01 16:53:14,35c5342c7507252a665d9d1be38bd258-g.jpg,,
32836176,Прикладная электрохимия,,,,"Капица, Марина Сергеевна",0,,,,56,56,Russian,,,,,,,,,,,,,,,0,,,,,,,1,597627,pdf,0DF2A9CF78581437E6607A10BE09E480,,,book1215.pdf,0,2021-06-28 02:53:03,2021-06-28 02:53:04,0df2a9cf78581437e6607a10be09e480-g.jpg,,
32836177,"Engineering Design Handbook - Ammunition Series Section 6, Manufacture of Metallic Components of Artillery Ammunition",,AMCP 706-249,,,1964,,,,57,57,English,,,,,,,,,,,,,,,0,,,,,,,1,3784825,pdf,4907215CC467AA151F72EF39A7F3953D,,,AMCP_706-249.pdf,0,2021-07-01 16:53:42,2021-07-01 16:53:42,4907215cc467aa151f72ef39a7f3953d-g.jpg,,
32836178,Охрана труда. Инженерные расчеты по обеспечению санитарно-гигиенических условий труда : учебно-методическое пособие для студентов всех специальностей,,,,"Сацура, Валентин Михайлович",0,,,,89,89,Russian,,,,,,,,,,,,,,,0,,,,,,,1,1968726,pdf,C8701902B3BC13154DFE5D115AF41B1A,,,book1215.pdf,0,2021-06-28 02:53:32,2021-06-28 02:53:33,c8701902b3bc13154dfe5d115af41b1a-g.jpg,,
32836179,Лесное право и лесная политика,,,,"Дашкевич, Елена Анатольевна",0,,,,56,56,Russian,,,,,,,,,,,,,,,0,,,,,,,1,427388,pdf,6E6E96ACA4FB858431E4DDF7CA49F9D0,,,book1215.pdf,0,2021-06-28 02:53:59,2021-06-28 02:54:00,6e6e96aca4fb858431e4ddf7ca49f9d0-g.jpg,,
32836180,Культурология.Структурно-логические схемы курса,,,,"Якуш, Надежда Михайловна",0,,,,97,97,Russian,,,,,,,,,,,,,,,0,,,,,,,1,722346,pdf,19A76928025A4773A98EA07C639F2205,,,book1215.pdf,0,2021-06-28 02:54:25,2021-06-28 02:54:26,19a76928025a4773a98ea07c639f2205-g.jpg,,
32836181,Финансовый менеджмент : учебное пособие,,,,"Масилевич, Наталья Александровна",0,,,,350,350,Russian,,,,,,,,,,,,,,,0,,,,,,,1,2036066,pdf,C1573EA96B0F45DF6E6D754A239B9AB8,,,book1215.pdf,0,2021-06-28 02:54:59,2021-06-28 02:55:01,c1573ea96b0f45df6e6d754a239b9ab8-g.jpg,,
32836182,Менеджмент качества,,,,"Дашкевич, Елена Анатольевна",0,,,,77,77,Russian,,,,,,,,,,,,,,,0,,,,,,,1,521723,pdf,AC289D1C8C70F6170C5A232B7AB1923F,,,book1215.pdf,0,2021-06-28 02:55:28,2021-07-01 16:54:32,ac289d1c8c70f6170c5a232b7ab1923f-g.jpg,,
32836183,"Engineering Design Handbook - Gun Series, Guns - General",,AMCP 706-250,,,1964,,,,80,80,English,,,,,,,,,,,,,,,0,,,,,,,1,6286059,pdf,8DE2E51DBA8FC1BD5047450651263B5C,,,AMCP_706-250.pdf,0,2021-07-01 16:54:37,2021-07-01 16:54:37,8de2e51dba8fc1bd5047450651263b5c-g.jpg,,
32836184,Делопроизводство и корреспонденция,,,,"Равино, Алла Васильевна",0,,,,85,85,Russian,,,,,,,,,,,,,,,0,,,,,,,1,559078,pdf,53DB7DAEDF611A635AD4347D2806E14B,,,book1215.pdf,0,2021-06-28 02:55:54,2021-06-28 02:55:55,53db7daedf611a635ad4347d2806e14b-g.jpg,,
32836185,Экономика предприятия отрасли,,,,"Касперович, Сергей Антонович",0,,,,99,99,Russian,,,,,,,,,,,,,,,0,,,,,,,1,643502,pdf,E2A198597E799931C3ABDCC7CF0B6A7A,,,book1215.pdf,0,2021-06-28 02:56:20,2021-07-01 16:55:02,e2a198597e799931c3abdcc7cf0b6a7a-g.jpg,,
32836186,Маркетинг в химической промышленности,,,,"Жук, Дмитрий Александрович",0,,,,58,58,Russian,,,,,,,,,,,,,,,0,,,,,,,1,515561,pdf,48473954E3670EA1A2D695779C327628,,,book1215.pdf,0,2021-06-28 02:56:47,2021-07-01 16:55:14,48473954e3670ea1a2d695779c327628-g.jpg,,
32836187,Организация производства и управление предприятием,,,,"Корзун, Игорь Иванович",0,,,,59,59,Russian,,,,,,,,,,,,,,,0,,,,,,,1,430554,pdf,9585A9B599B262A770E9413D7B035759,,,book1215.pdf,0,2021-06-28 02:57:12,2021-06-28 02:57:13,9585a9b599b262a770e9413d7b035759-g.jpg,,
32836188,"Gun Series, General",,AMCP 706-250,,,1964,,,,77,77,English,,,,,,,,,,,,,,,0,,,,,,,0,5844564,pdf,6296527F95E9AFEEE4671B9857E00616,,,AMCP_706-250-.pdf,0,2021-07-01 16:55:32,2021-07-01 16:55:32,6296527f95e9afeee4671b9857e00616-g.jpg,,
32836189,Комплексное использование древесного сырья,,,,"Федоренчик, Александр Семенович",0,,,,88,88,Russian,,,,,,,,,,,,,,,0,,,,,,,1,2408457,pdf,385CD2437D81AA1B853A62B7B07F6C37,,,book1215.pdf,0,2021-06-28 02:57:52,2021-07-01 16:55:54,385cd2437d81aa1b853a62b7b07f6c37-g.jpg,,
32836190,"Аналитическая химия : программа, методические указания и контрольные задания по дисциплинам \Аналитическая химия\"""," \""Аналитическая химия и физико-химические методы анализа\"" для студентов химико-технологических специальностей заочной формы обучения""",,,,"Соколовский, Александр Евгеньевич",0,,,,121,121,Russian,,,,,,,,,,,,,,,0,,,,,,,1,991268,pdf,5AF5BDFBBD4985297BB707DAF5F9CE9D,,,book1215.pdf,0,2021-06-28 03:03:32,2021-06-28 03:03:34,5af5bdfbbd4985297bb707daf5f9ce9d-g.jpg,
32836191,Психология управления,,,,"Мещерякова, Елена Валентиновна",0,,,,340,340,Russian,,,,,,,,,,,,,,,0,,,,,,,1,3714611,pdf,B3A5B6017C774F4F485AB0B26BBBBEE4,,,book1215.pdf,0,2021-06-28 03:03:58,2021-07-01 16:56:20,b3a5b6017c774f4f485ab0b26bbbbee4-g.jpg,,
32836192,Синтез вычислительных систем реального времени. Лабораторный практикум,,,,"Кобайло, Александр Серафимович",0,,,,97,97,Russian,,,,,,,,,,,,,,,0,,,,,,,1,820755,pdf,B06C36DE6B0553CF6365421D730BCD51,,,book1215.pdf,0,2021-06-28 03:04:42,2021-07-01 16:56:26,b06c36de6b0553cf6365421d730bcd51-g.jpg,,
32836193,Engineering Design Handbook - Breech Mechanism Design,,AMCP 706-253,,,1979,,,,251,251,English,,,,,,,,,,,,,,,0,,,,,,,1,17184333,pdf,55EA9C7E33F3F6B6ED753C2525024A50,,,AMCP_706-253.pdf,0,2021-07-01 16:56:29,2021-07-01 16:56:29,55ea9c7e33f3f6b6ed753c2525024a50-g.jpg,,
32836194,"Engineering Design Handbook - Gun Series, Automatic Weapons",,AMCP 706-260,,,1970,,,,348,348,English,,,,,,,,,,,,,,,0,,,,,,,1,17002686,pdf,7566B494C3574F6150D4B59736D7EE8C,,,AMCP_706-260.pdf,0,2021-07-01 16:57:14,2021-07-01 16:57:14,7566b494c3574f6150d4b59736d7ee8c-g.jpg,,
32836195,Engineering Design Handbook - Propellant Actuated Devices,,AMCP 706-260,,,1975,,,,195,195,English,,,,,,,,,,,,,,,0,,,,,,,1,9672258,pdf,E03CD719B30769CD469C54E2AD920904,,,AMCP_706-270.pdf,0,2021-07-01 16:57:56,2021-07-01 16:57:56,e03cd719b30769cd469c54e2ad920904-g.jpg,,
32836196,Технология и машины лесосечных и лесоскладских работ,,,,"Матвейко, Александр Петрович",0,,,,201,201,Russian,,,,,,,,,,,,,,,0,,,,,,,1,1879990,pdf,297B552F9343302A84EBC47B87CB104A,,,book1215.pdf,0,2021-06-28 03:17:24,2021-06-28 03:17:25,297b552f9343302a84ebc47b87cb104a-g.jpg,,
32836197,Социология. Практикум : учебное пособие для студентов вузов,,,,"Сидоренко, Ирина Николаевна",0,,,,167,167,Russian,,,,,,,,,,,,,,,0,,,,,,,1,1244162,pdf,DA06B4C3D4728BC63A960094B9D8795E,,,book1215.pdf,0,2021-06-28 03:18:06,2021-06-28 03:18:07,da06b4c3d4728bc63a960094b9d8795e-g.jpg,,
32836198,Полиграфика. Курсовое проектирование,,,,"Гончарова, Зоя Валентиновна",0,,,,88,88,Russian,,,,,,,,,,,,,,,0,,,,,,,1,3772754,pdf,A3F12DCBA01C53BA49776B82392C3AA5,,,book1215.pdf,0,2021-06-28 03:18:32,2021-07-01 16:58:56,a3f12dcba01c53ba49776b82392c3aa5-g.jpg,,
32836199,Маркетинг и основы логистики,,,,"Крачковский, Александр Петрович",0,,,,149,149,Russian,,,,,,,,,,,,,,,0,,,,,,,1,505573,pdf,EC7306375BFE80DA9F85F7392A31EB0E,,,book1215.pdf,0,2021-06-28 03:18:57,2021-06-28 03:18:58,ec7306375bfe80da9f85f7392a31eb0e-g.jpg,,
32836200,"Органическая химия : программа, методические указания и контрольные задания для студентов специальности 1-48 01 02 \Химическая технология органических веществ"," материалов и изделий\"" заочной формы обучения""",,,,"Кушнер, Марина Александровна",0,,,,92,92,Russian,,,,,,,,,,,,,,,0,,,,,,,1,1804603,pdf,1C75A7B681EDBB5E13F6A32EFBA71E0E,,,book1215.pdf,0,2021-06-28 03:19:25,2021-06-28 03:19:26,1c75a7b681edbb5e13f6a32efba71e0e-g.jpg,
32836201,"Физическая и коллоидная химия :  контрольные вопросы и задания к лабораторному практикуму для самостоятельной работы по разделу \Коллоидная химия\"" для студентов специальности 1-48 01 05 \""Химическая технология переработки древесины\""""",,,,"Шичкова, Татьяна Александровна",0,,,,52,52,Russian,,,,,,,,,,,,,,,0,,,,,,,1,511010,pdf,48E74D0ABD2167A8090D159B3C585685,,,book1215.pdf,0,2021-06-28 03:19:52,2021-06-28 03:19:53,48e74d0abd2167a8090d159b3c585685-g.jpg,,
32836202,Engineering Design Handbook - Design of Aerodynamically Stabilized Free Rockets,,AMCP 706-280,,,1968,,,,334,334,English,,,,,,,,,,,,,,,0,,,,,,,1,54416117,pdf,6B8FE3658DC6A1ABBF8DCD560A4FD81F,,,AMCP_706-280.pdf,0,2021-07-01 16:59:16,2021-07-01 16:59:16,6b8fe3658dc6a1abbf8dcd560a4fd81f-g.jpg,,
32836203,Химическая модификация пленкообразующих веществ : учебное пособие для студентов вузов по специальности \Химическая технология органических веществ," материалов и изделий\""""",,,,"Прокопчук, Николай Романович",0,,,,381,381,Russian,,,,,,,,,,,,,,,0,,,,,,,1,3776513,pdf,E4B276104AD68673CD5976ACCBCBB612,,,book1215.pdf,0,2021-06-28 03:20:18,2021-06-28 03:20:19,e4b276104ad68673cd5976accbcbb612-g.jpg,
32836204,Вторичные виды сырья в технологии органического синтеза : учебное пособие для студентов вузов по специальности \Химическая технология органических веществ," материалов и изделий\""""",,,,"Юсевич, Андрей Иосифович",0,,,,164,164,Russian,,,,,,,,,,,,,,,0,,,,,,,1,1855018,pdf,C39B47B7D64C21C9BE5A30D9815BC797,,,book1215.pdf,0,2021-06-28 03:22:43,2021-06-28 03:22:44,c39b47b7d64c21c9be5a30d9815bc797-g.jpg,
32836205,Обеспечение надежности машин и оборудования,,,,"Лой, Владимир Николаевич",0,,,,70,70,Russian,,,,,,,,,,,,,,,0,,,,,,,1,681755,pdf,A3A098FD0C3303B44219031512FFE5EF,,,book1215.pdf,0,2021-06-28 03:23:06,2021-06-28 03:23:07,a3a098fd0c3303b44219031512ffe5ef-g.jpg,,
32836206,Проектирование автомобильных лесных дорог,,,,"Вырко, Николай Павлович",0,,,,130,130,Russian,,,,,,,,,,,,,,,0,,,,,,,1,5297390,pdf,66B312AABBC5596B136C44DF6F2A7EC3,,,book1215.pdf,0,2021-06-28 03:23:36,2021-06-28 03:23:37,66b312aabbc5596b136c44df6f2a7ec3-g.jpg,,
32836207,"Полиграфические машины, автоматы и поточные линии",,,,"Анкуда, Денис Анатольевич",0,,,,281,281,Russian,,,,,,,,,,,,,,,0,,,,,,,1,5300353,pdf,691FB36F21F3398F04E76D083F75E774,,,book1215.pdf,0,2021-06-28 03:24:01,2021-06-28 03:24:02,691fb36f21f3398f04e76d083f75e774-g.jpg,,
32836208,"Engineering Design Handbook - Ballistic Missile Series, Structures",,AMCP 706-286,,,1963,,,,86,86,English,,,,,,,,,,,,,,,0,,,,,,,1,6481553,pdf,855E9308D7E3026BE81C2A33A81A9A4A,,,AMCP_706-286.pdf,0,2021-07-01 17:00:07,2021-07-01 17:00:07,855e9308d7e3026be81c2a33a81a9a4a-g.jpg,,
32836209,Начертательная геометрия. Инженерная графика,,,,"Жарков, Николай Иванович",0,,,,51,51,Russian,,,,,,,,,,,,,,,0,,,,,,,1,6677026,pdf,8432EDC254E20F1CC63A6809655F8653,,,book1215.pdf,0,2021-06-28 03:28:08,2021-06-28 03:28:09,8432edc254e20f1cc63a6809655f8653-g.jpg,,
32836210,Общая химическая технология,,,,"Соколов, Михаил Тимофеевич",0,,,,56,56,Russian,,,,,,,,,,,,,,,0,,,,,,,1,358747,pdf,C363EE17EEE9649660939BAFA8F23DF2,,,book1215.pdf,0,2021-06-28 03:29:29,2021-06-28 03:29:30,c363ee17eee9649660939bafa8f23df2-g.jpg,,
32836211,"Сертификация и система аккредитации :  учебно-методическое пособие (программа, методические указания и контрольные задания) для студентов-заочников спец. 1-54 01 03",,,,"Егорова, Зинаида Евгеньевна",0,,,,62,62,Russian,,,,,,,,,,,,,,,0,,,,,,,1,467481,pdf,21BD8DEF5BEE8081FDE81B210BB0FD09,,,book1215.pdf,0,2021-06-28 03:30:46,2021-06-28 03:30:47,21bd8def5bee8081fde81b210bb0fd09-g.jpg,,
32836212,Принципы действия и применение лазеров,,,,"Сойка, Александр Кузьмич",0,,,,65,65,Russian,,,,,,,,,,,,,,,0,,,,,,,1,934764,pdf,AB1F2957916821354A087E5CBD80BF1A,,,book1215.pdf,0,2021-06-28 03:36:50,2021-06-28 03:36:51,ab1f2957916821354a087e5cbd80bf1a-g.jpg,,
32836213,Физика. Лабораторный практикум,,,,"Белый, Илья Михайлович",0,,,,153,153,Russian,,,,,,,,,,,,,,,0,,,,,,,1,2302397,pdf,2A8CF30D617E5EA3FA79E70B83A47A80,,,book1215.pdf,0,2021-06-28 03:37:16,2021-06-28 03:37:17,2a8cf30d617e5ea3fa79e70b83a47a80-g.jpg,,
32836214,Сборник задач для контрольных и индивидуальных заданий по физике,,,,"Белый, Илья Михайлович",0,,,,123,123,Russian,,,,,,,,,,,,,,,0,,,,,,,1,1037632,pdf,8BF5C51358E954902B12946915C7FCF8,,,book1215.pdf,0,2021-06-28 03:37:44,2021-07-01 17:00:54,8bf5c51358e954902b12946915c7fcf8-g.jpg,,
32836215,Физика,,,,"Олехнович, Александр Михайлович",0,,,,126,126,Russian,,,,,,,,,,,,,,,0,,,,,,,1,919382,pdf,9535D4DCCC3D1B243CFE778C0BA7C7C0,,,book1215.pdf,0,2021-06-28 03:38:10,2021-06-28 03:38:11,9535d4dccc3d1b243cfe778c0ba7c7c0-g.jpg,,
32836216,Физика,,,,"Мадьяров, Владимир Рафкатович",0,,,,100,100,Russian,,,,,,,,,,,,,,,0,,,,,,,1,964531,pdf,6D6253B14BC4C6F06C2F5D820BCAB6C0,,,book1215.pdf,0,2021-06-28 03:38:33,2021-07-01 17:01:04,6d6253b14bc4c6f06c2f5d820bcab6c0-g.jpg,,
32836217,Физика,,,,"Бобрович, Олег Георгиевич",0,,,,93,93,Russian,,,,,,,,,,,,,,,0,,,,,,,1,823725,pdf,6EF66CB8A1863F4E655283C12852A064,,,book1215.pdf,0,2021-06-28 03:38:56,2021-06-28 03:38:57,6ef66cb8a1863f4e655283c12852a064-g.jpg,,
32836218,Физика,,,,"Олехнович, Александр Михайлович",0,,,,94,94,Russian,,,,,,,,,,,,,,,0,,,,,,,1,545511,pdf,A4C10DEF2DABB19353E7E2777169186E,,,book1215.pdf,0,2021-06-28 03:39:17,2021-07-01 17:01:13,a4c10def2dabb19353e7e2777169186e-g.jpg,,
32836219,"Engineering Design Handbook - Fire Control Series Section 1, Fire Control Systems - General",,AMCP 706-327,,,1968,,,,501,501,English,,,,,,,,,,,,,,,0,,,,,,,1,23105249,pdf,E8BECC0908F0863151D87688C1F90157,,,AMCP_706-327.pdf,0,2021-07-01 17:01:15,2021-07-01 17:01:15,e8becc0908f0863151d87688c1f90157-g.jpg,,
32836220,Физика. Ч. 1 : Механика,,,,"Кленицкий, Дмитрий Викентьевич",0,,,,123,123,Russian,,,,,,,,,,,,,,,0,,,,,,,1,1818431,pdf,391DA889CA6611A1740B304092803528,,,book1215.pdf,0,2021-06-28 03:39:39,2021-06-28 03:39:40,391da889ca6611a1740b304092803528-g.jpg,,
32836221,Credit and Faith,,,,Philip Goodchild,2020,,Rowman & Littlefield International Ltd.,,,207,English,,,,"9781786614230,9781786614247,9781786614254",,,,,,,,,,,0,0,,0,1,0,1,1,1295532,pdf,5368049B4D0A0121B14E64DF0FB1D87B,,,Credit and Faith_nodrm.pdf,0,2021-07-01 17:01:26,2021-07-01 17:01:26,5368049b4d0a0121b14e64df0fb1d87b-g.jpg,,"9781786614230,9781786614247,9781786614254"
32836222,Физика,,,,"Рудик, Константин Иванович",0,,,,60,60,Russian,,,,,,,,,,,,,,,0,,,,,,,1,499200,pdf,D079F5ABDD3A85F7D3CA065546F8F7BC,,,book1215.pdf,0,2021-06-28 03:40:02,2021-06-28 03:40:03,d079f5abdd3a85f7d3ca065546f8f7bc-g.jpg,,
32836223,Тексты лекций по физике,,,,"Мадьяров, Владимир Рафкатович",0,,,,193,193,Russian,,,,,,,,,,,,,,,0,,,,,,,1,2337727,pdf,9AF0A29DB7D4B508D88D8CFD3AB14302,,,book1215.pdf,0,2021-06-28 03:40:27,2021-06-28 03:40:28,9af0a29db7d4b508d88d8cfd3ab14302-g.jpg,,
32836224,"Геометрическая, волновая и квантовая оптика",,,,"Кленицкий, Дмитрий Викентьевич",0,,,,86,86,Russian,,,,,,,,,,,,,,,0,,,,,,,1,1231962,pdf,449D022FA6DBA7B3BC2919CFCBCDE835,,,book1215.pdf,0,2021-06-28 03:40:49,2021-06-28 03:40:50,449d022fa6dba7b3bc2919cfcbcde835-g.jpg,,
32836225,Физика,,,,"Гольман, Леонид Петрович",0,,,,91,91,Russian,,,,,,,,,,,,,,,0,,,,,,,1,895718,pdf,1949B1AF779840AEB4E5256C1F43F1DA,,,book1215.pdf,0,2021-06-28 03:41:11,2021-06-28 03:41:12,1949b1af779840aeb4e5256c1f43f1da-g.jpg,,
32836226,Алканы: тексты лекций для студ. ф-та ИЭФ,,,,"Каток, Ядвига Марьяновна",0,,,,56,56,Russian,,,,,,,,,,,,,,,0,,,,,,,1,325193,pdf,B2A7C0A1DF3FE8440125B9D86CDA06EF,,,book1215.pdf,0,2021-06-28 03:41:33,2021-07-01 17:02:00,b2a7c0a1df3fe8440125b9d86cda06ef-g.jpg,,
32836227,"Аминокислоты, белки : лекция для студ. ф-та ИЭФ",,,,"Каток, Ядвига Марьяновна",0,,,,50,50,Russian,,,,,,,,,,,,,,,0,,,,,,,1,340921,pdf,C4DEE797AA830354E7CCF3B04FC9BA01,,,book1215.pdf,0,2021-06-28 03:41:54,2021-06-28 03:41:55,c4dee797aa830354e7ccf3b04fc9ba01-g.jpg,,
32836228,Нитрои аминосоединения : лекция для студ. ф-та ИЭФ,,,,"Каток, Ядвига Марьяновна",0,,,,57,57,Russian,,,,,,,,,,,,,,,0,,,,,,,1,366366,pdf,B26A34164963E4AFD60C113126A98B34,,,book1215.pdf,0,2021-06-28 03:42:36,2021-06-28 03:42:37,b26a34164963e4afd60c113126a98b34-g.jpg,,
32836229,Циклоалканы : лекция для студ. ф-та ИЭФ,,,,"Каток, Ядвига Марьяновна",0,,,,63,63,Russian,,,,,,,,,,,,,,,0,,,,,,,1,671979,pdf,97A122900F29E84B636C025ED0404FBE,,,book1215.pdf,0,2021-06-28 03:43:12,2021-06-28 03:43:13,97a122900f29e84b636c025ed0404fbe-g.jpg,,
32836230,Алкены : лекция для студ. ф-та ИЭФ,,,,"Каток, Ядвига Марьяновна",0,,,,52,52,Russian,,,,,,,,,,,,,,,0,,,,,,,1,469243,pdf,1405F7C6EDF512B2282652ECFA6F6606,,,book1215.pdf,0,2021-06-28 03:43:42,2021-07-01 17:02:23,1405f7c6edf512b2282652ecfa6f6606-g.jpg,,
32836231,Полиарены : лекция для студ. ф-та ИЭФ,,,,"Каток, Ядвига Марьяновна",0,,,,74,74,Russian,,,,,,,,,,,,,,,0,,,,,,,1,962287,pdf,00251CB4539A326A5A589E603ACC2EAB,,,book1215.pdf,0,2021-06-28 03:44:44,2021-06-28 03:44:45,00251cb4539a326a5a589e603acc2eab-g.jpg,,
32836232,"Engineering Design Handbook - Fire Control Series Section 3, Fire Control Computing Systems",,AMCP 706-329,,,1970,,,,448,448,English,,,,,,,,,,,,,,,0,,,,,,,1,22808278,pdf,CD9F8C997231C89DDB2DF7085A29934F,,,AMCP_706-329.pdf,0,2021-07-01 17:02:32,2021-07-01 17:02:32,cd9f8c997231c89ddb2df7085a29934f-g.jpg,,
32836233,Кислоты : лекция для студ. ф-та ИЭФ,,,,"Каток, Ядвига Марьяновна",0,,,,85,85,Russian,,,,,,,,,,,,,,,0,,,,,,,1,385711,pdf,26F3884300B40252605F574AE8FA5139,,,book1215.pdf,0,2021-06-28 03:45:25,2021-07-01 17:02:35,26f3884300b40252605f574ae8fa5139-g.jpg,,
32836234,Введение : лекция  для студ. ф-та ИЭФ,,,,"Каток, Ядвига Марьяновна",0,,,,83,83,Russian,,,,,,,,,,,,,,,0,,,,,,,1,554687,pdf,86688243A950E8E56B68DDD610733EE8,,,book1215.pdf,0,2021-06-28 03:45:46,2021-06-28 03:45:47,86688243a950e8e56b68ddd610733ee8-g.jpg,,
32836235,"Спирты, простые эфиры : лекция для студ. ф-та ИЭФ",,,,"Каток, Ядвига Марьяновна",0,,,,113,113,Russian,,,,,,,,,,,,,,,0,,,,,,,1,507224,pdf,27FDE1AF0BDCFD7580495C3DC5A06BEC,,,book1215.pdf,0,2021-06-28 03:46:09,2021-06-28 03:46:10,27fde1af0bdcfd7580495c3dc5a06bec-g.jpg,,
32836236,"Альдегиды, кетоны : лекция для студ. ф-та ИЭФ",,,,"Каток, Ядвига Марьяновна",0,,,,83,83,Russian,,,,,,,,,,,,,,,0,,,,,,,1,470696,pdf,38AEC8BDEF75EC9B59C45187A3494DE5,,,book1215.pdf,0,2021-06-28 03:46:30,2021-06-28 03:46:31,38aec8bdef75ec9b59c45187a3494de5-g.jpg,,
32836237,Моносахариды : лекция для студ. ф-та ИЭФ,,,,"Каток, Ядвига Марьяновна",0,,,,67,67,Russian,,,,,,,,,,,,,,,0,,,,,,,1,439317,pdf,42EC3619747811BA9E734973ECB2C5DC,,,book1215.pdf,0,2021-06-28 03:47:07,2021-06-28 03:47:08,42ec3619747811ba9e734973ecb2c5dc-g.jpg,,
32836238,Приборы и методы исследования электрохимических систем,,,,"Матыс, Владимир Генрихович",0,,,,164,164,Russian,,,,,,,,,,,,,,,0,,,,,,,1,2517138,pdf,53A0B944B4C5DF24745E83DA347D8A5C,,,book1215.pdf,0,2021-06-28 03:49:46,2021-06-28 03:49:47,53a0b944b4c5df24745e83da347d8a5c-g.jpg,,
32836239,Лесная сертификация : лекция № 3,,,,"Клыш, Андрей Сергеевич",0,,,,59,59,Russian,,,,,,,,,,,,,,,0,,,,,,,1,712920,pdf,10C173A4332013F1B22D0BA3FE18F085,,,book1215.pdf,0,2021-06-28 03:51:13,2021-06-28 03:51:14,10c173a4332013f1b22d0ba3fe18f085-g.jpg,,
32836240,Ведение лесного хозяйства в условиях экстремальных нарушений лесных экосистем : лекция № 1,,,,"Клыш, Андрей Сергеевич",0,,,,56,56,Russian,,,,,,,,,,,,,,,0,,,,,,,1,6064629,pdf,807EBCFA315912383B8AD4455A7E9CD6,,,book1215.pdf,0,2021-06-28 03:53:07,2021-06-28 03:53:08,807ebcfa315912383b8ad4455a7e9cd6-g.jpg,,
32836241,Охрана окружающей среды и мониторинг лесных экосистем : лекция № 2,,,,"Лабоха, Константин Валентинович",0,,,,63,63,Russian,,,,,,,,,,,,,,,0,,,,,,,1,1230975,pdf,3B46808B0C69D5BEB588787969CD250A,,,book1215.pdf,0,2021-06-28 03:59:24,2021-06-28 03:59:25,3b46808b0c69d5beb588787969cd250a-g.jpg,,
32836242,Технология и машины лесосечных работ,,,,"Матвейко, Александр Петрович",0,,,,122,122,Russian,,,,,,,,,,,,,,,0,,,,,,,1,1458525,pdf,1A7A86763C8BA65A7DEB4BF58E95E9CD,,,book1215.pdf,0,2021-06-28 03:59:49,2021-06-28 03:59:50,1a7a86763c8ba65a7deb4bf58e95e9cd-g.jpg,,
32836243,"Engineering Design Handbook - Carriages and Mounts Series, Carriages and Mounts - General",,AMCP 706-340,,,1964,,,,49,49,English,,,,,,,,,,,,,,,0,,,,,,,1,2288761,pdf,822E75B3E1E6C8417BE116513E01BE79,,,AMCP_706-340.pdf,0,2021-07-01 17:03:49,2021-07-01 17:03:49,822e75b3e1e6c8417be116513e01be79-g.jpg,,
32836244,Охрана окружающей среды и мониторинг лесных экосистем : лекция № 1,,,,"Лабоха, Константин Валентинович",0,,,,52,52,Russian,,,,,,,,,,,,,,,0,,,,,,,1,315827,pdf,AF2B551710781001532A124645B1FFA8,,,book1215.pdf,0,2021-06-28 04:00:13,2021-06-28 04:00:14,af2b551710781001532a124645b1ffa8-g.jpg,,
32836245,Kidnapped Democracy,,Polemics Series,,Ramón A. Feenstra,2020,,Rowman & Littlefield,,,109,English,,,,"178661362X,9781786613622,9781786613615,1786613611",,,,,,,,,,,0,,,,1,0,1,1,565775,pdf,25FEF1DCD4237CBF387BC4A3CE1957FA,,,RAFKD.pdf,0,2021-07-01 17:04:00,2021-07-01 17:04:00,25fef1dcd4237cbf387bc4a3ce1957fa-g.jpg,,"178661362X,9781786613622,9781786613615,1786613611"
32836246,Охрана окружающей среды и мониторинг лесных экосистем : лекция № 4,,,,"Лабоха, Константин Валентинович",0,,,,57,57,Russian,,,,,,,,,,,,,,,0,,,,,,,1,265057,pdf,2C583CE18477D5E91741B9FB3FC2ECC2,,,book1215.pdf,0,2021-06-28 04:00:55,2021-06-28 04:00:56,2c583ce18477d5e91741b9fb3fc2ecc2-g.jpg,,
32836247,Лесоведение : лекция № 1,,,,"Лабоха, Константин Валентинович",0,,,,51,51,Russian,,,,,,,,,,,,,,,0,,,,,,,1,1627915,pdf,064179B421662FD79C2B13312C3F6CFB,,,book1215.pdf,0,2021-06-28 04:02:33,2021-06-28 04:02:34,064179b421662fd79c2b13312c3f6cfb-g.jpg,,
32836248,Экологический менеджмент. Курсовое проектирование,,,,"Баранчик, Владимир Павлович",0,,,,91,91,Russian,,,,,,,,,,,,,,,0,,,,,,,1,1333669,pdf,1F6052147CC48A57988CD1C1D28866FB,,,book1215.pdf,0,2021-06-28 04:11:15,2021-06-28 04:11:18,1f6052147cc48a57988cd1c1d28866fb-g.jpg,,
32836249,Экологический менеджмент,,,,"Неверов, Александр Васильевич",0,,,,318,318,Russian,,,,,,,,,,,,,,,0,,,,,,,1,1908454,pdf,666C3306F69CFD3E197FEF3F7123BF65,,,book1215.pdf,0,2021-06-28 04:11:43,2021-06-28 04:11:44,666c3306f69cfd3e197fef3f7123bf65-g.jpg,,
32836250,Management,,,,"Demidovec, V. P.",0,,,,379,379,Russian,,,,,,,,,,,,,,,0,,,,,,,1,2850092,pdf,461095782EBEBD3110D540A1E33D6234,,,book1215.pdf,0,2021-06-28 04:12:15,2021-06-28 04:12:16,461095782ebebd3110d540a1e33d6234-g.jpg,,
32836251,"Механическая обработка древесины и древесных материалов, управление процессами резания",,,,"Гришкевич, Александр Александрович",0,,,,111,111,Russian,,,,,,,,,,,,,,,0,,,,,,,1,2701153,pdf,11C29FD39B1CE9EE6D14EB3777934616,,,book1215.pdf,0,2021-06-28 04:14:26,2021-06-28 04:14:27,11c29fd39b1ce9ee6d14eb3777934616-g.jpg,,
32836252,"Engineering Design Handbook - Carriages and Mounts Series, Cradles",,AMCP 706-341,,,1963,,,,52,52,English,,,,,,,,,,,,,,,0,,,,,,,1,3102154,pdf,37967FDBD972A808FC470F21675C9C7C,,,AMCP_706-341.pdf,0,2021-07-01 17:04:34,2021-07-01 17:04:34,37967fdbd972a808fc470f21675c9c7c-g.jpg,,
32836253,Экономика природопользования,,,,"Неверов, Александр Васильевич",0,,,,560,560,Russian,,,,,,,,,,,,,,,0,,,,,,,1,3649439,pdf,776A3ED0C6947EC89A5D1C152A8C4E05,,,book1215.pdf,0,2021-06-28 04:20:04,2021-06-28 04:20:05,776a3ed0c6947ec89a5d1c152a8c4e05-g.jpg,,
32836254,"Engineering Design Handbook - Carriages and Mounts Series, Top Carriages",,AMCP 706-343,,,1963,,,,39,39,English,,,,,,,,,,,,,,,0,,,,,,,1,1929985,pdf,0B31884451D445714D029D9056E062EA,,,AMCP_706-343.pdf,0,2021-07-01 17:05:21,2021-07-01 17:05:21,0b31884451d445714d029d9056e062ea-g.jpg,,
32836255,"Engineering Design Handbook - Automotive Series, Automotive Bodies and Hulls",,AMCP 706-357,,,1970,,,,406,406,English,,,,,,,,,,,,,,,0,,,,,,,1,26295562,pdf,7408B666E0FD3ED46670FDC0F4866EED,,,AMCP_706-357.pdf,0,2021-07-01 17:06:16,2021-07-01 17:06:16,7408b666e0fd3ed46670fdc0f4866eed-g.jpg,,
32836256,The Moral Psychology of Regret,,Moral Psychology of the Emotions,,Anna Gotlib,2020,,Rowman & Littlefield International Ltd.,,,283,English,,,,"9781786602510,9781786602534",,,,,,,,,,,0,,,,1,,1,1,1531561,pdf,AC97DB19814F9D106807C19ED61186A4,,,The Moral Psychology of Regret_nodrm.pdf,0,2021-07-01 17:06:55,2021-07-01 17:06:55,ac97db19814f9d106807c19ed61186a4-g.jpg,,"9781786602510,9781786602534"
32836257,Engineering Design Handbook - Military Vehicle Electrical Systems,,AMCP 706-360,,,1974,,,,588,588,English,,,,,,,,,,,,,,,0,,,,,,,1,33938462,pdf,4250593E200515821A767D895E050C7F,,,AMCP_706-360.pdf,0,2021-07-01 17:07:16,2021-07-01 17:07:16,4250593e200515821a767d895e050c7f-g.jpg,,
32836258,Engineering Design Handbook - Military Vehicle Power Plant Cooling,,AMCP 706-361,,,1975,,,,643,643,English,,,,,,,,,,,,,,,0,,,,,,,1,30323699,pdf,9CD367D7618D9978CF2D2BA232FD397A,,,AMCP_706-361.pdf,0,2021-07-01 17:08:06,2021-07-01 17:08:06,9cd367d7618d9978cf2d2ba232fd397a-g.jpg,,
32836259,Engineering Design Handbook - Sabot Technology Engineering,,AMCP 706-445,,,1972,,,,295,295,English,,,,,,,,,,,,,,,0,,,,,,,1,16801634,pdf,78A428ACC75F2FF469A14EF1F38BA126,,,AMCP_706-445.pdf,0,2021-07-01 17:09:00,2021-07-01 17:09:00,78a428acc75f2ff469a14ef1f38ba126-g.jpg,,
