15553039,Mensch-Maschine-Schnittstelle in Echtzeitsystemen,,Springers Angewandte Informatik ,,Dipl.-Ing. Dr. techn. Veith Risak  (auth.),1986,,Springer Vienna,,"XI, 171 S. 37 Abb.",0,English,,,,"978-3-211-81943-2,978-3-7091-8874-3",,,,,,,10.1007/978-3-7091-8874-3,,,,0,,1,1,1,,,1,10415258,pdf,e9d5a7368252ee89f7ad01264ba64737,,,A:\\compressed\\10.1007%2F978-3-7091-8874-3.pdf,0,2000-01-01 01:00:00,2016-04-03 02:51:08,956000/e9d5a7368252ee89f7ad01264ba64737-d.jpg,,
15553040,Echtzeit-Kollisionsschutz an NC-Drehmaschinen,,iwb Forschungsberichte 8,,Dipl.-Ing. Ulrich Pilland  (auth.),1986,,Springer Berlin Heidelberg,,141 S.,0,German,,,,"978-3-540-17274-1,978-3-662-06810-6",,,,,,,10.1007/978-3-662-06810-6,,,,0,,1,1,1,,,1,2875073,pdf,016213e38f50a2166f993adb51ff0384,,,A:\\compressed\\10.1007%2F978-3-662-06810-6.pdf,0,2000-01-01 01:00:00,2016-04-03 02:51:08,956000/016213e38f50a2166f993adb51ff0384-d.jpg,,
15553041,"Optoelektronik II: Photodioden, Phototransistoren, Photoleiter und Bildsensoren",,Halbleiter-Elektronik 11,,"Dr. rer. nat. Günter Winstel,  Dr. phil. Claus Weyrich  (auth.)",1986,,Springer Berlin Heidelberg,,255 S. 69 Abb.,0,German,,,,"978-3-540-16019-9,978-3-642-82640-5",,,,,,,10.1007/978-3-642-82640-5,,,,0,,1,1,1,,,1,4687190,pdf,7214c69ac56c9a9b41900b5b51ce379d,,,A:\\compressed\\10.1007%2F978-3-642-82640-5.pdf,0,2000-01-01 01:00:00,2016-04-03 02:51:08,956000/7214c69ac56c9a9b41900b5b51ce379d-d.jpg,,
15553042,Quantentheorie des Magnetismus: Teil 2: Modelle,,Teubner Studienbücher Physik ,,Prof. Dr. rer. nat. Wolfgang Nolting  (auth.),1986,,Vieweg+Teubner Verlag,,348S.,0,English,,,,"978-3-519-03085-0,978-3-322-96699-5",,,,,,,10.1007/978-3-322-96699-5,,,,0,,1,1,1,,,1,6439225,pdf,a6c86c848894122f7b19ccf13dcc173b,,,A:\\compressed\\10.1007%2F978-3-322-96699-5.pdf,0,2000-01-01 01:00:00,2016-04-03 02:51:08,956000/a6c86c848894122f7b19ccf13dcc173b-d.jpg,,
15553043,Stromrichter-Netzrückwirkungen und ihre Beherrschung,, ,,Dr. sc. techn. Peter Büchner  (auth.),1986,,Springer Vienna,,260,0,German,,,,"978-3-7091-9526-0,978-3-7091-9525-3",,,,,,,10.1007/978-3-7091-9525-3,,,,0,,1,1,1,,,1,17735620,pdf,a84f83ef4504e4e98e99b8674b294833,,,A:\\compressed\\10.1007%2F978-3-7091-9525-3.pdf,0,2000-01-01 01:00:00,2016-04-03 02:51:08,956000/a84f83ef4504e4e98e99b8674b294833-d.jpg,,
15553044,"Matrizen und ihre Anwendungen für Angewandte Mathematiker, Physiker und Ingenieure: Teil 2: Numerische Methoden",, ,,"Dr.-Ing. Rudolf Zurmühl,  Dr.-Ing. Sigurd Falk  (auth.)",1986,,Springer Berlin Heidelberg,,"XV, 478 S.",0,German,,,,"978-3-540-15474-7,978-3-642-61614-3",,,,,,,10.1007/978-3-642-61614-3,,,"Ursprünglich erschienen in einem Band unter: R. Zurmühl, Matrizen und ihre technischen Anwendungen5., überarb. und erw. Aufl.",0,,1,1,1,,,1,13432691,pdf,3f5616afdc97358001acee4c84e6547b,,,A:\\compressed\\10.1007%2F978-3-642-61614-3.pdf,0,2000-01-01 01:00:00,2016-04-03 02:51:08,956000/3f5616afdc97358001acee4c84e6547b-d.jpg,,
15553045,Einsatz speicherprogrammierbarer Steuerungen in der Fertigungstechnik,,ISW Forschung und Praxis 62,,Heinz Fink,1986,,Springer Berlin Heidelberg,,126,0,German,,,0,"978-3-540-17031-0,978-3-642-82904-8",,,,,,,10.1007/978-3-642-82904-8,,,,0,,1,1,1,,,1,2171771,pdf,15145fcc359e19f8e6cbbdfb4357e39b,,,A:/compressed/10.1007%2F978-3-642-82904-8.pdf,0,2000-01-01 01:00:00,2016-04-03 02:51:08,956000/15145fcc359e19f8e6cbbdfb4357e39b-d.jpg,,
15553046,Rechenmethoden der Elektrodynamik: Aufgaben mit Lösungen,, ,,Professor Dr. Siegfried Flügge  (auth.),1986,,Springer Berlin Heidelberg,,"XI, 304 S. 49 Abb.",0,German,,,,"978-3-540-16421-0,978-3-642-71143-5",,,,,,,10.1007/978-3-642-71143-5,,,,0,,1,1,1,,,1,6056531,pdf,459fb8ac4c331a66c051942e8757e054,,,A:\\compressed\\10.1007%2F978-3-642-71143-5.pdf,0,2000-01-01 01:00:00,2016-04-03 02:51:08,956000/459fb8ac4c331a66c051942e8757e054-d.jpg,,
15553047,Untersuchungen über das kombinierte Quer-Napf-Vorwärts-Fließpressen,,Berichte aus dem Institut für Umformtechnik der Universität Stuttgart 89,,Dipl.-Ing. Walter Osen  (auth.),1986,,Springer Berlin Heidelberg,,153 S. 66 Abb.,0,German,,,,"978-3-540-17349-6,978-3-642-82974-1",,,,,,,10.1007/978-3-642-82974-1,,,,0,,1,1,1,,,1,3358047,pdf,c72f4ee5316204840548313c7e4bb3f4,,,A:\\compressed\\10.1007%2F978-3-642-82974-1.pdf,0,2000-01-01 01:00:00,2016-04-03 02:51:08,956000/c72f4ee5316204840548313c7e4bb3f4-d.jpg,,
15553048,"Verbund- und Sandwichtragwerke: Tragverhalten, Feuerwiderstand, Bauphysik",, ,,Dr.-Ing. Otto Jungbluth  (auth.),1986,,Springer Berlin Heidelberg,,"XVI, 559 S. 422 Abb.",0,German,,,,"978-3-642-52259-8,978-3-642-52258-1",,,,,,,10.1007/978-3-642-52258-1,,,,0,,1,1,1,,,1,14281081,pdf,eccafe41dc05f33b5bbba1241382bc97,,,A:\\compressed\\10.1007%2F978-3-642-52258-1.pdf,0,2000-01-01 01:00:00,2016-04-03 02:51:08,956000/eccafe41dc05f33b5bbba1241382bc97-d.jpg,,
15553049,System-Programmierung in UNIX: Teil 2: Techniken,,Leitfäden der angewandten Informatik 2,,Prof. Axel-Tobias Schreiner Ph. D.  (auth.),1986,,Vieweg+Teubner Verlag,,409 S.,0,English,,,,"978-3-519-02471-2,978-3-322-94668-3",,,,,,,10.1007/978-3-322-94668-3,,,,0,,1,1,1,,,1,8874960,pdf,ae73611cf2bfaf268d72be3758318975,,,A:\\compressed\\10.1007%2F978-3-322-94668-3.pdf,0,2000-01-01 01:00:00,2016-04-03 02:51:08,956000/ae73611cf2bfaf268d72be3758318975-d.jpg,,
15553050,Getriebesynthese: Bewegungsabläufe ebener Koppelmechanismen,, ,,Dr.-Ing. Paul Lohse  (auth.),1986,"4., neubearb. u. erw. Aufl.",Springer Berlin Heidelberg,,"XVI, 337 S. 568 Abb.",0,German,,,,"978-3-540-16118-9,978-3-642-50216-3",,,,,,,10.1007/978-3-642-50216-3,,,,0,,1,1,1,,,1,14426742,pdf,ce20335a26f2ebd20169834d58334db3,,,A:\\compressed\\10.1007%2F978-3-642-50216-3.pdf,0,2000-01-01 01:00:00,2016-04-03 02:51:08,956000/ce20335a26f2ebd20169834d58334db3-d.jpg,,
15553051,Initiativen für die Fabrik mit Zukunft: Internationales Symposium im Rahmen der Hannover-Messe-Industrie ’86 10. und 11. April 1986,,IPA-IAO Forschung und Praxis 5,,"M. Syrbe  (auth.),  Prof. Dr.-Ing. H. J. Warnecke  (eds.)",1986,,Springer Berlin Heidelberg,,345 S.,0,German,,,,"978-3-540-16673-3,978-3-662-12068-2",,,,,,,10.1007/978-3-662-12068-2,,,,0,,1,1,1,,,1,25968316,pdf,a9323c139f8de373312c3d27fe611c73,,,A:\\compressed\\10.1007%2F978-3-662-12068-2.pdf,0,2000-01-01 01:00:00,2016-04-03 02:51:08,956000/a9323c139f8de373312c3d27fe611c73-d.jpg,,
15553052,BASIC im Bau- und Vermessungswesen: Programmierte Ingenieurmathematik mit dem SHARP PC-1500 (A),, ,,Lothar Marsolek  (auth.),1986,,Vieweg+Teubner Verlag,,304 S.,0,English,,,,"978-3-519-05241-8,978-3-663-09339-8",,,,,,,10.1007/978-3-663-09339-8,,,,0,,1,1,1,,,1,6891439,pdf,8a4193672d5a1ff6cd9e48e705496b7d,,,A:\\compressed\\10.1007%2F978-3-663-09339-8.pdf,0,2000-01-01 01:00:00,2016-04-03 02:51:08,956000/8a4193672d5a1ff6cd9e48e705496b7d-d.jpg,,
15553053,Mathematische Modelle: Aus den Sammlungen von Universitäten und Museen,, ,,"Gerd Fischer  (auth.),  Prof. Dr. Gerd Fischer  (eds.)",1986,,Vieweg+Teubner Verlag,,92,0,German,,,,"978-3-322-85046-1,978-3-322-85045-4",,,,,,,10.1007/978-3-322-85045-4,,,,0,,1,1,1,,,1,4310766,pdf,aa10cd03791060dbcaef49d0a10a065c,,,A:\\compressed\\10.1007%2F978-3-322-85045-4.pdf,0,2000-01-01 01:00:00,2016-04-03 02:51:08,956000/aa10cd03791060dbcaef49d0a10a065c-d.jpg,,
15553054,Physikalische Grundlagen der Energietechnik,,,,Norbert Pucker,1986,,Springer WIen,,356,0,German,,,0,"978-3-211-81948-7,978-3-7091-8879-8",,,,,,,10.1007/978-3-7091-8879-8,,,,0,,1,1,1,,,1,8053846,pdf,a44d6edf3adb616a23949ca3f91be0f3,,,A:/compressed/10.1007%2F978-3-7091-8879-8.pdf,0,2000-01-01 01:00:00,2016-04-03 02:51:08,956000/a44d6edf3adb616a23949ca3f91be0f3-d.jpg,,
15553055,"Kleben: Grundlagen, Technologie, Anwendungen",, ,,Dr. rer. nat. Gerd Habenicht  (auth.),1986,,Springer Berlin Heidelberg,,450,0,German,,,,"978-3-662-08092-4,978-3-662-08091-7",,,,,,,10.1007/978-3-662-08091-7,,,,0,,1,1,1,,,1,11104751,pdf,5e26a95385a0df6a63db1a926bb9bbb3,,,A:\\compressed\\10.1007%2F978-3-662-08091-7.pdf,0,2000-01-01 01:00:00,2016-04-03 02:51:08,956000/5e26a95385a0df6a63db1a926bb9bbb3-d.jpg,,
15553056,"Wärmebrückenkatalog: Tafeln mit Temperaturverläufen, Isothermen und Angaben über zusätzliche Wärmeverluste",, ,,"Dipl.-Ing. Georg-Wilhelm Mainka,  o. Prof. em. Dr.-Ing. Heinrich Paschen  (auth.)",1986,,Vieweg+Teubner Verlag,,227S.,0,German,,,,"978-3-519-05003-2,978-3-322-87186-2",,,,,,,10.1007/978-3-322-87186-2,,,,0,,1,1,1,,,1,16274761,pdf,346323c6ed565c477bd9682d25c1467d,,,A:\\compressed\\10.1007%2F978-3-322-87186-2.pdf,0,2000-01-01 01:00:00,2016-04-03 02:51:08,956000/346323c6ed565c477bd9682d25c1467d-d.jpg,,
15553057,Programmier- und Überwachungsfunktionen für teileartbezogene NC-Werkzeugmaschinen,,ISW Forschung und Praxis 60,,Heinz Frank  (auth.),1986,,Springer Berlin Heidelberg,,115 S. 49 Abb.,0,German,,,,"978-3-540-16703-7,978-3-642-52266-6",,,,,,,10.1007/978-3-642-52266-6,,,,0,,1,1,1,,,1,2516128,pdf,4846ae18392d4d2ee976068fbe8714f5,,,A:\\compressed\\10.1007%2F978-3-642-52266-6.pdf,0,2000-01-01 01:00:00,2016-04-03 02:51:08,956000/4846ae18392d4d2ee976068fbe8714f5-d.jpg,,
15553058,Faserverbundwerkstoffe,,Faserverbundwerkstoffe 3,,"Dipl.-Ing. Hans-Dieter Beckmann,  Dr.-Ing. Hermann Oetting  (auth.),  Dr. rer. nat. Jörn Hansen  (eds.)",1986,,Springer Berlin Heidelberg,,"605 S. 288 Abb., 93 Tab.",0,German,,,,"978-3-540-15934-6,978-3-642-82624-5",,,,,,,10.1007/978-3-642-82624-5,,,,0,,1,1,1,,,1,20825246,pdf,390e34112e8ca332724090ca6cdc0896,,,A:\\compressed\\10.1007%2F978-3-642-82624-5.pdf,0,2000-01-01 01:00:00,2016-04-03 02:51:08,956000/390e34112e8ca332724090ca6cdc0896-d.jpg,,
15553059,Rechnersimulation des Beschichtungsprozesses beim — Elektrotauchlackieren Anwendung zum Berechnen des Umgriffs,,IPA-IAO Forschung und Praxis 96,,Dipl.-Ing. Otto Baumgärtner  (auth.),1986,,Springer Berlin Heidelberg,,42 Abb. 113 Seiten.,0,German,,,,"978-3-540-17102-7,978-3-642-82923-9",,,,,,,10.1007/978-3-642-82923-9,,,,0,,1,1,1,,,1,5243327,pdf,2bcda9ac32d60e2cf9fafd5727b22d29,,,A:\\compressed\\10.1007%2F978-3-642-82923-9.pdf,0,2000-01-01 01:00:00,2016-04-03 02:51:08,956000/2bcda9ac32d60e2cf9fafd5727b22d29-d.jpg,,
15553060,Bauen mit DIN-Normen,, ,,"Dipl.-Ing. Georg Lindemann  (auth.),  Dipl.-Ing. Georg Lindemann  (eds.)",1986,,Vieweg+Teubner Verlag,,440S. 233 Abb.. Mit 9 Beispielen.,0,German,,,,"978-3-322-82986-3,978-3-322-82985-6",,,,,,,10.1007/978-3-322-82985-6,,,,0,,1,1,1,,,1,15832667,pdf,54157e1990701cc443df9d15f2d9cfdd,,,A:\\compressed\\10.1007%2F978-3-322-82985-6.pdf,0,2000-01-01 01:00:00,2016-04-03 02:51:08,956000/54157e1990701cc443df9d15f2d9cfdd-d.jpg,,
15553061,Flexibilität in der Fertigung: Organisation und Bewertung von Personalstrukturen,,FIR Aachen Forschung für die Praxis 6,,Dipl.-Ing. Robert Grob  (auth.),1986,,Springer Berlin Heidelberg,,"VIII, 150 S. 25 Abb., 20 Tab.",0,German,,,,"978-3-540-16159-2,978-3-642-82691-7",,,,,,,10.1007/978-3-642-82691-7,,,,0,,1,1,1,,,1,3777335,pdf,b7011e703cbec667089286527cd5fa7e,,,A:\\compressed\\10.1007%2F978-3-642-82691-7.pdf,0,2000-01-01 01:00:00,2016-04-03 02:51:08,956000/b7011e703cbec667089286527cd5fa7e-d.jpg,,
15553062,Praktische Baustatik: Teil 1,, ,,"Professor Dipl.-Ing. Walter Wagner,  Professor Dipl.-Ing. Gerhard Erlhof  (auth.)",1986,18Aufl.,Vieweg+Teubner Verlag,,336 S.,0,German,,,,"978-3-519-45201-0,978-3-663-11117-7",,,,,,,10.1007/978-3-663-11117-7,,,,0,,1,1,1,,,1,9237805,pdf,d101954e104482645d9309f71e7861c1,,,A:\\compressed\\10.1007%2F978-3-663-11117-7.pdf,0,2000-01-01 01:00:00,2016-04-03 02:51:08,956000/d101954e104482645d9309f71e7861c1-d.jpg,,
15553063,The Mathematics of Computerized Tomography,, ,,F. Natterer  (auth.),1986,,Vieweg+Teubner Verlag,,1986,0,English,,,,"978-3-519-02103-2,978-3-663-01409-6",,,,,,,10.1007/978-3-663-01409-6,,,,0,,1,1,1,,,1,16545447,pdf,1f452e73c3ef0cb6e48448790df2cbc9,,,A:\\compressed\\10.1007%2F978-3-663-01409-6.pdf,0,2000-01-01 01:00:00,2016-04-03 02:51:08,956000/1f452e73c3ef0cb6e48448790df2cbc9-d.jpg,,
15553064,Werkstückorientierte Verfahrensauswahl zum Gußputzen mit Industrierobotern,,IPA-IAO — Forschung und Praxis 92,,Dipl.-Ing. Wolfgang Sturz  (auth.),1986,,Springer Berlin Heidelberg,,161 S.,0,German,,,,"978-3-540-16224-7,978-3-662-10913-7",,,,,,,10.1007/978-3-662-10913-7,,,,0,,1,1,1,,,1,2931034,pdf,22c267f26eb6ff1fc8c2aad86fdfcd0f,,,A:\\compressed\\10.1007%2F978-3-662-10913-7.pdf,0,2000-01-01 01:00:00,2016-04-03 02:51:08,956000/22c267f26eb6ff1fc8c2aad86fdfcd0f-d.jpg,,
15553065,Denkfallen beim Planen,,Bauwelt Fundamente ,,Walter Schönwandt  (auth.),1986,,Vieweg+Teubner Verlag,,131S.,0,German,,,,"978-3-528-08774-6,978-3-663-01476-8",,,,,,,10.1007/978-3-663-01476-8,,,,0,,1,1,1,,,1,2138722,pdf,05a5c830fa7047bd76ddcb502ed8048c,,,A:\\compressed\\10.1007%2F978-3-663-01476-8.pdf,0,2000-01-01 01:00:00,2016-04-03 02:51:08,956000/05a5c830fa7047bd76ddcb502ed8048c-d.jpg,,
15553066,Aufgaben und Lösungen zur angewandten Statistik,,vieweg studium ,,Dr. rer. nat. Karl Bosch  (auth.),1986,2.Aufl.,Vieweg+Teubner Verlag,,"VI, 111S.",0,German,,,,"978-3-528-17257-2,978-3-322-85064-5",,,,,,,10.1007/978-3-322-85064-5,,,,0,,1,1,1,,,1,2759234,pdf,a2819ff5a785ca6996c3424113a35a61,,,A:\\compressed\\10.1007%2F978-3-322-85064-5.pdf,0,2000-01-01 01:00:00,2016-04-03 02:51:08,956000/a2819ff5a785ca6996c3424113a35a61-d.jpg,,
15553067,"Schwere Gase: Modelle, Experimente und Risikoanalyse",,BMFT — Risiko- und Sicherheitsforschung ,,"S. Hartwig  (auth.),  G. Schnatz,  Professor Dr. S. Hartwig  (eds.)",1986,,Springer Berlin Heidelberg,,"XIII, 143 S. 66 Abb.",0,German,,,,"978-3-642-82809-6,978-3-642-82808-9",,,,,,,10.1007/978-3-642-82808-9,,,,0,,1,1,1,,,1,4491008,pdf,42be62a70de19368eb8cae560b13d986,,,A:\\compressed\\10.1007%2F978-3-642-82808-9.pdf,0,2000-01-01 01:00:00,2016-04-03 02:51:08,956000/42be62a70de19368eb8cae560b13d986-d.jpg,,
15553068,Das elektromagnetische Feld: Theorie und grundlegende Anwendungen,, ,,Dr. Hellmut Hofmann  (auth.),1986,,Springer Vienna,,538,0,German,,,,"978-3-7091-4006-2,978-3-7091-4005-5",,,,,,,10.1007/978-3-7091-4005-5,,,,0,,1,1,1,,,1,13980394,pdf,461d90809cd397bd25905622171f42e7,,,A:\\compressed\\10.1007%2F978-3-7091-4005-5.pdf,0,2000-01-01 01:00:00,2016-04-03 02:51:08,956000/461d90809cd397bd25905622171f42e7-d.jpg,,
15553069,Industriepraktikum Maschinenbau: Ein Leitfaden für Studierende an Technischen Universitäten,, ,,Dr.-Ing. Harald P. Rehbein  (auth.),1986,,Springer Berlin Heidelberg,,"VIII, 135 S. 19 Abb., 6 Tab., 80 Seiten Vordrucke für den persönlichen Gebrauch",0,German,,,,"978-3-540-16911-6,978-3-642-47555-9",,,,,,,10.1007/978-3-642-47555-9,,,,0,,1,1,1,,,1,2340600,pdf,226a0763054f38c500bbdbdc2a9cbae6,,,A:\\compressed\\10.1007%2F978-3-642-47555-9.pdf,0,2000-01-01 01:00:00,2016-04-03 02:51:08,956000/226a0763054f38c500bbdbdc2a9cbae6-d.jpg,,
15553070,Versicherungsmathematik: Personenversicherung,,Teubner Studienbücher Mathematik ,,Priv.-Doz. Dr. rer. nat. Kurt Wolfsdorf  (auth.),1986,,Vieweg+Teubner Verlag,,"XIV, 479 S.",0,English,,,,"978-3-519-02072-1,978-3-322-96646-9",,,,,,,10.1007/978-3-322-96646-9,,,,0,,1,1,1,,,1,9870513,pdf,6ae3f392fc2187b744bd35d89a6ee8ef,,,A:\\compressed\\10.1007%2F978-3-322-96646-9.pdf,0,2000-01-01 01:00:00,2016-04-03 02:51:08,956000/6ae3f392fc2187b744bd35d89a6ee8ef-d.jpg,,
15553071,Federlegierungen aus NE-Metallen: Übersetzung aus dem Russischen,, ,,"Žanna P. Pastuchova,  Alexander G. Rachštadt  (auth.)",1986,,Springer Vienna,,334,0,German,,,,"978-3-7091-9529-1,978-3-7091-9528-4",,,,,,,10.1007/978-3-7091-9528-4,,,,0,,1,1,1,,,1,12226908,pdf,285f4bf4b9508a5937fd79814b81c361,,,A:\\compressed\\10.1007%2F978-3-7091-9528-4.pdf,0,2000-01-01 01:00:00,2016-04-03 02:51:08,956000/285f4bf4b9508a5937fd79814b81c361-d.jpg,,
15553072,Zerkleinerungs- und Klassiermaschinen,, ,,Prof. Dr. sc. techn. Karl Höffl  (auth.),1986,,Springer Berlin Heidelberg,,"Koproduktion mit Deutscher Verlag für Grundstoffindustrie, Leipzig431 S. 555 Abb., 37 Tab.",0,German,,,,"978-3-642-82711-2,978-3-642-82710-5",,,,,,,10.1007/978-3-642-82710-5,,,,0,,1,1,1,,,1,25050695,pdf,36bd999ef9a5916b63101f71dd861326,,,A:\\compressed\\10.1007%2F978-3-642-82710-5.pdf,0,2000-01-01 01:00:00,2016-04-03 02:51:08,956000/36bd999ef9a5916b63101f71dd861326-d.jpg,,
15553073,"Maschinen- und Konstruktionselemente: Band II: Verbindungselemente, elastische Elemente, Achsen und Wellen, Dichtungstechnik",,Hochschultext ,,"Dr.-Ing. Waldemar Steinhilper,  Dr.-Ing. Rudolf Röper  (auth.)",1986,,Springer Berlin Heidelberg,,"XIII, 607 S.",0,English,,,,"978-3-540-15862-2,978-3-662-08511-0",,,,,,,10.1007/978-3-662-08511-0,,,,0,,1,1,1,,,1,17639515,pdf,aca9d335c773ef01c31a74aa52cb2979,,,A:\\compressed\\10.1007%2F978-3-662-08511-0.pdf,0,2000-01-01 01:00:00,2016-04-03 02:51:08,956000/aca9d335c773ef01c31a74aa52cb2979-d.jpg,,
15553074,Modell zur Berechnung verzweigter Antriebsstrukturen,,iwb Forschungsberichte 4,,Dipl.-Ing. Helmut Summer  (auth.),1986,,Springer Berlin Heidelberg,,"XXIV, 194 S. 74 Abb.",0,German,,,,"978-3-540-16394-7,978-3-642-82787-7",,,,,,,10.1007/978-3-642-82787-7,,,,0,,1,1,1,,,1,5385766,pdf,3c43ce4d5193fdca04b01cae442f5180,,,A:\\compressed\\10.1007%2F978-3-642-82787-7.pdf,0,2000-01-01 01:00:00,2016-04-03 02:51:08,956000/3c43ce4d5193fdca04b01cae442f5180-d.jpg,,
15553075,Mikrobizide Stoffe in biologischen Kläranlagen: Immissionen und Prozeßstabilität,, ,,"Dipl.-Ing. Peter Kunz,  Günter Frietsch  (auth.)",1986,,Springer Berlin Heidelberg,,"XII, 324 S.",0,German,,,,"978-3-540-16426-5,978-3-662-08743-5",,,,,,,10.1007/978-3-662-08743-5,,,,0,,1,1,1,,,1,9202721,pdf,8ea7d2103c756bd97aba7fda3dbfdc31,,,A:\\compressed\\10.1007%2F978-3-662-08743-5.pdf,0,2000-01-01 01:00:00,2016-04-03 02:51:08,956000/8ea7d2103c756bd97aba7fda3dbfdc31-d.jpg,,
15553076,Elemente der angewandten Elektronik: Kompendium für Ausbildung und Beruf,, ,,Erwin Böhmer  (auth.),1986,4. Aufl.,Vieweg+Teubner Verlag,,382S.,0,German,,,,"978-3-528-34090-2,978-3-322-86474-1",,,,,,,10.1007/978-3-322-86474-1,,,,0,,1,1,1,,,1,16326792,pdf,cd1e68853d0254a1def9b39a0daed693,,,A:\\compressed\\10.1007%2F978-3-322-86474-1.pdf,0,2000-01-01 01:00:00,2016-04-03 02:51:08,956000/cd1e68853d0254a1def9b39a0daed693-d.jpg,,
15553077,Grundlagen der Programmiersprachen,,Leitfäden und Monographien der Informatik ,,"Prof. Dr.-Ing. Jacques Loeckx,  Prof. Kurt Mehlhorn Ph. D.,  Prof. Dr. rer. nat. Reinhard Wilhelm  (auth.)",1986,,Vieweg+Teubner Verlag,,448 S.,0,German,,,,"978-3-519-02254-1,978-3-322-94706-2",,,,,,,10.1007/978-3-322-94706-2,,,,0,,1,1,1,,,1,22067301,pdf,6b032c5c0a97671ef275fc0d37a363bc,,,A:\\compressed\\10.1007%2F978-3-322-94706-2.pdf,0,2000-01-01 01:00:00,2016-04-03 02:51:08,956000/6b032c5c0a97671ef275fc0d37a363bc-d.jpg,,
15553078,"Lokale Computernetze — LAN: Technologische Grundlagen, Architektur, Übersicht und Anwendungsbereiche",,Springers Angewandte Informatik ,,Dipl.-Ing. Dr. techn. Karl Heinz Kellermayr  (auth.),1986,,Springer Vienna,,"VIII, 255 S. 116 Abb.",0,German,,,,"978-3-211-81964-7,978-3-7091-8885-9",,,,,,,10.1007/978-3-7091-8885-9,,,,0,,1,1,1,,,1,13537442,pdf,b8668473e90b29bbf1f254f0db6a2cf3,,,A:\\compressed\\10.1007%2F978-3-7091-8885-9.pdf,0,2000-01-01 01:00:00,2016-04-03 02:51:08,956000/b8668473e90b29bbf1f254f0db6a2cf3-d.jpg,,
15553079,Informatik in der Praxis: Aspekte ihrer industriellen Nutzanwendung,, ,,"R. Bulirsch,  A. Gilg  (auth.),  Professor Dr. techn. Heinz Schwärtzel  (eds.)",1986,,Springer Berlin Heidelberg,,541,0,German,,,,"978-3-642-93337-0,978-3-642-93336-3",,,,,,,10.1007/978-3-642-93336-3,,,,0,,1,1,1,,,1,12945571,pdf,e08998df38bae837f00fdccf00fdeaab,,,A:\\compressed\\10.1007%2F978-3-642-93336-3.pdf,0,2000-01-01 01:00:00,2016-04-03 02:51:08,956000/e08998df38bae837f00fdccf00fdeaab-d.jpg,,
15553080,Entwicklung und Einsatz eines interaktiven Verfahrens zur Leistungsabstimmung von Montagesystemen,,IPA-IAO Forschung und Praxis 94,,"Dipl.-Ing., M.S./Univ. of Florida Günter Schad  (auth.)",1986,,Springer Berlin Heidelberg,,"120 S. 31 Abb., 1 Tab.",0,German,,,,"978-3-540-16978-9,978-3-642-82886-7",,,,,,,10.1007/978-3-642-82886-7,,,,0,,1,1,1,,,1,4656648,pdf,f6bb5889b4354cb3ad524fdd769a9b09,,,A:\\compressed\\10.1007%2F978-3-642-82886-7.pdf,0,2000-01-01 01:00:00,2016-04-03 02:51:08,956000/f6bb5889b4354cb3ad524fdd769a9b09-d.jpg,,
15553081,Messung des Werkzeugverschleißes bei der Kalt- und Halbwarmumformung mit Radionukliden,,Berichte aus dem Institut für Umformtechnik der Universität Stuttgart 82,,Dipl.-Ing. Eberhard Nehl  (auth.),1986,,Springer Berlin Heidelberg,,"131 S. 55 Abb., 11 Tab.",0,German,,,,"978-3-540-16497-5,978-3-642-82798-3",,,,,,,10.1007/978-3-642-82798-3,,,,0,,1,1,1,,,1,2763065,pdf,0c70efd46965d4e3388090d673d7c26d,,,A:\\compressed\\10.1007%2F978-3-642-82798-3.pdf,0,2000-01-01 01:00:00,2016-04-03 02:51:08,956000/0c70efd46965d4e3388090d673d7c26d-d.jpg,,
15553082,Vorlesungen über Statik und Festigkeitslehre: Einführung in die Tragwerkslehre,, ,,Prof. Dr.-Ing. Walther Mann  (auth.),1986,,Vieweg+Teubner Verlag,,1986,0,German,,,,"978-3-519-05238-8,978-3-322-94738-3",,,,,,,10.1007/978-3-322-94738-3,,,,0,,1,1,1,,,1,8220031,pdf,0391c5add6a1e4350f094a721809e18a,,,A:\\compressed\\10.1007%2F978-3-322-94738-3.pdf,0,2000-01-01 01:00:00,2016-04-03 02:51:08,956000/0391c5add6a1e4350f094a721809e18a-d.jpg,,
15553083,VENUS: Entwurf von VLSI-Schaltungen,, ,,"Dr. phil. Egon Hörbst,  Dipl.-Ing. Martin Nett,  Dr. techn. Heinz Schwärtzel  (auth.)",1986,,Springer Berlin Heidelberg,,345,0,German,,,,"978-3-662-10757-7,978-3-662-10756-0",,,,,,,10.1007/978-3-662-10756-0,,,,0,,1,1,1,,,1,12881436,pdf,277bcb2955069b7523e6bd2f9712f4e8,,,A:\\compressed\\10.1007%2F978-3-662-10756-0.pdf,0,2000-01-01 01:00:00,2016-04-03 02:51:08,956000/277bcb2955069b7523e6bd2f9712f4e8-d.jpg,,
15553084,"Technik des Fernsehens: Aufnahme, Wiedergabe, Speicherung, Übertragung, Empfang, Meßtechnik, Qualitätskriterien",, ,,Dr.-Ing. K. W. Bernath  (auth.),1986,,Springer Berlin Heidelberg,,"161 Abb., 24 Tab. IX, 145 Seiten.",0,German,,,,"978-3-540-15600-0,978-3-642-47539-9",,,,,,,10.1007/978-3-642-47539-9,,,,0,,1,1,1,,,1,6459860,pdf,339e01227f0fed3fe46e908cfa1bc5e3,,,A:\\compressed\\10.1007%2F978-3-642-47539-9.pdf,0,2000-01-01 01:00:00,2016-04-03 02:51:08,956000/339e01227f0fed3fe46e908cfa1bc5e3-d.jpg,,
15553085,Fortschritte in der Meß- und Automatisierungstechnik durch Informationstechnik: INTERKAMA-Kongreß 1986,,Fachberichte Messen · Steuern · Regeln 14,,"G. Börnecke  (auth.),  Professor Dr.-Ing. Manfred Thoma,  Professor Dr.-Ing. Günther Schmidt  (eds.)",1986,,Springer Berlin Heidelberg,,"XIII, 854 Seiten.",0,German,,,,"978-3-540-17033-4,978-3-642-95506-8",,,,,,,10.1007/978-3-642-95506-8,,,,0,,1,1,1,,,1,27458436,pdf,d85e2d1010bac97835e5288c0f533968,,,A:\\compressed\\10.1007%2F978-3-642-95506-8.pdf,0,2000-01-01 01:00:00,2016-04-03 02:51:08,956000/d85e2d1010bac97835e5288c0f533968-d.jpg,,
15553086,Winkelplatten: Der um Eine Ecke Geführte Plattenvollstreifen mit Sämtlichen Randbedingungen,, ,,Helmut Bruckner  (auth.),1986,,Vieweg+Teubner Verlag,,782,0,German,,,,"978-3-528-08664-0,978-3-663-06818-1",,,,,,,10.1007/978-3-663-06818-1,,,,0,,1,1,1,,,1,27983431,pdf,dd8b61c7b2d859f2fd7b557b2b597f8d,,,A:\\compressed\\10.1007%2F978-3-663-06818-1.pdf,0,2000-01-01 01:00:00,2016-04-03 02:51:08,956000/dd8b61c7b2d859f2fd7b557b2b597f8d-d.jpg,,
15553087,"Werkstoffprüfung für die Umformtechnik: Grundlagen, Prüfmethoden, Anwendungen",,WFT Werkstoff-Forschung und -Technik 4,,Dr.-Ing. Klaus Pöhlandt  (auth.),1986,,Springer Berlin Heidelberg,,"XI, 210 S.",0,German,,,,"978-3-540-16722-8,978-3-662-10908-3",,,,,,,10.1007/978-3-662-10908-3,,,,0,,1,1,1,,,1,4477432,pdf,7a4614a014cc1ab860758571df543482,,,A:\\compressed\\10.1007%2F978-3-662-10908-3.pdf,0,2000-01-01 01:00:00,2016-04-03 02:51:08,956000/7a4614a014cc1ab860758571df543482-d.jpg,,
15553088,Rationelle Energieverwendung im Hochbau,, ,,"Dipl.-Ing. Peter Epinatjeff,  Dipl.-Ing. Bodo Weidlich  (auth.)",1986,,Springer Berlin Heidelberg,,"Koproduktion mit dem Verlag TÜV Rheinland, KölnVII, 280 S.",0,German,,,,"978-3-642-93324-0,978-3-642-93323-3",,,,,,,10.1007/978-3-642-93323-3,,,,0,,1,1,1,,,1,12177049,pdf,521b509db58576efefb2470dcdf8dc47,,,A:\\compressed\\10.1007%2F978-3-642-93323-3.pdf,0,2000-01-01 01:00:00,2016-04-03 02:51:08,956000/521b509db58576efefb2470dcdf8dc47-d.jpg,,
15553089,"Navigation: Teil C: Funkpeilwesen, Hyperbelnavigation, Radar, integrierte Navigation, Physik, Datenverarbeitung",,Handbuch für die Schiffsführung 1 / C,,"Dr.-Ing. Karl Terheyden,  Dr. Gerhard Zickwolff  (auth.),  Dr.-Ing. Karl Terheyden,  Dr. Gerhard Zickwolff  (eds.)",1986,,Springer Berlin Heidelberg,,416,0,German,,,,"978-3-662-21925-6,978-3-662-21924-9",,,,,,,10.1007/978-3-662-21924-9,,,,0,,1,1,1,,,1,10144563,pdf,91a9ad8e3afa35f15b85a0ad7f010e16,,,A:\\compressed\\10.1007%2F978-3-662-21924-9.pdf,0,2000-01-01 01:00:00,2016-04-03 02:51:08,956000/91a9ad8e3afa35f15b85a0ad7f010e16-d.jpg,,
15553090,Untersuchung der spanenden Bearbeitung von Knochen,,iwb Forschungsberichte 2,,Dipl.-Ing. Alfred Fuchsberger  (auth.),1986,,Springer Berlin Heidelberg,,"175 S. 90 Abb., 4 Tab.",0,German,,,,"978-3-540-16392-3,978-3-642-82785-3",,,,,,,10.1007/978-3-642-82785-3,,,,0,,1,1,1,,,1,7838874,pdf,65e334b640d3ff4dbccbaa9202f83751,,,A:\\compressed\\10.1007%2F978-3-642-82785-3.pdf,0,2000-01-01 01:00:00,2016-04-03 02:51:08,956000/65e334b640d3ff4dbccbaa9202f83751-d.jpg,,
15553091,Bildgestaltung in technischen Berichten: Die Herstellung aussagekräftiger Foto-Illustrationen,, ,,Heinz Greif  (auth.),1986,,Vieweg+Teubner Verlag,,116S.,0,German,,,,"978-3-528-03359-0,978-3-322-84349-4",,,,,,,10.1007/978-3-322-84349-4,,,,0,,1,1,1,,,1,3571024,pdf,09ec90a418ead6dc417ec36b35a15e44,,,A:\\compressed\\10.1007%2F978-3-322-84349-4.pdf,0,2000-01-01 01:00:00,2016-04-03 02:51:08,956000/09ec90a418ead6dc417ec36b35a15e44-d.jpg,,
15553092,"Technische Mechanik in der Feinwerktechnik: Aufgaben, Beispiele, Lösungen",,Viewegs Fachbücher der Technik ,,"Prof. Dipl.-Ing. Klaus Agne,  Prof. Dipl.-Ing. Friedrich Simon  (auth.)",1986,,Vieweg+Teubner Verlag,,233,0,German,,,,"978-3-528-14078-6,978-3-663-13918-8",,,,,,,10.1007/978-3-663-13918-8,,,,0,,1,1,1,,,1,9323479,pdf,edc485e37ff797ebc0f8c86c3a591b9a,,,A:\\compressed\\10.1007%2F978-3-663-13918-8.pdf,0,2000-01-01 01:00:00,2016-04-03 02:51:08,956000/edc485e37ff797ebc0f8c86c3a591b9a-d.jpg,,
15553093,Halbleiter-Schaltungstechnik,, ,,"Dr.-Ing. Ulrich Tietze,  Dr.-Ing. Christoph Schenk  (auth.)",1986,,Springer Berlin Heidelberg,,872,0,German,,,,"978-3-662-07642-2,978-3-662-07641-5",,,,,,,10.1007/978-3-662-07641-5,,,,0,,1,1,1,,,1,15752928,pdf,4eb6be5d19fa741873f3c75d14c4e07d,,,A:\\compressed\\10.1007%2F978-3-662-07641-5.pdf,0,2000-01-01 01:00:00,2016-04-03 02:51:08,956000/4eb6be5d19fa741873f3c75d14c4e07d-d.jpg,,
15553094,Entgraten durch Hochdruckwasserstrahlen,,IPA-IAO — Forschung und Praxis 91,,Dipl.-Ing. Manfred Schlatter  (auth.),1986,,Springer Berlin Heidelberg,,"167 S. 89 Abb., 18 Tab.",0,German,,,,"978-3-540-16172-1,978-3-642-82694-8",,,,,,,10.1007/978-3-642-82694-8,,,,0,,1,1,1,,,1,9460353,pdf,de2c8277c75e9972c744a40f3a1264dd,,,A:\\compressed\\10.1007%2F978-3-642-82694-8.pdf,0,2000-01-01 01:00:00,2016-04-03 02:51:08,956000/de2c8277c75e9972c744a40f3a1264dd-d.jpg,,
15553095,Rechnerorientierte Verfahren,,Mathematische Methoden in der Technik 4,,"Prof. Dr. phil. Bruno Buchberger,  Dipl.-Ing. Berhard Kutzler,  Prof. Dr. rer. nat. Manfred Feilmeier,  Dr. rer. nat. Matthias Kratz,  Prof. Dr. rer. nat. Ulirch Kulisch,  Priv.-Doz. Dr. rer. nat. Siegfried Rump  (auth.)",1986,,Vieweg+Teubner Verlag,,"I, 285 S.",0,German,,,,"978-3-519-02617-4,978-3-322-96690-2",,,,,,,10.1007/978-3-322-96690-2,,,,0,,1,1,1,,,1,8528388,pdf,b57b35d8eaaba601d7eb120c1e8ad7b0,,,A:\\compressed\\10.1007%2F978-3-322-96690-2.pdf,0,2000-01-01 01:00:00,2016-04-03 02:51:08,956000/b57b35d8eaaba601d7eb120c1e8ad7b0-d.jpg,,
15553096,Mikroelektronik und Mikroprozessoren für Maschinenbauer,, ,,Albert Haug  (auth.),1986,,Vieweg+Teubner Verlag,,199S.,0,German,,,,"978-3-528-04370-4,978-3-322-85959-4",,,,,,,10.1007/978-3-322-85959-4,,,,0,,1,1,1,,,1,6798647,pdf,ed7b94a05297440986aeb79feef832ac,,,A:\\compressed\\10.1007%2F978-3-322-85959-4.pdf,0,2000-01-01 01:00:00,2016-04-03 02:51:08,956000/ed7b94a05297440986aeb79feef832ac-d.jpg,,
15553097,"ASST ’87 6. Aachener Symposium für Signaltheorie: Mehrdimensionale Signale und Bildverarbeitung Aachen, 9.–12. September 1987",,Informatik-Fachberichte 153,,"Hermann Schomberg  (auth.),  Dietrich Meyer-Ebrecht  (eds.)",1987,,Springer Berlin Heidelberg,,"XII, 390 S.",0,German,,,,"978-3-540-18401-0,978-3-642-73015-3",,,,,,,10.1007/978-3-642-73015-3,,,,0,,1,1,1,,,1,15266332,pdf,8a340fbfef1d9374affe070570870fb7,,,A:\\compressed\\10.1007%2F978-3-642-73015-3.pdf,0,2000-01-01 01:00:00,2016-04-03 02:51:08,956000/8a340fbfef1d9374affe070570870fb7-d.jpg,,
15553098,Grundlagen für das Kaltwalzen von Voll- und Hohlkörpern nach dem Grob-Verfahren,,Berichte aus dem Institut für Umformtechnik der Universität Stuttgart 95,,Dipl.-Ing. Norbert Kurz  (auth.),1987,,Springer Berlin Heidelberg,,"163 S. 72 Abb., 5 Tab.",0,German,,,,"978-3-540-18509-3,978-3-642-83271-0",,,,,,,10.1007/978-3-642-83271-0,,,,0,,1,1,1,,,1,3886121,pdf,19ac471b011c3e95ef71c531816f4384,,,A:\\compressed\\10.1007%2F978-3-642-83271-0.pdf,0,2000-01-01 01:00:00,2016-04-03 02:51:08,956000/19ac471b011c3e95ef71c531816f4384-d.jpg,,
15553099,Kommunikationskonzepte für verteilte transaktionsorientierte Systeme,,Informatik-Fachberichte 145,,Kurt Rothermel  (auth.),1987,,Springer Berlin Heidelberg,,"XI, 224 S.",0,German,,,,"978-3-540-18272-6,978-3-642-72941-6",,,,,,,10.1007/978-3-642-72941-6,,,,0,,1,1,1,,,1,8786695,pdf,2c597969db3cd21a07e4c75cd8be8aa5,,,A:\\compressed\\10.1007%2F978-3-642-72941-6.pdf,0,2000-01-01 01:00:00,2016-04-03 02:51:08,956000/2c597969db3cd21a07e4c75cd8be8aa5-d.jpg,,
15553100,"Wege zu besseren Fernsehbildern / Ways Towards High Definition TV: Vorträge des vom 21.–22. Januar 1987 in München abgehaltenen Kongresses / Proceedings of the Congress Held in Munich, January 21–22, 1987",,Telecommunications 12,,"Anton Jaumann  (auth.),  Prof. Dr.-Ing. Clemens Baack,  W. Kaiser  (eds.)",1987,,Springer Berlin Heidelberg,,343,0,German,,,,"978-3-540-17987-0,978-3-642-83145-4",,,,,,,10.1007/978-3-642-83145-4,,,,0,,1,1,1,,,1,13632693,pdf,561598a984cecda6ceeb47a2d5041c23,,,A:\\compressed\\10.1007%2F978-3-642-83145-4.pdf,0,2000-01-01 01:00:00,2016-04-03 02:51:08,956000/561598a984cecda6ceeb47a2d5041c23-d.jpg,,
15553101,Analysis und Zahlentheorie: Vorlesung Hamburg 1920,,Dokumente zur Geschichte der Mathematik 3,,"Erich Hecke  (auth.),  Prof. Dr. Peter Roquette  (eds.)",1987,,Vieweg+Teubner Verlag,,"XXVIII, 234S.",0,German,,,,"978-3-322-89171-6,978-3-322-89170-9",,,,,,,10.1007/978-3-322-89170-9,,,,0,,1,1,1,,,1,9394223,pdf,990ec7f91ace980b5d9dea1f35355f82,,,A:\\compressed\\10.1007%2F978-3-322-89170-9.pdf,0,2000-01-01 01:00:00,2016-04-03 02:51:08,956000/990ec7f91ace980b5d9dea1f35355f82-d.jpg,,
15553102,"Numerische Berechnung elektromagnetischer Felder: Grundlagen, Methoden, Anwendungen",,Hochschultext ,,Dr.-Ing. Christian Hafner  (auth.),1987,,Springer Berlin Heidelberg,,"VII, 238 S. 58 Abb.",0,German,,,,"978-3-540-17334-2,978-3-642-82969-7",,,,,,,10.1007/978-3-642-82969-7,,,,0,,1,1,1,,,1,7981926,pdf,e0e4ea877e808be037fef5aa30eed678,,,A:\\compressed\\10.1007%2F978-3-642-82969-7.pdf,0,2000-01-01 01:00:00,2016-04-03 02:51:08,956000/e0e4ea877e808be037fef5aa30eed678-d.jpg,,
15553103,Zentrale und dezentrale Energieversorgung: VDE/VDI/GFPE-Tagung in Schliersee am 7./8. Mai 1987,,FfE Schriftenreihe der Forschungsstelle für Energiewirtschaft 18,,Professor Dr.-Ing. Helmut Schaefer  (auth.),1987,,Springer Berlin Heidelberg,,"VI, 238 S.",0,German,,,,"978-3-540-17911-5,978-3-642-52288-8",,,,,,,10.1007/978-3-642-52288-8,,,,0,,1,1,1,,,1,6518387,pdf,03bdd22cb26073c4a7fe122499639ad2,,,A:\\compressed\\10.1007%2F978-3-642-52288-8.pdf,0,2000-01-01 01:00:00,2016-04-03 02:51:08,956000/03bdd22cb26073c4a7fe122499639ad2-d.jpg,,
15553104,Mengen- und ablauforientierte Kapazitätsplanung von Montagesystemen,,IPA-IAO Forschung und Praxis 102,,Dipl.-Wirtsch.-Ing. Hans Sauer  (auth.),1987,,Springer Berlin Heidelberg,,64 Abb. 156 Seiten.,0,German,,,,"978-3-540-17815-6,978-3-642-83100-3",,,,,,,10.1007/978-3-642-83100-3,,,,0,,1,1,1,,,1,3464580,pdf,a3fb8ef1b5467cd30e1aea571bb3ebb9,,,A:\\compressed\\10.1007%2F978-3-642-83100-3.pdf,0,2000-01-01 01:00:00,2016-04-03 02:51:08,956000/a3fb8ef1b5467cd30e1aea571bb3ebb9-d.jpg,,
15553105,Ein Beitrag zur Planungssystematik für die automatisierte flexible Blechteilefertigung,,IPA-IAO Forschung und Praxis 109,,"Dipl.-Ing. Thomas Weber  (auth.),  Dipl.-Ing. Thomas Weber  (eds.)",1987,,Springer Berlin Heidelberg,,149 S. 56 Abb.,0,German,,,,"978-3-540-18136-1,978-3-642-83177-5",,,,,,,10.1007/978-3-642-83177-5,,,,0,,1,1,1,,,1,4426978,pdf,f2c4bab28f4931125d3e5ab18326bbac,,,A:\\compressed\\10.1007%2F978-3-642-83177-5.pdf,0,2000-01-01 01:00:00,2016-04-03 02:51:08,956000/f2c4bab28f4931125d3e5ab18326bbac-d.jpg,,
15553106,Betriebslehre und Arbeitsvorbereitung: Betriebswirtschaftliche Grundlagen,,Viewegs Fachbücher der Technik ,,Hugo Sonnenberg  (auth.),1987,,Vieweg+Teubner Verlag,,222,0,English,,,,"978-3-528-44025-1,978-3-322-85078-2",,,,,,,10.1007/978-3-322-85078-2,,,,0,,1,1,1,,,1,8065749,pdf,8090da2f41bcbf6faa87da9cb45c07e5,,,A:\\compressed\\10.1007%2F978-3-322-85078-2.pdf,0,2000-01-01 01:00:00,2016-04-03 02:51:08,956000/8090da2f41bcbf6faa87da9cb45c07e5-d.jpg,,
15553107,Spannweite der Gedanken: Zur 100. Wiederkehr des Geburtstages von Franz Dischinger,, ,,"Ulrich Schönemann  (auth.),  Prof. Dr.-Ing. Manfred Specht  (eds.)",1987,,Springer Berlin Heidelberg,,324,0,German,,,,"978-3-662-09967-4,978-3-662-09966-7",,,,,,,10.1007/978-3-662-09966-7,,,,0,,1,1,1,,,1,13516303,pdf,9ac7824c3ecf655889a814d337e3ee6a,,,A:\\compressed\\10.1007%2F978-3-662-09966-7.pdf,0,2000-01-01 01:00:00,2016-04-03 02:51:08,956000/9ac7824c3ecf655889a814d337e3ee6a-d.jpg,,
15553108,"Explosivverdichtung pulvriger Substanzen: Grundlagen, Verfahren, Ergebnisse",,WFT Werkstoff-Forschung und -Technik 7,,Dr.-Ing. habil. Rolf Prümmer  (auth.),1987,,Springer Berlin Heidelberg,,"X, 100 S. 64 Abb.",0,German,,,,"978-3-540-17029-7,978-3-642-82903-1",,,,,,,10.1007/978-3-642-82903-1,,,,0,,1,1,1,,,1,8562124,pdf,0a85faeaa5ee8d73b8d7054f05acf135,,,A:\\compressed\\10.1007%2F978-3-642-82903-1.pdf,0,2000-01-01 01:00:00,2016-04-03 02:51:08,956000/0a85faeaa5ee8d73b8d7054f05acf135-d.jpg,,
15553109,Informationssysteme und Datenbanken,,Leitfäden der angewandten Informatik 5,,Dr. sc. math. Carl August Zehnder  (auth.),1987,5Aufl.,Vieweg+Teubner Verlag,,"II, 274 S.",0,German,,,,"978-3-519-22480-8,978-3-322-94122-0",,,,,,,10.1007/978-3-322-94122-0,,,,0,,1,1,1,,,1,9357802,pdf,828af1f8c26f62a335507fcc65fc2729,,,A:\\compressed\\10.1007%2F978-3-322-94122-0.pdf,0,2000-01-01 01:00:00,2016-04-03 02:51:08,956000/828af1f8c26f62a335507fcc65fc2729-d.jpg,,
15553110,Gewöhnliche Differentialgleichungen: Analytische und numerische Behandlung,,Rechnerorientierte Ingenieurmathematik ,,"Wolfram Luther,  Klaus Niederdrenk,  Fritz Reutter,  Harry Yserentant  (auth.)",1987,,Vieweg+Teubner Verlag,,"XII, 422S.",0,German,,,,"978-3-528-04420-6,978-3-322-83036-4",,,,,,,10.1007/978-3-322-83036-4,,,,0,,1,1,1,,,1,8827244,pdf,ed887b3cb78d1d8623b70c03a4c888c2,,,A:\\compressed\\10.1007%2F978-3-322-83036-4.pdf,0,2000-01-01 01:00:00,2016-04-03 02:51:08,956000/ed887b3cb78d1d8623b70c03a4c888c2-d.jpg,,
15553111,Untersuchung des Plasmaschneidens zum Gußputzen mit Industrierobotern,,IPA-IAO Forschung und Praxis 106,,Jong-Oh Park  (auth.),1987,,Springer Berlin Heidelberg,,142 S. 70 Abb.,0,German,,,,"978-3-540-18037-1,978-3-642-47938-0",,,,,,,10.1007/978-3-642-47938-0,,,,0,,1,1,1,,,1,2445974,pdf,d5d041d64c854e7cd5474ba99fcefb08,,,A:\\compressed\\10.1007%2F978-3-642-47938-0.pdf,0,2000-01-01 01:00:00,2016-04-03 02:51:08,956000/d5d041d64c854e7cd5474ba99fcefb08-d.jpg,,
15553112,Theorie und Praxis der Röntgenstrukturanalyse: Eine Einführung für Naturwissenschaftler,, ,,Erich R. Wölfel  (auth.),1987,,Vieweg+Teubner Verlag,,342,0,German,,,,"978-3-663-07788-6,978-3-663-07787-9",,,,,,,10.1007/978-3-663-07787-9,,,,0,,1,1,1,,,1,9629587,pdf,cb815bc62461931a80258c8e2ed074da,,,A:\\compressed\\10.1007%2F978-3-663-07787-9.pdf,0,2000-01-01 01:00:00,2016-04-03 02:51:08,956000/cb815bc62461931a80258c8e2ed074da-d.jpg,,
15553113,Konzeption und Auswahl modularer Magazinpaletten,,IPA-IAO Forschung und Praxis 100,,Dipl.-Ing. Thomas Zipse  (auth.),1987,,Springer Berlin Heidelberg,,126 S. 54 Abb.,0,German,,,,"978-3-540-17584-1,978-3-642-83044-0",,,,,,,10.1007/978-3-642-83044-0,,,,0,,1,1,1,,,1,6707212,pdf,442a198f904bc4912a126c8f1fe37838,,,A:\\compressed\\10.1007%2F978-3-642-83044-0.pdf,0,2000-01-01 01:00:00,2016-04-03 02:51:08,956000/442a198f904bc4912a126c8f1fe37838-d.jpg,,
15553114,"Werkstoffe für die Elektrotechnik: Mikrophysik, Struktur, Eigenschaften",, ,,o. Prof. Dipl.-Ing. Dr. techn. Gerhard Fasching  (auth.),1987,,Springer Vienna,,646,0,German,,,,"978-3-7091-4154-0,978-3-7091-4153-3",,,,,,,10.1007/978-3-7091-4153-3,,,,0,,1,1,1,,,1,11506829,pdf,59fbf468e56729fb1a766536d2e28caa,,,A:\\compressed\\10.1007%2F978-3-7091-4153-3.pdf,0,2000-01-01 01:00:00,2016-04-03 02:51:08,956000/59fbf468e56729fb1a766536d2e28caa-d.jpg,,
15553115,Methode der Randelemente: Boundary Elements in der Mechanik auf dem PC,, ,,Dr.-Ing. Friedel Hartmann  (auth.),1987,,Springer Berlin Heidelberg,,"IX, 378 S. 159 Abb.",0,German,,,,"978-3-540-17336-6,978-3-642-82970-3",,,,,,,10.1007/978-3-642-82970-3,,,,0,,1,1,1,,,1,12018234,pdf,a452c2fa0e6036ca896acff07a7af08c,,,A:\\compressed\\10.1007%2F978-3-642-82970-3.pdf,0,2000-01-01 01:00:00,2016-04-03 02:51:08,956000/a452c2fa0e6036ca896acff07a7af08c-d.jpg,,
15553116,Konfigurierbarer Funktionsblock Geometriedatenverarbeitung für numerische Steuerungen,,ISW Forschung und Praxis 68,,Bernd Walker  (auth.),1987,,Springer Berlin Heidelberg,,125 S. 42 Abb.,0,German,,,,"978-3-540-18323-5,978-3-642-83217-8",,,,,,,10.1007/978-3-642-83217-8,,,,0,,1,1,1,,,1,2004537,pdf,d381ed06f1cd29bb35ff8774bc3ef5ce,,,A:\\compressed\\10.1007%2F978-3-642-83217-8.pdf,0,2000-01-01 01:00:00,2016-04-03 02:51:08,956000/d381ed06f1cd29bb35ff8774bc3ef5ce-d.jpg,,
15553117,Technische Schwingungslehre: Lineare Schwingungen diskreter mechanische Systeme,, ,,"Peter Hagedorn,  Dr.-Ing. Stefan Otterbein  (auth.)",1987,,Springer Berlin Heidelberg,,"XI, 468 S. 184 Abb.",0,German,,,,"978-3-540-18096-8,978-3-642-83164-5",,,,,,,10.1007/978-3-642-83164-5,,,,0,,1,1,1,,,1,11946088,pdf,e654a13d2c5f64ef4f6ed26ac9d44d73,,,A:\\compressed\\10.1007%2F978-3-642-83164-5.pdf,0,2000-01-01 01:00:00,2016-04-03 02:51:08,956000/e654a13d2c5f64ef4f6ed26ac9d44d73-d.jpg,,
15553118,Verkehrsleittechnik für den Straßenverkehr: Band I Grundlagen und Technologien der Verkehrsleittechnik,, ,,"Professor Dr.-Ing. Rudolf Lapierre,  Professor Dr.-Ing. Gerd Steierwald  (auth.),  Professor Dr.-Ing. Rudolf Lapierre,  Professor Dr.-Ing. Gerd Steierwald  (eds.)",1987,,Springer Berlin Heidelberg,,328,0,German,,,,"978-3-642-51088-5,978-3-642-51087-8",,,,,,,10.1007/978-3-642-51087-8,,,,0,,1,1,1,,,1,8594340,pdf,56bcd9351040b89f53d44cc1de514d33,,,A:\\compressed\\10.1007%2F978-3-642-51087-8.pdf,0,2000-01-01 01:00:00,2016-04-03 02:51:08,956000/56bcd9351040b89f53d44cc1de514d33-d.jpg,,
15553119,Einführung in die Maschinen- und Anlagentechnik: Band 1: Kraftmaschinen und Kraftanlagen,, ,,o. Prof. Dr.-Ing. Hans-Hermann Franzke  (auth.),1987,,Springer Berlin Heidelberg,,"X, 151 S. 167 Abb.",0,German,,,,"978-3-540-16420-3,978-3-642-82791-4",,,,,,,10.1007/978-3-642-82791-4,,,,0,,1,1,1,,,1,11401179,pdf,6df9e192f6ee18a5a4c692aa9d9a2b60,,,A:\\compressed\\10.1007%2F978-3-642-82791-4.pdf,0,2000-01-01 01:00:00,2016-04-03 02:51:08,956000/6df9e192f6ee18a5a4c692aa9d9a2b60-d.jpg,,
15553120,Hochbaukonstruktionen: Band III: Dachdeckungen,, ,,Dipl.-Ing. Dr. techn. Gerhard Leder  (auth.),1987,,Springer Berlin Heidelberg,,"VI, 183 S.",0,German,,,,"978-3-540-17705-0,978-3-642-72602-6",,,,,,,10.1007/978-3-642-72602-6,,,,0,,1,1,1,,,1,18022535,pdf,a656b8fdf7a4048d5367f7732dd53b19,,,A:\\compressed\\10.1007%2F978-3-642-72602-6.pdf,0,2000-01-01 01:00:00,2016-04-03 02:51:08,956000/a656b8fdf7a4048d5367f7732dd53b19-d.jpg,,
15553121,Querfließpressen eines Flansches oder Bundes an zylindrischen Vollkörpern aus Stahl,,Berichte aus dem Institut für Umformtechnik der Universität Stuttgart 93,,Dipl.-Ing. Winfried Schätzle  (auth.),1987,,Springer Berlin Heidelberg,,"129 S. 67 Abb., 3 Tab.",0,German,,,,"978-3-540-17929-0,978-3-642-83129-4",,,,,,,10.1007/978-3-642-83129-4,,,,0,,1,1,1,,,1,3127691,pdf,d1955b9d2fb3120d07914c1d002ea7a0,,,A:\\compressed\\10.1007%2F978-3-642-83129-4.pdf,0,2000-01-01 01:00:00,2016-04-03 02:51:08,956000/d1955b9d2fb3120d07914c1d002ea7a0-d.jpg,,
15553122,Regelungstechnik I: Klassische Verfahren zur Analyse und Synthese linearer kontinuierlicher Regelsysteme,, ,,Heinz Unbehauen  (auth.),1987,,Vieweg+Teubner Verlag,,424,0,German,,,,"978-3-528-43332-1,978-3-663-14845-6",,,,,,,10.1007/978-3-663-14845-6,,,,0,,1,1,1,,,1,9358658,pdf,8ecede207811ecec8d10695403568462,,,A:\\compressed\\10.1007%2F978-3-663-14845-6.pdf,0,2000-01-01 01:00:00,2016-04-03 02:51:08,956000/8ecede207811ecec8d10695403568462-d.jpg,,
15553123,CAD-Schnittstellen und Datentransferformate im Elektronik-Bereich,,Beiträge zur Graphischen Datenverarbeitung ,,"Guglielmo Girardi,  Reiner W. Hartenstein  (auth.),  Max H. Ungerer  (eds.)",1987,,Springer Berlin Heidelberg,,"77 Abb. VII, 120 Seiten.",0,German,,,,"978-3-540-18544-4,978-3-642-73133-4",,,,,,,10.1007/978-3-642-73133-4,,,,0,,1,1,1,,,1,3889740,pdf,d515a69dca79fe15ab384a4592f34111,,,A:\\compressed\\10.1007%2F978-3-642-73133-4.pdf,0,2000-01-01 01:00:00,2016-04-03 02:51:08,956000/d515a69dca79fe15ab384a4592f34111-d.jpg,,
15553124,Fügen von biegeschlaffen Steckkontakten mit Industrierobotern,,IPA-IAO Forschung und Praxis 107,,Daegab Gweon  (auth.),1987,,Springer Berlin Heidelberg,,115 S. 13 Abb.,0,German,,,,"978-3-540-18134-7,978-3-642-83175-1",,,,,,,10.1007/978-3-642-83175-1,,,,0,,1,1,1,,,1,3912838,pdf,8f15607dcd485b030a60677849cf81c3,,,A:\\compressed\\10.1007%2F978-3-642-83175-1.pdf,0,2000-01-01 01:00:00,2016-04-03 02:51:08,956000/8f15607dcd485b030a60677849cf81c3-d.jpg,,
15553125,Turbo-Pascal aus der Praxis,,MikroComputer-Praxis ,,"Prof. Henning Mittelbach,  Prof. Dr. Gisbert Wermuth  (auth.)",1987,,Vieweg+Teubner Verlag,,225 S.,0,German,,,,"978-3-519-02544-3,978-3-322-94675-1",,,,,,,10.1007/978-3-322-94675-1,,,,0,,1,1,1,,,1,5477406,pdf,0e2a68d9cbc0d490079d94029cb1bba3,,,A:\\compressed\\10.1007%2F978-3-322-94675-1.pdf,0,2000-01-01 01:00:00,2016-04-03 02:51:08,956000/0e2a68d9cbc0d490079d94029cb1bba3-d.jpg,,
15553126,"Begriffswelt der Feldtheorie: Elektromagnetische Felder Maxwellsche Gleichungen grad, rot, div etc. Finite Elemente Differenzenverfahren Ersatzladungsverfahren Monte Carlo Methode",, ,,Prof. Dr.-Ing. Adolf J. Schwab  (auth.),1987,"2., überarb. u. erw. Aufl.",Springer Berlin Heidelberg,,"XII, 192 S.",0,German,,,,"978-3-540-17913-9,978-3-662-06013-1",,,,,,,10.1007/978-3-662-06013-1,,,,0,,1,1,1,,,1,5571528,pdf,77ffb120266a65247360ee8cc551ddb5,,,A:\\compressed\\10.1007%2F978-3-662-06013-1.pdf,0,2000-01-01 01:00:00,2016-04-03 02:51:08,956000/77ffb120266a65247360ee8cc551ddb5-d.jpg,,
15553127,Fehlerdiagnose für Schaltnetze aus Modulen mit partiell injektiven Pfadfunktionen,,Informatik-Fachberichte 139,,Michael Marhöfer  (auth.),1987,,Springer Berlin Heidelberg,,"XIII, 172 S.",0,German,,,,"978-3-540-17938-2,978-3-642-72757-3",,,,,,,10.1007/978-3-642-72757-3,,,,0,,1,1,1,,,1,4257044,pdf,79090841583847fbed20251e27c876f2,,,A:\\compressed\\10.1007%2F978-3-642-72757-3.pdf,0,2000-01-01 01:00:00,2016-04-03 02:51:08,956000/79090841583847fbed20251e27c876f2-d.jpg,,
15553128,Lineare Algebra: Analytische und numerische Behandlungen,,Rechnerorientierte Ingenieurmathematik ,,"Horst Niemeyer,  Edgar Wermuth  (auth.)",1987,,Vieweg+Teubner Verlag,,"XIV, 375S.",0,German,,,,"978-3-528-04163-2,978-3-322-83034-0",,,,,,,10.1007/978-3-322-83034-0,,,,0,,1,1,1,,,1,9057906,pdf,c78f5dbe3bb0fac734d62016d5dd4f68,,,A:\\compressed\\10.1007%2F978-3-322-83034-0.pdf,0,2000-01-01 01:00:00,2016-04-03 02:51:08,956000/c78f5dbe3bb0fac734d62016d5dd4f68-d.jpg,,
15553129,Übungsaufgaben zur Analysis 2,,"Mathematik für Ingenieure, Naturwissenschaftler, Ökonomen und Landwirte · Übungsaufgaben ",,"Dr. rer. nat. habil. Horst Wenzel,  Oberlehrer Dipl.-Math. Gottfried Heinrich  (auth.)",1987,4Aufl.,Vieweg+Teubner Verlag,,84 S.,0,German,,,,"978-3-322-00367-6,978-3-322-96423-6",,,,,,,10.1007/978-3-322-96423-6,,,,0,,1,1,1,,,1,2710026,pdf,8110c3b92d9f166c849b3725f191e4b2,,,A:\\compressed\\10.1007%2F978-3-322-96423-6.pdf,0,2000-01-01 01:00:00,2016-04-03 02:51:08,956000/8110c3b92d9f166c849b3725f191e4b2-d.jpg,,
15553130,Spanlose Fertigung: Schneiden — Biegen — Ziehen,,Viewegs Fachbücher der Technik ,,Masch.-Ingenieur Erwin Semlinger  (auth.),1987,,Vieweg+Teubner Verlag,,251,0,German,,,,"978-3-528-24042-4,978-3-322-90134-7",,,,,,,10.1007/978-3-322-90134-7,,,,0,,1,1,1,,,1,9523459,pdf,940ac8600b505c4538fffeb0b504a2d4,,,A:\\compressed\\10.1007%2F978-3-322-90134-7.pdf,0,2000-01-01 01:00:00,2016-04-03 02:51:08,956000/940ac8600b505c4538fffeb0b504a2d4-d.jpg,,
15553131,Rechenübungen zur angewandten Elektronik,, ,,"Dr.-Ing. Erwin Böhmer  (auth.),  Dr.-Ing. Erwin Böhmer  (eds.)",1987,3. Aufl.,Vieweg+Teubner Verlag,,146S.,0,German,,,,"978-3-528-24189-6,978-3-322-86181-8",,,,,,,10.1007/978-3-322-86181-8,,,,0,,1,1,1,,,1,8687535,pdf,d147ad5356b67af9a91cfa25ab9db4d4,,,A:\\compressed\\10.1007%2F978-3-322-86181-8.pdf,0,2000-01-01 01:00:00,2016-04-03 02:51:08,956000/d147ad5356b67af9a91cfa25ab9db4d4-d.jpg,,
15553132,Grundlagen der Regelungstechnik: Analyse und Entwurf linearer und einfacher nichtlinearer Regelungen sowie diskreter Steuerungen,,Hochschultext ,,Dr.-Ing. Günther Schmidt  (auth.),1987,"2., überarb.u. erw. Aufl.",Springer Berlin Heidelberg,,"XVI, 335 S. 164 Abb., 26 Tab., 65 Beispiele",0,German,,,,"978-3-540-17112-6,978-3-642-71612-6",,,,,,,10.1007/978-3-642-71612-6,,,,0,,1,1,1,,,1,9216945,pdf,9fd2046b169a21bd5fbaa9eb95cb9d31,,,A:\\compressed\\10.1007%2F978-3-642-71612-6.pdf,0,2000-01-01 01:00:00,2016-04-03 02:51:08,956000/9fd2046b169a21bd5fbaa9eb95cb9d31-d.jpg,,
15553133,"Elastisches Wuchten: Modale Verfahren, EK-Technik, Sondertechniken, automatisches und thermisches Wuchten",, ,,Dr. sc. techn. Walter Kellenberger  (auth.),1987,,Springer Berlin Heidelberg,,"XX, 512 S. 120 Abb.",0,German,,,,"978-3-642-82931-4,978-3-642-82930-7",,,,,,,10.1007/978-3-642-82930-7,,,,0,,1,1,1,,,1,15573324,pdf,b6039cd256804f3af572b4bbd164d53f,,,A:\\compressed\\10.1007%2F978-3-642-82930-7.pdf,0,2000-01-01 01:00:00,2016-04-03 02:51:08,956000/b6039cd256804f3af572b4bbd164d53f-d.jpg,,
15553134,Höhere Mathematik für Ingenieure: Band II Lineare Algebra,, ,,"Prof. Dr. rer. nat. Friedrich Wille,  Prof. Dr. rer. nat. Herbert Haf,  Prof. Dr. rer. nat. Klemens Burg  (auth.)",1987,2.Aufl.,Vieweg+Teubner Verlag,,"XII, 436 S.",0,German,,,,"978-3-519-12956-1,978-3-322-91888-8",,,,,,,10.1007/978-3-322-91888-8,,,,0,,1,1,1,,,1,9321856,pdf,299a0808f4673ba0e99ec2300581ede7,,,A:\\compressed\\10.1007%2F978-3-322-91888-8.pdf,0,2000-01-01 01:00:00,2016-04-03 02:51:08,956000/299a0808f4673ba0e99ec2300581ede7-d.jpg,,
15553135,Nachrichtenverarbeitung: Digitale Schaltkreise,,Teubner Studienskripten Elektrotechnik ,,"Prof. Dipl.-Ing. Georg Schaller,  Prof. Dipl.-Ing. Wilhelm Nüchel  (auth.)",1987,"3., überarb. Aufl.",Vieweg+Teubner Verlag,,"169S. 189 Abb.. Mit 3 Tafeln, 32 Beispiele.",0,German,,,,"978-3-519-20051-2,978-3-322-94114-5",,,,,,,10.1007/978-3-322-94114-5,,,,0,,1,1,1,,,1,3157609,pdf,dbb2ca16cb32e85d014c41a313cfa603,,,A:\\compressed\\10.1007%2F978-3-322-94114-5.pdf,0,2000-01-01 01:00:00,2016-04-03 02:51:08,956000/dbb2ca16cb32e85d014c41a313cfa603-d.jpg,,
15553136,"Natur-, Ingenieur- und Wirtschaftswissenschaften: Vorträge · N 356",, ,,(auth.),1987,,VS Verlag für Sozialwissenschaften,,33S.,0,German,,,,"978-3-531-08356-8,978-3-322-85984-6",,,,,,,10.1007/978-3-322-85984-6,,,,0,,1,1,1,,,1,1234721,pdf,a6a215551fab60fcbe7a41ef7aebd301,,,A:\\compressed\\10.1007%2F978-3-322-85984-6.pdf,0,2000-01-01 01:00:00,2016-04-03 02:51:08,956000/a6a215551fab60fcbe7a41ef7aebd301-d.jpg,,
15553137,Integration von Förder- und Handhabungseinrichtungen,,IPA-IAO — Forschung und Praxis 104,,Dipl.-Ing. Joachim Schuler  (auth.),1987,,Springer Berlin Heidelberg,,160 S.,0,German,,,,"978-3-540-17955-9,978-3-662-07933-1",,,,,,,10.1007/978-3-662-07933-1,,,,0,,1,1,1,,,1,4638382,pdf,b3813918da950faa6b74d81104973d30,,,A:\\compressed\\10.1007%2F978-3-662-07933-1.pdf,0,2000-01-01 01:00:00,2016-04-03 02:51:08,956000/b3813918da950faa6b74d81104973d30-d.jpg,,
15553138,Euklid,,"Biographien hervorragender Naturwissenschaftler, Techniker und Mediziner 87",,"Dr. sc. Peter Schreiber,  Dr. Sonja Brentjes  (auth.)",1987,,Vieweg+Teubner Verlag,,159S.,0,German,,,,"978-3-322-00377-5,978-3-322-84406-4",,,,,,,10.1007/978-3-322-84406-4,,,,0,,1,1,1,,,1,4611801,pdf,c9d46925cc71c364e733cd0a44efe4b2,,,A:\\compressed\\10.1007%2F978-3-322-84406-4.pdf,0,2000-01-01 01:00:00,2016-04-03 02:51:08,956000/c9d46925cc71c364e733cd0a44efe4b2-d.jpg,,
15553139,"Elektrische Netzwerke Aufgaben: Ausführlich durchgerechnete und illustrierte Aufgaben mit Lösungen zu Unbehauen, Elektrische Netzwerke, 3. Auflage",, ,,"Dr.-Ing. Rolf Unbehauen,  Dr.-Ing. Willi Hohneker  (auth.)",1987,,Springer Berlin Heidelberg,,"VIII, 398 S. 98 Abb., in 259 Einzeldarst.",0,German,,,,"978-3-540-17110-2,978-3-642-95507-5",,,,,,,10.1007/978-3-642-95507-5,,,"Die 1. Auflage erschien in der Reihe: Hochschultexte2., neubearb. u. erw. Aufl.",0,,1,1,1,,,1,9870370,pdf,21d347cba6cf22a3b8087e04047aeadd,,,A:\\compressed\\10.1007%2F978-3-642-95507-5.pdf,0,2000-01-01 01:00:00,2016-04-03 02:51:08,956000/21d347cba6cf22a3b8087e04047aeadd-d.jpg,,
15553140,Elektronik für Physiker: Eine Einführung in analoge Grundschaltungen,,Teubner Studienbücher ,,Dipl.-Phys. Karl-Heinz Rohe  (auth.),1987,3.Aufl.,Vieweg+Teubner Verlag,,248S.,0,German,,,,"978-3-519-23044-1,978-3-322-89117-4",,,,,,,10.1007/978-3-322-89117-4,,,,0,,1,1,1,,,1,4124453,pdf,bddb2a92331c27765b501982d26587c0,,,A:\\compressed\\10.1007%2F978-3-322-89117-4.pdf,0,2000-01-01 01:00:00,2016-04-03 02:51:08,956000/bddb2a92331c27765b501982d26587c0-d.jpg,,
15553141,Sensorgeführte Programmierung bahngesteuerter Industrieroboter,,ISW Forschung und Praxis 67,,Gerhard Gruhler  (auth.),1987,,Springer Berlin Heidelberg,,123 S.,0,German,,,,"978-3-540-18325-9,978-3-662-09860-8",,,,,,,10.1007/978-3-662-09860-8,,,,0,,1,1,1,,,1,2223590,pdf,dbfa056bb33f6945aaf772d1b78285b8,,,A:\\compressed\\10.1007%2F978-3-662-09860-8.pdf,0,2000-01-01 01:00:00,2016-04-03 02:51:08,956000/dbfa056bb33f6945aaf772d1b78285b8-d.jpg,,
15553142,Rechnerstrukturen: Verhaltensbeschreibung und Entwurfsebenen Eine Einführung für Elektrotechniker und Informatiker,, ,,Professor Dr.-Ing. Klaus Lagemann  (auth.),1987,,Springer Berlin Heidelberg,,"XIV, 295 S. 441 Abb.",0,German,,,,"978-3-540-17618-3,978-3-642-88060-5",,,,,,,10.1007/978-3-642-88060-5,,,,0,,1,1,1,,,1,15993430,pdf,20f4dc2f88a727c94ca0fc615fa4057f,,,A:\\compressed\\10.1007%2F978-3-642-88060-5.pdf,0,2000-01-01 01:00:00,2016-04-03 02:51:08,956000/20f4dc2f88a727c94ca0fc615fa4057f-d.jpg,,
15553143,Elektrische Kleinmaschinen: Eine Einführung,,Teubner Studienbücher ,,"Dr.-Ing. Hans-Dieter Stölting,  Dr.-Ing. Achim Beisse  (auth.)",1987,,Vieweg+Teubner Verlag,,227S. 233 Abb..,0,German,,,,"978-3-519-06321-6,978-3-663-01104-0",,,,,,,10.1007/978-3-663-01104-0,,,,0,,1,1,1,,,1,6135040,pdf,5326435e11f92b62f45527308b52cd34,,,A:\\compressed\\10.1007%2F978-3-663-01104-0.pdf,0,2000-01-01 01:00:00,2016-04-03 02:51:08,956000/5326435e11f92b62f45527308b52cd34-d.jpg,,
15553144,Wälzlager: Theorie und Praxis,, ,,"DDipl.-Ing. Dr. techn. Mathias Albert,  Dipl.-Ing. Hubert Köttritsch  (auth.)",1987,,Springer Vienna,,495,0,German,,,,"978-3-7091-8914-6,978-3-7091-8913-9",,,,,,,10.1007/978-3-7091-8913-9,,,,0,,1,1,1,,,1,11194213,pdf,2de9ddfa64369773187c6ed8c7a22ccd,,,A:\\compressed\\10.1007%2F978-3-7091-8913-9.pdf,0,2000-01-01 01:00:00,2016-04-03 02:51:08,956000/2de9ddfa64369773187c6ed8c7a22ccd-d.jpg,,
15553145,Wärmebrücken: Grundlagen Einfache Formeln Wärmeverluste Kondensation 100 durchgerechnete Baudetails,, ,,"Dr. phil. Walter Heindl,  Dipl.-Ing. Klaus Kreč,  Univ.-Prof. Dipl.-lng. Dr. tech Erich Panzhauser,  Dipl.-Ing. Dr. techn. Alfred Sigmund  (auth.)",1987,,Springer Vienna,,296,0,German,,,,"978-3-7091-7462-3,978-3-7091-6986-5",,,,,,,10.1007/978-3-7091-6986-5,,,,0,,1,1,1,,,1,19139304,pdf,356b1fbc07f23b2984ce25261d94ec35,,,A:\\compressed\\10.1007%2F978-3-7091-6986-5.pdf,0,2000-01-01 01:00:00,2016-04-03 02:51:08,956000/356b1fbc07f23b2984ce25261d94ec35-d.jpg,,
15553146,Bauelemente der Halbleiter-Elektronik,,Halbleiter-Elektronik 2,,Rudolf Müller,1987,3. Auflage,Springer Berlin Heidelberg,,328,0,German,,,0,"978-3-540-16638-2,978-3-642-96960-7",,,,,,,10.1007/978-3-642-96960-7,,,,0,,1,1,1,,,1,10058078,pdf,245cde528f7fcfe82b9ac080755d5280,,,A:/compressed/10.1007%2F978-3-642-96960-7.pdf,0,2000-01-01 01:00:00,2016-04-03 02:51:08,956000/245cde528f7fcfe82b9ac080755d5280-d.jpg,,
15553147,Logistikkostenrechnung,,"Logistik in Industrie, Handel und Dienstleistungen ",,Professor Dr. Jürgen Weber  (auth.),1987,,Springer Berlin Heidelberg,,"XII, 312 S. 44 Abb.",0,German,,,,"978-3-540-17656-5,978-3-642-97010-8",,,,,,,10.1007/978-3-642-97010-8,,,,0,,1,1,1,,,1,16511117,pdf,22a90d1e4fc0eefe7635b0579b484e2a,,,A:\\compressed\\10.1007%2F978-3-642-97010-8.pdf,0,2000-01-01 01:00:00,2016-04-03 02:51:08,956000/22a90d1e4fc0eefe7635b0579b484e2a-d.jpg,,
15553148,Künstliche Intelligenz in Bild- und Sprachanalyse,,Leitfäden und Monographien der Informatik ,,"Prof. Dr.-Ing. Heinrich Niemann,  Prof. Dr.-Ing. Horst Bunke  (auth.)",1987,,Vieweg+Teubner Verlag,,"IX, 247 S.",0,German,,,,"978-3-519-02261-9,978-3-322-96664-3",,,,,,,10.1007/978-3-322-96664-3,,,,0,,1,1,1,,,1,5752646,pdf,e14e864f583e31d2ab4112e9f7179ad9,,,A:\\compressed\\10.1007%2F978-3-322-96664-3.pdf,0,2000-01-01 01:00:00,2016-04-03 02:51:08,956000/e14e864f583e31d2ab4112e9f7179ad9-d.jpg,,
15553149,Nutzungssicherung von flexibel automatisierten Produktionsanlagen,,iwb Forschungsberichte 10,,Dipl.-Ing. Norbert Reithofer  (auth.),1987,,Springer Berlin Heidelberg,,"XIII, 176 S. 84 Abb.",0,German,,,,"978-3-540-18440-9,978-3-642-73048-1",,,,,,,10.1007/978-3-642-73048-1,,,,0,,1,1,1,,,1,3071689,pdf,c03fb0b1fdc779499a1f147ce7160bc5,,,A:\\compressed\\10.1007%2F978-3-642-73048-1.pdf,0,2000-01-01 01:00:00,2016-04-03 02:51:08,956000/c03fb0b1fdc779499a1f147ce7160bc5-d.jpg,,
15553150,Übungsaufgaben zur Analysis,,"Mathematik für Ingenieure, Naturwissenschaftler, Ökonomen und Landwirte ",,"Prof. Dr. Horst Wenzel,  Oberlehrer Dipl.-Math. Gottfried Heinrich  (auth.)",1987,,Vieweg+Teubner Verlag,,4Aufl. 1990,0,German,,,,"978-3-322-00366-9,978-3-322-94555-6",,,,,,,10.1007/978-3-322-94555-6,,,,0,,1,1,1,,,1,3218567,pdf,39d4ada439e87f1c5a1aec014cda1d2d,,,A:\\compressed\\10.1007%2F978-3-322-94555-6.pdf,0,2000-01-01 01:00:00,2016-04-03 02:51:08,956000/39d4ada439e87f1c5a1aec014cda1d2d-d.jpg,,
15553151,Elemente der angewandten Elektronik: Kompendium für Ausbildung und Beruf,, ,,Erwin Böhmer  (auth.),1987,5. Aufl.,Vieweg+Teubner Verlag,,406S.,0,German,,,,"978-3-528-44090-9,978-3-322-85557-2",,,,,,,10.1007/978-3-322-85557-2,,,,0,,1,1,1,,,1,41260932,pdf,0401c6e086b8405d8ce1e586903b9d27,,,A:\\compressed\\10.1007%2F978-3-322-85557-2.pdf,0,2000-01-01 01:00:00,2016-04-03 02:51:08,956000/0401c6e086b8405d8ce1e586903b9d27-d.jpg,,
15553152,Die Prüfung elektrischer Maschinen,, ,,"em. Professor Dr.-Ing. Werner Nürnberg,  Professor Dr.-Ing. Rolf Hanitsch  (auth.)",1987,,Springer Berlin Heidelberg,,365,0,German,,,,"978-3-662-06674-4,978-3-662-06673-7",,,,,,,10.1007/978-3-662-06673-7,,,,0,,1,1,1,,,1,11640303,pdf,e8f130ce9cb6b873bf37c351fcc03d6e,,,A:\\compressed\\10.1007%2F978-3-662-06673-7.pdf,0,2000-01-01 01:00:00,2016-04-03 02:51:08,956000/e8f130ce9cb6b873bf37c351fcc03d6e-d.jpg,,
15553153,Grundlagen der Impulstechnik,,Leitfaden der Elektrotechnik ,,Dr.-Ing. Gerhard-Helge Schildt  (auth.),1987,,Vieweg+Teubner Verlag,,"XI, 439S. 364 Abb.. Mit 9 Tafeln, 34 Beispiele.",0,German,,,,"978-3-519-06412-1,978-3-322-84861-1",,,,,,,10.1007/978-3-322-84861-1,,,,0,,1,1,1,,,1,16014115,pdf,053697c9a1abf80adf3aa02eac99f2d0,,,A:\\compressed\\10.1007%2F978-3-322-84861-1.pdf,0,2000-01-01 01:00:00,2016-04-03 02:51:08,956000/053697c9a1abf80adf3aa02eac99f2d0-d.jpg,,
15553154,Allgemeine Elektrotechnik: Grundlagen der Gleich- und Wechselstromlehre,, ,,"Alexander von Weiss,  Manfred Krause  (auth.)",1987,10Aufl.,Vieweg+Teubner Verlag,,"XII, 332S. Mit 310 Abb. und 132 durchger. Beisp.",0,German,,,,"978-3-528-34185-5,978-3-322-89572-1",,,,,,,10.1007/978-3-322-89572-1,,,,0,,1,1,1,,,1,14843987,pdf,55e768e5944ccb038fefe40853654886,,,A:\\compressed\\10.1007%2F978-3-322-89572-1.pdf,0,2000-01-01 01:00:00,2016-04-03 02:51:08,956000/55e768e5944ccb038fefe40853654886-d.jpg,,
15553155,Stochastische Modelle für Anwender,,Mathematische Methoden in der Technik 8,,o. Univ.-Prof.Dr. Peter Weiß  (auth.),1987,,Vieweg+Teubner Verlag,,193 S.,0,German,,,,"978-3-519-02621-1,978-3-322-94678-2",,,,,,,10.1007/978-3-322-94678-2,,,,0,,1,1,1,,,1,5899516,pdf,a6f750c07dc2bbd11d05454ba26156fc,,,A:\\compressed\\10.1007%2F978-3-322-94678-2.pdf,0,2000-01-01 01:00:00,2016-04-03 02:51:08,956000/a6f750c07dc2bbd11d05454ba26156fc-d.jpg,,
15553156,"Simulationstechnik: 4. Symposium Simulationstechnik Zürich, 9.–11. September 1987 Proceedings",,Informatik-Fachberichte 150,,"Prof. Dr.-Ing. A. Kuhn  (auth.),  Jürgen Halin  (eds.)",1987,,Springer Berlin Heidelberg,,"XIV, 690 S.",0,German,,,,"978-3-540-18373-0,978-3-642-73000-9",,,,,,,10.1007/978-3-642-73000-9,,,,0,,1,1,1,,,1,25734807,pdf,68663c3e17d2b087648fb02f7f27866d,,,A:\\compressed\\10.1007%2F978-3-642-73000-9.pdf,0,2000-01-01 01:00:00,2016-04-03 02:51:08,956000/68663c3e17d2b087648fb02f7f27866d-d.jpg,,
15553157,Vom Bauen zwischen Gesetz und Freiheit,, ,,Paulgerd Jesberg  (auth.),1987,,Vieweg+Teubner Verlag,,209S.,0,German,,,,"978-3-528-08849-1,978-3-322-84113-1",,,,,,,10.1007/978-3-322-84113-1,,,,0,,1,1,1,,,1,11457679,pdf,6568c164ba925f101de2427f3717cfbb,,,A:\\compressed\\10.1007%2F978-3-322-84113-1.pdf,0,2000-01-01 01:00:00,2016-04-03 02:51:08,956000/6568c164ba925f101de2427f3717cfbb-d.jpg,,
15553158,Baumanagement: Grundlagen · Technik · Praxis,, ,,Dr.-Ing. Wolfgang Rösel  (auth.),1987,,Springer Berlin Heidelberg,,292,0,German,,,,"978-3-662-05999-9,978-3-662-05998-2",,,,,,,10.1007/978-3-662-05998-2,,,,0,,1,1,1,,,1,7860480,pdf,d7e994acc074db5e1f91bd8939f09eab,,,A:\\compressed\\10.1007%2F978-3-662-05998-2.pdf,0,2000-01-01 01:00:00,2016-04-03 02:51:08,956000/d7e994acc074db5e1f91bd8939f09eab-d.jpg,,
15553159,Theorie und Praxis der Laser-Doppler-Anemometrie,,Wissenschaft Technik ,,"Franz Durst,  Adrian Melling,  James H. Whitelaw  (auth.)",1987,,Braun-Verlag,,590,0,German,,,,"978-3-7650-2022-3,978-3-642-52132-4",,,,,,,10.1007/978-3-642-52132-4,,,,0,,1,1,1,,,1,13296004,pdf,5cd10299d48b5289d52008e4505a708a,,,A:\\compressed\\10.1007%2F978-3-642-52132-4.pdf,0,2000-01-01 01:00:00,2016-04-03 02:51:08,956000/5cd10299d48b5289d52008e4505a708a-d.jpg,,
15553160,Models of the Real Projective Plane: Computer Graphics of Steiner and Boy Surfaces,, ,,Dr. François Apéry  (auth.),1987,,Vieweg+Teubner Verlag,,"XI, 156 S. Mit 46 figs. and 64 color plates.",0,English,,,,"978-3-528-08955-9,978-3-322-89569-1",,,,,,,10.1007/978-3-322-89569-1,,,,0,,1,1,1,,,1,11118084,pdf,a476f9d009fa358294f05975f620f821,,,A:\\compressed\\10.1007%2F978-3-322-89569-1.pdf,0,2000-01-01 01:00:00,2016-04-03 02:51:08,956000/a476f9d009fa358294f05975f620f821-d.jpg,,
15553161,Moderne und Postmoderne: Architektur der Gegenwart 1960 – 1980,, ,,Heinrich Klotz  (auth.),1987,,Vieweg+Teubner Verlag,,433,0,German,,,,"978-3-322-83225-2,978-3-322-83224-5",,,,,,,10.1007/978-3-322-83224-5,,,,0,,1,1,1,,,1,48491884,pdf,4432ba5151286883113759053b9c995a,,,A:\\compressed\\10.1007%2F978-3-322-83224-5.pdf,0,2000-01-01 01:00:00,2016-04-03 02:51:08,956000/4432ba5151286883113759053b9c995a-d.jpg,,
15553162,Die Zukunft Europas: Gestaltung durch Innovationen,, ,,(auth.),1987,,Springer Berlin Heidelberg,,224,0,German,,,,"978-3-642-86404-9,978-3-642-86403-2",,,,,,,10.1007/978-3-642-86403-2,,,,0,,1,1,1,,,1,4992815,pdf,610a245e79cad6590ebadb43d31ec8e9,,,A:\\compressed\\10.1007%2F978-3-642-86403-2.pdf,0,2000-01-01 01:00:00,2016-04-03 02:51:08,956000/610a245e79cad6590ebadb43d31ec8e9-d.jpg,,
15553163,Einführung in die Regelungstechnik: Lineare und Nichtlineare,, ,,Werner Leonhard  (auth.),1987,,Vieweg+Teubner Verlag,,355,0,German,,,,"978-3-663-00018-1,978-3-663-00167-6",,,,,,,10.1007/978-3-663-00167-6,,,,0,,1,1,1,,,1,9960559,pdf,799c6ec458d933e98ed1813d82b712c0,,,A:\\compressed\\10.1007%2F978-3-663-00167-6.pdf,0,2000-01-01 01:00:00,2016-04-03 02:51:08,956000/799c6ec458d933e98ed1813d82b712c0-d.jpg,,
15553164,"LAN Lokale PC-Netzwerke: Grundlagen, Anwendungen, Problemlösungen, Fakten, Datentabellen",, ,,"Peter Welzel  (auth.),  Harald Schumny  (eds.)",1987,,Vieweg+Teubner Verlag,,"X, 253S. 86 Abb.. Mit Figuren und Tab.",0,German,,,,"978-3-528-04546-3,978-3-322-91568-9",,,,,,,10.1007/978-3-322-91568-9,,,,0,,1,1,1,,,1,7661485,pdf,d104604c3fff59d30c51f08edd02de76,,,A:\\compressed\\10.1007%2F978-3-322-91568-9.pdf,0,2000-01-01 01:00:00,2016-04-03 02:51:08,956000/d104604c3fff59d30c51f08edd02de76-d.jpg,,
15553165,Grundlagen der Halbleiter-Elektronik,,Halbleiter-Elektronik 1,,Dr. techn. Rudolf Müller  (auth.),1987,"5., durchges. Aufl.",Springer Berlin Heidelberg,,205 S.,0,German,,,,"978-3-540-18041-8,978-3-662-07581-4",,,,,,,10.1007/978-3-662-07581-4,,,,0,,1,1,1,,,1,6435412,pdf,b87f4cadd946237051710213161a3d7d,,,A:\\compressed\\10.1007%2F978-3-662-07581-4.pdf,0,2000-01-01 01:00:00,2016-04-03 02:51:08,956000/b87f4cadd946237051710213161a3d7d-d.jpg,,
15553166,Detektoren für Teilchenstrahlung,,Teubner Studienbücher Physik ,,Prof. Dr. rer. nat. Konrad Kleinknecht  (auth.),1987,,Vieweg+Teubner Verlag,,2.Aufl. 1987,0,German,,,,"978-3-519-13058-1,978-3-322-91884-0",,,,,,,10.1007/978-3-322-91884-0,,,,0,,1,1,1,,,1,6317820,pdf,2abdc77a9d41dc8af217874122be6d4a,,,A:\\compressed\\10.1007%2F978-3-322-91884-0.pdf,0,2000-01-01 01:00:00,2016-04-03 02:51:08,956000/2abdc77a9d41dc8af217874122be6d4a-d.jpg,,
15553167,Software-Ergonomie ’87 Nützen Informationssysteme dem Benutzer?,,Berichte des German Chapter of the ACM ,,"Prof. Dr.-lng. habil. H.-J. Bullinger,  K.-P. Fähnrich,  J. Ziegler  (auth.),  Prof. Dr. W. Schönpflug,  Dipl.-Psych. M. Wittstock  (eds.)",1987,,Vieweg+Teubner Verlag,,512S.,0,German,,,,"978-3-519-02670-9,978-3-322-82971-9",,,,,,,10.1007/978-3-322-82971-9,,,,0,,1,1,1,,,1,16999716,pdf,4c800e5f3942afde0ecfe2a8304415d4,,,A:\\compressed\\10.1007%2F978-3-322-82971-9.pdf,0,2000-01-01 01:00:00,2016-04-03 02:51:08,956000/4c800e5f3942afde0ecfe2a8304415d4-d.jpg,,
15553168,"Bildkommunikation: Bedeutung, Technik und Nutzung eines neuen Informationsmediums",, ,,Dr.-Ing. Kurt Fischer  (auth.),1987,,Springer Berlin Heidelberg,,"XI, 132 S. 66 Abb.",0,German,,,,"978-3-540-16974-1,978-3-642-85760-7",,,,,,,10.1007/978-3-642-85760-7,,,,0,,1,1,1,,,1,3264906,pdf,14475f52b19c637f745c43b3e2cd6f06,,,A:\\compressed\\10.1007%2F978-3-642-85760-7.pdf,0,2000-01-01 01:00:00,2016-04-03 02:51:08,956000/14475f52b19c637f745c43b3e2cd6f06-d.jpg,,
15553169,Digitale Lageregelung für Maschinen mit schwach gedämpften schwingungsfähigen Bewegungsachsen,,ISW Forschung und Praxis 66,,Werner Swoboda  (auth.),1987,,Springer Berlin Heidelberg,,76 Abb. 141 Seiten.,0,German,,,,"978-3-540-18101-9,978-3-642-48029-4",,,,,,,10.1007/978-3-642-48029-4,,,,0,,1,1,1,,,1,3204400,pdf,de3937517917ba953180d1404fd6b889,,,A:\\compressed\\10.1007%2F978-3-642-48029-4.pdf,0,2000-01-01 01:00:00,2016-04-03 02:51:08,956000/de3937517917ba953180d1404fd6b889-d.jpg,,
15553170,Einführung in die Soziologie der Wirtschaft,,Studienskripten zur Soziologie 131,,Prof. Dr. rer. pol. Klaus Türk  (auth.),1987,,Vieweg+Teubner Verlag,,309S.,0,German,,,,"978-3-519-00131-7,978-3-322-92121-5",,,,,,,10.1007/978-3-322-92121-5,,,,0,,1,1,1,,,1,7798712,pdf,2f6b3a59cfa6f5909bbc85ab6d25a12c,,,A:\\compressed\\10.1007%2F978-3-322-92121-5.pdf,0,2000-01-01 01:00:00,2016-04-03 02:51:08,956000/2f6b3a59cfa6f5909bbc85ab6d25a12c-d.jpg,,
15553171,"ISDN — Das diensteintegrierende digitale Nachrichtennetz: Konzept, Verfahren, Systeme",,,,Peter Bocker,1987,2. Auflage,Springer Berlin Heidelberg,,271,0,German,,,0,"978-3-662-08033-7,978-3-662-08032-0",,,,,,,10.1007/978-3-662-08032-0,,,,0,,1,1,1,,,1,6897392,pdf,72bf046bd3390e90a3cab7655ef1d5ef,,,A:/compressed/10.1007%2F978-3-662-08032-0.pdf,0,2000-01-01 01:00:00,2016-04-03 02:51:08,956000/72bf046bd3390e90a3cab7655ef1d5ef-d.jpg,,
15553172,Montagegerechtes Konstruieren durch die Integration von Produkt- und Montageprozeßgestaltung,,iwb Forschungsberichte 9,,Peter Barthelmeß  (auth.),1987,,Springer Berlin Heidelberg,,"70 Abb. VII, 144 Seiten.",0,German,,,,"978-3-540-18120-0,978-3-642-72860-0",,,,,,,10.1007/978-3-642-72860-0,,,,0,,1,1,1,,,1,3208410,pdf,85417b9f7e5e1347fb20bbf55d45dc0b,,,A:\\compressed\\10.1007%2F978-3-642-72860-0.pdf,0,2000-01-01 01:00:00,2016-04-03 02:51:08,956000/85417b9f7e5e1347fb20bbf55d45dc0b-d.jpg,,
15553173,Spannbetonträger: Theorie und Berechnungsgrundlagen,, ,,"Prof. Dr.-Ing. Dr.-Ing. E. h. Wolfgang Zerna,  Prof. Dr.-Ing. Friedhelm Stangenberg  (auth.)",1987,,Springer Berlin Heidelberg,,"XIV, 172 S. 67 Abb.",0,German,,,,"978-3-642-47567-2,978-3-642-47565-8",,,,,,,10.1007/978-3-642-47565-8,,,,0,,1,1,1,,,1,3613082,pdf,d3ba03c9112dafd982f2b75af3eebdcf,,,A:\\compressed\\10.1007%2F978-3-642-47565-8.pdf,0,2000-01-01 01:00:00,2016-04-03 02:51:08,956000/d3ba03c9112dafd982f2b75af3eebdcf-d.jpg,,
15553174,Der Kerbzugversuch als Einfachprüfverfahren für das richtungsabhängige Umformvermögen von Blechwerkstoffen,,Berichte aus dem Institut für Umformtechnik der Universität Stuttgart 92,,Dipl.-Phys. Christian Weist  (auth.),1987,,Springer Berlin Heidelberg,,100 S.,0,German,,,,"978-3-540-17666-4,978-3-662-06524-2",,,,,,,10.1007/978-3-662-06524-2,,,,0,,1,1,1,,,1,3441806,pdf,dce6cd804f788eec6ca2e4102f55dd49,,,A:\\compressed\\10.1007%2F978-3-662-06524-2.pdf,0,2000-01-01 01:00:00,2016-04-03 02:51:08,956000/dce6cd804f788eec6ca2e4102f55dd49-d.jpg,,
15553175,"Simulation als betriebliche Entscheidungshilfe: Methoden, Werzeuge, Anwendungen",,Fachberichte Simulation 6,,"B. Kulla  (auth.),  Prof. Dr. rer. pol. Dipl.-Ing. Jörg Biethahn,  Prof. Dr. Bernd Schmidt  (eds.)",1987,,Springer Berlin Heidelberg,,"XI, 284 S.",0,German,,,,"978-3-540-17353-3,978-3-662-09906-3",,,,,,,10.1007/978-3-662-09906-3,,,,0,,1,1,1,,,1,9423308,pdf,f5a33ccab607fcaf09b82d2c2c4b946e,,,A:\\compressed\\10.1007%2F978-3-662-09906-3.pdf,0,2000-01-01 01:00:00,2016-04-03 02:51:08,956000/f5a33ccab607fcaf09b82d2c2c4b946e-d.jpg,,
15553176,Optimierungsmethoden des Operations Research: Band 1 Lineare und ganzzahlige lineare Optimierung,, ,,"Ernst-Peter Beisel,  Manfred Mendel  (auth.)",1987,,Vieweg+Teubner Verlag,,"X, 302S.",0,German,,,,"978-3-528-08976-4,978-3-322-83190-3",,,,,,,10.1007/978-3-322-83190-3,,,,0,,1,1,1,,,1,15455216,pdf,79f665ffb387a295757b0b06ffe1e9c4,,,A:\\compressed\\10.1007%2F978-3-322-83190-3.pdf,0,2000-01-01 01:00:00,2016-04-03 02:51:08,956000/79f665ffb387a295757b0b06ffe1e9c4-d.jpg,,
15553177,Nachrichtenverarbeitung Entwurf digitaler Schaltwerke,,Teubner Studienskripten Elektrotechnik ,,"Prof. Dipl.-Ing. Georg Schaller,  Prof. Dipl.-Ing. Wilhelm Nüchel  (auth.)",1987,"4, überarb., erw. Aufl.",Vieweg+Teubner Verlag,,"223S. 248 Abb.. Mit 10 Tafeln, 90 Beispiele.",0,German,,,,"978-3-519-30052-6,978-3-322-94069-8",,,,,,,10.1007/978-3-322-94069-8,,,,0,,1,1,1,,,1,5045432,pdf,0dc1fa2ff35cc0df59cc2fc3fcb77bbe,,,A:\\compressed\\10.1007%2F978-3-322-94069-8.pdf,0,2000-01-01 01:00:00,2016-04-03 02:51:08,956000/0dc1fa2ff35cc0df59cc2fc3fcb77bbe-d.jpg,,
15553178,Grundzüge der modernen Analysis: Band 9,, ,,J. Dieudonné  (auth.),1987,,Vieweg+Teubner Verlag,,379,0,German,,,,"978-3-322-90010-4,978-3-322-90009-8",,,,,,,10.1007/978-3-322-90009-8,,,,0,,1,1,1,,,1,18453819,pdf,93d592ce4d2fb1a32efc42b93b9a8114,,,A:\\compressed\\10.1007%2F978-3-322-90009-8.pdf,0,2000-01-01 01:00:00,2016-04-03 02:51:08,956000/93d592ce4d2fb1a32efc42b93b9a8114-d.jpg,,
15553179,Hochbaukonstruktionen: Band II: Allgemeine Konstruktionsprinzipien,, ,,Dipl.-Ing. Dr. techn. Gerhard Leder  (auth.),1987,,Springer Berlin Heidelberg,,"VII, 150 S.",0,German,,,,"978-3-540-18060-9,978-3-642-87006-4",,,,,,,10.1007/978-3-642-87006-4,,,,0,,1,1,1,,,1,14918088,pdf,21ea3e94cff6d62beff3905a7413818e,,,A:\\compressed\\10.1007%2F978-3-642-87006-4.pdf,0,2000-01-01 01:00:00,2016-04-03 02:51:08,956000/21ea3e94cff6d62beff3905a7413818e-d.jpg,,
15553180,Verbrennungsmotoren: Band 1: Grundlagen,,Hochschultext ,,Prof. Dr.-Ing. Alfred Urlaub  (auth.),1987,,Springer Berlin Heidelberg,,"VII, 190 S. 110 Abb.",0,German,,,,"978-3-540-18318-1,978-3-642-83216-1",,,,,,,10.1007/978-3-642-83216-1,,,,0,,1,1,1,,,1,6800449,pdf,cdb39031f76d12a0ae731405b24a09f4,,,A:\\compressed\\10.1007%2F978-3-642-83216-1.pdf,0,2000-01-01 01:00:00,2016-04-03 02:51:08,956000/cdb39031f76d12a0ae731405b24a09f4-d.jpg,,
15553181,Stable Solution of Inverse Problems,,Advanced Lectures in Mathematics ,,Johann Baumeister  (auth.),1987,,Vieweg+Teubner Verlag,,264,0,English,,,,"978-3-528-08961-0,978-3-322-83967-1",,,,,,,10.1007/978-3-322-83967-1,,,,0,,1,1,1,,,1,5334787,pdf,227d265e816ac07a11084d772662aa29,,,A:\\compressed\\10.1007%2F978-3-322-83967-1.pdf,0,2000-01-01 01:00:00,2016-04-03 02:51:08,956000/227d265e816ac07a11084d772662aa29-d.jpg,,
15553182,"Peripherie von Informationssystemen: Technologie und Anwendung Eingabe: Tastatur, Sensoren, Sprache etc. Ausgabe: Drucker, Bildschirm, Anzeigen etc. Externe Speicher: Magnetik, Optik etc.",, ,,Professor Dr. Walter E. Proebster  (auth.),1987,,Springer Berlin Heidelberg,,"XI, 262 S. 189 Abb.",0,German,,,,"978-3-540-18336-5,978-3-642-95543-3",,,,,,,10.1007/978-3-642-95543-3,,,,0,,1,1,1,,,1,16538723,pdf,9cbedc4d0b304611053b2969499859b9,,,A:\\compressed\\10.1007%2F978-3-642-95543-3.pdf,0,2000-01-01 01:00:00,2016-04-03 02:51:08,956000/9cbedc4d0b304611053b2969499859b9-d.jpg,,
15553183,Thomas Alva Edison,,"Biographien hervorragender Naturwissenschaftler, Techniker und Mediziner ",,"Dr. sc. nat. Wolfgang Schreier,  Hella Schreier  (auth.)",1987,4Aufl.,Vieweg+Teubner Verlag,,113 S.,0,German,,,,"978-3-322-00401-7,978-3-322-84407-1",,,,,,,10.1007/978-3-322-84407-1,,,,0,,1,1,1,,,1,2247357,pdf,9d1d469d4fc9fc9cbfa56bd53fdf9279,,,A:\\compressed\\10.1007%2F978-3-322-84407-1.pdf,0,2000-01-01 01:00:00,2016-04-03 02:51:08,956000/9d1d469d4fc9fc9cbfa56bd53fdf9279-d.jpg,,
15553184,Grundbau: Teil 1 Bodenmechanik und erdstatische Berechnungen,, ,,Dr.-Ing. Konrad Simmer  (auth.),1987,,Vieweg+Teubner Verlag,,387,0,German,,,,"978-3-663-10205-2,978-3-663-10204-5",,,,,,,10.1007/978-3-663-10204-5,,,,0,,1,1,1,,,1,10073519,pdf,eca959526676b7ab5aeb4ce91174148a,,,A:\\compressed\\10.1007%2F978-3-663-10204-5.pdf,0,2000-01-01 01:00:00,2016-04-03 02:51:08,956000/eca959526676b7ab5aeb4ce91174148a-d.jpg,,
15553185,Organisatorische Gestaltung einer zentralen Werkstattsteuerung,,Fir-Forschung für die Praxis 10,,Dipl.-Ing. Marei Strack  (auth.),1987,,Springer Berlin Heidelberg,,"VIII, 142 S. 48 Abb.",0,English,,,,"978-3-540-17570-4,978-3-642-83037-2",,,,,,,10.1007/978-3-642-83037-2,,,,0,,1,1,1,,,1,6716877,pdf,fe9b76de726bdd943dbae80c9a600455,,,A:\\compressed\\10.1007%2F978-3-642-83037-2.pdf,0,2000-01-01 01:00:00,2016-04-03 02:51:08,956000/fe9b76de726bdd943dbae80c9a600455-d.jpg,,
15553186,Elektrische Netzwerke: Eine Einführung in die Analyse,, ,,Dr.-Ing. Rolf Unbehauen  (auth.),1987,,Springer Berlin Heidelberg,,419,0,German,,,,"978-3-662-00180-6,978-3-662-00179-0",,,,,,,10.1007/978-3-662-00179-0,,,,0,,1,1,1,,,1,10901698,pdf,557f18d26f13858ce74c83a3dbdd0d72,,,A:\\compressed\\10.1007%2F978-3-662-00179-0.pdf,0,2000-01-01 01:00:00,2016-04-03 02:51:08,956000/557f18d26f13858ce74c83a3dbdd0d72-d.jpg,,
15553187,Lichtwellenleiter für die optische Nachrichtenübertragung: Grundlagen und Eigenschaften eines neuen Übertragungsmediums,,Nachrichtentechnik 16,,Dr.-Ing. Siegfried Geckeler  (auth.),1987,"2., überarb. Aufl.",Springer Berlin Heidelberg,,"VIII, 327 S. 154 Abb.",0,German,,,,"978-3-540-16971-0,978-3-642-96974-4",,,,,,,10.1007/978-3-642-96974-4,,,,0,,1,1,1,,,1,22593072,pdf,9b7104ced6a69139d78a16d44a286b7e,,,A:\\compressed\\10.1007%2F978-3-642-96974-4.pdf,0,2000-01-01 01:00:00,2016-04-03 02:51:08,956000/9b7104ced6a69139d78a16d44a286b7e-d.jpg,,
15553188,Graphische Datenverarbeitung: Mathematische Methoden Rechnerunterstütztes Entwerfen mit Geometriezellen,,Hochschultext ,,Dr.-Ing. habil. Priv.-Doz. Ingolf Grieger  (auth.),1987,,Springer Berlin Heidelberg,,"IX, 188 S. 66 Abb.",0,German,,,,"978-3-540-17895-8,978-3-642-97024-5",,,,,,,10.1007/978-3-642-97024-5,,,,0,,1,1,1,,,1,5008721,pdf,6b9d78392067f8d80134294d54da3fe4,,,A:\\compressed\\10.1007%2F978-3-642-97024-5.pdf,0,2000-01-01 01:00:00,2016-04-03 02:51:08,956000/6b9d78392067f8d80134294d54da3fe4-d.jpg,,
15553189,Strukturdynamik: Band 1: Diskrete Systeme,, ,,"Prof. Dr.-Ing. Robert Gasch,  Prof. Dr.-Ing. Klaus Knothe  (auth.)",1987,,Springer Berlin Heidelberg,,"VIII, 447S. 219 Abb..",0,German,,,,"978-3-540-16849-2,978-3-662-10127-8",,,,,,,10.1007/978-3-662-10127-8,,,,0,,1,1,1,,,1,12422685,pdf,f9c483c39c5761139bd28c7fc8720fc7,,,A:\\compressed\\10.1007%2F978-3-662-10127-8.pdf,0,2000-01-01 01:00:00,2016-04-03 02:51:08,956000/f9c483c39c5761139bd28c7fc8720fc7-d.jpg,,
15553190,Programmierung mit FORTRAN 77,, ,,"Dr. rer. nat. Immo Kießling,  Dipl.-Math. Martin Lowes  (auth.)",1987,4Aufl.,Vieweg+Teubner Verlag,,247S.,0,English,,,,"978-3-519-30089-2,978-3-322-87210-4",,,,,,,10.1007/978-3-322-87210-4,,,,0,,1,1,1,,,1,2794708,pdf,bda4c7c0324527babf58143b56232009,,,A:\\compressed\\10.1007%2F978-3-322-87210-4.pdf,0,2000-01-01 01:00:00,2016-04-03 02:51:08,956000/bda4c7c0324527babf58143b56232009-d.jpg,,
15553191,CAD-Begriffe: Ein Lexikon,, ,,Dr. rer. nat. Leo Schwaiger  (auth.),1987,,Springer Berlin Heidelberg,,"VIII, 262 S. 178 Abb.",0,English,,,,"978-3-540-17545-2,978-3-642-93354-7",,,,,,,10.1007/978-3-642-93354-7,,,,0,,1,1,1,,,1,12435784,pdf,0f2e63e64d077437c026127b4312bac9,,,A:\\compressed\\10.1007%2F978-3-642-93354-7.pdf,0,2000-01-01 01:00:00,2016-04-03 02:51:08,956000/0f2e63e64d077437c026127b4312bac9-d.jpg,,
15553192,Zustandsgraphen für SPS — Grafikunterstützte Programmierung und steuerungsunabhängige Darstellung,,ISW Forschung und Praxis 63,,Jürgen Fleckenstein  (auth.),1987,,Springer Berlin Heidelberg,,143 S.,0,German,,,,"978-3-540-17549-0,978-3-662-11003-4",,,,,,,10.1007/978-3-662-11003-4,,,,0,,1,1,1,,,1,3520648,pdf,4ba1029ca9b7979dd7e4288a48ebcff9,,,A:\\compressed\\10.1007%2F978-3-662-11003-4.pdf,0,2000-01-01 01:00:00,2016-04-03 02:51:08,956000/4ba1029ca9b7979dd7e4288a48ebcff9-d.jpg,,
15553193,"Regelungstechnik II: Zustandsregelungen, digitale und nichtlineare Regelsysteme",, ,,Heinz Unbehauen  (auth.),1987,4. Aufl.,Vieweg+Teubner Verlag,,"XIII, 274 S.",0,English,,,,"978-3-528-33348-5,978-3-322-86468-0",,,,,,,10.1007/978-3-322-86468-0,,,,0,,1,1,1,,,1,5090656,pdf,0ac84a3ce21366e5d63ce597799f5b46,,,A:\\compressed\\10.1007%2F978-3-322-86468-0.pdf,0,2000-01-01 01:00:00,2016-04-03 02:51:08,956000/0ac84a3ce21366e5d63ce597799f5b46-d.jpg,,
15553194,Einführung in die Programmiersprache FORTRAN 77: Anleitung zum Selbststudium,, ,,Günther Lamprecht  (auth.),1987,"3., überarb. Aufl.",Vieweg+Teubner Verlag,,"VI, 153S.",0,German,,,,"978-3-528-23345-7,978-3-322-91975-5",,,,,,,10.1007/978-3-322-91975-5,,,,0,,1,1,1,,,1,5536538,pdf,5c8b9aaec16e61c224a6409d63fa3b64,,,A:\\compressed\\10.1007%2F978-3-322-91975-5.pdf,0,2000-01-01 01:00:00,2016-04-03 02:51:08,956000/5c8b9aaec16e61c224a6409d63fa3b64-d.jpg,,
15553195,Probabilistische Verfahren für den Test hochintegrierter Schaltungen,,Informatik-Fachberichte 140,,Hans-Joachim Wunderlich  (auth.),1987,,Springer Berlin Heidelberg,,"XII, 133 S.",0,German,,,,"978-3-540-18072-2,978-3-642-72838-9",,,,,,,10.1007/978-3-642-72838-9,,,,0,,1,1,1,,,1,4138054,pdf,55f831233a171f0367ca21da66900ba9,,,A:\\compressed\\10.1007%2F978-3-642-72838-9.pdf,0,2000-01-01 01:00:00,2016-04-03 02:51:08,956000/55f831233a171f0367ca21da66900ba9-d.jpg,,
15553196,The Foundations of Program Verification,,Series in Computer Science ,,"Jacques Loeckx,  Kurt Sieber  (auth.)",1987,,Vieweg+Teubner Verlag,,236,0,English,,,,"978-3-322-96754-1,978-3-322-96753-4",,,,,,,10.1007/978-3-322-96753-4,,,,0,,1,1,1,,,1,5487607,pdf,2179ea5f3562fd7c7647feb920dc3505,,,A:\\compressed\\10.1007%2F978-3-322-96753-4.pdf,0,2000-01-01 01:00:00,2016-04-03 02:51:08,956000/2179ea5f3562fd7c7647feb920dc3505-d.jpg,,
15553197,Flugmechanik: Moderne Flugzeugentwurfs- und Steuerungskonzepte,,Hochschultext ,,"em. o. Prof. Dr.-Ing. Xaver Hafer,  o. Prof. Dr.-Ing. Gottfried Sachs  (auth.)",1987,"2., ber. u. erg. Aufl.",Springer Berlin Heidelberg,,"XVIII, 270 S.",0,German,,,,"978-3-540-18345-7,978-3-662-07261-5",,,,,,,10.1007/978-3-662-07261-5,,,,0,,1,1,1,,,1,6868504,pdf,a0d665ac10493c1f5f0f5b1b45593632,,,A:\\compressed\\10.1007%2F978-3-662-07261-5.pdf,0,2000-01-01 01:00:00,2016-04-03 02:51:08,956000/a0d665ac10493c1f5f0f5b1b45593632-d.jpg,,
15553198,Das Klassische in der Architektur: Die Poetik der Ordnung,,Bauwelt Fundamente ,,"Alexander Tzonis,  Liane Lefaivre  (auth.)",1987,,Vieweg+Teubner Verlag,,220 S. Mit zahlr. Abb.,0,German,,,,"978-3-528-08772-2,978-3-663-07792-3",,,,,,,10.1007/978-3-663-07792-3,,,,0,,1,1,1,,,1,9437191,pdf,ccfd3f91f853aa7cda45b589a85bd82d,,,A:\\compressed\\10.1007%2F978-3-663-07792-3.pdf,0,2000-01-01 01:00:00,2016-04-03 02:51:08,956000/ccfd3f91f853aa7cda45b589a85bd82d-d.jpg,,
15553199,Montage Integrierter Schaltungen,,Mikroelektronik ,,Dipl.-Ing. Hans-Jürgen Hacke  (auth.),1987,,Springer Berlin Heidelberg,,"X, 211 S. 100 Abb.",0,German,,,,"978-3-540-17624-4,978-3-642-48222-9",,,,,,,10.1007/978-3-642-48222-9,,,,0,,1,1,1,,,1,6833741,pdf,0d6b1c43d66c8a0d36083c3c71475379,,,A:\\compressed\\10.1007%2F978-3-642-48222-9.pdf,0,2000-01-01 01:00:00,2016-04-03 02:51:08,956000/0d6b1c43d66c8a0d36083c3c71475379-d.jpg,,
15553200,"Dynamik der Zahnradgetriebe: Modelle, Verfahren, Verhalten",, ,,"Dr.-Ing., Dr.-Ing. habil. Ferit Küçükay  (auth.)",1987,,Springer Berlin Heidelberg,,"XII, 212 S. 69 Abb.",0,German,,,,"978-3-540-17111-9,978-3-642-82926-0",,,,,,,10.1007/978-3-642-82926-0,,,,0,,1,1,1,,,1,7539284,pdf,d5c58435c4a63f54c0ff7272df981f38,,,A:\\compressed\\10.1007%2F978-3-642-82926-0.pdf,0,2000-01-01 01:00:00,2016-04-03 02:51:08,956000/d5c58435c4a63f54c0ff7272df981f38-d.jpg,,
15553201,Fehlertolerante dezentrale Prozeßautomatisierung,,Informatik-Fachberichte 160,,Hubert Mäncher  (auth.),1987,,Springer Berlin Heidelberg,,"XVI, 243 S.",0,German,,,,"978-3-540-18754-7,978-3-642-73324-6",,,,,,,10.1007/978-3-642-73324-6,,,,0,,1,1,1,,,1,8487110,pdf,f1580a9d55dede970b5dfa888231ebef,,,A:\\compressed\\10.1007%2F978-3-642-73324-6.pdf,0,2000-01-01 01:00:00,2016-04-03 02:51:08,956000/f1580a9d55dede970b5dfa888231ebef-d.jpg,,
15553202,Entwicklung eines biomechanischen Modells des Hand-Arm-Systems: Lagebestimmung und die Statik seiner Glieder als geschlossene kinematische Gelenkkette,,IPA-IAO - Forschung und Praxis 108,,"Dipl.-Ing., Dipl.-Kfm Georgios Tsotsis  (auth.)",1987,,Springer Berlin Heidelberg,,"163 S. 45 Abb., 26 Tab.",0,German,,,,"978-3-540-18135-4,978-3-642-83176-8",,,,,,,10.1007/978-3-642-83176-8,,,,0,,1,1,1,,,1,3713554,pdf,7046f32a68201db53df721b2e6137b47,,,A:\\compressed\\10.1007%2F978-3-642-83176-8.pdf,0,2000-01-01 01:00:00,2016-04-03 02:51:08,956000/7046f32a68201db53df721b2e6137b47-d.jpg,,
15553203,Übungsaufgaben zur Wahrscheinlichkeitsrechnung und mathematischen Statistik,,"Mathematik für Ingenieure und Naturwissenschaftler, Ökonomen und Landwirte · Übungsaufgaben 4 ",,"Dr. sc. nat. Heinz Gillert,  Dr. sc. nat. Volker Nollau  (auth.)",1987,4. Aufl.,Vieweg+Teubner Verlag,,57 S.,0,German,,,,"978-3-322-00372-0,978-3-663-07666-7",,,,,,,10.1007/978-3-663-07666-7,,,,0,,1,1,1,,,1,2294314,pdf,adaff5b4aa50a772d3ab583f41ce151b,,,A:\\compressed\\10.1007%2F978-3-663-07666-7.pdf,0,2000-01-01 01:00:00,2016-04-03 02:51:08,956000/adaff5b4aa50a772d3ab583f41ce151b-d.jpg,,
15553204,Heinrich Hertz: Entdecker der Radiowellen,,"Biographien hervorragender Naturwissenschaftler, Techniker und Mediziner 20",,"Dr. sc. Josef Kuczera  (auth.),  D. Goetz,  I. Jahn,  E. Wächtler,  H. Wußing  (eds.)",1987,3.Aufl.,Vieweg+Teubner Verlag,,96S. 13 Abb..,0,German,,,,"978-3-322-00387-4,978-3-322-93045-3",,,,,,,10.1007/978-3-322-93045-3,,,,0,,1,1,1,,,1,3442954,pdf,41ea097d9947a56a06c56b729acea2d1,,,A:\\compressed\\10.1007%2F978-3-322-93045-3.pdf,0,2000-01-01 01:00:00,2016-04-03 02:51:08,956000/41ea097d9947a56a06c56b729acea2d1-d.jpg,,
15553205,Oberflächen- und Dünnschicht-Technologie: Teil I: Beschichtungen von Oberflächen,,WFT Werkstoff-Forschung und -Technik 5,,Dr. René A. Haefer  (auth.),1987,,Springer Berlin Heidelberg,,"XVIII, 334 S. 114 Abb., 23 Tab.",0,German,,,,"978-3-540-16723-5,978-3-642-82835-5",,,,,,,10.1007/978-3-642-82835-5,,,,0,,1,1,1,,,1,7766142,pdf,080d6566291821563f676ef77e777e44,,,A:\\compressed\\10.1007%2F978-3-642-82835-5.pdf,0,2000-01-01 01:00:00,2016-04-03 02:51:08,956000/080d6566291821563f676ef77e777e44-d.jpg,,
15553206,Elektronisches Messen: Analoge und digitale Signalbehandlung Leitfaden für Naturwissenschaftler und Techniker,, ,,Professor Dr. Wolfgang Gruhle  (auth.),1987,,Springer Berlin Heidelberg,,"VIII, 183 S. 108 Abb.",0,German,,,,"978-3-540-17028-0,978-3-642-82902-4",,,,,,,10.1007/978-3-642-82902-4,,,,0,,1,1,1,,,1,3885444,pdf,92667a93a747c88c24139ac9b568b4f2,,,A:\\compressed\\10.1007%2F978-3-642-82902-4.pdf,0,2000-01-01 01:00:00,2016-04-03 02:51:08,956000/92667a93a747c88c24139ac9b568b4f2-d.jpg,,
15553207,Problemlösen mit PROLOG,,MikroComputer-Praxis ,,Michael Hanus  (auth.),1987,2.Aufl.,Vieweg+Teubner Verlag,,224 S.,0,German,,,,"978-3-519-12541-9,978-3-322-96761-9",,,,,,,10.1007/978-3-322-96761-9,,,,0,,1,1,1,,,1,5520179,pdf,52770edafbe4625aa3bc968b603a9c75,,,A:\\compressed\\10.1007%2F978-3-322-96761-9.pdf,0,2000-01-01 01:00:00,2016-04-03 02:51:08,956000/52770edafbe4625aa3bc968b603a9c75-d.jpg,,
15553208,"Rauschen: Zufallssignale, Rauschmessung, Systemvergleich",, ,,F. R. Connor  (auth.),1987,,Vieweg+Teubner Verlag,,"X, 165S. 77 Abb..",0,German,,,,"978-3-528-04376-6,978-3-322-83035-7",,,,,,,10.1007/978-3-322-83035-7,,,,0,,1,1,1,,,1,3614026,pdf,257ff41db9feb9f9391863acc36659dc,,,A:\\compressed\\10.1007%2F978-3-322-83035-7.pdf,0,2000-01-01 01:00:00,2016-04-03 02:51:08,956000/257ff41db9feb9f9391863acc36659dc-d.jpg,,
15553209,"Qualifizierung an Industrierobotern: Ziele, Inhalte und Methoden",,IPA-IAO Forschung und Praxis 113,,Dipl.-Ing. Dipl.-Gwl. Volker Korndörfer  (auth.),1987,,Springer Berlin Heidelberg,,318 S. 100 Abb.,0,German,,,,"978-3-540-18618-2,978-3-642-83299-4",,,,,,,10.1007/978-3-642-83299-4,,,,0,,1,1,1,,,1,15224660,pdf,198ba571fb126cc02b19a22ffea37bda,,,A:\\compressed\\10.1007%2F978-3-642-83299-4.pdf,0,2000-01-01 01:00:00,2016-04-03 02:51:08,956000/198ba571fb126cc02b19a22ffea37bda-d.jpg,,
15553210,Transportmodelle,,Fachberichte Simulation 7,,Prof. Dr. Bernd Schmidt  (auth.),1987,,Springer Berlin Heidelberg,,"X, 294 S. mit Abb.",0,German,,,,"978-3-540-18186-6,978-3-642-83187-4",,,,,,,10.1007/978-3-642-83187-4,,,,0,,1,1,1,,,1,42529682,pdf,75b4781cdf25f5a42aaf27758a1743a9,,,A:\\compressed\\10.1007%2F978-3-642-83187-4.pdf,0,2000-01-01 01:00:00,2016-04-03 02:51:08,956000/75b4781cdf25f5a42aaf27758a1743a9-d.jpg,,
15553211,Ortsbindung: Eine architekturkritische Entdeckung: Der Petersplatz des Gianlorenzo Bernini,, ,,Massimo Birindelli  (auth.),1987,,Vieweg+Teubner Verlag,,218S.,0,German,,,,"978-3-528-08710-4,978-3-322-84079-0",,,,,,,10.1007/978-3-322-84079-0,,,,0,,1,1,1,,,1,11452932,pdf,0280eccea91727d85ed13d1a2fd2df48,,,A:\\compressed\\10.1007%2F978-3-322-84079-0.pdf,0,2000-01-01 01:00:00,2016-04-03 02:51:08,956000/0280eccea91727d85ed13d1a2fd2df48-d.jpg,,
15553212,Dynamische Systeme in der Ökologie: Mathematische Modelle und Simulation,,Teubner Studienbücher Mathematik ,,Dr. rer. nat. Wolfgang Metzler  (auth.),1987,,Vieweg+Teubner Verlag,,210 S.,0,German,,,,"978-3-519-02082-0,978-3-322-93109-2",,,,,,,10.1007/978-3-322-93109-2,,,,0,,1,1,1,,,1,5051148,pdf,96a993031fb08f009fe87f31e09b6af6,,,A:\\compressed\\10.1007%2F978-3-322-93109-2.pdf,0,2000-01-01 01:00:00,2016-04-03 02:51:08,956000/96a993031fb08f009fe87f31e09b6af6-d.jpg,,
15553213,Verfahrensinstrumentarium zur Werkstückauswahl und Auslegung von Industrieroboterschweißsystemen,,IPA-IAO Forschung und Praxis 103,,Dipl.-Ing. Herbert Gzik  (auth.),1987,,Springer Berlin Heidelberg,,138 S. 56 Abb.,0,German,,,,"978-3-540-17928-3,978-3-642-83128-7",,,,,,,10.1007/978-3-642-83128-7,,,,0,,1,1,1,,,1,5872615,pdf,33e68833e4aabcbeb62014a4691b03cf,,,A:\\compressed\\10.1007%2F978-3-642-83128-7.pdf,0,2000-01-01 01:00:00,2016-04-03 02:51:08,956000/33e68833e4aabcbeb62014a4691b03cf-d.jpg,,
15553214,Johann Wolfgang von Goethe als Naturwissenschaftler,,"Biographien hervorragender Naturwissenschaftler, Techniker und Mediziner 38",,"Dr. Wolfram Voigt,  Dr. Ulrich Sucker  (auth.)",1987,3.Aufl.,Vieweg+Teubner Verlag,,100 S.,0,English,,,,"978-3-322-00262-4,978-3-322-94551-8",,,,,,,10.1007/978-3-322-94551-8,,,,0,,1,1,1,,,1,3937428,pdf,bb2187f39f38ef53c9b205723bb7a562,,,A:\\compressed\\10.1007%2F978-3-322-94551-8.pdf,0,2000-01-01 01:00:00,2016-04-03 02:51:08,956000/bb2187f39f38ef53c9b205723bb7a562-d.jpg,,
15553215,Entwicklung eines berührungslosen Tastsystems für den Einsatz an Koordinatenmeßgeräten,,IPA-IAO — Forschung und Praxis 112,,Ms. of Sc. Hie-Sik Kim  (auth.),1987,,Springer Berlin Heidelberg,,118 S.,0,German,,,,"978-3-540-18578-9,978-3-662-07045-1",,,,,,,10.1007/978-3-662-07045-1,,,,0,,1,1,1,,,1,4367676,pdf,7e1a9272f23f10879c82bcd09de5eb21,,,A:\\compressed\\10.1007%2F978-3-662-07045-1.pdf,0,2000-01-01 01:00:00,2016-04-03 02:51:08,956000/7e1a9272f23f10879c82bcd09de5eb21-d.jpg,,
15553216,Theorie nichtlinearer Netzwerke,,Hochschultext ,,Dr.-Ing. Wolfgang Mathis  (auth.),1987,,Springer Berlin Heidelberg,,"XI, 401 S. 80 Abb.",0,German,,,,"978-3-540-18365-5,978-3-642-83227-7",,,,,,,10.1007/978-3-642-83227-7,,,,0,,1,1,1,,,1,46633301,pdf,f96f29d5401b4fbedb4f3c53a72fef58,,,A:\\compressed\\10.1007%2F978-3-642-83227-7.pdf,0,2000-01-01 01:00:00,2016-04-03 02:51:08,956000/f96f29d5401b4fbedb4f3c53a72fef58-d.jpg,,
15553217,Steuerung von Koordinatenmeßgeräten mit schlatenden und messenden Tastsystemen,,ISW Forschung und Praxis 64,,Eberhard Wagner  (auth.),1987,,Springer Berlin Heidelberg,,137 S.,0,German,,,,"978-3-540-17726-5,978-3-662-10056-1",,,,,,,10.1007/978-3-662-10056-1,,,,0,,1,1,1,,,1,3414581,pdf,388db0c06d8b9059e9c3c4c589b8b8b4,,,A:\\compressed\\10.1007%2F978-3-662-10056-1.pdf,0,2000-01-01 01:00:00,2016-04-03 02:51:08,956000/388db0c06d8b9059e9c3c4c589b8b8b4-d.jpg,,
15553218,Strömungslehre: Einführung in die Theorie der Strömungen,, ,,Professor Dr.-Ing. Joseph H. Spurk  (auth.),1987,,Springer Berlin Heidelberg,,"XI, 452 S.",0,German,,,,"978-3-540-18083-8,978-3-662-22436-6",,,,,,,10.1007/978-3-662-22436-6,,,,0,,1,1,1,,,1,20127741,pdf,fe600caec7591b7775b1d9fb05cc4c6b,,,A:\\compressed\\10.1007%2F978-3-662-22436-6.pdf,0,2000-01-01 01:00:00,2016-04-03 02:51:08,956000/fe600caec7591b7775b1d9fb05cc4c6b-d.jpg,,
15553219,"Praktikum in Werkstoffkunde: Skriptum für Ingenieure, Metall- und Werkstoffkundler, Werkstoffwissenschaftler, Eisenhüttenleute, Fertigungs- und Umformtechniker",, ,,Eckard Macherauch  (auth.),1987,,Vieweg+Teubner Verlag,,448,0,German,,,,"978-3-528-63306-6,978-3-322-86116-0",,,,,,,10.1007/978-3-322-86116-0,,,,0,,1,1,1,,,1,21564786,pdf,c2057a62e8b666f35f8f6edd78ccb8ce,,,A:\\compressed\\10.1007%2F978-3-322-86116-0.pdf,0,2000-01-01 01:00:00,2016-04-03 02:51:08,956000/c2057a62e8b666f35f8f6edd78ccb8ce-d.jpg,,
15553220,Signalübertragung: Lehrbuch der Nachrichtentechnik mit Datenfernverarbeitung,, ,,Harald Schumny  (auth.),1987,"2., durchges. Aufl.",Vieweg+Teubner Verlag,,"XVI, 403S. 496 Abb..",0,German,,,,"978-3-528-14072-4,978-3-322-83198-9",,,,,,,10.1007/978-3-322-83198-9,,,,0,,1,1,1,,,1,11367880,pdf,9858e3171ed308f9021a82894d4b6b16,,,A:\\compressed\\10.1007%2F978-3-322-83198-9.pdf,0,2000-01-01 01:00:00,2016-04-03 02:51:08,956000/9858e3171ed308f9021a82894d4b6b16-d.jpg,,
15553221,Funktionen einer Veränderlichen: Analytische und numerische Behandlung,,Rechnerorientierte Ingenieurmathematik ,,"Klaus Niederdrenk,  Harry Yserentant  (auth.)",1987,,Vieweg+Teubner Verlag,,"XII, 447S.",0,German,,,,"978-3-528-04162-5,978-3-322-83033-3",,,,,,,10.1007/978-3-322-83033-3,,,,0,,1,1,1,,,1,14279258,pdf,a333be8d4c2509b4efaa37421d62852e,,,A:\\compressed\\10.1007%2F978-3-322-83033-3.pdf,0,2000-01-01 01:00:00,2016-04-03 02:51:08,956000/a333be8d4c2509b4efaa37421d62852e-d.jpg,,
15553222,Produktionsmengen- und -terminplanung bei mehrstufiger Linienfertigung,,IPA-IAO — Forschung und Praxis 105,,Dipl.-Math. H. Kühnle  (auth.),1987,,Springer Berlin Heidelberg,,124 S. 25 Abb.,0,German,,,,"978-3-540-18038-8,978-3-642-83150-8",,,,,,,10.1007/978-3-642-83150-8,,,,0,,1,1,1,,,1,2732622,pdf,54cdcbc841b1998c545aaa868397aa14,,,A:\\compressed\\10.1007%2F978-3-642-83150-8.pdf,0,2000-01-01 01:00:00,2016-04-03 02:51:08,956000/54cdcbc841b1998c545aaa868397aa14-d.jpg,,
15553223,Ernst Haeckel,,"Biographien hervorragender Naturwissenschaftler, Techniker und Mediziner 70",,"Dr. Erika Krauße  (auth.),  D. Goetz,  I. Jahn,  E. Wächtler,  H. Wußing  (eds.)",1987,2.Aufl.,Vieweg+Teubner Verlag,,152S. 32 Abb..,0,German,,,,"978-3-322-00392-8,978-3-322-93037-8",,,,,,,10.1007/978-3-322-93037-8,,,,0,,1,1,1,,,1,4540464,pdf,9804759caa75de7186d954402db88b66,,,A:\\compressed\\10.1007%2F978-3-322-93037-8.pdf,0,2000-01-01 01:00:00,2016-04-03 02:51:08,956000/9804759caa75de7186d954402db88b66-d.jpg,,
15553224,Anschlüsse an Kupferrohre — Herstellung und Automatisierungsmöglichkeit,,IPA-IAO Forschung und Praxis 101,,Dipl.-Ing. Eberhard Rauschnabel  (auth.),1987,,Springer Berlin Heidelberg,,120 S. 88 Abb.,0,German,,,,"978-3-540-17807-1,978-3-642-83094-5",,,,,,,10.1007/978-3-642-83094-5,,,,0,,1,1,1,,,1,6631004,pdf,eb79570b84410e5dbf03130a172e1a15,,,A:\\compressed\\10.1007%2F978-3-642-83094-5.pdf,0,2000-01-01 01:00:00,2016-04-03 02:51:08,956000/eb79570b84410e5dbf03130a172e1a15-d.jpg,,
15553225,Diagnosesystem für steuerungsperiphere Fehler an Fertigungseinrichtungen,,ISW Forschung und Praxis 65,,Werner Grimm  (auth.),1987,,Springer Berlin Heidelberg,,143 S. 70 Abb.,0,German,,,,"978-3-540-17727-2,978-3-642-83073-0",,,,,,,10.1007/978-3-642-83073-0,,,,0,,1,1,1,,,1,4828984,pdf,25b452769029f0c9be32cfa16b8ccf7b,,,A:\\compressed\\10.1007%2F978-3-642-83073-0.pdf,0,2000-01-01 01:00:00,2016-04-03 02:51:08,956000/25b452769029f0c9be32cfa16b8ccf7b-d.jpg,,
15553226,Geschichte der Nachrichtentechnik: Band 2 Nachrichtentechnische Entwicklungen in der ersten Hälfte des 19. Jahrhunderts,, ,,Prof. Dr.-Ing. Volker Aschoff  (auth.),1987,,Springer Berlin Heidelberg,,269,0,German,,,,"978-3-662-07476-3,978-3-662-07475-6",,,,,,,10.1007/978-3-662-07475-6,,,,0,,1,1,1,,,1,9084050,pdf,f713e0e520b21cdf2b917dd2e2a66f21,,,A:\\compressed\\10.1007%2F978-3-662-07475-6.pdf,0,2000-01-01 01:00:00,2016-04-03 02:51:08,956000/f713e0e520b21cdf2b917dd2e2a66f21-d.jpg,,
15553227,Antoine Laurent Lavoisier,,"Biographien hervorragender Naturwissenschaftler, Techniker und Mediziner 84",,"Prof. Dr. Ferenc Szabadváry  (auth.),  D. Goetz,  I. Jahn,  E. Wächtler,  H. Wußing  (eds.)",1987,,Vieweg+Teubner Verlag,,72S.,0,German,,,,"978-3-322-00319-5,978-3-322-84405-7",,,,,,,10.1007/978-3-322-84405-7,,,,0,,1,1,1,,,1,1384889,pdf,9f4dc7692b5db4d6592939fa9fe241ba,,,A:\\compressed\\10.1007%2F978-3-322-84405-7.pdf,0,2000-01-01 01:00:00,2016-04-03 02:51:08,956000/9f4dc7692b5db4d6592939fa9fe241ba-d.jpg,,
15553228,"Systeme mit örtlich verteilten Parametern: Eine Einführung in die Modellbildung, Analyse und Regelung",,Hochschultext ,,Prof. Dr.-Ing. Dieter Franke  (auth.),1987,,Springer Berlin Heidelberg,,"XII, 323 S.",0,German,,,,"978-3-540-17333-5,978-3-662-13070-4",,,,,,,10.1007/978-3-662-13070-4,,,,0,,1,1,1,,,1,9838943,pdf,829ee06f8b023b439fa5f937b9a9ef28,,,A:\\compressed\\10.1007%2F978-3-662-13070-4.pdf,0,2000-01-01 01:00:00,2016-04-03 02:51:08,956000/829ee06f8b023b439fa5f937b9a9ef28-d.jpg,,
15553229,Tensorrechnung für Ingenieure,,Leitfäden der angewandten Mathematik und Mechanik 64,,Dr.-Ing. Josef Betten  (auth.),1987,,Vieweg+Teubner Verlag,,320S.,0,German,,,,"978-3-322-99338-0,978-3-322-99337-3",,,,,,,10.1007/978-3-322-99337-3,,,,0,,1,1,1,,,1,8037476,pdf,d125b53f818cddfeb330ba2dbc9d06ac,,,A:\\compressed\\10.1007%2F978-3-322-99337-3.pdf,0,2000-01-01 01:00:00,2016-04-03 02:51:08,956000/d125b53f818cddfeb330ba2dbc9d06ac-d.jpg,,
15553230,Unternehmensbewertung und Komplexitätsreduktion,, ,,Dr. Wolfgang Ballwieser  (auth.),1987,,Gabler Verlag,,228,0,German,,,,"978-3-409-39004-0,978-3-663-12968-4",,,,,,,10.1007/978-3-663-12968-4,,,,0,,1,1,1,,,1,7906239,pdf,aa8a4cae31c3756ae3e5b65990d61568,,,A:\\compressed\\10.1007%2F978-3-663-12968-4.pdf,0,2000-01-01 01:00:00,2016-04-03 02:51:08,956000/aa8a4cae31c3756ae3e5b65990d61568-d.jpg,,
15553231,Spitzentechnik in Deutschland: Von Der Forschung Zur Anwendung,, ,,Georg Küffner  (auth.),1987,,Gabler Verlag,,387S.,0,German,,,,"978-3-409-19113-5,978-3-322-86247-1",,,,,,,10.1007/978-3-322-86247-1,,,,0,,1,1,1,,,1,6146575,pdf,380d600dd4d7b78d54fc10c4b5b1e3f8,,,A:\\compressed\\10.1007%2F978-3-322-86247-1.pdf,0,2000-01-01 01:00:00,2016-04-03 02:51:08,956000/380d600dd4d7b78d54fc10c4b5b1e3f8-d.jpg,,
15553232,"Robotereinsatz Menschengerecht Geplant: Planung des Industrierobotereinsatzes unter technischen, arbeits- und sozialwissenschaftlichen Gesichtspunkten",, ,,"Dipl.-Ing. G. Schiele,  Dipl.-Ing. U. Hallwachs  (auth.)",1987,,Springer Berlin Heidelberg,,"IX, 310 S.",0,German,,,,"978-3-540-18223-8,978-3-642-52494-3",,,,,,,10.1007/978-3-642-52494-3,,,,0,,1,1,1,,,1,8200651,pdf,eac6400d9c0fce056322ce1dcca0115c,,,A:\\compressed\\10.1007%2F978-3-642-52494-3.pdf,0,2000-01-01 01:00:00,2016-04-03 02:51:08,956000/eac6400d9c0fce056322ce1dcca0115c-d.jpg,,
15553233,Integrierte MOS-Schaltungen,,Halbleiter-Elektronik 14,,Dr. techn. Karlheinrich Horninger  (auth.),1987,,Springer Berlin Heidelberg,,355 S. 189 Abb.,0,German,,,,"978-3-540-17035-8,978-3-642-82905-5",,,,,,,10.1007/978-3-642-82905-5,,,"1. Auflage erschien unter: H. Weiss, Integrierte MOS-Schaltungen2., überarb. und erw. Aufl.",0,,1,1,1,,,1,12910651,pdf,5ac7427271e77527e70c988dfffbf9f6,,,A:\\compressed\\10.1007%2F978-3-642-82905-5.pdf,0,2000-01-01 01:00:00,2016-04-03 02:51:08,956000/5ac7427271e77527e70c988dfffbf9f6-d.jpg,,
15553234,Algebra,, ,,Professor Gert Böhme  (auth.),1987,"5., verb. Aufl.",Springer Berlin Heidelberg,,"XI, 408 S.",0,German,,,,"978-3-540-17479-0,978-3-642-97001-6",,,,,,,10.1007/978-3-642-97001-6,,,,0,,1,1,1,,,1,7856560,pdf,b55ad5fd88b9b1235a0f3137899a9f0e,,,A:\\compressed\\10.1007%2F978-3-642-97001-6.pdf,0,2000-01-01 01:00:00,2016-04-03 02:51:08,956000/b55ad5fd88b9b1235a0f3137899a9f0e-d.jpg,,
15553235,Technische Risiken: Ermittlung und Beurteilung,, ,,"Dr.-Ing. U. Hauptmanns,  Dr. rer. nat. W. Werner,  Dr. rer. nat. M. Herttrich  (auth.)",1987,,Springer Berlin Heidelberg,,264,0,German,,,,"978-3-662-10263-3,978-3-662-10262-6",,,,,,,10.1007/978-3-662-10262-6,,,,0,,1,1,1,,,1,5803735,pdf,ea5b645c39d943fb3fc9333d9fafe357,,,A:\\compressed\\10.1007%2F978-3-662-10262-6.pdf,0,2000-01-01 01:00:00,2016-04-03 02:51:08,956000/ea5b645c39d943fb3fc9333d9fafe357-d.jpg,,
15553236,Elektrische und magnetische Eigenschaften der Materie,,Leitfaden der Elektrotechnik,,Waldemar von Münch,1987,,Vieweg+Teubner Verlag,,288,0,German,,,0,"978-3-663-09910-9,978-3-663-09909-3",,,,,,,10.1007/978-3-663-09909-3,,,,0,,1,1,1,,,1,7529401,pdf,b05f16decae849e55bd54c0fa20a811b,,,A:/compressed/10.1007%2F978-3-663-09909-3.pdf,0,2000-01-01 01:00:00,2016-04-03 02:51:08,956000/b05f16decae849e55bd54c0fa20a811b-d.jpg,,
15553237,"Energienachfrage, wirtschaftliche Entwicklung und Preise: Systemanalytische Einführung in die Energieökonomie",, ,,Lorenz Jarass  (auth.),1988,,Vieweg+Teubner Verlag,,194S.,0,German,,,,"978-3-528-04620-0,978-3-322-84160-5",,,,,,,10.1007/978-3-322-84160-5,,,,0,,1,1,1,,,1,4815411,pdf,968317b4847db15d6454b8551860d91c,,,A:\\compressed\\10.1007%2F978-3-322-84160-5.pdf,0,2000-01-01 01:00:00,2016-04-03 02:51:08,956000/968317b4847db15d6454b8551860d91c-d.jpg,,
15553238,"Systementwurf mit Simulationsmodellen: Anwendergespräch Universität Würzburg, 10.12.1987",,Betriebs- und Wirtschaftsinformatik 32,,"R. Thome  (auth.),  Prof. Dr. Rainer Thome  (eds.)",1988,,Springer Berlin Heidelberg,,"VII, 147 S. 55 Abb.",0,German,,,,"978-3-540-19454-5,978-3-642-73848-7",,,,,,,10.1007/978-3-642-73848-7,,,,0,,1,1,1,,,1,5289050,pdf,ce8aa76d19bae448f937f985b52a34a3,,,A:\\compressed\\10.1007%2F978-3-642-73848-7.pdf,0,2000-01-01 01:00:00,2016-04-03 02:51:08,956000/ce8aa76d19bae448f937f985b52a34a3-d.jpg,,
15553239,Asymptotische Statistik,,Teubner Skripten zur Mathematischen Stochastik ,,Prof. Dr. rer. nat. Ludger Rüschendorf  (auth.),1988,,Vieweg+Teubner Verlag,,225S.,0,German,,,,"978-3-519-02725-6,978-3-322-82975-7",,,,,,,10.1007/978-3-322-82975-7,,,,0,,1,1,1,,,1,6477208,pdf,0d11f8c7f525285b2df3d6d182d40999,,,A:\\compressed\\10.1007%2F978-3-322-82975-7.pdf,0,2000-01-01 01:00:00,2016-04-03 02:51:08,956000/0d11f8c7f525285b2df3d6d182d40999-d.jpg,,
15553240,"Computer Integrated Manufacturing: Einsatz in der mittelständischen Wirtschaft Fachtagung, Saarbrücken, 24.–25. Februar 1988",, ,,"Prof. Dr. A.-W. Scheer  (auth.),  Professor Dr. August-Wilhelm Scheer  (eds.)",1988,,Springer Berlin Heidelberg,,"124 Abb. VIII, 286 Seiten.",0,German,,,,"978-3-540-18998-5,978-3-642-73458-8",,,,,,,10.1007/978-3-642-73458-8,,,,0,,1,1,1,,,1,12511622,pdf,27f1cc98a1bd4755691111542e0ee29a,,,A:\\compressed\\10.1007%2F978-3-642-73458-8.pdf,0,2000-01-01 01:00:00,2016-04-03 02:51:08,956000/27f1cc98a1bd4755691111542e0ee29a-d.jpg,,
15553241,Supraleiter-Elektronik: Grundlagen Anwendungen in der Mikrowellentechnik,,,,Johann Heyen Hinken,1988,,Springer Berlin Heidelberg,,183,0,German,,,0,"978-3-662-10151-3,978-3-662-10150-6",,,,,,,10.1007/978-3-662-10150-6,,,,0,,1,1,1,,,1,5023512,pdf,cf60bae13a3e39f8e6e2eb07259949dd,,,A:/compressed/10.1007%2F978-3-662-10150-6.pdf,0,2000-01-01 01:00:00,2016-04-03 02:51:08,956000/cf60bae13a3e39f8e6e2eb07259949dd-d.jpg,,
15553242,Lösungsbuch Speicherprogrammierte Steuerungen SPS: Lösungen der Übungsaufgaben,,Viewegs Fachbücher der Technik ,,"Günter Wellenreuther,  Dieter Zastrow  (auth.)",1988,,Vieweg+Teubner Verlag,,"VIII, 159S.",0,German,,,,"978-3-528-04406-0,978-3-322-90929-9",,,,,,,10.1007/978-3-322-90929-9,,,,0,,1,1,1,,,1,5735095,pdf,875ac8668796ed210626654f17bc81f3,,,A:\\compressed\\10.1007%2F978-3-322-90929-9.pdf,0,2000-01-01 01:00:00,2016-04-03 02:51:08,956000/875ac8668796ed210626654f17bc81f3-d.jpg,,
15553243,Einführung in die Meeresbiologie 2: Das Meer als Lebensraum und seine Nutzung,,Vieweg Studium Grundkurs Biologie 45,,"Klaus-Jürgen Götting,  Ernst F. Kilian,  Reinhard Schnetter  (auth.)",1988,,Vieweg+Teubner Verlag,,"X, 231S. Mit 120 Abb. und 1 farb. Karte.",0,German,,,,"978-3-528-07245-2,978-3-322-86589-2",,,,,,,10.1007/978-3-322-86589-2,,,,0,,1,1,1,,,1,10510547,pdf,3dbc5936e313734fb1809e6e332f46b3,,,A:\\compressed\\10.1007%2F978-3-322-86589-2.pdf,0,2000-01-01 01:00:00,2016-04-03 02:51:08,956000/3dbc5936e313734fb1809e6e332f46b3-d.jpg,,
15553244,Der Palladio-Führer,, ,,Caroline Constant  (auth.),1988,,Vieweg+Teubner Verlag,,147 S.,0,German,,,,"978-3-528-08724-1,978-3-322-84283-1",,,,,,,10.1007/978-3-322-84283-1,,,,0,,1,1,1,,,1,6304555,pdf,45487cc411a2433455423c682ab5f2bb,,,A:\\compressed\\10.1007%2F978-3-322-84283-1.pdf,0,2000-01-01 01:00:00,2016-04-03 02:51:08,956000/45487cc411a2433455423c682ab5f2bb-d.jpg,,
15553245,Integration der montagegerechten Produktgestaltung in den Konstruktionsprozeß,,IPA-IAO — Forschung und Praxis 116,,Dipl.-Ing. Rudolf Bäßler  (auth.),1988,,Springer Berlin Heidelberg,,140 S.,0,German,,,,"978-3-540-19058-5,978-3-662-07930-0",,,,,,,10.1007/978-3-662-07930-0,,,,0,,1,1,1,,,1,3526641,pdf,fddac3764ac36ad17a50086830d0e74c,,,A:\\compressed\\10.1007%2F978-3-662-07930-0.pdf,0,2000-01-01 01:00:00,2016-04-03 02:51:08,956000/fddac3764ac36ad17a50086830d0e74c-d.jpg,,
15553246,Personal Computer in kleinen Produktionsunternehmen,,fir Forschung für die Praxis 14,,Dipl.-Ing. Harald Hoff  (auth.),1988,,Springer Berlin Heidelberg,,"IX, 153 S. 64 Abb.",0,German,,,,"978-3-540-19407-1,978-3-642-83511-7",,,,,,,10.1007/978-3-642-83511-7,,,,0,,1,1,1,,,1,3146483,pdf,c1e23482cd857eb9b57c5acf498de7cb,,,A:\\compressed\\10.1007%2F978-3-642-83511-7.pdf,0,2000-01-01 01:00:00,2016-04-03 02:51:08,956000/c1e23482cd857eb9b57c5acf498de7cb-d.jpg,,
15553247,Lernende Roboter: Aspekte maschinellen Lernens,,Fachberichte Messen · Steuern · Regeln 15,,Prof. Dr.-Ing. Rüdiger Dillmann  (auth.),1988,,Springer Berlin Heidelberg,,"VI, 145 S.",0,German,,,,"978-3-540-19079-0,978-3-642-83409-7",,,,,,,10.1007/978-3-642-83409-7,,,,0,,1,1,1,,,1,7678092,pdf,f1af0f5fe3fab399d4fe245adc2d78a6,,,A:\\compressed\\10.1007%2F978-3-642-83409-7.pdf,0,2000-01-01 01:00:00,2016-04-03 02:51:08,956000/f1af0f5fe3fab399d4fe245adc2d78a6-d.jpg,,
15553248,Einführung von Informations- und Kommunikationstechnologie,,Forschung für die Praxis 13,,Dipl.-lng. Robert Junker  (auth.),1988,,Springer Berlin Heidelberg,,"VIII, 149 S. 26 Abb., 42 Tab.",0,German,,,,"978-3-540-18845-2,978-3-642-83356-4",,,,,,,10.1007/978-3-642-83356-4,,,,0,,1,1,1,,,1,2468102,pdf,fe22e8cc2e759ab951f741ee2be2a800,,,A:\\compressed\\10.1007%2F978-3-642-83356-4.pdf,0,2000-01-01 01:00:00,2016-04-03 02:51:08,956000/fe22e8cc2e759ab951f741ee2be2a800-d.jpg,,
15553249,"Versicherungsmathematik: Teil 2 Theoretische Grundlagen, Risikotheorie, Sachversicherung",,Teubner Studienbücher Mathematik ,,Priv.-Doz. Dr. rer. nat. Kurt Wolfsdorf  (auth.),1988,,Vieweg+Teubner Verlag,,"VIII, 399 S. Mit zahlr. Bildern, Tabellen und Aufgaben.",0,German,,,,"978-3-519-02073-8,978-3-322-94891-5",,,,,,,10.1007/978-3-322-94891-5,,,,0,,1,1,1,,,1,20737882,pdf,4a242d78bd57b79e74764a8b7496f6cc,,,A:\\compressed\\10.1007%2F978-3-322-94891-5.pdf,0,2000-01-01 01:00:00,2016-04-03 02:51:08,956000/4a242d78bd57b79e74764a8b7496f6cc-d.jpg,,
15553250,Verkehrsleittechnik für den Straßenverkehr: Band II Leittechnik für den innerörtlichen Straßenverkehr,, ,,"Professor Dr.-Ing. Rudolf Lapierre,  Professor Dr.-Ing. Gerd Steierwald  (auth.),  Professor Dr.-Ing. Rudolf Lapierre,  Professor Dr.-Ing. Gerd Steierwald  (eds.)",1988,,Springer Berlin Heidelberg,,"XV, 248 S. 110 Abb.",0,German,,,,"978-3-642-93329-5,978-3-642-93328-8",,,,,,,10.1007/978-3-642-93328-8,,,,0,,1,1,1,,,1,6866085,pdf,f489a51f8b33e671533d89838787b5eb,,,A:\\compressed\\10.1007%2F978-3-642-93328-8.pdf,0,2000-01-01 01:00:00,2016-04-03 02:51:08,956000/f489a51f8b33e671533d89838787b5eb-d.jpg,,
15553251,Fertigungsmeßtechnik,, ,,Erwin Lemke  (auth.),1988,,Vieweg+Teubner Verlag,,232S.,0,German,,,,"978-3-528-04559-3,978-3-322-85609-8",,,,,,,10.1007/978-3-322-85609-8,,,,0,,1,1,1,,,1,5283388,pdf,d31362f0dec3d0f849a1b5a10cb16ac6,,,A:\\compressed\\10.1007%2F978-3-322-85609-8.pdf,0,2000-01-01 01:00:00,2016-04-03 02:51:08,956000/d31362f0dec3d0f849a1b5a10cb16ac6-d.jpg,,
15553252,Automatisierung des Biegerichtens,,IPA-IAO - Forschung und Praxis 129,,"Dipl.-Ing.. Stefan Thiel,  Dr.-Ing. H. J. Warnecke,  Dr.-Ing. habil. H.-J. Bullinger  (auth.)",1988,,Springer Berlin Heidelberg,,"142 S. 57 Abb., 5 Tab.",0,German,,,,"978-3-540-50432-0,978-3-642-83634-3",,,,,,,10.1007/978-3-642-83634-3,,,,0,,1,1,1,,,1,7749675,pdf,9fe3c930e0ba9f167b73ea3c81db836d,,,A:\\compressed\\10.1007%2F978-3-642-83634-3.pdf,0,2000-01-01 01:00:00,2016-04-03 02:51:08,956000/9fe3c930e0ba9f167b73ea3c81db836d-d.jpg,,
15553253,Abtastregelung,, ,,Prof. Dr.-Ing. Jürgen Ackermann  (auth.),1988,,Springer Berlin Heidelberg,,490,0,German,,,,"978-3-662-05576-2,978-3-662-05575-5",,,,,,,10.1007/978-3-662-05575-5,,,,0,,1,1,1,,,1,13314638,pdf,b65ebd0c8ec899524baa8085f58aa739,,,A:\\compressed\\10.1007%2F978-3-662-05575-5.pdf,0,2000-01-01 01:00:00,2016-04-03 02:51:08,956000/b65ebd0c8ec899524baa8085f58aa739-d.jpg,,
15553254,Bestücken von Leiterplatten mit Industrierobotern,,IPA-IAO — Forschung und Praxis 121,,Dipl.-Ing. Ernst Wolf  (auth.),1988,,Springer Berlin Heidelberg,,132 S. 63 Abb.,0,German,,,,"978-3-540-50013-1,978-3-642-83543-8",,,,,,,10.1007/978-3-642-83543-8,,,,0,,1,1,1,,,1,5013266,pdf,d2c84cccbcc19e2283d277554cd7cce2,,,A:\\compressed\\10.1007%2F978-3-642-83543-8.pdf,0,2000-01-01 01:00:00,2016-04-03 02:51:08,956000/d2c84cccbcc19e2283d277554cd7cce2-d.jpg,,
15553255,Kabelbaummontage mit Industrierobotern,,IPA-IAO — Forschung und Praxis 118,,Dipl.-Ing. Gerd Schlaich  (auth.),1988,,Springer Berlin Heidelberg,,131 S. 62 Abb.,0,German,,,,"978-3-540-19301-2,978-3-642-83490-5",,,,,,,10.1007/978-3-642-83490-5,,,,0,,1,1,1,,,1,7238780,pdf,18e46dbb73a7a67eb02b1d6eb173f49b,,,A:\\compressed\\10.1007%2F978-3-642-83490-5.pdf,0,2000-01-01 01:00:00,2016-04-03 02:51:08,956000/18e46dbb73a7a67eb02b1d6eb173f49b-d.jpg,,
15553256,"Mathematik zum Studieneinstieg: Grundwissen der Analysis für Wirtschaftswissenschaftler, Ingenieure, Naturwissenschaftler und Informatiker",, ,,"Dr. Gabriele Piehler,  Stud.-Dir. Diethelm Sippel,  Dipl.-Math. Udo Pfeiffer  (auth.),  Professor Dr. Tomas Gal  (eds.)",1988,,Springer Berlin Heidelberg,,"XVIII, 441 S.",0,German,,,,"978-3-540-50106-0,978-3-662-08567-7",,,,,,,10.1007/978-3-662-08567-7,,,,0,,1,1,1,,,1,8353402,pdf,95820218b7229fb01a39fb10a242909d,,,A:\\compressed\\10.1007%2F978-3-662-08567-7.pdf,0,2000-01-01 01:00:00,2016-04-03 02:51:08,956000/95820218b7229fb01a39fb10a242909d-d.jpg,,
15553257,Analyse und Synthese akustischer Spektren,, ,,Dr.Ing.-habil. Michael Möser  (auth.),1988,,Springer Berlin Heidelberg,,"VIII, 204 S.",0,German,,,,"978-3-540-18947-3,978-3-642-93374-5",,,,,,,10.1007/978-3-642-93374-5,,,,0,,1,1,1,,,1,8349549,pdf,772d782ecb383559b9508ad8a471a718,,,A:\\compressed\\10.1007%2F978-3-642-93374-5.pdf,0,2000-01-01 01:00:00,2016-04-03 02:51:08,956000/772d782ecb383559b9508ad8a471a718-d.jpg,,
15553258,Die Arbeitsraumgestaltung manueller Montagearbeitsplätze mit graphischen und wissensbasierten Methoden,,IPA-IAO Forschung und Praxis 128,,Dipl.-Math. Klaus Lay  (auth.),1988,,Springer Berlin Heidelberg,,"129 S. 50 Abb., 7 Tab.",0,German,,,,"978-3-540-50259-3,978-3-642-83599-5",,,,,,,10.1007/978-3-642-83599-5,,,,0,,1,1,1,,,1,5330359,pdf,dafb483b80ddcd8e3b0f8805c3dedfb4,,,A:\\compressed\\10.1007%2F978-3-642-83599-5.pdf,0,2000-01-01 01:00:00,2016-04-03 02:51:08,956000/dafb483b80ddcd8e3b0f8805c3dedfb4-d.jpg,,
15553259,"Fernwirktechnik der Raumfahrt: Telemetrie, Telekommando, Bahnvermessung",,Nachrichtentechnik 2,,Dr.-Ing. Philipp Hartl  (auth.),1988,"2., völlig neubearb. u. erw. Aufl.",Springer Berlin Heidelberg,,"XV, 221 S. 113 Abb.",0,German,,,,"978-3-540-18851-3,978-3-642-83364-9",,,,,,,10.1007/978-3-642-83364-9,,,,0,,1,1,1,,,1,5571763,pdf,d2ebdf4af29b18cc53e6c86d76ce1975,,,A:\\compressed\\10.1007%2F978-3-642-83364-9.pdf,0,2000-01-01 01:00:00,2016-04-03 02:51:08,956000/d2ebdf4af29b18cc53e6c86d76ce1975-d.jpg,,
15553260,Geräuschminderung bei Kraftfahrzeugen: Referate der Fachtagung Geräuschminderung,,Fortschritte der Fahrzeugtechnik 2,,"R. Pilgrim  (auth.),  Dipl.-Ing. Willi Geib  (eds.)",1988,,Vieweg+Teubner Verlag,,324,0,German,,,,"978-3-528-06338-2,978-3-663-06845-7",,,,,,,10.1007/978-3-663-06845-7,,,,0,,1,1,1,,,1,13042719,pdf,a7ba8f2c1c88d7cd0635e2a7344690aa,,,A:\\compressed\\10.1007%2F978-3-663-06845-7.pdf,0,2000-01-01 01:00:00,2016-04-03 02:51:08,956000/a7ba8f2c1c88d7cd0635e2a7344690aa-d.jpg,,
15553261,"Schraubenverbindungen: Grundlagen, Berechnung, Eigenschaften, Handhabung",,Konstruktionsbücher 5,,"Dr.-Ing. Heinrich Wiegand,  Dr.-Ing. Karl Heinz Kloos,  Dr.-Ing. Wolfgang Thomala  (auth.)",1988,,Springer Berlin Heidelberg,,"XVII, 318 S.",0,German,,,,"978-3-540-17254-3,978-3-662-09819-6",,,,,,,10.1007/978-3-662-09819-6,,,"Ursprünglich erschienen unter dem Titel: Berechnung und Gestaltung von Schraubenverbindungen4., völlig neubearb. u. erw. Aufl.",0,,1,1,1,,,1,8746483,pdf,6c9c37977256466c64c2f9e2a0379f7a,,,A:\\compressed\\10.1007%2F978-3-662-09819-6.pdf,0,2000-01-01 01:00:00,2016-04-03 02:51:08,956000/6c9c37977256466c64c2f9e2a0379f7a-d.jpg,,
15553262,"Optische Übertragungssysteme mit Überlagerungsempfang: Berechnung, Optimierung, Vergleich",,Nachrichtentechnik 17,,Dr.-Ing. Jürgen Franz  (auth.),1988,,Springer Berlin Heidelberg,,"XVII, 258 S. 80 Abb.",0,German,,,,"978-3-540-50189-3,978-3-642-83575-9",,,,,,,10.1007/978-3-642-83575-9,,,,0,,1,1,1,,,1,9269360,pdf,77904acee1d22cca47160b18f6bee255,,,A:\\compressed\\10.1007%2F978-3-642-83575-9.pdf,0,2000-01-01 01:00:00,2016-04-03 02:51:08,956000/77904acee1d22cca47160b18f6bee255-d.jpg,,
15553263,Prozeßführung von Kläranlagen: Technisch-wirtschaftliche Optimierung am Beispiel der biologischen Vorklärung,, ,,Prof. Dr. Peter Kunz  (auth.),1988,,Springer Berlin Heidelberg,,"XVI, 292 S.",0,German,,,,"978-3-540-19116-2,978-3-662-09531-7",,,,,,,10.1007/978-3-662-09531-7,,,,0,,1,1,1,,,1,8880336,pdf,4fb07aa9d539e08e95394a6eb42db6cf,,,A:\\compressed\\10.1007%2F978-3-662-09531-7.pdf,0,2000-01-01 01:00:00,2016-04-03 02:51:08,956000/4fb07aa9d539e08e95394a6eb42db6cf-d.jpg,,
15553264,Flexible Fertigungssysteme: 20. IPA-Arbeitstagung 13./14. September 1988 in Stuttgart,,IPA-IAO — Forschung und Praxis 10,,"R. Steinhilper,  T. Reinhard,  H. Storn  (auth.),  Dr.-Ing. H. J. Warnecke  (eds.)",1988,,Springer Berlin Heidelberg,,296 S.,0,German,,,,"978-3-540-50446-7,978-3-642-86725-5",,,,,,,10.1007/978-3-642-86725-5,,,,0,,1,1,1,,,1,19373908,pdf,344a6d49f05501e960988691f80db77f,,,A:\\compressed\\10.1007%2F978-3-642-86725-5.pdf,0,2000-01-01 01:00:00,2016-04-03 02:51:08,956000/344a6d49f05501e960988691f80db77f-d.jpg,,
15553265,Structural Safety Evaluation Based on System Identification Approaches: Proceedings of the Workshop at Lambrecht/Pfalz,, ,,"Hans G. Natke,  James T. P. Yao  (auth.)",1988,,Vieweg+Teubner Verlag,,"X, 502S.",0,English,,,,"978-3-528-06313-9,978-3-663-05657-7",,,,,,,10.1007/978-3-663-05657-7,,,,0,,1,1,1,,,1,13958017,pdf,d53fd0ec2f6491fa749a3a473d57d58d,,,A:\\compressed\\10.1007%2F978-3-663-05657-7.pdf,0,2000-01-01 01:00:00,2016-04-03 02:51:08,956000/d53fd0ec2f6491fa749a3a473d57d58d-d.jpg,,
15553266,Montage von Schläuchen mit Industrierobotern,,IPA-IAO Forschung und Praxis 125,,Dipl.-Ing. Bruno Frankenhauser  (auth.),1988,,Springer Berlin Heidelberg,,139 S. 63 Abb.,0,German,,,,"978-3-540-50072-8,978-3-642-83554-4",,,,,,,10.1007/978-3-642-83554-4,,,,0,,1,1,1,,,1,3628558,pdf,880afc3094f860525ed36f5596103aa4,,,A:\\compressed\\10.1007%2F978-3-642-83554-4.pdf,0,2000-01-01 01:00:00,2016-04-03 02:51:08,956000/880afc3094f860525ed36f5596103aa4-d.jpg,,
15553267,Bautechnik: Konstruktiver Ingenieurbau 1: Statik,,HÜTTE Taschenbücher der Technik 4,,"E. Schubert  (auth.),  Prof. Dr. rer. nat. Erich Cziesielski  (eds.)",1988,29. Aufl.,Springer Berlin Heidelberg,,"XVI, 406 S. 320 Abb.",0,German,,,,"978-3-642-95548-8,978-3-642-95547-1",,,,,,,10.1007/978-3-642-95547-1,,,,0,,1,1,1,,,1,9985252,pdf,7bdb21e360dc3301f42a2c33a1c25a59,,,A:\\compressed\\10.1007%2F978-3-642-95547-1.pdf,0,2000-01-01 01:00:00,2016-04-03 02:51:08,956000/7bdb21e360dc3301f42a2c33a1c25a59-d.jpg,,
15553268,Automobil-Meßtechnik: Band A: Akustik,, ,,Prof. Dr. rer. nat. Horst Klingenberg  (auth.),1988,,Springer Berlin Heidelberg,,275,0,German,,,,"978-3-662-05953-1,978-3-662-05952-4",,,,,,,10.1007/978-3-662-05952-4,,,,0,,1,1,1,,,1,11597457,pdf,b0ebbf755acbead9b57c8c6f31f59ce5,,,A:\\compressed\\10.1007%2F978-3-662-05952-4.pdf,0,2000-01-01 01:00:00,2016-04-03 02:51:08,956000/b0ebbf755acbead9b57c8c6f31f59ce5-d.jpg,,
15553269,Elektrizitätsversorgungsplanung für ländliche Gebiete in Entwicklungsländern: Ein Optimierungsmodell,,Schriftenreihe Energie- und Rohstoffwirtschaft 1,,Dipl.-Ing. Ulrich Lorenz  (auth.),1988,,Springer Berlin Heidelberg,,"IX, 246 S. 55 Abb., 28 Tab.",0,German,,,,"978-3-540-19424-8,978-3-642-83519-3",,,,,,,10.1007/978-3-642-83519-3,,,,0,,1,1,1,,,1,5615523,pdf,c4cb30d2b65e738414af442294fe0b43,,,A:\\compressed\\10.1007%2F978-3-642-83519-3.pdf,0,2000-01-01 01:00:00,2016-04-03 02:51:08,956000/c4cb30d2b65e738414af442294fe0b43-d.jpg,,
15553270,Statistische Nachrichtentheorie: Zweiter Teil Signalschätzung,,Hochschultext ,,Dr.-Ing. Kristian Kroschel  (auth.),1988,2. Aufl.,Springer Berlin Heidelberg,,237 S.,0,German,,,,"978-3-540-50125-1,978-3-662-10046-2",,,,,,,10.1007/978-3-662-10046-2,,,,0,,1,1,1,,,1,5579090,pdf,4be020eb492d8dc8084a75649c49cfde,,,A:\\compressed\\10.1007%2F978-3-662-10046-2.pdf,0,2000-01-01 01:00:00,2016-04-03 02:51:08,956000/4be020eb492d8dc8084a75649c49cfde-d.jpg,,
15553271,Kartenentwürfe der Erde: Kartographische Abbildungsverfahren aus mathematischer und historischer Sicht,,Deutsch-Taschenbücher 61,,Dr. Eberhard Schröder  (auth.),1988,,Vieweg+Teubner Verlag,,168S.,0,German,,,,"978-3-322-00479-6,978-3-322-84408-8",,,,,,,10.1007/978-3-322-84408-8,,,,0,,1,1,1,,,1,4014584,pdf,998ef01ec766e37586af57a12997038a,,,A:\\compressed\\10.1007%2F978-3-322-84408-8.pdf,0,2000-01-01 01:00:00,2016-04-03 02:51:08,956000/998ef01ec766e37586af57a12997038a-d.jpg,,
15553272,Soziale Kosten des Energieverbrauchs: Externe Effekte des Elektrizitätsverbrauchs in der Bundesrepublik Deutschland,, ,,Dipl.-Oec. Olav Hohmeyer  (auth.),1988,,Springer Berlin Heidelberg,,"XII, 144 S.",0,German,,,,"978-3-540-50275-3,978-3-662-09953-7",,,,,,,10.1007/978-3-662-09953-7,,,,0,,1,1,1,,,1,3294133,pdf,b7a6208d0149c4637636c67a7dc8bcb6,,,A:\\compressed\\10.1007%2F978-3-662-09953-7.pdf,0,2000-01-01 01:00:00,2016-04-03 02:51:08,956000/b7a6208d0149c4637636c67a7dc8bcb6-d.jpg,,
15553273,Robuste Parameteradaptive Regelungen,,Fachberichte Messen · Steuern · Regeln 19,,Dr.-Ing. Rüdiger Kofahl  (auth.),1988,,Springer Berlin Heidelberg,,"XIV, 340 S.",0,German,,,,"978-3-540-19463-7,978-3-642-83530-8",,,,,,,10.1007/978-3-642-83530-8,,,,0,,1,1,1,,,1,5771202,pdf,022e490246b7fb9832913a210e14fc57,,,A:\\compressed\\10.1007%2F978-3-642-83530-8.pdf,0,2000-01-01 01:00:00,2016-04-03 02:51:08,956000/022e490246b7fb9832913a210e14fc57-d.jpg,,
15553274,Unterirdische Kanalsanierung,,Praxis der Erhaltung von Bauten ,,"o. Univ.-Prof. Dipl.-Ing. Dr. Alfred Pauser  (auth.),  o. Univ.-Prof. Dipl.-Ing. Dr. Alfred Pauser  (eds.)",1988,,Springer Vienna,,"XII, 149 S. 50 Abb.",0,German,,,,"978-3-211-82097-1,978-3-7091-9016-6",,,,,,,10.1007/978-3-7091-9016-6,,,,0,,1,1,1,,,1,16174481,pdf,09b805f5a335dd612eb68ada2380f96b,,,A:\\compressed\\10.1007%2F978-3-7091-9016-6.pdf,0,2000-01-01 01:00:00,2016-04-03 02:51:08,956000/09b805f5a335dd612eb68ada2380f96b-d.jpg,,
15553275,Speicherprogrammierte Steuerungen SPS: Verknüpfungs- und Ablaufsteuerungen Von der Steuerungsaufgabe zum Steuerprogramm,,Viewegs Fachbücher der Technik ,,"Günter Wellenreuther,  Dieter Zastrow  (auth.)",1988,,Vieweg+Teubner Verlag,,227,0,German,,,,"978-3-528-24464-4,978-3-322-86651-6",,,,,,,10.1007/978-3-322-86651-6,,,,0,,1,1,1,,,1,7768652,pdf,ae573a7d3948f22ac1acef346e09196e,,,A:\\compressed\\10.1007%2F978-3-322-86651-6.pdf,0,2000-01-01 01:00:00,2016-04-03 02:51:08,956000/ae573a7d3948f22ac1acef346e09196e-d.jpg,,
15553276,Funktional und räumlich variables und modulares Laborgerätesystem,,IPA-IAO — Forschung und Praxis 114,,Dipl.-Ing. Alfred Mack  (auth.),1988,,Springer Berlin Heidelberg,,116 S. 39 Abb.,0,German,,,,"978-3-540-18786-8,978-3-642-83330-4",,,,,,,10.1007/978-3-642-83330-4,,,,0,,1,1,1,,,1,5028098,pdf,e9acf82d3418947c51fd52dbe86dd2bf,,,A:\\compressed\\10.1007%2F978-3-642-83330-4.pdf,0,2000-01-01 01:00:00,2016-04-03 02:51:08,956000/e9acf82d3418947c51fd52dbe86dd2bf-d.jpg,,
15553277,Regelungen. Analyse und technischer Entwurf: Band 1: Systemtechnik linearer und linearisierter Regelungen auf anwendungsnaher Grundlage,, ,,Dipl.-Ing. Dr. techn. Alexander Weinmann  (auth.),1988,,Springer Vienna,,310,0,German,,,,"978-3-7091-4106-9,978-3-7091-4105-2",,,,,,,10.1007/978-3-7091-4105-2,,,,0,,1,1,1,,,1,8573004,pdf,2b9377d58f576d6b9e414b8c1ce54fe4,,,A:\\compressed\\10.1007%2F978-3-7091-4105-2.pdf,0,2000-01-01 01:00:00,2016-04-03 02:51:08,956000/2b9377d58f576d6b9e414b8c1ce54fe4-d.jpg,,
15553278,Bewegungssteuerung durch Rechnersehen: Ein Verfahren zur Erfassung und Steuerung räumlicher Bewegungsvorgänge in Echtzeit,,Fachberichte Messen · Steuern · Regeln 20,,Dr.-Ing. Hans-Joachim Wünsche M. Sc.  (auth.),1988,,Springer Berlin Heidelberg,,"XIV, 201 S. 47 Abb.",0,German,,,,"978-3-540-50140-4,978-3-642-83562-9",,,,,,,10.1007/978-3-642-83562-9,,,,0,,1,1,1,,,1,5101131,pdf,b927b0bd0547a1f793c235cfd38f4dfb,,,A:\\compressed\\10.1007%2F978-3-642-83562-9.pdf,0,2000-01-01 01:00:00,2016-04-03 02:51:08,956000/b927b0bd0547a1f793c235cfd38f4dfb-d.jpg,,
15553279,Produktionsforum ’88. Die CIM-fähige Fabrik: Zukunftssichernde Planung und erfolgreiche Praxisbeispiele. 8. IAO-Arbeitstagung 4./5. Mai 1988 in Stuttgart,,IPA-IAO — Forschung und Praxis 9,,"H.-J. Bullinger  (auth.),  Prof. Dr.-Ing. H.-J. Bullinger  (eds.)",1988,,Springer Berlin Heidelberg,,620 S.,0,German,,,,"978-3-540-19034-9,978-3-662-01109-6",,,,,,,10.1007/978-3-662-01109-6,,,,0,,1,1,1,,,1,31271641,pdf,9e14279dea27116b24e35424a5ec3586,,,A:\\compressed\\10.1007%2F978-3-662-01109-6.pdf,0,2000-01-01 01:00:00,2016-04-03 02:51:08,956000/9e14279dea27116b24e35424a5ec3586-d.jpg,,
15553280,Beitrag zur Verbesserung der Fertigungskostentransparenz bei Großserienfertigung mit Produktvielfalt,,IPA-IAO Forschung und Praxis 119,,Dipl.-Ing. Albrecht Köhler  (auth.),1988,,Springer Berlin Heidelberg,,148 S. 72 Abb.,0,German,,,,"978-3-540-19393-7,978-3-642-83506-3",,,,,,,10.1007/978-3-642-83506-3,,,,0,,1,1,1,,,1,3603667,pdf,b8a83c627d4260ff3f80ba065a37d790,,,A:\\compressed\\10.1007%2F978-3-642-83506-3.pdf,0,2000-01-01 01:00:00,2016-04-03 02:51:08,956000/b8a83c627d4260ff3f80ba065a37d790-d.jpg,,
15553281,"Wärmewirkungen des Schweißens: Temperaturfeld, Eigenspannungen, Verzug",, ,,Dr.-Ing. habil. Dieter Radaj  (auth.),1988,,Springer Berlin Heidelberg,,"XVIII, 265S. 222 Abb..",0,German,,,,"978-3-540-18695-3,978-3-642-52297-0",,,,,,,10.1007/978-3-642-52297-0,,,,0,,1,1,1,,,1,7528478,pdf,0e4e71c05dec7d7332183d946c5fe583,,,A:\\compressed\\10.1007%2F978-3-642-52297-0.pdf,0,2000-01-01 01:00:00,2016-04-03 02:51:08,956000/0e4e71c05dec7d7332183d946c5fe583-d.jpg,,
15553282,"Zahnradgetriebe: Grundlagen, Konstruktionen, Anwendungen in Fahrzeugen",,Konstruktionsbücher 26,,Dr.-Ing. Johannes Looman  (auth.),1988,,Springer Berlin Heidelberg,,433,0,German,,,,"978-3-662-10990-8,978-3-662-10989-2",,,,,,,10.1007/978-3-662-10989-2,,,,0,,1,1,1,,,1,17184546,pdf,997f7ee675421e3726973d23c29b1a9d,,,A:\\compressed\\10.1007%2F978-3-662-10989-2.pdf,0,2000-01-01 01:00:00,2016-04-03 02:51:08,956000/997f7ee675421e3726973d23c29b1a9d-d.jpg,,
15553283,Grafisch dynamische Simulation des Bearbeitungsvor- ganges für Doppelschlitten- drehmaschinen,,ISW Forschung und Praxis 76,,Dieter Michael Scheifele  (auth.),1988,,Springer Berlin Heidelberg,,121 S. 54 Abb.,0,German,,,,"978-3-540-50068-1,978-3-642-83552-0",,,,,,,10.1007/978-3-642-83552-0,,,,0,,1,1,1,,,1,2942804,pdf,e5935ea3d120d1944c0dca0180dc7b88,,,A:\\compressed\\10.1007%2F978-3-642-83552-0.pdf,0,2000-01-01 01:00:00,2016-04-03 02:51:08,956000/e5935ea3d120d1944c0dca0180dc7b88-d.jpg,,
15553284,Satellitentechnik: Eine Einführung,, ,,"Professor Dr.-Ing. Udo Renner,  Dipl.-Ing. Nikolaos Balteas,  Dr.-Ing. Joachim Nauck  (auth.)",1988,,Springer Berlin Heidelberg,,"XI, 146 S. 111 Abb., 17 Tab.",0,German,,,,"978-3-642-83149-2,978-3-642-83148-5",,,,,,,10.1007/978-3-642-83148-5,,,,0,,1,1,1,,,1,4945115,pdf,5733cc956971aeb63e2ea385b462405b,,,A:\\compressed\\10.1007%2F978-3-642-83148-5.pdf,0,2000-01-01 01:00:00,2016-04-03 02:51:08,956000/5733cc956971aeb63e2ea385b462405b-d.jpg,,
15553285,"Simulation und moderne Programmiersprachen: Modula-2, C, Ada",,Fachberichte Simulation 8,,"Prof. Dr. Bernd Page,  Rolf Bölckow,  Andreas Heymann,  Ralf Kadler,  Hansjörg Liebert  (auth.)",1988,,Springer Berlin Heidelberg,,"XI, 275 S. 26 Abb.",0,German,,,,"978-3-540-18982-4,978-3-642-83394-6",,,,,,,10.1007/978-3-642-83394-6,,,,0,,1,1,1,,,1,19149967,pdf,bf83b66816b50dc556248d12f79960a0,,,A:\\compressed\\10.1007%2F978-3-642-83394-6.pdf,0,2000-01-01 01:00:00,2016-04-03 02:51:08,956000/bf83b66816b50dc556248d12f79960a0-d.jpg,,
15553286,Prolog: Grundlagen und Anwendungen,,Leitfäden der angewandten Informatik ,,"Dr. rer. nat. Hans Kleine Büning,  Dipl.-Wi.-Ing. Stefan Schmitgen  (auth.)",1988,2.Aufl.,Vieweg+Teubner Verlag,,311S.,0,German,,,,"978-3-519-12484-9,978-3-322-89542-4",,,,,,,10.1007/978-3-322-89542-4,,,,0,,1,1,1,,,1,6655115,pdf,c409cc13c9caf50383ed04c8cd83d688,,,A:\\compressed\\10.1007%2F978-3-322-89542-4.pdf,0,2000-01-01 01:00:00,2016-04-03 02:51:08,956000/c409cc13c9caf50383ed04c8cd83d688-d.jpg,,
15553287,Kompensation thermisch bedingter Bearbeitungsfehler durch prozeßnahe Qualitätsregelung,,ISW Forschung und Praxis 72,,Dieter Pfeiffer  (auth.),1988,,Springer Berlin Heidelberg,,139 S.,0,German,,,,"978-3-540-18949-7,978-3-662-08148-8",,,,,,,10.1007/978-3-662-08148-8,,,,0,,1,1,1,,,1,3663096,pdf,f6fa9277b7a536e6f759ce2ec2fd8ea0,,,A:\\compressed\\10.1007%2F978-3-662-08148-8.pdf,0,2000-01-01 01:00:00,2016-04-03 02:51:08,956000/f6fa9277b7a536e6f759ce2ec2fd8ea0-d.jpg,,
15553288,Finite-Elemente-Methode: Lehrbuch Grundbegriffe der Energiemethoden und FEM in der linearen Elastostatik,, ,,Wilfried Gawehn  (auth.),1988,3.Aufl.,Vieweg+Teubner Verlag,,"VIII, 201S. Mit 105 Abb. und 63 Beisp.",0,German,,,,"978-3-528-23354-9,978-3-322-83218-4",,,,,,,10.1007/978-3-322-83218-4,,,,0,,1,1,1,,,1,5237107,pdf,b8772a85fd11c0eae7c78caf0fc84381,,,A:\\compressed\\10.1007%2F978-3-322-83218-4.pdf,0,2000-01-01 01:00:00,2016-04-03 02:51:08,956000/b8772a85fd11c0eae7c78caf0fc84381-d.jpg,,
15553289,Laser in der Produktion: 20. IPA-Arbeitstagung 13./14. September 1988 in Stuttgart,,IPA-IAO Forschung und Praxis 11,,"P. Schäfer  (auth.),  Dr.-Ing. H. J. Warnecke  (eds.)",1988,,Springer Berlin Heidelberg,,205 S.,0,German,,,,"978-3-540-50447-4,978-3-642-83637-4",,,,,,,10.1007/978-3-642-83637-4,,,,0,,1,1,1,,,1,7714565,pdf,57e244230d9af23065f7c29ba5bff006,,,A:\\compressed\\10.1007%2F978-3-642-83637-4.pdf,0,2000-01-01 01:00:00,2016-04-03 02:51:08,956000/57e244230d9af23065f7c29ba5bff006-d.jpg,,
15553290,Einführung in die Programmiersprache SIMULA: Anleitung zum Selbststudium,, ,,Günther Lamprecht  (auth.),1988,3.Aufl.,Vieweg+Teubner Verlag,,"VI, 255S.",0,German,,,,"978-3-528-23321-1,978-3-322-96923-1",,,,,,,10.1007/978-3-322-96923-1,,,,0,,1,1,1,,,1,8259782,pdf,d1de3e341990a024289a604615e5a070,,,A:\\compressed\\10.1007%2F978-3-322-96923-1.pdf,0,2000-01-01 01:00:00,2016-04-03 02:51:08,956000/d1de3e341990a024289a604615e5a070-d.jpg,,
15553291,Programmieren mit COBOL: Unter besonderer Berücksichtigung von COBOL 85,,Leitfäden der angewandten Informatik ,,Dipl.-Math. Friedemann Singer  (auth.),1988,"6, völlig neubearb. Aufl.",Vieweg+Teubner Verlag,,319S.,0,German,,,,"978-3-519-02281-7,978-3-322-82965-8",,,,,,,10.1007/978-3-322-82965-8,,,,0,,1,1,1,,,1,14548482,pdf,c157eb8589e03da1eb62da7fc4adebb3,,,A:\\compressed\\10.1007%2F978-3-322-82965-8.pdf,0,2000-01-01 01:00:00,2016-04-03 02:51:08,956000/c157eb8589e03da1eb62da7fc4adebb3-d.jpg,,
15553292,Konzepte der parallelen Programmierung,,Leitfäden der angewandten Informatik ,,"Dr. rer. nat. Dieter Zöbel,  Horst Hogenkamp  (auth.)",1988,,Vieweg+Teubner Verlag,,236 S.,0,German,,,,"978-3-519-02486-6,978-3-322-94670-6",,,,,,,10.1007/978-3-322-94670-6,,,,0,,1,1,1,,,1,10597696,pdf,ce97677f3d80ee25c6044f70cf41ad54,,,A:\\compressed\\10.1007%2F978-3-322-94670-6.pdf,0,2000-01-01 01:00:00,2016-04-03 02:51:08,956000/ce97677f3d80ee25c6044f70cf41ad54-d.jpg,,
15553293,Universelles Zellenrechnerkonzept für flexible Fertigungssysteme,,iwb Forschungsberichte 14,,Dipl.-Ing. Axel Groha  (auth.),1988,,Springer Berlin Heidelberg,,"XII, 152 S.",0,German,,,,"978-3-540-19182-7,978-3-662-10706-5",,,,,,,10.1007/978-3-662-10706-5,,,,0,,1,1,1,,,1,6123789,pdf,7869dbe63d837c7f0a9b9f1baf920735,,,A:\\compressed\\10.1007%2F978-3-662-10706-5.pdf,0,2000-01-01 01:00:00,2016-04-03 02:51:08,956000/7869dbe63d837c7f0a9b9f1baf920735-d.jpg,,
15553294,Rechnerunterstützte Gestaltung und Darstellung Dreidimensionaler technischer Gebilde mit beliebig geformten Oberflächen: Ein Beitrag zur Entwicklung von CAD-Systemen,,Fortschritte der CAD-Technik ,,"Hans-Friedrich Peters  (auth.),  Univ.-Prof. Dr.-Ing. Rudolf Koller  (eds.)",1988,,Vieweg+Teubner Verlag,,208S.,0,German,,,,"978-3-528-06337-5,978-3-322-87810-6",,,,,,,10.1007/978-3-322-87810-6,,,,0,,1,1,1,,,1,4951154,pdf,888d817ff7d8c46899be5b7ddb851974,,,A:\\compressed\\10.1007%2F978-3-322-87810-6.pdf,0,2000-01-01 01:00:00,2016-04-03 02:51:08,956000/888d817ff7d8c46899be5b7ddb851974-d.jpg,,
15553295,Schaltungen der Nachrichtentechnik,, ,,Dieter Stoll  (auth.),1988,,Vieweg+Teubner Verlag,,"VIII, 198 S.",0,German,,,,"978-3-663-00131-7,978-3-663-00130-0",,,,,,,10.1007/978-3-663-00130-0,,,,0,,1,1,1,,,1,6018407,pdf,8f1a67f8501046f84bfb46427caa35dc,,,A:\\compressed\\10.1007%2F978-3-663-00130-0.pdf,0,2000-01-01 01:00:00,2016-04-03 02:51:08,956000/8f1a67f8501046f84bfb46427caa35dc-d.jpg,,
15553296,"Windkraftanlagen: Grundlagen, Technik, Einsatz, Wirtschaftlichkeit",, ,,Dipl.-Ing. Erich Hau  (auth.),1988,,Springer Berlin Heidelberg,,701,0,German,,,,"978-3-662-10953-3,978-3-662-10952-6",,,,,,,10.1007/978-3-662-10952-6,,,,0,,1,1,1,,,1,46038221,pdf,f91a831939855dc04de4f760b98f5b2f,,,A:\\compressed\\10.1007%2F978-3-662-10952-6.pdf,0,2000-01-01 01:00:00,2016-04-03 02:51:08,956000/f91a831939855dc04de4f760b98f5b2f-d.jpg,,
15553297,"FTK ’88, Fertigungstechnisches Kolloquium: Schriftliche Fassung der Vorträge zum Fertigungstechnischen Kolloquium am 5./6. Oktober 1988 in Stuttgart",, ,,"o. Prof. Dr.-Ing. H.-J. Warnecke,  o. Prof. Dr.-Ing. G. Pritschow  (auth.)",1988,,Springer Berlin Heidelberg,,"XI, 174 S. 280 Abb.",0,German,,,,"978-3-540-50238-8,978-3-642-48058-4",,,,,,,10.1007/978-3-642-48058-4,,,,0,,1,1,1,,,1,10040582,pdf,8d5cd3bc6092b5090516b1004796d3e1,,,A:\\compressed\\10.1007%2F978-3-642-48058-4.pdf,0,2000-01-01 01:00:00,2016-04-03 02:51:08,956000/8d5cd3bc6092b5090516b1004796d3e1-d.jpg,,
15553298,Statistische Methoden: Planung und Auswertung,, ,,Prof. Dr. rer. nat. Lothar Sachs  (auth.),1988,"6., neubearb. u. erw. Aufl.",Springer Berlin Heidelberg,,"XVIII, 298 S. 6 Abb., 77 Tab., 36 Übersichten",0,German,,,,"978-3-540-18113-2,978-3-642-97034-4",,,,,,,10.1007/978-3-642-97034-4,,,,0,,1,1,1,,,1,7842174,pdf,3747042387edf53afc93e0d97f5eb73c,,,A:\\compressed\\10.1007%2F978-3-642-97034-4.pdf,0,2000-01-01 01:00:00,2016-04-03 02:51:08,956000/3747042387edf53afc93e0d97f5eb73c-d.jpg,,
15553299,Einführung in die theoretische Elektrotechnik,, ,,"Dr.-Ing. E. h. Karl Küpfmüller  (auth.),  Dr.-Ing. Gerhard Kohn  (eds.)",1988,,Springer Berlin Heidelberg,,596,0,German,,,,"978-3-662-21846-4,978-3-662-21845-7",,,,,,,10.1007/978-3-662-21845-7,,,,0,,1,1,1,,,1,32727889,pdf,33b6ca642daf3c0918612523b533fcae,,,A:\\compressed\\10.1007%2F978-3-662-21845-7.pdf,0,2000-01-01 01:00:00,2016-04-03 02:51:08,956000/33b6ca642daf3c0918612523b533fcae-d.jpg,,
15553300,Dynamik und Regelung mechanischer Systeme,,Leitfäden der angewandten Mathematik und Mechanik LAMM 67,,Priv.-Doz. Dr.-Ing. habil. Hartmut Bremer  (auth.),1988,,Vieweg+Teubner Verlag,,330S.,0,English,,,,"978-3-519-02369-2,978-3-663-05674-4",,,,,,,10.1007/978-3-663-05674-4,,,,0,,1,1,1,,,1,7177928,pdf,e476635f732be765d4b4f8ec35bb34d2,,,A:\\compressed\\10.1007%2F978-3-663-05674-4.pdf,0,2000-01-01 01:00:00,2016-04-03 02:51:08,956000/e476635f732be765d4b4f8ec35bb34d2-d.jpg,,
15553301,"Glas: Natur, Struktur und Eigenschaften",, ,,Dr. rer. nat. Horst Scholze  (auth.),1988,,Springer Berlin Heidelberg,,418,0,English,,,,"978-3-662-07496-1,978-3-662-07495-4",,,,,,,10.1007/978-3-662-07495-4,,,,0,,1,1,1,,,1,31626999,pdf,a2b22eece090e206c46b17389424eabd,,,A:\\compressed\\10.1007%2F978-3-662-07495-4.pdf,0,2000-01-01 01:00:00,2016-04-03 02:51:08,956000/a2b22eece090e206c46b17389424eabd-d.jpg,,
15553302,Sensorunterstütztes Programmierverfahren für das Entgraten mit Industrierobotern,,IPA — IAO Forschung und Praxis 127,,Dipl.-Ing. Dieter Boley  (auth.),1988,,Springer Berlin Heidelberg,,135 S.,0,German,,,,"978-3-540-50175-6,978-3-662-09868-4",,,,,,,10.1007/978-3-662-09868-4,,,,0,,1,1,1,,,1,3291119,pdf,ecbd3d82905691ceb0fa0e2043a564f3,,,A:\\compressed\\10.1007%2F978-3-662-09868-4.pdf,0,2000-01-01 01:00:00,2016-04-03 02:51:08,956000/ecbd3d82905691ceb0fa0e2043a564f3-d.jpg,,
15553303,Betriebsmeßtechnik in der Textilerzeugung und -veredlung,,Fachberichte Messen · Steuern · Regeln 16,,"D. Knittel,  M. Beier,  E. A. Hemmer  (auth.),  Professor Dr. Eckhard Schollmeyer,  Priv. Doz. Dr. Dierk Knittel,  Professor Dr. Ernst Arnold Hemmer  (eds.)",1988,,Springer Berlin Heidelberg,,"259 Abb. XI, 438 Seiten",0,German,,,,"978-3-540-18917-6,978-3-642-52300-7",,,,,,,10.1007/978-3-642-52300-7,,,,0,,1,1,1,,,1,23395747,pdf,f03990da9c3d986ce44931a29ca9b12a,,,A:\\compressed\\10.1007%2F978-3-642-52300-7.pdf,0,2000-01-01 01:00:00,2016-04-03 02:51:08,956000/f03990da9c3d986ce44931a29ca9b12a-d.jpg,,
15553304,Betriebsdatenerfassung in Konstruktion und Arbeitsplanung,,fir Aachen Forschung für die Praxis 15,,Dipl.-lng. Martin Virnich  (auth.),1988,,Springer Berlin Heidelberg,,"IX, 184 S. 50 Abb.",0,German,,,,"978-3-540-19408-8,978-3-642-83512-4",,,,,,,10.1007/978-3-642-83512-4,,,,0,,1,1,1,,,1,5791629,pdf,aeb46f415c9dc9489fee409430ae4762,,,A:\\compressed\\10.1007%2F978-3-642-83512-4.pdf,0,2000-01-01 01:00:00,2016-04-03 02:51:08,956000/aeb46f415c9dc9489fee409430ae4762-d.jpg,,
15553305,Rechnerunterstützte Entwicklung flexibel automatisierter Montageprozesse,,iwb Forschungsberichte 11,,Dipl.-Ing. Herbert Diess  (auth.),1988,,Springer Berlin Heidelberg,,"VII, 138 S.",0,German,,,,"978-3-540-18799-8,978-3-662-09700-7",,,,,,,10.1007/978-3-662-09700-7,,,,0,,1,1,1,,,1,3851285,pdf,a384a76b66e2cf8b78037cf899e11ffc,,,A:\\compressed\\10.1007%2F978-3-662-09700-7.pdf,0,2000-01-01 01:00:00,2016-04-03 02:51:08,956000/a384a76b66e2cf8b78037cf899e11ffc-d.jpg,,
15553306,Werkzeugorganisation für flexible Fertigungszellen und -systeme,,ISW Forschung und Praxis 69,,Joachim Mayer  (auth.),1988,,Springer Berlin Heidelberg,,137 S.,0,German,,,,"978-3-540-18715-8,978-3-662-10928-1",,,,,,,10.1007/978-3-662-10928-1,,,,0,,1,1,1,,,1,3220121,pdf,a63b6d3b3bfa2a59f15417852bc9c228,,,A:\\compressed\\10.1007%2F978-3-662-10928-1.pdf,0,2000-01-01 01:00:00,2016-04-03 02:51:08,956000/a63b6d3b3bfa2a59f15417852bc9c228-d.jpg,,
15553307,Planen für autonome Montageroboter,,Informatik-Fachberichte 191,,Paul Levi  (auth.),1988,,Springer Berlin Heidelberg,,"XII, 259 S.",0,German,,,,"978-3-540-50530-3,978-3-642-74268-2",,,,,,,10.1007/978-3-642-74268-2,,,,0,,1,1,1,,,1,17376118,pdf,28f80eb3981060eb9a2190c7c9abaef8,,,A:\\compressed\\10.1007%2F978-3-642-74268-2.pdf,0,2000-01-01 01:00:00,2016-04-03 02:51:08,956000/28f80eb3981060eb9a2190c7c9abaef8-d.jpg,,
15553308,Numerische Mathematik für Ingenieure und Physiker: Band 1: Numerische Methoden der Algebra,, ,,"Prof. Dr. rer nat. Willi Törnig,  Prof. Dr. rer. nat. Peter Spellucci  (auth.)",1988,"2., überarb. u. erg. Aufl.",Springer Berlin Heidelberg,,"XV, 345 S. 15 Abb.",0,German,,,,"978-3-540-19192-6,978-3-642-87671-4",,,,,,,10.1007/978-3-642-87671-4,,,,0,,1,1,1,,,1,13680720,pdf,ed0d16b18153a4cb35aa9f965fcfa085,,,A:\\compressed\\10.1007%2F978-3-642-87671-4.pdf,0,2000-01-01 01:00:00,2016-04-03 02:51:08,956000/ed0d16b18153a4cb35aa9f965fcfa085-d.jpg,,
15553309,Integration von flexiblen Fertigungszellen in die PPS,,fir+iaw Forschung für die Praxis 19,,Dipl.-Ing. Hans-Ullrich Förster  (auth.),1988,,Springer Berlin Heidelberg,,"VIII, 170 S. 78 Abb.",0,German,,,,"978-3-540-50181-7,978-3-642-95572-3",,,,,,,10.1007/978-3-642-95572-3,,,,0,,1,1,1,,,1,5286307,pdf,7dd2d5b4636dc5554c520f5071bd162f,,,A:\\compressed\\10.1007%2F978-3-642-95572-3.pdf,0,2000-01-01 01:00:00,2016-04-03 02:51:08,956000/7dd2d5b4636dc5554c520f5071bd162f-d.jpg,,
15553310,Ausgewählte Kapitel aus der Funktionentheorie,,Vieweg Studium 48,,"Wolfgang Fischer,  Ingo Lieb  (auth.)",1988,,Vieweg+Teubner Verlag,,"IX, 329S. Mit 48 Abb.",0,German,,,,"978-3-528-07248-3,978-3-322-89857-9",,,,,,,10.1007/978-3-322-89857-9,,,,0,,1,1,1,,,1,17087599,pdf,de0cf7a5a11c4a5d1bc8e9a27bbae57b,,,A:\\compressed\\10.1007%2F978-3-322-89857-9.pdf,0,2000-01-01 01:00:00,2016-04-03 02:51:08,956000/de0cf7a5a11c4a5d1bc8e9a27bbae57b-d.jpg,,
15553311,Digitale Signalverarbeitung in der Meß- und Regelungstechnik,,Teubner Studienbücher: Elektrotechnik ,,Prof. Dr.-Ing. Dr. h. c. Werner Leonhard  (auth.),1988,"2., durchges. Aufl.",Vieweg+Teubner Verlag,,312 S.,0,German,,,,"978-3-519-16120-2,978-3-663-09806-5",,,,,,,10.1007/978-3-663-09806-5,,,,0,,1,1,1,,,1,8087809,pdf,96c138b1673d5048e80869b6f61a781b,,,A:\\compressed\\10.1007%2F978-3-663-09806-5.pdf,0,2000-01-01 01:00:00,2016-04-03 02:51:08,956000/96c138b1673d5048e80869b6f61a781b-d.jpg,,
15553312,NC-Musterprogrammierung für die rechnerintegrierte Textilfertigung,,ISW Forschung und Praxis 71,,Gregor Häberle  (auth.),1988,,Springer Berlin Heidelberg,,127 S. 53 Abb.,0,German,,,,"978-3-540-18948-0,978-3-642-46628-1",,,,,,,10.1007/978-3-642-46628-1,,,,0,,1,1,1,,,1,3711403,pdf,58f1d453997c281f04485deb0a64adc8,,,A:\\compressed\\10.1007%2F978-3-642-46628-1.pdf,0,2000-01-01 01:00:00,2016-04-03 02:51:08,956000/58f1d453997c281f04485deb0a64adc8-d.jpg,,
15553313,Qualitätssicherung und Toleranzen: Toleranz- und Prozeßanalyse für Entwicklungs- und Fertigungsingenieure,, ,,Professor Dr.-Ing. Günter Kirschling  (auth.),1988,,Springer Berlin Heidelberg,,"X, 326 S.",0,German,,,,"978-3-540-18482-9,978-3-662-12866-4",,,,,,,10.1007/978-3-662-12866-4,,,,0,,1,1,1,,,1,20990492,pdf,4a535abbe5f0da2919317c0c1ec54ff9,,,A:\\compressed\\10.1007%2F978-3-662-12866-4.pdf,0,2000-01-01 01:00:00,2016-04-03 02:51:08,956000/4a535abbe5f0da2919317c0c1ec54ff9-d.jpg,,
15553314,Verminderung des Verkehrslärms,, ,,Dr. Béla Buna  (auth.),1988,,Springer Berlin Heidelberg,,"GemeinschaVIII, 183 S. 173 Abb.",0,German,,,,"978-3-642-93331-8,978-3-642-93330-1",,,,,,,10.1007/978-3-642-93330-1,,,"ftsausgabe mit Akademiai Kiado, Budapest, Ungarn. Titel der ungarischen Originalausgabe: A közlekedesi zaj csökkentese",0,,1,1,1,,,1,7267299,pdf,14dc0e4bb23cc437e479fe90a32dc23d,,,A:\\compressed\\10.1007%2F978-3-642-93330-1.pdf,0,2000-01-01 01:00:00,2016-04-03 02:51:08,956000/14dc0e4bb23cc437e479fe90a32dc23d-d.jpg,,
15553315,Einführung in die Strömungsmaschinen,,Hochschultext ,,Dr.-Ing. Hartwig Petermann  (auth.),1988,"3., überarb. Aufl.",Springer Berlin Heidelberg,,"VII, 146 S. 95 Abb.",0,German,,,,"978-3-540-18326-6,978-3-642-83218-5",,,,,,,10.1007/978-3-642-83218-5,,,,0,,1,1,1,,,1,8315788,pdf,a25d1c3ed6a56cb981059ef2b9f52737,,,A:\\compressed\\10.1007%2F978-3-642-83218-5.pdf,0,2000-01-01 01:00:00,2016-04-03 02:51:08,956000/a25d1c3ed6a56cb981059ef2b9f52737-d.jpg,,
15553316,Bautechnick: Bauphysik,,Hütte — Taschenbücher der Technik 5,,"Erich Cziesielski  (auth.),  Prof. Dr. rer. nat. Erich Cziesielski  (eds.)",1988,29. Aufl.,Springer Berlin Heidelberg,,"XI, 270 S. 186 Abb.",0,German,,,,"978-3-642-95546-4,978-3-642-95545-7",,,,,,,10.1007/978-3-642-95545-7,,,,0,,1,1,1,,,1,7740700,pdf,6ee3fbd112062046e208e8f4a51f810b,,,A:\\compressed\\10.1007%2F978-3-642-95545-7.pdf,0,2000-01-01 01:00:00,2016-04-03 02:51:08,956000/6ee3fbd112062046e208e8f4a51f810b-d.jpg,,
15553317,"Netzwerke, Signale und Systeme: Band I: Systemtheorie linearer elektrischer Netzwerke",, ,,Dr.-Ing. Hans Wilhelm Schüßler  (auth.),1988,,Springer Berlin Heidelberg,,"XIV, 484 S.",0,German,,,,"978-3-540-52987-3,978-3-662-10202-2",,,,,,,10.1007/978-3-662-10202-2,,,"Ursprünglich erschienen in der Reihe: Hochschultext2., neubearb. u. erw. Aufl. 1988. Nachdruck, ",0,,1,1,1,,,1,13243195,pdf,ebdd1d963b67f8fa748390f355156aab,,,A:\\compressed\\10.1007%2F978-3-662-10202-2.pdf,0,2000-01-01 01:00:00,2016-04-03 02:51:08,956000/ebdd1d963b67f8fa748390f355156aab-d.jpg,,
15553318,Fahrdynamik und Automatisierung von spurgebundenen Transportsystemen,,Fachberichte Messen · Steuern · Regeln 17,,Dr.-Ing. Karl Heinz Kraft  (auth.),1988,,Springer Berlin Heidelberg,,"X, 191 S.",0,German,,,,"978-3-540-18816-2,978-3-662-07177-9",,,,,,,10.1007/978-3-662-07177-9,,,,0,,1,1,1,,,1,4559290,pdf,04dc20fdef83a654b9bf6208d6b4b5c8,,,A:\\compressed\\10.1007%2F978-3-662-07177-9.pdf,0,2000-01-01 01:00:00,2016-04-03 02:51:08,956000/04dc20fdef83a654b9bf6208d6b4b5c8-d.jpg,,
15553319,Friedrich Wilhelm Herschel,,"Biographien hervorragender Naturwissenschaftler, Techniker und Mediziner 89",,Dr. Jürgen Hamel  (auth.),1988,,Vieweg+Teubner Verlag,,104S.,0,German,,,,"978-3-322-00482-6,978-3-322-84409-5",,,,,,,10.1007/978-3-322-84409-5,,,,0,,1,1,1,,,1,4580655,pdf,9d652e9791b7603cee5e620db99b4242,,,A:\\compressed\\10.1007%2F978-3-322-84409-5.pdf,0,2000-01-01 01:00:00,2016-04-03 02:51:08,956000/9d652e9791b7603cee5e620db99b4242-d.jpg,,
15553320,Elektro-Fachkunde: 3: Nachrichtentechnik,, ,,"Helmuth Willems,  Dipl.-Phys. Dieter Blank,  Hans Mohn  (auth.)",1988,"2., neubearb. und erw. Aufl.",Vieweg+Teubner Verlag,,"612 S. Mit z.T. mehfarbige Bilder, 135 Versuche, 110 Beispiele und 588 Aufgaben.",0,German,,,,"978-3-519-16807-2,978-3-663-01155-2",,,,,,,10.1007/978-3-663-01155-2,,,,0,,1,1,1,,,1,50502556,pdf,810a8a2d2bd6fa0a21f7a5ea27f93f6f,,,A:\\compressed\\10.1007%2F978-3-663-01155-2.pdf,0,2000-01-01 01:00:00,2016-04-03 02:51:08,956000/810a8a2d2bd6fa0a21f7a5ea27f93f6f-d.jpg,,
15553321,Wärmeaustauscher,,Handbuch der Kältetechnik 6 / B,,"Boris Slipčević  (auth.),  Professor Dr.-Ing. Fritz Steimle,  Professor Dr.-Ing. Karl Stephan,  Dipl.-Ing. S. Haaf,  Dr. H. G. Hirschberg,  Dipl.-Ing. E. Hofmann,  Dr.-Ing. H. Lotz,  Dipl.-Ing. H. Nawothnig,  Dr.-Ing. P. Paikert,  Dr.-Ing. B. Slipčević,  Dipl.-Ing. H. Schnell,  Ing. A. Schuster,  Ing. A. Schütz  (eds.)",1988,,Springer Berlin Heidelberg,,"XXIII, 730 S. 382 Abb.",0,German,,,,"978-3-642-82523-1,978-3-642-82522-4",,,,,,,10.1007/978-3-642-82522-4,,,,0,,1,1,1,,,1,25891950,pdf,f2242885111c7a355537b149108f5094,,,A:\\compressed\\10.1007%2F978-3-642-82522-4.pdf,0,2000-01-01 01:00:00,2016-04-03 02:51:08,956000/f2242885111c7a355537b149108f5094-d.jpg,,
15553322,Simulation von Antriebssystemen: Modellbildung der Schwingungssysteme und Beispiele aus der Antriebstechnik,,Fachberichte Simulation 9,,Dr.Ing. Andreas Laschet  (auth.),1988,,Springer Berlin Heidelberg,,"XIX, 440 S. 268 Abb.",0,German,,,,"978-3-540-19464-4,978-3-642-83531-5",,,,,,,10.1007/978-3-642-83531-5,,,,0,,1,1,1,,,1,13678138,pdf,e5d83ac1ee13076b50e239ab14cdf7a9,,,A:\\compressed\\10.1007%2F978-3-642-83531-5.pdf,0,2000-01-01 01:00:00,2016-04-03 02:51:08,956000/e5d83ac1ee13076b50e239ab14cdf7a9-d.jpg,,
15553323,Grimsehl Lehrbuch der Physik: Band 2: Elektrizitätslehre,, ,,"Prof. Dr. R. Gradewald  (auth.),  Prof. Dr. R. Gradewald  (eds.)",1988,,Vieweg+Teubner Verlag,,347,0,German,,,,"978-3-663-05702-4,978-3-663-05701-7",,,,,,,10.1007/978-3-663-05701-7,,,,0,,1,1,1,,,1,20392101,pdf,58b91d9443bb9b0fc304236231493d49,,,A:\\compressed\\10.1007%2F978-3-663-05701-7.pdf,0,2000-01-01 01:00:00,2016-04-03 02:51:08,956000/58b91d9443bb9b0fc304236231493d49-d.jpg,,
15553324,Optimale lineare Regelung: Grenzen der erreichbaren Regelgüte in linearen zeitinvarianten Regelkreisen,,Fachberichte Messen ◆ Steuern ◆ Regeln 18,,Dr.-Ing. Sebastian Engell  (auth.),1988,,Springer Berlin Heidelberg,,"XIII, 307 S. 53 Abb.",0,German,,,,"978-3-540-19120-9,978-3-642-83443-1",,,,,,,10.1007/978-3-642-83443-1,,,,0,,1,1,1,,,1,22618272,pdf,6439563f18228f8d21c23afab77dcd52,,,A:\\compressed\\10.1007%2F978-3-642-83443-1.pdf,0,2000-01-01 01:00:00,2016-04-03 02:51:08,956000/6439563f18228f8d21c23afab77dcd52-d.jpg,,
15553325,Metallkunde für das Maschinenwesen: Band I: Aufbau und Eigenschaften metallischer Werkstoffe,, ,,Dr.-Ing. Karlheinz G. Schmitt-Thomas  (auth.),1988,,Springer Berlin Heidelberg,,"X, 254 S.",0,German,,,,"978-3-540-17615-2,978-3-662-08699-5",,,,,,,10.1007/978-3-662-08699-5,,,,0,,1,1,1,,,1,8437496,pdf,8a3c254f115e71f52995a6549b9c7a49,,,A:\\compressed\\10.1007%2F978-3-662-08699-5.pdf,0,2000-01-01 01:00:00,2016-04-03 02:51:08,956000/8a3c254f115e71f52995a6549b9c7a49-d.jpg,,
15553326,Elektronik: Lehr- und Arbeitsbuch,, ,,Dieter Zastrow  (auth.),1988,3. Aufl.,Vieweg+Teubner Verlag,,372S.,0,German,,,,"978-3-528-24210-7,978-3-322-85552-7",,,,,,,10.1007/978-3-322-85552-7,,,,0,,1,1,1,,,1,13627332,pdf,5333cc1e08a0c2c9191c24f6c79c296c,,,A:\\compressed\\10.1007%2F978-3-322-85552-7.pdf,0,2000-01-01 01:00:00,2016-04-03 02:51:08,956000/5333cc1e08a0c2c9191c24f6c79c296c-d.jpg,,
15553327,Mathematischer Einführungskurs für die Physik,,Teubner Studienbücher Physik/Chemie ,,Dr. rer. nat. Siegfried Großmann  (auth.),1988,5Aufl.,Vieweg+Teubner Verlag,,309 S.,0,German,,,,"978-3-519-43028-5,978-3-322-92708-8",,,,,,,10.1007/978-3-322-92708-8,,,,0,,1,1,1,,,1,7401720,pdf,fcf4b134b0280acec2084b0c1571e0e3,,,A:\\compressed\\10.1007%2F978-3-322-92708-8.pdf,0,2000-01-01 01:00:00,2016-04-03 02:51:08,956000/fcf4b134b0280acec2084b0c1571e0e3-d.jpg,,
15553328,Entwicklungs- und Planungshilfen zum Aufbau von flexiblen Ordnungssystemen,,IPA-IAO Forschung und Praxis 120,,Dipl.-Ing. Rainer Schanz  (auth.),1988,,Springer Berlin Heidelberg,,104 S. 48 Abb.,0,German,,,,"978-3-540-19394-4,978-3-642-83507-0",,,,,,,10.1007/978-3-642-83507-0,,,,0,,1,1,1,,,1,5672879,pdf,22e0bfa5137c377f20917bbc3cf9e49d,,,A:\\compressed\\10.1007%2F978-3-642-83507-0.pdf,0,2000-01-01 01:00:00,2016-04-03 02:51:08,956000/22e0bfa5137c377f20917bbc3cf9e49d-d.jpg,,
15553329,Der gebrochene Lichtstrahl,,Kleine Naturwissenschaftliche Bibliothek 63,,"Professor Lew Wassiljewitsch Tarassow,  Oberlehrer Albina Nikolajewna Tarassowa  (auth.)",1988,,Vieweg+Teubner Verlag,,168S.,0,German,,,,"978-3-322-00391-1,978-3-663-05944-8",,,,,,,10.1007/978-3-663-05944-8,,,,0,,1,1,1,,,1,4707295,pdf,9f043a54af78bccbdf2a168d160e7e16,,,A:\\compressed\\10.1007%2F978-3-663-05944-8.pdf,0,2000-01-01 01:00:00,2016-04-03 02:51:08,956000/9f043a54af78bccbdf2a168d160e7e16-d.jpg,,
15553330,Dynamics Reported,,Dynamics Reported 1,,"V. Bangert  (auth.),  Urs Kirchgraber,  Hans-Otto Walther  (eds.)",1988,,Vieweg+Teubner Verlag,,"IX, 306 S.",0,English,,,,"978-3-519-02150-6,978-3-322-96656-8",,,,,,,10.1007/978-3-322-96656-8,,,,0,,1,1,1,,,1,9124461,pdf,77574726572e47a2d89aa0763978c16e,,,A:\\compressed\\10.1007%2F978-3-322-96656-8.pdf,0,2000-01-01 01:00:00,2016-04-03 02:51:08,956000/77574726572e47a2d89aa0763978c16e-d.jpg,,
15553331,Hochdynamische Lageregelung mit elektrohydraulischen Antrieben,,ISW Forschung und Praxis 74,,Manfred Egner  (auth.),1988,,Springer Berlin Heidelberg,,152 S. 65 Abb.,0,German,,,,"978-3-540-19160-5,978-3-642-83451-6",,,,,,,10.1007/978-3-642-83451-6,,,,0,,1,1,1,,,1,3839300,pdf,7eb2b91e2cf9d0ec89f015355d27add5,,,A:\\compressed\\10.1007%2F978-3-642-83451-6.pdf,0,2000-01-01 01:00:00,2016-04-03 02:51:08,956000/7eb2b91e2cf9d0ec89f015355d27add5-d.jpg,,
15553332,Produktrecycling im Maschinenbau,,IPA-IAO Forschung und Praxis 115,,Dipl.-Ing. Rolf Steinhilper  (auth.),1988,,Springer Berlin Heidelberg,,167 S. 50 Abb.,0,German,,,,"978-3-540-18849-0,978-3-642-83363-2",,,,,,,10.1007/978-3-642-83363-2,,,,0,,1,1,1,,,1,5043789,pdf,92afd54d4fdce232ec3900f6ee07cfd3,,,A:\\compressed\\10.1007%2F978-3-642-83363-2.pdf,0,2000-01-01 01:00:00,2016-04-03 02:51:08,956000/92afd54d4fdce232ec3900f6ee07cfd3-d.jpg,,
15553333,"Elektrische Meßtechnik: Elektrische und elektronische Verfahren, Anlagen und Systeme",, ,,Kurt Bergmann  (auth.),1988,4. Aufl.,Vieweg+Teubner Verlag,,454S.,0,German,,,,"978-3-528-34080-3,978-3-322-85549-7",,,,,,,10.1007/978-3-322-85549-7,,,,0,,1,1,1,,,1,8033569,pdf,790232815d461d315b7f13b260f364e8,,,A:\\compressed\\10.1007%2F978-3-322-85549-7.pdf,0,2000-01-01 01:00:00,2016-04-03 02:51:08,956000/790232815d461d315b7f13b260f364e8-d.jpg,,
15553334,Hydrologie und Wasserwirtschaft: Eine Einführung für Ingenieure,,Hochschultext ,,Dr.-Ing. Ulrich Maniak  (auth.),1988,,Springer Berlin Heidelberg,,"XV, 576 S.",0,German,,,,"978-3-540-16528-6,978-3-662-07832-7",,,,,,,10.1007/978-3-662-07832-7,,,,0,,1,1,1,,,1,24009714,pdf,888607e78ae2d14a3c7d8b45927c3a50,,,A:\\compressed\\10.1007%2F978-3-662-07832-7.pdf,0,2000-01-01 01:00:00,2016-04-03 02:51:08,956000/888607e78ae2d14a3c7d8b45927c3a50-d.jpg,,
15553335,Grundlagen der systemnahen Programmierung,,Leitfäden und Monographien der Informatik ,,Prof. Dr. rer. nat. Mario Dal Cin  (auth.),1988,,Vieweg+Teubner Verlag,,225 S.,0,English,,,,"978-3-519-02264-0,978-3-322-93095-8",,,,,,,10.1007/978-3-322-93095-8,,,,0,,1,1,1,,,1,4692439,pdf,2c212abd68fa5af9b9583b737abb9c3d,,,A:\\compressed\\10.1007%2F978-3-322-93095-8.pdf,0,2000-01-01 01:00:00,2016-04-03 02:51:08,956000/2c212abd68fa5af9b9583b737abb9c3d-d.jpg,,
15553336,Optimierung der Oberflächenmikrogeometrie von Aluminiumfeinblech für das Karosserieziehen,,Berichte aus dem Institut für Umformtechnik der Universität Stuttgart 97,,Dipl.-Ing. Rainer Balbach  (auth.),1988,,Springer Berlin Heidelberg,,86 Abb. 161 Seiten.,0,German,,,,"978-3-540-50168-8,978-3-642-83574-2",,,,,,,10.1007/978-3-642-83574-2,,,,0,,1,1,1,,,1,7938462,pdf,7b3ec00bc8fb1d97e290e4b2e96eee99,,,A:\\compressed\\10.1007%2F978-3-642-83574-2.pdf,0,2000-01-01 01:00:00,2016-04-03 02:51:08,956000/7b3ec00bc8fb1d97e290e4b2e96eee99-d.jpg,,
15553337,Wärmetheorie,, ,,"Gerhard Adam,  Otto Hittmair  (auth.)",1988,3. Aufl.,Vieweg+Teubner Verlag,,340S.,0,German,,,,"978-3-528-23311-2,978-3-322-83756-1",,,,,,,10.1007/978-3-322-83756-1,,,,0,,1,1,1,,,1,9100952,pdf,e286409ab7802ff2ce3e89f4e38b38cb,,,A:\\compressed\\10.1007%2F978-3-322-83756-1.pdf,0,2000-01-01 01:00:00,2016-04-03 02:51:08,956000/e286409ab7802ff2ce3e89f4e38b38cb-d.jpg,,
15553338,Logistiksysteme: Betriebswirtschaftliche Grundlagen,,"Logistik in Industrie, Handel und Dienstleistungen ",,Professor Dr. Hans-Christian Pfohl  (auth.),1988,"3., überarb. u. erw. Aufl.",Springer Berlin Heidelberg,,"X, 294 S.",0,English,,,,"978-3-540-50224-1,978-3-662-08416-8",,,,,,,10.1007/978-3-662-08416-8,,,,0,,1,1,1,,,1,12815925,pdf,63521df8cd9615d9a8f68c382df3874d,,,A:\\compressed\\10.1007%2F978-3-662-08416-8.pdf,0,2000-01-01 01:00:00,2016-04-03 02:51:08,956000/63521df8cd9615d9a8f68c382df3874d-d.jpg,,
15553339,Regenerative Energiequellen,, ,,"Dr.-Ing. Manfred Kleemann,  Professor Dr.-Ing. Michael Meliß  (auth.)",1988,,Springer Berlin Heidelberg,,"XXIII, 266 S.",0,German,,,,"978-3-540-18097-5,978-3-662-09727-4",,,,,,,10.1007/978-3-662-09727-4,,,,0,,1,1,1,,,1,10002763,pdf,cead7caa7cd834564ee11d63ac1fdc5b,,,A:\\compressed\\10.1007%2F978-3-662-09727-4.pdf,0,2000-01-01 01:00:00,2016-04-03 02:51:08,956000/cead7caa7cd834564ee11d63ac1fdc5b-d.jpg,,
15553340,"Nutzungsbilanz moderner Informations- und Kommunikationssysteme aus Anwendersicht / User Experience in the Application of Modern Information and Communication Systems: Vorträge des am 15./16. Juni 1988 in München abgehaltenen Kongresses / Proceedings of the Congress Held in Munich, June 15/16, 1988",,Telecommunications 13,,"H. M. Jepsen  (auth.),  Dr.-Ing. Friedrich Baur  (eds.)",1988,,Springer Berlin Heidelberg,,"X, 375 S. (82 S. in Englisch).",0,German,,,,"978-3-540-19411-8,978-3-642-83515-5",,,,,,,10.1007/978-3-642-83515-5,,,,0,,1,1,1,,,1,55002994,pdf,2a70b688c134b4d55fec9951e6ef9492,,,A:\\compressed\\10.1007%2F978-3-642-83515-5.pdf,0,2000-01-01 01:00:00,2016-04-03 02:51:08,956000/2a70b688c134b4d55fec9951e6ef9492-d.jpg,,
15553341,Betriebliche Expertensystem-Anwendungen: Eine Materialsammlung,,Betriebs- und Wirtschaftsinformatik 31,,"Peter Mertens,  Volker Borkowski,  Wolfgang Geis  (auth.)",1988,,Springer Berlin Heidelberg,,"VI, 215 S. 24 Abb.",0,German,,,,"978-3-540-19268-8,978-3-642-97112-9",,,,,,,10.1007/978-3-642-97112-9,,,,0,,1,1,1,,,1,9016872,pdf,5afb41d45d690cadcb34ed9027e91012,,,A:\\compressed\\10.1007%2F978-3-642-97112-9.pdf,0,2000-01-01 01:00:00,2016-04-03 02:51:08,956000/5afb41d45d690cadcb34ed9027e91012-d.jpg,,
15553342,Binäre Steuerungstechnik: Eine Einführung,, ,,Professor Dr. techn. Karl Heinz Fasol  (auth.),1988,,Springer Berlin Heidelberg,,"207 Abb. X, 294 Seiten.",0,German,,,,"978-3-540-50026-1,978-3-642-83547-6",,,,,,,10.1007/978-3-642-83547-6,,,,0,,1,1,1,,,1,9595916,pdf,bbed8dbdbbb9f73a41f8b89e6aac7ceb,,,A:\\compressed\\10.1007%2F978-3-642-83547-6.pdf,0,2000-01-01 01:00:00,2016-04-03 02:51:08,956000/bbed8dbdbbb9f73a41f8b89e6aac7ceb-d.jpg,,
15553343,Kommissioniersystem mit Roboter und Mehrstückgreifer,,IPA-IAO Forschung und Praxis 126,,Dipl.-Ing. Klaus Baumeister  (auth.),1988,,Springer Berlin Heidelberg,,53 Abb. 104 Seiten.,0,German,,,,"978-3-540-50133-6,978-3-642-83561-2",,,,,,,10.1007/978-3-642-83561-2,,,,0,,1,1,1,,,1,4459416,pdf,795960dcd4025ba26f7d3e7585c2dd81,,,A:\\compressed\\10.1007%2F978-3-642-83561-2.pdf,0,2000-01-01 01:00:00,2016-04-03 02:51:08,956000/795960dcd4025ba26f7d3e7585c2dd81-d.jpg,,
15553344,Vektoranalysis,,Teubner Studienbücher ,,"Dr. Donald E. Bourne,  Prof. Peter C. Kendall  (auth.)",1988,2.Aufl.,Vieweg+Teubner Verlag,,260S.,0,German,,,,"978-3-519-12044-5,978-3-322-94056-8",,,,,,,10.1007/978-3-322-94056-8,,,,0,,1,1,1,,,1,5098659,pdf,c9f5141595f1bec8816275a3c7e81e86,,,A:\\compressed\\10.1007%2F978-3-322-94056-8.pdf,0,2000-01-01 01:00:00,2016-04-03 02:51:08,956000/c9f5141595f1bec8816275a3c7e81e86-d.jpg,,
15553345,Elektrotechnik: Lehr- und Arbeitsbuch,,Wirtschaftswissenschaften ,,Dieter Zastrow  (auth.),1988,9. Aufl.,Vieweg+Teubner Verlag,,432S.,0,German,,,,"978-3-528-84034-1,978-3-322-89463-2",,,,,,,10.1007/978-3-322-89463-2,,,,0,,1,1,1,,,1,13361759,pdf,19f86b9997dbd4a61d211e8eae9dad05,,,A:\\compressed\\10.1007%2F978-3-322-89463-2.pdf,0,2000-01-01 01:00:00,2016-04-03 02:51:08,956000/19f86b9997dbd4a61d211e8eae9dad05-d.jpg,,
15553346,Software-Projektmanagement und -Qualitätssicherung,,Leitfäden der angewandten Informatik ,,"Dipl.-Ing. Karol Frühauf,  Prof. Dr. rer. nat. Jochen Ludewig,  Dr. math. ETH Helmut Sandmayr  (auth.)",1988,,Vieweg+Teubner Verlag,,"II, 134 S.",0,German,,,,"978-3-519-02490-3,978-3-322-94671-3",,,,,,,10.1007/978-3-322-94671-3,,,,0,,1,1,1,,,1,3575844,pdf,86773d9b67855d130bbc1eaf93938cc9,,,A:\\compressed\\10.1007%2F978-3-322-94671-3.pdf,0,2000-01-01 01:00:00,2016-04-03 02:51:08,956000/86773d9b67855d130bbc1eaf93938cc9-d.jpg,,
15553347,"Trends, Fehlentwicklungen und Delikte in der Bauwirtschaft",,Praxis der Bauwirtschaft ,,Professor Dr. Karlheinz Pfarr  (auth.),1988,,Springer Berlin Heidelberg,,"II, 142 S. 39 Abb.",0,German,,,,"978-3-642-83383-0,978-3-642-83382-3",,,,,,,10.1007/978-3-642-83382-3,,,,0,,1,1,1,,,1,10519102,pdf,f180488a5ffd393b647c0fbcd91a6167,,,A:\\compressed\\10.1007%2F978-3-642-83382-3.pdf,0,2000-01-01 01:00:00,2016-04-03 02:51:08,956000/f180488a5ffd393b647c0fbcd91a6167-d.jpg,,
15553348,"GI — 18. Jahrestagung II: Vernetzte und komplexe Informatik-Systeme Hamburg, 17.–19. Oktober 1988 Proceedings",,Informatik-Fachberichte 188,,"Rüdiger Valk  (auth.),  Rüdiger Valk  (eds.)",1988,,Springer Berlin Heidelberg,,"XVI, 704 S.",0,German,,,,"978-3-540-50360-6,978-3-642-74135-7",,,,,,,10.1007/978-3-642-74135-7,,,,0,,1,1,1,,,1,34148442,pdf,5d64e0f46f91d3228e94801dff38a16d,,,A:\\compressed\\10.1007%2F978-3-642-74135-7.pdf,0,2000-01-01 01:00:00,2016-04-03 02:51:08,956000/5d64e0f46f91d3228e94801dff38a16d-d.jpg,,
15553349,Bestimmung des Automatisierungsgrades der rechnergestützten NC-Programmierung,,fir+iaw Forschung für die Praxis 20,,Dipl.-Ing. Volker Pfennig  (auth.),1988,,Springer Berlin Heidelberg,,"II, 146 S. 59 Abb.",0,German,,,,"978-3-540-50229-6,978-3-642-83593-3",,,,,,,10.1007/978-3-642-83593-3,,,,0,,1,1,1,,,1,3443939,pdf,a00e7bf18a815dbc871305cdf2e019b0,,,A:\\compressed\\10.1007%2F978-3-642-83593-3.pdf,0,2000-01-01 01:00:00,2016-04-03 02:51:08,956000/a00e7bf18a815dbc871305cdf2e019b0-d.jpg,,
15553350,"TRIBOLOGIE: Reibung · Verschleiß · Schmierung: Abrasivverschleiß, Mischreibung, Betriebsverhalten von Reibungssystemen, Oberflächenbehandlung",,Dokumentation zum Forschungs- und Entwicklungsprogramm des Bundesministeriums für Forschung und Technologie (BMFT) 12,,"Dr. rer. nat. G. Kampschulte  (auth.),  Dr. rer. nat. Reinhard Günther,  Dipl.-Ing. Hermann Haag  (eds.)",1988,,Springer Berlin Heidelberg,,"740 S. 340 Abb., 30 Tab.",0,German,,,,"978-3-540-50099-5,978-3-642-83558-2",,,,,,,10.1007/978-3-642-83558-2,,,,0,,1,1,1,,,1,26026246,pdf,ce70445f80e0f502290d4c221c90ff49,,,A:\\compressed\\10.1007%2F978-3-642-83558-2.pdf,0,2000-01-01 01:00:00,2016-04-03 02:51:08,956000/ce70445f80e0f502290d4c221c90ff49-d.jpg,,
15553351,"Technische Mechanik in der Feinwerktechnik: Aufgaben, Beispiele, Lösungen",,Viewegs Fachbücher der Technik ,,"Klaus Agne,  Friedrich Simon  (auth.)",1988,,Vieweg+Teubner Verlag,,233,0,German,,,,"978-3-528-24078-3,978-3-322-90130-9",,,,,,,10.1007/978-3-322-90130-9,,,,0,,1,1,1,,,1,5838442,pdf,e5ecb3a4d365d710e30393b333ece806,,,A:\\compressed\\10.1007%2F978-3-322-90130-9.pdf,0,2000-01-01 01:00:00,2016-04-03 02:51:08,956000/e5ecb3a4d365d710e30393b333ece806-d.jpg,,
15553352,Strom aus Steinkohle: Stand der Kraftwerkstechnik,, ,,"Dr.-Ing. P. Preußer,  Dr.-Ing. K. Spindler  (auth.)",1988,,Springer Berlin Heidelberg,,"XXIII, 551 S.",0,German,,,,"978-3-642-50252-1,978-3-642-50251-4",,,,,,,10.1007/978-3-642-50251-4,,,,0,,1,1,1,,,1,37341680,pdf,73304e1a8313074ab141892cfb0cb834,,,A:\\compressed\\10.1007%2F978-3-642-50251-4.pdf,0,2000-01-01 01:00:00,2016-04-03 02:51:08,956000/73304e1a8313074ab141892cfb0cb834-d.jpg,,
15553353,"Konfigurierbares, echtzeitfähiges Bedienungssystem für Steuerungen an Fertigungseinrichtungen",,ISW Forschung und Praxis 75,,Wolfgang Schittenhelm  (auth.),1988,,Springer Berlin Heidelberg,,135 S. 52 Abb.,0,German,,,,"978-3-540-19472-9,978-3-642-83534-6",,,,,,,10.1007/978-3-642-83534-6,,,,0,,1,1,1,,,1,3315977,pdf,089e0e0fc6e187ddeea58340e88d4eea,,,A:\\compressed\\10.1007%2F978-3-642-83534-6.pdf,0,2000-01-01 01:00:00,2016-04-03 02:51:08,956000/089e0e0fc6e187ddeea58340e88d4eea-d.jpg,,
15553354,Test und Testbarkeit digitaler Schaltungen,,Leitfäden und Monographien der Informatik ,,Prof. Dr.-Ing. habil. Hans Wojtkowiak  (auth.),1988,,Vieweg+Teubner Verlag,,229 S.,0,German,,,,"978-3-519-02263-3,978-3-322-96665-0",,,,,,,10.1007/978-3-322-96665-0,,,,0,,1,1,1,,,1,16103178,pdf,baf87d9f39ba67b0b9eb2880741d82df,,,A:\\compressed\\10.1007%2F978-3-322-96665-0.pdf,0,2000-01-01 01:00:00,2016-04-03 02:51:08,956000/baf87d9f39ba67b0b9eb2880741d82df-d.jpg,,
15553355,Menschengerechte Arbeitsgestaltung beim Schweissen mit Robotern: Beispielhafte Lösungsmöglichkeiten für verschiedene Einsatztypen,, ,,"Dipl.-Ing., Dipl.-Psych. G. Urban,  Dipl.-Ing. K. Hölldampf  (auth.)",1988,,Springer Berlin Heidelberg,,"XI, 191 S.",0,German,,,,"978-3-540-18993-0,978-3-642-73450-2",,,,,,,10.1007/978-3-642-73450-2,,,,0,,1,1,1,,,1,4887210,pdf,bed77e91557370f51df8a0547883a147,,,A:\\compressed\\10.1007%2F978-3-642-73450-2.pdf,0,2000-01-01 01:00:00,2016-04-03 02:51:08,956000/bed77e91557370f51df8a0547883a147-d.jpg,,
15553356,Wärmeübertragung durch Strahlung: Teil 1 Grundlagen und Materialeigenschaften,,Wärme- und Stoffübertragung ,,"Robert Siegel,  Prof. John R. Howell,  Dr.-Ing. Joachim Lohrengel  (auth.)",1988,,Springer Berlin Heidelberg,,"1981IX, 218 S. 66 Abb. 19 Tab.",0,German,,,,"978-3-540-18496-6,978-3-642-83267-3",,,,,,,10.1007/978-3-642-83267-3,,,Englische Originalausgabe erschienen bei Hemisphere Publishing Corp. 1972,0,,1,1,1,,,1,4734432,pdf,3c551855aec4b0769969131a33f70f5d,,,A:\\compressed\\10.1007%2F978-3-642-83267-3.pdf,0,2000-01-01 01:00:00,2016-04-03 02:51:08,956000/3c551855aec4b0769969131a33f70f5d-d.jpg,,
15553357,Grafikunterstütztes Simulationssystem für komplexe Bearbeitungsvorgänge in numerischen Steuerungen,,ISW Forschung und Praxis 73,,Wolfgang Schmidt  (auth.),1988,,Springer Berlin Heidelberg,,141 S. 61 Abb.,0,German,,,,"978-3-540-19159-9,978-3-642-48225-0",,,,,,,10.1007/978-3-642-48225-0,,,,0,,1,1,1,,,1,4269123,pdf,b6dee559fe65ddbb5898ae45cce8a1c4,,,A:\\compressed\\10.1007%2F978-3-642-48225-0.pdf,0,2000-01-01 01:00:00,2016-04-03 02:51:08,956000/b6dee559fe65ddbb5898ae45cce8a1c4-d.jpg,,
15553358,Digitale Signalverarbeitung: Band I Analyse diskreter Signale und Systeme,, ,,Dr.-Ing. Hans Wilhelm Schüßler  (auth.),1988,,Springer Berlin Heidelberg,,349,0,English,,,,"978-3-662-06742-0,978-3-662-06741-3",,,,,,,10.1007/978-3-662-06741-3,,,,0,,1,1,1,,,1,11070804,pdf,5bcedf2d6b6ef758726800048c99aa4b,,,A:\\compressed\\10.1007%2F978-3-662-06741-3.pdf,0,2000-01-01 01:00:00,2016-04-03 02:51:08,956000/5bcedf2d6b6ef758726800048c99aa4b-d.jpg,,
15553359,Von Laves bis heute: Über staatliche Baukultur,, ,,Anna Teut  (auth.),1988,,Vieweg+Teubner Verlag,,340,0,German,,,,"978-3-528-08736-4,978-3-322-83748-6",,,,,,,10.1007/978-3-322-83748-6,,,,0,,1,1,1,,,1,31928763,pdf,22d0021ebb62cc93f72455adc7ff8738,,,A:\\compressed\\10.1007%2F978-3-322-83748-6.pdf,0,2000-01-01 01:00:00,2016-04-03 02:51:08,956000/22d0021ebb62cc93f72455adc7ff8738-d.jpg,,
15553360,System- und Signaltheorie: Grundlagen für das informationstechnische Studium,, ,,Otto Mildenberger  (auth.),1988,,Vieweg+Teubner Verlag,,255,0,German,,,,"978-3-528-03039-1,978-3-322-88849-5",,,,,,,10.1007/978-3-322-88849-5,,,,0,,1,1,1,,,1,7637423,pdf,4919951212a394875638eed93061d9bb,,,A:\\compressed\\10.1007%2F978-3-322-88849-5.pdf,0,2000-01-01 01:00:00,2016-04-03 02:51:08,956000/4919951212a394875638eed93061d9bb-d.jpg,,
15553361,Verschleißvorgänge beim Querschneiden dünner Bahnen,,IPA-IAO Forschung und Praxis 122,,Thomas Hülsmann  (auth.),1988,,Springer Berlin Heidelberg,,133 S.,0,German,,,,"978-3-540-50049-0,978-3-662-10782-9",,,,,,,10.1007/978-3-662-10782-9,,,,0,,1,1,1,,,1,7272107,pdf,5e9cebc8db1e5e3825222645529ee8f7,,,A:\\compressed\\10.1007%2F978-3-662-10782-9.pdf,0,2000-01-01 01:00:00,2016-04-03 02:51:08,956000/5e9cebc8db1e5e3825222645529ee8f7-d.jpg,,
15553362,Atomkraft: Eine Einführung in die Probleme des Atomzeitalters,,Verständliche Wissenschaft 73,,"Dr. phil. Niels Arley,  Civ. Ing. Helge Skov  (auth.)",1988,"2., stark überarb. Aufl.",Springer Berlin Heidelberg,,"34 Abb. IX, 185 Seiten.",0,German,,,,"978-3-540-18680-9,978-3-642-83310-6",,,,,,,10.1007/978-3-642-83310-6,,,,0,,1,1,1,,,1,4197024,pdf,159315869f02638d11dfa370a0fe9ca6,,,A:\\compressed\\10.1007%2F978-3-642-83310-6.pdf,0,2000-01-01 01:00:00,2016-04-03 02:51:08,956000/159315869f02638d11dfa370a0fe9ca6-d.jpg,,
15553363,NBS/NRC Wasserdampftafeln: Thermodynamische und Transportgrößen mit Computerprogrammen für Dampf und Wasser in SI-Einheiten,, ,,"Lester Haar,  John S. Gallagher,  George S. Kell  (auth.),  Ulrich Grigull  (eds.)",1988,,Springer Berlin Heidelberg,,"Englische Originalausgabe erschienen bei Hemisphere Publishing Corporation, 1984XV, 310 S. 54 Abb.",0,German,,,,"978-3-642-52088-4,978-3-642-52087-7",,,,,,,10.1007/978-3-642-52087-7,,,,0,,1,1,1,,,1,11146150,pdf,98521a2e94d56a514e8c69a01e6a8db6,,,A:\\compressed\\10.1007%2F978-3-642-52087-7.pdf,0,2000-01-01 01:00:00,2016-04-03 02:51:08,956000/98521a2e94d56a514e8c69a01e6a8db6-d.jpg,,
15553364,"Ausgewählte Kapitel aus der Funktionenlehre: Vorlesung, gehalten in Berlin 1886 Mit der akademischen Antrittsrede, Berlin 1857, und drei weiteren Originalarbeiten von K. Weierstrass aus den Jahren 1870 bis 1880/86",, ,,K. Weierstraß  (auth.),1988,,Vieweg+Teubner Verlag,,272S.,0,German,,,,"978-3-322-00478-9,978-3-322-91273-2",,,,,,,10.1007/978-3-322-91273-2,,,,0,,1,1,1,,,1,13664441,pdf,59564cf3cff57fa2f5fe54da5160ef7a,,,A:\\compressed\\10.1007%2F978-3-322-91273-2.pdf,0,2000-01-01 01:00:00,2016-04-03 02:51:08,956000/59564cf3cff57fa2f5fe54da5160ef7a-d.jpg,,
15553365,Thermodynamics of Finite Systems and the Kinetics of First-Order Phase Transitions,,Teubner-Texte zur Physik 17,,"Heinz Ulbricht,  Jürn Schmelzer,  Reinhard Mahnke,  Frank Schweitzer  (auth.)",1988,,Vieweg+Teubner Verlag,,209 S.,0,English,,,,"978-3-322-96428-1,978-3-322-96427-4",,,,,,,10.1007/978-3-322-96427-4,,,,0,,1,1,1,,,1,4589102,pdf,01a85aebb2b6230b94f1d6bb79665d7c,,,A:\\compressed\\10.1007%2F978-3-322-96427-4.pdf,0,2000-01-01 01:00:00,2016-04-03 02:51:08,956000/01a85aebb2b6230b94f1d6bb79665d7c-d.jpg,,
15553366,Grundzüge der Digitaltechnik,,Leitfäden und Monographien der Informatik ,,Prof. Dr.-Ing. Siegbert Hentschke  (auth.),1988,,Vieweg+Teubner Verlag,,"X, 250 S.",0,German,,,,"978-3-519-02262-6,978-3-322-94708-6",,,,,,,10.1007/978-3-322-94708-6,,,,0,,1,1,1,,,1,4784761,pdf,b3cfe6b6cce231a63a2595cf3ce0f7e7,,,A:\\compressed\\10.1007%2F978-3-322-94708-6.pdf,0,2000-01-01 01:00:00,2016-04-03 02:51:08,956000/b3cfe6b6cce231a63a2595cf3ce0f7e7-d.jpg,,
15553367,1987,,Jahrbuch der Hafenbautechnischen Gesellschaft 42,,"Ltd. Baudirektor Dr.-Ing. Rudolf Schwab,  Dr.-Ing. Wolfgang Becker  (auth.),  Ltd. Baudirektor Dr.-Ing. Rudolf Schwab,  Dr.-Ing. Wolfgang Becker  (eds.)",1988,,Springer Berlin Heidelberg,,324,0,German,,,,"978-3-642-52299-4,978-3-642-52298-7",,,,,,,10.1007/978-3-642-52298-7,,,,0,,1,1,1,,,1,18985276,pdf,5df9b1d9eab347f66598c890910ed02f,,,A:\\compressed\\10.1007%2F978-3-642-52298-7.pdf,0,2000-01-01 01:00:00,2016-04-03 02:51:08,956000/5df9b1d9eab347f66598c890910ed02f-d.jpg,,
15553368,Geometrieprüfung in der Fertigungsmeßtechnik mit bildverarbeitenden Systemen,,IPA-IAO Forschung und Praxis 123,,Dipl.-Ing. Claus P. Keferstein  (auth.),1988,,Springer Berlin Heidelberg,,135 S.,0,German,,,,"978-3-540-50050-6,978-3-662-07445-9",,,,,,,10.1007/978-3-662-07445-9,,,,0,,1,1,1,,,1,6429550,pdf,85ccea9eb2af38d4eb4b9125fb8fa76b,,,A:\\compressed\\10.1007%2F978-3-662-07445-9.pdf,0,2000-01-01 01:00:00,2016-04-03 02:51:08,956000/85ccea9eb2af38d4eb4b9125fb8fa76b-d.jpg,,
15553369,Magnetisches Schweben,, ,,Dr. rer. nat. Volkhard Jung  (auth.),1988,,Springer Berlin Heidelberg,,"VIII, 130 S. 37 Abb.",0,German,,,,"978-3-540-50196-1,978-3-642-83577-3",,,,,,,10.1007/978-3-642-83577-3,,,,0,,1,1,1,,,1,8487003,pdf,95d7c71bddc54629dd687ad9ab9aff0e,,,A:\\compressed\\10.1007%2F978-3-642-83577-3.pdf,0,2000-01-01 01:00:00,2016-04-03 02:51:08,956000/95d7c71bddc54629dd687ad9ab9aff0e-d.jpg,,
15553370,Modulares Simulationsmodell für die Abläufe in verketteten Fertigungszellen mit Industrierobotern,,IPA-IAO Forschung und Praxis 124,,Ms. of Sc. Kum-Hoan Kuk  (auth.),1988,,Springer Berlin Heidelberg,,130 S. 57 Abb.,0,German,,,,"978-3-540-50069-8,978-3-642-83553-7",,,,,,,10.1007/978-3-642-83553-7,,,,0,,1,1,1,,,1,2629100,pdf,4d52a83caad3c3c23ca8aff880a42fc1,,,A:\\compressed\\10.1007%2F978-3-642-83553-7.pdf,0,2000-01-01 01:00:00,2016-04-03 02:51:08,956000/4d52a83caad3c3c23ca8aff880a42fc1-d.jpg,,
15553371,DGOR/NSOR: Papers of the 16th Annual Meeting of DGOR in Cooperation with NSOR/Vorträge der 16. Jahrestagung der DGOR zusammen mit der NSOR,,Operations Research Proceedings 1987,,"Ir. M. Kuilman  (auth.),  Prof. Dr. Helmut Schellhaas,  Prof. Dr. Paul van Beek,  Prof. Dr. Heinz Isermann,  Prof. Dr. Reinhart Schmidt,  Drs. Mynt Zijlstra  (eds.)",1988,,Springer Berlin Heidelberg,,"XVIII, 652 pp. (339 pp. in English). 140 figs.",0,German,,,,"978-3-540-19365-4,978-3-642-73778-7",,,,,,,10.1007/978-3-642-73778-7,,,,0,,1,1,1,,,1,12059565,pdf,fe6781177ad2a84e52af351b2ab6ffe3,,,A:\\compressed\\10.1007%2F978-3-642-73778-7.pdf,0,2000-01-01 01:00:00,2016-04-03 02:51:08,956000/fe6781177ad2a84e52af351b2ab6ffe3-d.jpg,,
15553372,Klipsmontage mit Industrierobotern,,iwb Forschungsberichte 15,,Dipl.-Ing. Klaus Riese  (auth.),1988,,Springer Berlin Heidelberg,,"XIII, 141 S. 92 Abb.",0,German,,,,"978-3-540-19183-4,978-3-642-73613-1",,,,,,,10.1007/978-3-642-73613-1,,,,0,,1,1,1,,,1,8541337,pdf,64b5e0af3951fd408456ed6aca11bb9f,,,A:\\compressed\\10.1007%2F978-3-642-73613-1.pdf,0,2000-01-01 01:00:00,2016-04-03 02:51:08,956000/64b5e0af3951fd408456ed6aca11bb9f-d.jpg,,
15553373,Datenverarbeitung in den Sozialwissenschaften: Eine anwendungsorientierte Einführung in das Programm-System SPSS-X,,Studienskripten zur Soziologie 130,,Prof. Gerhard Hofmann Ph.D.  (auth.),1988,,Vieweg+Teubner Verlag,,334S.,0,German,,,,"978-3-519-00130-0,978-3-322-93053-8",,,,,,,10.1007/978-3-322-93053-8,,,,0,,1,1,1,,,1,5090123,pdf,8d845cf0078bf1721fdd862547474a88,,,A:\\compressed\\10.1007%2F978-3-322-93053-8.pdf,0,2000-01-01 01:00:00,2016-04-03 02:51:08,956000/8d845cf0078bf1721fdd862547474a88-d.jpg,,
15553374,Regelungstechnik: Eine Einführung für Wirtschaftsingenieure und Naturwissenschaftler,, ,,Professor Dr.-Ing. Michael Cremer  (auth.),1988,,Springer Berlin Heidelberg,,"XV, 192 S.",0,German,,,,"978-3-540-19361-6,978-3-662-09720-5",,,,,,,10.1007/978-3-662-09720-5,,,,0,,1,1,1,,,1,9234271,pdf,e1c96a2974c3418253a6cb13c819efa4,,,A:\\compressed\\10.1007%2F978-3-662-09720-5.pdf,0,2000-01-01 01:00:00,2016-04-03 02:51:08,956000/e1c96a2974c3418253a6cb13c819efa4-d.jpg,,
15553375,Entscheiden bei Unschärfe: Fuzzy Decision Support-Systeme,,Hochschultext ,,Prof.Dr. Heinrich Rommelfanger  (auth.),1988,,Springer Berlin Heidelberg,,"IX, 304 S. 107 Abb.",0,German,,,,"978-3-540-19364-7,978-3-642-97118-1",,,,,,,10.1007/978-3-642-97118-1,,,,0,,1,1,1,,,1,13500342,pdf,e921e1d6cbc4e70eab2cfaf6917d72ea,,,A:\\compressed\\10.1007%2F978-3-642-97118-1.pdf,0,2000-01-01 01:00:00,2016-04-03 02:51:08,956000/e921e1d6cbc4e70eab2cfaf6917d72ea-d.jpg,,
15553376,Technische Mechanik,, ,,"Prof. Dr.-Ing. habil. Hans Göldner,  Prof. Dr.-Ing. habil. Wolfgang Pfefferkorn  (auth.)",1988,,Vieweg+Teubner Verlag,,382S.,0,German,,,,"978-3-528-04533-3,978-3-322-86316-4",,,,,,,10.1007/978-3-322-86316-4,,,,0,,1,1,1,,,1,15095203,pdf,5c7af1a00c26df72cb934611466b5a6e,,,A:\\compressed\\10.1007%2F978-3-322-86316-4.pdf,0,2000-01-01 01:00:00,2016-04-03 02:51:08,956000/5c7af1a00c26df72cb934611466b5a6e-d.jpg,,
15553377,Berechnungstheorie für Informatiker,,Leitfäden und Monographien der Informatik ,,"Prof. Dr. sc. math. Erwin Engeler,  Prof. Dr. sc. math. Peter Läuchli  (auth.)",1988,,Vieweg+Teubner Verlag,,121 S.,0,German,,,,"978-3-519-02258-9,978-3-322-93085-9",,,,,,,10.1007/978-3-322-93085-9,,,,0,,1,1,1,,,1,3201709,pdf,fb05a4482f894c6cceb3c10f9381e877,,,A:\\compressed\\10.1007%2F978-3-322-93085-9.pdf,0,2000-01-01 01:00:00,2016-04-03 02:51:08,956000/fb05a4482f894c6cceb3c10f9381e877-d.jpg,,
15553378,"Transaktionssysteme: Funktionsumfang, Realisierungsmöglichkeiten, Leistungsverhalten",,Leitfäden der angewandten Informatik ,,Dr.-Ing. Klaus Meyer-Wegener  (auth.),1988,,Vieweg+Teubner Verlag,,1987,0,German,,,,"978-3-519-02485-9,978-3-322-92143-7",,,,,,,10.1007/978-3-322-92143-7,,,,0,,1,1,1,,,1,6126409,pdf,d78b5d9e8d4cd299dded723ba5ee4c3b,,,A:\\compressed\\10.1007%2F978-3-322-92143-7.pdf,0,2000-01-01 01:00:00,2016-04-03 02:51:08,956000/d78b5d9e8d4cd299dded723ba5ee4c3b-d.jpg,,
15553379,Berechnungstheorie für Informatiker,,Leitfäden und Monographien der Informatik ,,"Prof. Dr. sc. math. Erwin Engeler,  Prof. Dr. sc. math. Peter Läuchli  (auth.)",1988,2.Aufl.,Vieweg+Teubner Verlag,,120 S.,0,German,,,,"978-3-519-12258-6,978-3-322-92677-7",,,,,,,10.1007/978-3-322-92677-7,,,,0,,1,1,1,,,1,3424996,pdf,0ca80de2cd1b871ce920e7cba6cb5e3b,,,A:\\compressed\\10.1007%2F978-3-322-92677-7.pdf,0,2000-01-01 01:00:00,2016-04-03 02:51:08,956000/0ca80de2cd1b871ce920e7cba6cb5e3b-d.jpg,,
15553380,Mechanik auf dem Bildschirm — mit dem C64,, ,,"Mag. rer. nat. Dr. phil. Kurt Desoyer,  Dipl.-Ing. Dr. techn. Peter Kopacek,  Dipl.-Ing. Norbert Girsule,  Dipl.-Ing. Robert Probst  (auth.)",1988,,Springer Vienna,,242,0,German,,,,"978-3-7091-8998-6,978-3-7091-8997-9",,,,,,,10.1007/978-3-7091-8997-9,,,,0,,1,1,1,,,1,11770975,pdf,bac0c50fae4d883e7b628e4a5f509ab0,,,A:\\compressed\\10.1007%2F978-3-7091-8997-9.pdf,0,2000-01-01 01:00:00,2016-04-03 02:51:08,956000/bac0c50fae4d883e7b628e4a5f509ab0-d.jpg,,
15553381,"Identifikation dynamischer Systeme: Band I: Frequenzgangmessung, Fourieranalyse, Korrelationsanalyse, Einführung in die Parameterschätzung",, ,,Professor Dr.-Ing. Rolf Isermann  (auth.),1988,,Springer Berlin Heidelberg,,"XVIII, 344S. 85 Abb..",0,German,,,,"978-3-642-96778-8,978-3-642-96777-1",,,,,,,10.1007/978-3-642-96777-1,,,,0,,1,1,1,,,1,13391477,pdf,b0506650eb5ef775eead364fcd0d6317,,,A:\\compressed\\10.1007%2F978-3-642-96777-1.pdf,0,2000-01-01 01:00:00,2016-04-03 02:51:08,956000/b0506650eb5ef775eead364fcd0d6317-d.jpg,,
15553382,Angewandtes Problemlösungsverhalten: Denken und Handeln in komplexen Zusammenhängen,, ,,Dr.-Ing. Robert Sell  (auth.),1988,,Springer Berlin Heidelberg,,"IX, 239 S. 24 Abb.",0,German,,,,"978-3-540-19028-8,978-3-642-97094-8",,,,,,,10.1007/978-3-642-97094-8,,,,0,,1,1,1,,,1,4669646,pdf,52c5aba6bc0c903a1bccbb675c273725,,,A:\\compressed\\10.1007%2F978-3-642-97094-8.pdf,0,2000-01-01 01:00:00,2016-04-03 02:51:08,956000/52c5aba6bc0c903a1bccbb675c273725-d.jpg,,
15553383,Rechnergestützte Fertigung von Sonderprofilen auf der Radialumformmaschine,,Berichte aus dem Institut für Umformtechnik der Universität Stuttgart 96,,Dipl.-Ing. Andreas Wöhr  (auth.),1988,,Springer Berlin Heidelberg,,141 S. 80 Abb.,0,German,,,,"978-3-540-19161-2,978-3-642-83452-3",,,,,,,10.1007/978-3-642-83452-3,,,,0,,1,1,1,,,1,7359336,pdf,29fe87bb1b5df847f58efc10482090a1,,,A:\\compressed\\10.1007%2F978-3-642-83452-3.pdf,0,2000-01-01 01:00:00,2016-04-03 02:51:08,956000/29fe87bb1b5df847f58efc10482090a1-d.jpg,,
15553384,Konvektionsströmungen,,Teubner Studienbücher ,,Prof. Dr.-Ing. Jochem Unger  (auth.),1988,,Vieweg+Teubner Verlag,,299S. 195 Abb.. Mit 20 Aufgaben mit Lösungen.,0,German,,,,"978-3-519-03033-1,978-3-322-89143-3",,,,,,,10.1007/978-3-322-89143-3,,,,0,,1,1,1,,,1,4198856,pdf,2436d065f67e5d6b232d0df45cebd02f,,,A:\\compressed\\10.1007%2F978-3-322-89143-3.pdf,0,2000-01-01 01:00:00,2016-04-03 02:51:08,956000/2436d065f67e5d6b232d0df45cebd02f-d.jpg,,
15553385,Technologie hochintegrierter Schaltungen,,Halbleiter-Elektronik 19,,"Dr.-Ing. Dietrich Widmann,  Dr.-Ing. Hermann Mader,  Dr.-Ing. Hans Friedrich  (auth.)",1988,,Springer Berlin Heidelberg,,320,0,German,,,,"978-3-540-18439-3,978-3-642-97059-7",,,,,,,10.1007/978-3-642-97059-7,,,,0,,1,1,1,,,1,13299768,pdf,fb775a71f8a96f701172b85aab7c6eaa,,,A:\\compressed\\10.1007%2F978-3-642-97059-7.pdf,0,2000-01-01 01:00:00,2016-04-03 02:51:08,956000/fb775a71f8a96f701172b85aab7c6eaa-d.jpg,,
15553386,"Technische Grundlagen der Informatik: Elektronik, Datenverarbeitung und Prozeßsteuerung für Naturwissenschaftler und Ingenieure",, ,,Dr. rer. nat. Dieter Ebner  (auth.),1988,,Springer Berlin Heidelberg,,"XII, 422 S. 314 Abb.",0,German,,,,"978-3-540-18701-1,978-3-642-93371-4",,,,,,,10.1007/978-3-642-93371-4,,,,0,,1,1,1,,,1,20509395,pdf,fba9a2be804ac3ecba8aa3eeb6b44fe5,,,A:\\compressed\\10.1007%2F978-3-642-93371-4.pdf,0,2000-01-01 01:00:00,2016-04-03 02:51:08,956000/fba9a2be804ac3ecba8aa3eeb6b44fe5-d.jpg,,
15553387,Einführung in Theorie und Praxis der Zeitreihen- und Modalanalyse: Identifikation schwingungsfähiger elastomechanischer Systeme,,Grundlagen der Ingenieurwissenschaften ,,Hans Günther Natke  (auth.),1988,,Vieweg+Teubner Verlag,,559,0,German,,,,"978-3-528-18145-1,978-3-322-96179-2",,,,,,,10.1007/978-3-322-96179-2,,,,0,,1,1,1,,,1,21517094,pdf,eab69f567b4db25abed69f7171e7cb99,,,A:\\compressed\\10.1007%2F978-3-322-96179-2.pdf,0,2000-01-01 01:00:00,2016-04-03 02:51:08,956000/eab69f567b4db25abed69f7171e7cb99-d.jpg,,
15553388,Theorie und Praxis der Vakuumtechnik,, ,,"Max Wutz,  Hermann Adam,  Wilhelm Walcher  (auth.)",1988,4. Aufl.,Vieweg+Teubner Verlag,,654S.,0,German,,,,"978-3-528-24884-0,978-3-322-83543-7",,,,,,,10.1007/978-3-322-83543-7,,,,0,,1,1,1,,,1,58157301,pdf,7aeb43e14b1f6341b26da89076db3475,,,A:\\compressed\\10.1007%2F978-3-322-83543-7.pdf,0,2000-01-01 01:00:00,2016-04-03 02:51:08,956000/7aeb43e14b1f6341b26da89076db3475-d.jpg,,
15553389,Anwendungen der Methode der Randelemente in der Elastodynamik und der Fluiddynamik,,Mathematische Methoden in der Technik 9,,Prof. Dr. rer. nat. Heinz Antes  (auth.),1988,,Vieweg+Teubner Verlag,,199 S.,0,German,,,,"978-3-519-02626-6,978-3-322-91212-1",,,,,,,10.1007/978-3-322-91212-1,,,,0,,1,1,1,,,1,7677233,pdf,bfb4d8a36bd16ad4bddb65f6da99db67,,,A:\\compressed\\10.1007%2F978-3-322-91212-1.pdf,0,2000-01-01 01:00:00,2016-04-03 02:51:08,956000/bfb4d8a36bd16ad4bddb65f6da99db67-d.jpg,,
15553390,Elektrotechnik fur Informatike: Eine Einführung,, ,,Univ.-Prof. Dipl.-Ing. Dr. Franz Seifert  (auth.),1988,,Springer Vienna,,243,0,German,,,,"978-3-211-82092-6,978-3-7091-3285-2",,,,,,,10.1007/978-3-7091-3285-2,,,,0,,1,1,1,,,1,10043036,pdf,1e22c0d3cdde8d0dc8eb822838cc2b07,,,A:\\compressed\\10.1007%2F978-3-7091-3285-2.pdf,0,2000-01-01 01:00:00,2016-04-03 02:51:08,956000/1e22c0d3cdde8d0dc8eb822838cc2b07-d.jpg,,
15553391,Schweißtechnik: Verfahren und Werkstoffe,,Viewegs Fachbücher der Technik ,,Hans Joachim Fahrenwaldt  (auth.),1988,,Vieweg+Teubner Verlag,,239,0,German,,,,"978-3-528-04478-7,978-3-663-13945-4",,,,,,,10.1007/978-3-663-13945-4,,,,0,,1,1,1,,,1,6305852,pdf,3e7272ed5c2656848bcd53b39f354f57,,,A:\\compressed\\10.1007%2F978-3-663-13945-4.pdf,0,2000-01-01 01:00:00,2016-04-03 02:51:08,956000/3e7272ed5c2656848bcd53b39f354f57-d.jpg,,
15553392,Vitale Architektur: Traditionen · Projekte · Tendenzen einer Kultur des gewöhnlichen Bauens,, ,,"Manfred Hegger,  Wolfgang Pohl,  Stephan Reiß-Schmidt  (auth.)",1988,,Vieweg+Teubner Verlag,,199,0,German,,,,"978-3-528-08721-0,978-3-322-84141-4",,,,,,,10.1007/978-3-322-84141-4,,,,0,,1,1,1,,,1,13560546,pdf,626f1f3b4052733453df115aa5f53fb9,,,A:\\compressed\\10.1007%2F978-3-322-84141-4.pdf,0,2000-01-01 01:00:00,2016-04-03 02:51:08,956000/626f1f3b4052733453df115aa5f53fb9-d.jpg,,
15553393,Wolfgang Pauli: Das Gewissen der Physik,, ,,"C. P. Enz  (auth.),  Charles P. Enz,  Karl v. Meyenn  (eds.)",1988,,Vieweg+Teubner Verlag,,548,0,German,,,,"978-3-322-90271-9,978-3-322-90270-2",,,,,,,10.1007/978-3-322-90270-2,,,,0,,1,1,1,,,1,23568851,pdf,1721e41d3d460412d1420ab5d9dbb0b3,,,A:\\compressed\\10.1007%2F978-3-322-90270-2.pdf,0,2000-01-01 01:00:00,2016-04-03 02:51:08,956000/1721e41d3d460412d1420ab5d9dbb0b3-d.jpg,,
15553394,Sensorik,,Halbleiter-Elektronik 17,,Dr. rer. nat. Walter Heywang  (auth.),1988,"3., überarb. Aufl.",Springer Berlin Heidelberg,,"IV, 263 S.",0,German,,,,"978-3-540-19477-4,978-3-662-09862-2",,,,,,,10.1007/978-3-662-09862-2,,,,0,,1,1,1,,,1,8891276,pdf,abd72221644c0b9cc68cc96956768dd6,,,A:\\compressed\\10.1007%2F978-3-662-09862-2.pdf,0,2000-01-01 01:00:00,2016-04-03 02:51:08,956000/abd72221644c0b9cc68cc96956768dd6-d.jpg,,
15553395,Echtzeitsimulation zur Prozeßführung komplexer Systeme: Entwurf und Realisierung eines Systems zur interaktiven graphischen Modellierung und zur modularen/verteilten Echtzeitsimulation verkoppelter dynamischer Systeme,,Fachberichte Simulation 11,,Dr.-Ing. Hubert B. Keller  (auth.),1988,,Springer Berlin Heidelberg,,"XIV, 288 S.",0,German,,,,"978-3-540-50256-2,978-3-662-06811-3",,,,,,,10.1007/978-3-662-06811-3,,,,0,,1,1,1,,,1,11515093,pdf,83e824d1e0a437de9dce5d962a3fc4b2,,,A:\\compressed\\10.1007%2F978-3-662-06811-3.pdf,0,2000-01-01 01:00:00,2016-04-03 02:51:08,956000/83e824d1e0a437de9dce5d962a3fc4b2-d.jpg,,
15553396,Grundlagen der Elektrotechnik I,,Studienbücher Naturwissenschaft und Technik ,,Walter Ameling  (auth.),1988,"4, überarb. Aufl.",Vieweg+Teubner Verlag,,"IV, 216 S.",0,German,,,,"978-3-528-49149-9,978-3-322-91554-2",,,,,,,10.1007/978-3-322-91554-2,,,,0,,1,1,1,,,1,6161449,pdf,315dba3871e775509b468abe4f929b86,,,A:\\compressed\\10.1007%2F978-3-322-91554-2.pdf,0,2000-01-01 01:00:00,2016-04-03 02:51:08,956000/315dba3871e775509b468abe4f929b86-d.jpg,,
15553397,Hydraulische Steuerungen,, ,,"Ernst Kauffman  (auth.),  Kurt Mayer  (eds.)",1988,3. Aufl.,Vieweg+Teubner Verlag,,205S.,0,German,,,,"978-3-528-24098-1,978-3-322-85724-8",,,,,,,10.1007/978-3-322-85724-8,,,,0,,1,1,1,,,1,9209741,pdf,5e614776285e5f0a56390f95e4c02298,,,A:\\compressed\\10.1007%2F978-3-322-85724-8.pdf,0,2000-01-01 01:00:00,2016-04-03 02:51:08,956000/5e614776285e5f0a56390f95e4c02298-d.jpg,,
15553398,"CAD-Datenaustausch und -Datenverwaltung: Schnittstellen in Architektur, Bauwesen und Maschinenbau",,Beiträge zur Graphischen Datenverarbeitung ,,"K. Beucke,  P. Caprano,  B. Firmenich  (auth.),  Helmut Richard Weber  (eds.)",1988,,Springer Berlin Heidelberg,,"112 Abb. VII, 232 Seiten.",0,German,,,,"978-3-540-18826-1,978-3-642-73373-4",,,,,,,10.1007/978-3-642-73373-4,,,,0,,1,1,1,,,1,16110697,pdf,d8f557a135ebda3c6012b5eb3d7423c5,,,A:\\compressed\\10.1007%2F978-3-642-73373-4.pdf,0,2000-01-01 01:00:00,2016-04-03 02:51:08,956000/d8f557a135ebda3c6012b5eb3d7423c5-d.jpg,,
15553399,Labyrinth Problems: Labyrinth-Searching Abilities of Automata,,Teubner-Texte zur Mathematik 114,,Dr. sc. nat. Armin Hemmerling  (auth.),1989,,Vieweg+Teubner Verlag,,217 S.,0,English,,,,"978-3-322-94561-7,978-3-322-94560-0",,,,,,,10.1007/978-3-322-94560-0,,,,0,,1,1,1,,,1,7661620,pdf,e62b9f2505710bb7e55d4425aa0238f3,,,A:\\compressed\\10.1007%2F978-3-322-94560-0.pdf,0,2000-01-01 01:00:00,2016-04-03 02:51:08,956000/e62b9f2505710bb7e55d4425aa0238f3-d.jpg,,
15553400,Rechnergestützte Produktionsplanung und -steuerung: Effizienzorientierte Auswahl anpaßbarer Standardsoftware,,fir + iaw Forschung für die Praxis 25,,Dipl.-Ing. Eric Miessen  (auth.),1989,,Springer Berlin Heidelberg,,"XI, 173 S. 24 Abb. 7 Tab.",0,German,,,,"978-3-540-51829-7,978-3-642-51651-1",,,,,,,10.1007/978-3-642-51651-1,,,,0,,1,1,1,,,1,3827215,pdf,32308337cd1bf8a91277b6f53a0f768a,,,A:\\compressed\\10.1007%2F978-3-642-51651-1.pdf,0,2000-01-01 01:00:00,2016-04-03 02:51:08,956000/32308337cd1bf8a91277b6f53a0f768a-d.jpg,,
15553401,"CIM im Mittelstand: Fachtagung, Saarbrücken, 22. – 23.Februar 1989",, ,,"Prof. Dr. August-Wilhelm Scheer  (auth.),  Professor Dr. August-Wilhelm Scheer  (eds.)",1989,,Springer Berlin Heidelberg,,"121 Abb. VIII, 277 Seiten.",0,German,,,,"978-3-540-50895-3,978-3-642-74572-0",,,,,,,10.1007/978-3-642-74572-0,,,,0,,1,1,1,,,1,11847167,pdf,f0382a73f730842cc598e0a9a039a50e,,,A:\\compressed\\10.1007%2F978-3-642-74572-0.pdf,0,2000-01-01 01:00:00,2016-04-03 02:51:08,956000/f0382a73f730842cc598e0a9a039a50e-d.jpg,,
15553402,Elektrische Maschinen und Antriebe: Lehr- und Arbeitsbuch,,Viewegs Fachbücher der Technik ,,Klaus Fuest  (auth.),1989,"3., überarb. u. erw. Aufl.",Vieweg+Teubner Verlag,,"VIII, 145S. 151 Abb.. Mit zahlr. durchger. Beisp. und Übungen sowie",0,German,,,,"978-3-528-24076-9,978-3-663-01314-3",,,,,,,10.1007/978-3-663-01314-3,,,,0,,1,1,1,,,1,4467150,pdf,838e67d400283bebe94da9793fc46712,,,A:\\compressed\\10.1007%2F978-3-663-01314-3.pdf,0,2000-01-01 01:00:00,2016-04-03 02:51:08,956000/838e67d400283bebe94da9793fc46712-d.jpg,,
15553403,Management der Software-Wartung,,Leitfäden und Monographien der Informatik ,,"Dr. rer. pol. Michael A. Curth,  Dipl.-Inform. Martin L. Giebel  (auth.)",1989,,Vieweg+Teubner Verlag,,"II, 183 S.",0,German,,,,"978-3-519-02492-7,978-3-322-92750-7",,,,,,,10.1007/978-3-322-92750-7,,,,0,,1,1,1,,,1,2637027,pdf,8620cf42fb04ecaa84ac1c010d67801a,,,A:\\compressed\\10.1007%2F978-3-322-92750-7.pdf,0,2000-01-01 01:00:00,2016-04-03 02:51:08,956000/8620cf42fb04ecaa84ac1c010d67801a-d.jpg,,
15553404,Grundlagen der Elektrotechnik,,Viewegs Fachbücher der Technik ,,"Johann Reth,  Hellmut Kruschwitz,  Dieter Müllenborn,  Klemens Herrmann  (auth.)",1989,,Vieweg+Teubner Verlag,,450,0,German,,,,"978-3-528-54016-6,978-3-322-85081-2",,,,,,,10.1007/978-3-322-85081-2,,,,0,,1,1,1,,,1,15689884,pdf,3744eacbef410fbb5461aeced18e9cce,,,A:\\compressed\\10.1007%2F978-3-322-85081-2.pdf,0,2000-01-01 01:00:00,2016-04-03 02:51:08,956000/3744eacbef410fbb5461aeced18e9cce-d.jpg,,
15553405,Kollisionserkennung in numerischen Steuerungen mit der Distanzfeldmethode,,ISW Forschung und Praxis 78,,Karl-Heinz Kayser  (auth.),1989,,Springer Berlin Heidelberg,,131 S. 47 Abb.,0,German,,,,"978-3-540-51078-9,978-3-642-83767-8",,,,,,,10.1007/978-3-642-83767-8,,,,0,,1,1,1,,,1,8901857,pdf,b16dd9159048ee469960cf2b678c588e,,,A:\\compressed\\10.1007%2F978-3-642-83767-8.pdf,0,2000-01-01 01:00:00,2016-04-03 02:51:08,956000/b16dd9159048ee469960cf2b678c588e-d.jpg,,
15553406,Leichtbau-Konstruktion: Berechnungsgrundlagen und Gestaltung,,Viewegs Fachbücher der Technik ,,Prof. Dr.-Ing B. Klein  (auth.),1989,,Vieweg+Teubner Verlag,,483S.,0,German,,,,"978-3-528-04115-1,978-3-322-88818-1",,,,,,,10.1007/978-3-322-88818-1,,,,0,,1,1,1,,,1,10519666,pdf,1e96434fc489944f59b68f3a66eac356,,,A:\\compressed\\10.1007%2F978-3-322-88818-1.pdf,0,2000-01-01 01:00:00,2016-04-03 02:51:08,956000/1e96434fc489944f59b68f3a66eac356-d.jpg,,
15553407,Finite Elemente in der Statik und Dynamik,, ,,Prof. Dr.-Ing. Michael Link  (auth.),1989,,Vieweg+Teubner Verlag,,333,0,German,,,,"978-3-322-94024-7,978-3-322-94023-0",,,,,,,10.1007/978-3-322-94023-0,,,,0,,1,1,1,,,1,8066443,pdf,274e032b05627028592e150f7643f1ae,,,A:\\compressed\\10.1007%2F978-3-322-94023-0.pdf,0,2000-01-01 01:00:00,2016-04-03 02:51:08,956000/274e032b05627028592e150f7643f1ae-d.jpg,,
15553408,"Programmierung in Modula-2: Eine Einführung in das modulare Programmieren mit Anwendungsbeispielen unter UNIX, MS-DOS und TOS",,Leitfäden und Monographien der Informatik ,,"Prof. Dr. rer. nat. Mario Dal Cin,  Dipl.-Phys. Joachim Lutz,  Dr. rer. nat. Thomas Risse  (auth.)",1989,4Aufl.,Vieweg+Teubner Verlag,,328 S.,0,German,,,,"978-3-519-02280-0,978-3-322-94712-3",,,,,,,10.1007/978-3-322-94712-3,,,,0,,1,1,1,,,1,7494527,pdf,9afdc3f0098b6ff68aaf07c40f6b5a7e,,,A:\\compressed\\10.1007%2F978-3-322-94712-3.pdf,0,2000-01-01 01:00:00,2016-04-03 02:51:08,956000/9afdc3f0098b6ff68aaf07c40f6b5a7e-d.jpg,,
15553409,Angewandtes Problemlösungsverhalten: Denken und Handeln in komplexen Zusammenhängen,, ,,Dr.-Ing. Robert Sell  (auth.),1989,"2., korr.Aufl.",Springer Berlin Heidelberg,,"IX, 242 S.",0,German,,,,"978-3-540-51014-7,978-3-662-05754-4",,,,,,,10.1007/978-3-662-05754-4,,,,0,,1,1,1,,,1,4673697,pdf,4b3b4b0d1ec43e0cadf83c794fb2a5d3,,,A:\\compressed\\10.1007%2F978-3-662-05754-4.pdf,0,2000-01-01 01:00:00,2016-04-03 02:51:08,956000/4b3b4b0d1ec43e0cadf83c794fb2a5d3-d.jpg,,
15553410,Elektronik: Band II: Schaltungen für Elektrotechniker ab 1. Semester,, ,,Bodo Morgenstern  (auth.),1989,"6, verb. Aufl.",Vieweg+Teubner Verlag,,"XII, 304S.",0,German,,,,"978-3-528-53334-2,978-3-322-83236-8",,,,,,,10.1007/978-3-322-83236-8,,,,0,,1,1,1,,,1,18945120,pdf,74b75178bbf02fb3fe7d92dedfe00c9d,,,A:\\compressed\\10.1007%2F978-3-322-83236-8.pdf,0,2000-01-01 01:00:00,2016-04-03 02:51:08,956000/74b75178bbf02fb3fe7d92dedfe00c9d-d.jpg,,
15553411,CAD-Expertensystem: Kunststoff — Metall — Kleben,, ,,"R. Chemnitius  (auth.),  Prof. Dr. rer. nat. Helmut Käufer  (eds.)",1989,,Springer Berlin Heidelberg,,"XII, 150 S. 30 Abb.",0,German,,,,"978-3-540-51697-2,978-3-642-52334-2",,,,,,,10.1007/978-3-642-52334-2,,,,0,,1,1,1,,,1,3755998,pdf,cfe6c413cefcb188ccecf6a3677009c9,,,A:\\compressed\\10.1007%2F978-3-642-52334-2.pdf,0,2000-01-01 01:00:00,2016-04-03 02:51:08,956000/cfe6c413cefcb188ccecf6a3677009c9-d.jpg,,
15553412,Moderne Zeiten in der Automobilfabrik: Strategien der Produktionsmodernisierung im Länder- und Konzernvergleich,, ,,"Dr. Ulrich Jürgens,  Dr. Thomas Malsch,  Dr. Knuth Dohse  (auth.)",1989,,Springer Berlin Heidelberg,,"XIV, 392 S. 231 Abb.",0,German,,,,"978-3-540-50184-8,978-3-642-93398-1",,,,,,,10.1007/978-3-642-93398-1,,,,0,,1,1,1,,,1,15456978,pdf,4404d9d82b7c0a0f450f67250c490453,,,A:\\compressed\\10.1007%2F978-3-642-93398-1.pdf,0,2000-01-01 01:00:00,2016-04-03 02:51:08,956000/4404d9d82b7c0a0f450f67250c490453-d.jpg,,
15553413,Einführung in die Mathematik für Informatiker: Band 1,, ,,"Univ.-Prof. Dr. phil. Gerd Baron,  Univ.-Doz. Mag. rer. nat. Dr. phil. Peter Kirschenhofer  (auth.)",1989,,Springer Vienna,,"VIII, 196 S. 50 Abb.",0,German,,,,"978-3-211-82084-1,978-3-7091-3323-1",,,,,,,10.1007/978-3-7091-3323-1,,,,0,,1,1,1,,,1,3770498,pdf,cb026b5acb5def7b7517b0f07de10364,,,A:\\compressed\\10.1007%2F978-3-7091-3323-1.pdf,0,2000-01-01 01:00:00,2016-04-03 02:51:08,956000/cb026b5acb5def7b7517b0f07de10364-d.jpg,,
15553414,Organisation in der Produktionstechnik: Arbeitsvorbereitung,,Studium und Praxis ,,Prof. Dr.-Ing. Dipl.-Wirt.-Ing. Walter Eversheim  (auth.),1989,,Springer Berlin Heidelberg,,212,0,German,,,,"978-3-662-22686-5,978-3-662-22685-8",,,,,,,10.1007/978-3-662-22685-8,,,,0,,1,1,1,,,1,8223730,pdf,679aaf6542c4aa009755fc7846c44e95,,,A:\\compressed\\10.1007%2F978-3-662-22685-8.pdf,0,2000-01-01 01:00:00,2016-04-03 02:51:08,956000/679aaf6542c4aa009755fc7846c44e95-d.jpg,,
15553415,Algebraische Spezifikation abstrakter Datentypen: Eine Einführung in die Theorie,,Leitfäden und Monographien der Informatik ,,"Prof. Dr. rer. nat. Hans-Dieter Ehrich,  Dr. rer. nat. Martin Gogolla,  Prof. Dr. rer. nat. habil. Udo Walter Lipeck  (auth.)",1989,,Vieweg+Teubner Verlag,,"IX, 239 S.",0,German,,,,"978-3-519-02266-4,978-3-322-94709-3",,,,,,,10.1007/978-3-322-94709-3,,,,0,,1,1,1,,,1,9807174,pdf,954bea3ae3a7e7206b1862115136417c,,,A:\\compressed\\10.1007%2F978-3-322-94709-3.pdf,0,2000-01-01 01:00:00,2016-04-03 02:51:08,956000/954bea3ae3a7e7206b1862115136417c-d.jpg,,
15553416,Dynamische Systeme und Fraktale: Computergrafische Experimente mit Pascal,, ,,"Karl-Heinz Becker,  Michael Dörfler  (auth.)",1989,3. Aufl.,Vieweg+Teubner Verlag,,387S.,0,German,,,,"978-3-528-24461-3,978-3-322-83672-4",,,,,,,10.1007/978-3-322-83672-4,,,,0,,1,1,1,,,1,24583206,pdf,71d47d3268561cc774caecabf8753ed2,,,A:\\compressed\\10.1007%2F978-3-322-83672-4.pdf,0,2000-01-01 01:00:00,2016-04-03 02:51:08,956000/71d47d3268561cc774caecabf8753ed2-d.jpg,,
15553417,Rechnergestützte Verfahren zur Auslegung der Mechanik von Industrierobotern,,IPA-IAO Forschung und Praxis 130,,Dipl.-Ing. Martin-Christoph Wanner  (auth.),1989,,Springer Berlin Heidelberg,,202 S. 80 Abb.,0,German,,,,"978-3-540-50640-9,978-3-642-83687-9",,,,,,,10.1007/978-3-642-83687-9,,,,0,,1,1,1,,,1,12004379,pdf,0217bc845097bfbcf981d2c30a17bb0b,,,A:\\compressed\\10.1007%2F978-3-642-83687-9.pdf,0,2000-01-01 01:00:00,2016-04-03 02:51:08,956000/0217bc845097bfbcf981d2c30a17bb0b-d.jpg,,
15553418,Logische Grundlagen der Künstlichen Intelligenz,,Artificial Intelligence / Künstliche Intelligenz ,,"Michael R. Genesereth,  Nils J. Nilsson  (auth.),  Michael Tarnowski  (eds.)",1989,,Vieweg+Teubner Verlag,,"XXIV, 576S.",0,German,,,,"978-3-528-04638-5,978-3-322-92881-8",,,,,,,10.1007/978-3-322-92881-8,,,,0,,1,1,1,,,1,13324009,pdf,9a3a25e6ccc9df5b66f610b0a01fdccb,,,A:\\compressed\\10.1007%2F978-3-322-92881-8.pdf,0,2000-01-01 01:00:00,2016-04-03 02:51:08,956000/9a3a25e6ccc9df5b66f610b0a01fdccb-d.jpg,,
15553419,Einführung in die reelle Algebra,,vieweg studium Aufbaukurs Mathematik 63,,"Manfred Knebusch,  Claus Scheiderer  (auth.)",1989,,Vieweg+Teubner Verlag,,"X, 184S.",0,German,,,,"978-3-528-07263-6,978-3-322-85033-1",,,,,,,10.1007/978-3-322-85033-1,,,,0,,1,1,1,,,1,4759448,pdf,aebb64beecf6cc7f4558357996c3e07a,,,A:\\compressed\\10.1007%2F978-3-322-85033-1.pdf,0,2000-01-01 01:00:00,2016-04-03 02:51:08,956000/aebb64beecf6cc7f4558357996c3e07a-d.jpg,,
15553420,"Praktische Statik nach Cross, Steinman und Kani",, ,,Herbert Heide  (auth.),1989,7Aufl.,Vieweg+Teubner Verlag,,248S. Mit zahlr. Bildern.,0,German,,,,"978-3-322-84412-5,978-3-322-84411-8",,,,,,,10.1007/978-3-322-84411-8,,,,0,,1,1,1,,,1,15012742,pdf,a8ba0b3304392691faf91916435bd526,,,A:\\compressed\\10.1007%2F978-3-322-84411-8.pdf,0,2000-01-01 01:00:00,2016-04-03 02:51:08,956000/a8ba0b3304392691faf91916435bd526-d.jpg,,
15553421,Passive Mikrowellenradiometrie,, ,,Dr. Bernd Vowinkel  (auth.),1989,,Vieweg+Teubner Verlag,,326S.,0,English,,,,"978-3-528-08959-7,978-3-322-86042-2",,,,,,,10.1007/978-3-322-86042-2,,,,0,,1,1,1,,,1,10354051,pdf,53fdf98c3a2bd46dfc6051f23d647add,,,A:\\compressed\\10.1007%2F978-3-322-86042-2.pdf,0,2000-01-01 01:00:00,2016-04-03 02:51:08,956000/53fdf98c3a2bd46dfc6051f23d647add-d.jpg,,
15553422,Informations- und Codierungstheorie: Mathematische Grundlagen der Daten-Kompression und -Sicherung in diskreten Kommunikationssystemen,,Studienreihe Informatik ,,"Prof. Dr. Werner Heise,  Prof. Pasquale Quattrocchi  (auth.)",1989,"Ursprünglich monographisch erschienen2., neubearb. Aufl.",Springer Berlin Heidelberg,,"XII, 392 S. 114 Abb.",0,German,,,,"978-3-540-50537-2,978-3-642-97143-3",,,,,,,10.1007/978-3-642-97143-3,,,,0,,1,1,1,,,1,30218280,pdf,39a48a0c978ba726149bb4be16515732,,,A:\\compressed\\10.1007%2F978-3-642-97143-3.pdf,0,2000-01-01 01:00:00,2016-04-03 02:51:08,956000/39a48a0c978ba726149bb4be16515732-d.jpg,,
15553423,Entwicklung eines integrierten NC-Planungssystems,,iwb Forschungsberichte 23,,Dipl.-Ing. Stefan Peiker  (auth.),1989,,Springer Berlin Heidelberg,,"XI, 167 S. 66 Abb.",0,German,,,,"978-3-540-51880-8,978-3-642-75210-0",,,,,,,10.1007/978-3-642-75210-0,,,,0,,1,1,1,,,1,10964345,pdf,3ad57e8897663dd5d927ba76474f1dec,,,A:\\compressed\\10.1007%2F978-3-642-75210-0.pdf,0,2000-01-01 01:00:00,2016-04-03 02:51:08,956000/3ad57e8897663dd5d927ba76474f1dec-d.jpg,,
15553424,"Rheinisch-Westfälische Akademie der Wissenschaften: Natur-, Ingenieur- und Wirtschaftswissenschaften Vorträge · N 373",, ,,Rolf Staufenbiel  (auth.),1989,,VS Verlag für Sozialwissenschaften,,74S.,0,German,,,,"978-3-531-08373-5,978-3-322-86341-6",,,,,,,10.1007/978-3-322-86341-6,,,,0,,1,1,1,,,1,2980416,pdf,b46ce596780932e6b668734004851167,,,A:\\compressed\\10.1007%2F978-3-322-86341-6.pdf,0,2000-01-01 01:00:00,2016-04-03 02:51:08,956000/b46ce596780932e6b668734004851167-d.jpg,,
15553425,Hochleistungsfaserverbundwerkstoffe: Herstellung und experimentelle Charakterisierung,,Teubner Studienbücher Mechanik ,,"Leif A. Carlsson,  R. Byron Pipes  (auth.)",1989,,Vieweg+Teubner Verlag,,176 S.,0,English,,,,"978-3-519-03250-2,978-3-322-96703-9",,,,,,,10.1007/978-3-322-96703-9,,,,0,,1,1,1,,,1,4774606,pdf,e76ffeac3c9f9a00b0d7be6b8fd6a1be,,,A:\\compressed\\10.1007%2F978-3-322-96703-9.pdf,0,2000-01-01 01:00:00,2016-04-03 02:51:08,956000/e76ffeac3c9f9a00b0d7be6b8fd6a1be-d.jpg,,
15553426,"Die schwache Wechselwirkung in Kern-, Teilchen- und Astrophysik: Eine Einführung",,Teubner Studienbücher Physik ,,"Prof. Dr. rer. nat. Hans Volker Klapdor,  Dr. rer. nat. Klaus Grotz  (auth.)",1989,,Vieweg+Teubner Verlag,,"IX, 458S.",0,German,,,,"978-3-519-03035-5,978-3-322-84833-8",,,,,,,10.1007/978-3-322-84833-8,,,,0,,1,1,1,,,1,15489100,pdf,d35fbe45739ddbed5752945d0b9d23f3,,,A:\\compressed\\10.1007%2F978-3-322-84833-8.pdf,0,2000-01-01 01:00:00,2016-04-03 02:51:08,956000/d35fbe45739ddbed5752945d0b9d23f3-d.jpg,,
15553427,Höhere mathematische Methoden für Ingenieure und Physiker,,Hochschultext ,,"Priv.-Doz. Dr.-Ing. Peter Plaschko,  Dr. rer. nat. Klaus Brod  (auth.)",1989,,Springer Berlin Heidelberg,,"XVI, 439 S. 89 Abb.",0,German,,,,"978-3-540-50388-0,978-3-642-83621-3",,,,,,,10.1007/978-3-642-83621-3,,,,0,,1,1,1,,,1,27579316,pdf,5fc77d9f9b32283ebaa92601e4cd6262,,,A:\\compressed\\10.1007%2F978-3-642-83621-3.pdf,0,2000-01-01 01:00:00,2016-04-03 02:51:08,956000/5fc77d9f9b32283ebaa92601e4cd6262-d.jpg,,
15553428,Gewöhnliche Differentialgleichungen: Einführung in Lehre und Gebrauch,,Mathematische Leitfäden ,,Dr. rer. nat. Harro Heuser  (auth.),1989,2.Aufl.,Vieweg+Teubner Verlag,,628 S.,0,German,,,,"978-3-519-12227-2,978-3-322-93992-0",,,,,,,10.1007/978-3-322-93992-0,,,,0,,1,1,1,,,1,11472944,pdf,366ea30f4b0f818bbc05e6e814a1ebc3,,,A:\\compressed\\10.1007%2F978-3-322-93992-0.pdf,0,2000-01-01 01:00:00,2016-04-03 02:51:08,956000/366ea30f4b0f818bbc05e6e814a1ebc3-d.jpg,,
15553429,Geschichte der Nachrichtentechnik: Band 1 Beiträge zur Geschichte der Nachrichtentechnik von ihren Anfängen bis zum Ende des 18. Jahrhunderts,, ,,Professor Dr.-Ing. Volker Aschoff  (auth.),1989,,Springer Berlin Heidelberg,,263,0,German,,,,"978-3-642-86849-8,978-3-642-86848-1",,,,,,,10.1007/978-3-642-86848-1,,,,0,,1,1,1,,,1,6129279,pdf,2d60dcab6fa1100243a1e98068ba8227,,,A:\\compressed\\10.1007%2F978-3-642-86848-1.pdf,0,2000-01-01 01:00:00,2016-04-03 02:51:08,956000/2d60dcab6fa1100243a1e98068ba8227-d.jpg,,
15553430,Ewige Kalender,, ,,"A. W. Butkewitsch,  M. S. Selikson  (auth.)",1989,6Aufl.,Vieweg+Teubner Verlag,,112S.,0,German,,,,"978-3-322-00393-5,978-3-322-93033-0",,,,,,,10.1007/978-3-322-93033-0,,,,0,,1,1,1,,,1,2934766,pdf,a3d5eb1533a8bce6c7dd9087d27d90e7,,,A:\\compressed\\10.1007%2F978-3-322-93033-0.pdf,0,2000-01-01 01:00:00,2016-04-03 02:51:08,956000/a3d5eb1533a8bce6c7dd9087d27d90e7-d.jpg,,
15553431,Optische Strömungsmesstechnik,, ,,Dr. rer. nat. Herbert Oertel  (auth.),1989,,Braun-Verlag,,840,0,German,,,,"978-3-642-51756-3,978-3-642-51755-6",,,,,,,10.1007/978-3-642-51755-6,,,,0,,1,1,1,,,1,32719101,pdf,5757305f8b9760816b42a012fb006dd6,,,A:\\compressed\\10.1007%2F978-3-642-51755-6.pdf,0,2000-01-01 01:00:00,2016-04-03 02:51:08,956000/5757305f8b9760816b42a012fb006dd6-d.jpg,,
15553432,Einführung in die Festkörperphysik,,Teubner Studienbücher Physik/Chemie ,,Prof. Dr. rer. nat. Konrad Kopitzki  (auth.),1989,2.Aufl.,Vieweg+Teubner Verlag,,293 S.,0,German,,,,"978-3-519-13083-3,978-3-322-94007-0",,,,,,,10.1007/978-3-322-94007-0,,,,0,,1,1,1,,,1,9815495,pdf,d3f1f939d1a204120ca331ca049c3c18,,,A:\\compressed\\10.1007%2F978-3-322-94007-0.pdf,0,2000-01-01 01:00:00,2016-04-03 02:51:08,956000/d3f1f939d1a204120ca331ca049c3c18-d.jpg,,
15553433,Programmierleitfaden IBM ROM BIOS,, ,,Ray Duncan  (auth.),1989,,Vieweg+Teubner Verlag,,136,0,German,,,,"978-3-322-99742-5,978-3-322-99741-8",,,,,,,10.1007/978-3-322-99741-8,,,,0,,1,1,1,,,1,2876995,pdf,ae2d272650c4ef8cc51e1c2178535b53,,,A:\\compressed\\10.1007%2F978-3-322-99741-8.pdf,0,2000-01-01 01:00:00,2016-04-03 02:51:08,956000/ae2d272650c4ef8cc51e1c2178535b53-d.jpg,,
15553434,Lastmanagement bei zeitvariabler Elektrizitätspreisbildung in Industriebetrieben,,Schriftenreihe Energie- und Rohstoffwirtschaft Technische Universität Berlin 2,,Dipl.-Ing. Manfred Dittmer  (auth.),1989,,Springer Berlin Heidelberg,,"46 Abb., 46 Tab. XVII, 224 Seiten.",0,German,,,,"978-3-540-50780-2,978-3-642-83706-7",,,,,,,10.1007/978-3-642-83706-7,,,,0,,1,1,1,,,1,8224019,pdf,c90394bc5dc16e0f3ebd5136fe4ec11b,,,A:\\compressed\\10.1007%2F978-3-642-83706-7.pdf,0,2000-01-01 01:00:00,2016-04-03 02:51:08,956000/c90394bc5dc16e0f3ebd5136fe4ec11b-d.jpg,,
15553435,Mathematik für Informatiker 1,,Leitfäden und Monographien der Informatik ,,"Prof. Dr. rer. nat. Karl-Heinz Kiyek,  Dr. rer. nat. Friedrich Schwarz  (auth.)",1989,2.Aufl.,Vieweg+Teubner Verlag,,"VII, 300 S.",0,German,,,,"978-3-519-12277-7,978-3-322-92678-4",,,,,,,10.1007/978-3-322-92678-4,,,,0,,1,1,1,,,1,8207690,pdf,05a3a31efaccb1b1aab74fe374d7238a,,,A:\\compressed\\10.1007%2F978-3-322-92678-4.pdf,0,2000-01-01 01:00:00,2016-04-03 02:51:08,956000/05a3a31efaccb1b1aab74fe374d7238a-d.jpg,,
15553436,"Mechanisches Verhalten keramischer Werkstoffe: Versagensablauf, Werkstoffauswahl, Dimensionierung",,Werkstoff-Forschung und -Technik 8,,"Dr. rer. nat. Dietrich Munz,  Dr.-Ing. Theo Fett  (auth.)",1989,,Springer Berlin Heidelberg,,"XIII, 244 S. 149 Abb.",0,German,,,,"978-3-540-51508-1,978-3-642-51710-5",,,,,,,10.1007/978-3-642-51710-5,,,,0,,1,1,1,,,1,9417539,pdf,56f3486398c4ef90355242ce9db22ee8,,,A:\\compressed\\10.1007%2F978-3-642-51710-5.pdf,0,2000-01-01 01:00:00,2016-04-03 02:51:08,956000/56f3486398c4ef90355242ce9db22ee8-d.jpg,,
15553437,Leichtbau: Band 2: Konstruktion,, ,,Professor Dr.-Ing. Johannes Wiedemann  (auth.),1989,,Springer Berlin Heidelberg,,475,0,German,,,,"978-3-662-08355-0,978-3-662-08354-3",,,,,,,10.1007/978-3-662-08354-3,,,,0,,1,1,1,,,1,16440128,pdf,d3d4350ba741adbcbd62d872a7f38c84,,,A:\\compressed\\10.1007%2F978-3-662-08354-3.pdf,0,2000-01-01 01:00:00,2016-04-03 02:51:08,956000/d3d4350ba741adbcbd62d872a7f38c84-d.jpg,,
15553438,The Economic Design of Control Charts,,Teubner Skripten zur Mathematischen Stochastik ,,Priv-Doz. Dr. rer. nat. habil. Elart von Collani  (auth.),1989,,Vieweg+Teubner Verlag,,"XII, 173 S.",0,English,,,,"978-3-519-02729-4,978-3-322-94763-5",,,,,,,10.1007/978-3-322-94763-5,,,,0,,1,1,1,,,1,4791627,pdf,1b55681b87ecfe819d13dfda62213090,,,A:\\compressed\\10.1007%2F978-3-322-94763-5.pdf,0,2000-01-01 01:00:00,2016-04-03 02:51:08,956000/1b55681b87ecfe819d13dfda62213090-d.jpg,,
15553439,Integrierte Optoelektronik: Wellenleiteroptik Photonik Halbleiter,, ,,Prof. Dr. Karl Joachim Ebeling  (auth.),1989,,Springer Berlin Heidelberg,,"XIV, 530 S.",0,German,,,,"978-3-540-51300-1,978-3-662-07946-1",,,,,,,10.1007/978-3-662-07946-1,,,,0,,1,1,1,,,1,22019419,pdf,b7145af88dddf2cbb38fbb9954240712,,,A:\\compressed\\10.1007%2F978-3-662-07946-1.pdf,0,2000-01-01 01:00:00,2016-04-03 02:51:08,956000/b7145af88dddf2cbb38fbb9954240712-d.jpg,,
15553440,CAD-Video-Somatographie: Entwicklung und Bewertung einer Methode zur anthropometrischen Arbeitsgestaltung,,IPA-IAO Forschung und Praxis 142,,Dipl.-Wirtsch.-Ing. Dieter Lorenz  (auth.),1989,,Springer Berlin Heidelberg,,169 S. 61 Abb.,0,German,,,,"978-3-540-52163-1,978-3-642-84093-7",,,,,,,10.1007/978-3-642-84093-7,,,,0,,1,1,1,,,1,7019584,pdf,2dffe21c70dbc64128545da5830e0878,,,A:\\compressed\\10.1007%2F978-3-642-84093-7.pdf,0,2000-01-01 01:00:00,2016-04-03 02:51:08,956000/2dffe21c70dbc64128545da5830e0878-d.jpg,,
15553441,Auf der Suche nach der Urkraft,,Kleine Naturwissenschaftliche Bibliothek 61,,Dr. rer. nat. Christian Spiering  (auth.),1989,2.Aufl.,Vieweg+Teubner Verlag,,132S.,0,German,,,,"978-3-322-00315-7,978-3-322-86648-6",,,,,,,10.1007/978-3-322-86648-6,,,,0,,1,1,1,,,1,4074640,pdf,1303cdedd70a539810d000681ad049ac,,,A:\\compressed\\10.1007%2F978-3-322-86648-6.pdf,0,2000-01-01 01:00:00,2016-04-03 02:51:08,956000/1303cdedd70a539810d000681ad049ac-d.jpg,,
15553442,"Kooperation und Konkurrenz: Nebenläufige, verteilte und echtzeitabhängige Programmsysteme",,Studienreihe Informatik ,,"Dr.-Ing. Ralf Guido Herrtwich,  Prof. Dr.-Ing. Günter Hommel  (auth.)",1989,,Springer Berlin Heidelberg,,"XVII, 463 S. 89 Abb., 28 Kapitelillustrationen",0,German,,,,"978-3-642-97852-4,978-3-642-97851-7",,,,,,,10.1007/978-3-642-97851-7,,,,0,,1,1,1,,,1,28720004,pdf,6a5e6c7e2dc9513b51ac9d42e38b3c1a,,,A:\\compressed\\10.1007%2F978-3-642-97851-7.pdf,0,2000-01-01 01:00:00,2016-04-03 02:51:08,956000/6a5e6c7e2dc9513b51ac9d42e38b3c1a-d.jpg,,
15553443,Grundlagen zur Entwicklung reinraumtauglicher Handhabungssysteme,,IPA-IAO Forschung und Praxis 141,,Dipl.-Ing. Jürgen Geißinger  (auth.),1989,,Springer Berlin Heidelberg,,124 S. 82 Abb.,0,German,,,,"978-3-540-51959-1,978-3-642-84037-1",,,,,,,10.1007/978-3-642-84037-1,,,,0,,1,1,1,,,1,4826608,pdf,a7ec7e2d7e9873fab08dd0694b189bc9,,,A:\\compressed\\10.1007%2F978-3-642-84037-1.pdf,0,2000-01-01 01:00:00,2016-04-03 02:51:08,956000/a7ec7e2d7e9873fab08dd0694b189bc9-d.jpg,,
15553444,Die Methode der finiten Elemente: Eine Einführung in die Grundlagen,, ,,"Professor Dr.-Ing. Udo Meißner,  Dr.-Ing. Andreas Menzel  (auth.)",1989,,Springer Berlin Heidelberg,,"XI, 288 S.",0,German,,,,"978-3-540-50162-6,978-3-662-06667-6",,,,,,,10.1007/978-3-662-06667-6,,,,0,,1,1,1,,,1,11338847,pdf,46e0a461e7b6ff530a3ebea4582b744b,,,A:\\compressed\\10.1007%2F978-3-662-06667-6.pdf,0,2000-01-01 01:00:00,2016-04-03 02:51:08,956000/46e0a461e7b6ff530a3ebea4582b744b-d.jpg,,
15553445,"Estelle, LOTOS und SDL: Standard-Spezifikationssprachen für verteilte Systeme",,Springer Compass ,,Dr. Dieter Hogrefe  (auth.),1989,,Springer Berlin Heidelberg,,"XV, 188 S. 71 Abb.",0,German,,,,"978-3-642-74239-2,978-3-642-74238-5",,,,,,,10.1007/978-3-642-74238-5,,,,0,,1,1,1,,,1,10193353,pdf,e7f3db92efe782c3757ebbd3d8eed8fe,,,A:\\compressed\\10.1007%2F978-3-642-74238-5.pdf,0,2000-01-01 01:00:00,2016-04-03 02:51:08,956000/e7f3db92efe782c3757ebbd3d8eed8fe-d.jpg,,
15553446,Die empirisch-wissenschaftliche Sicht,, ,,o. Prof. Dipl.-Ing. Dr. techn. Gerhard Fasching  (auth.),1989,,Springer Vienna,,441,0,German,,,,"978-3-7091-9060-9,978-3-7091-9059-3",,,,,,,10.1007/978-3-7091-9059-3,,,,0,,1,1,1,,,1,14618137,pdf,d5112d0510dbf7cdb5cb6a9f6f9137e3,,,A:\\compressed\\10.1007%2F978-3-7091-9059-3.pdf,0,2000-01-01 01:00:00,2016-04-03 02:51:08,956000/d5112d0510dbf7cdb5cb6a9f6f9137e3-d.jpg,,
15553447,Baustatik in Beispielen und Aufgaben: Teil 4 Einflußlinien,,Baustatik in Beispielen und Aufgaben ,,"Prof. Dipl.-Ing. Josef Bötzl,  Prof. Dipl.-Ing. Heinz-Dieter Martin  (auth.)",1989,,Springer Berlin Heidelberg,,"IX, 126 S.",0,German,,,,"978-3-540-62382-3,978-3-642-48405-6",,,,,,,10.1007/978-3-642-48405-6,,,"Ursprünglich erschienen beim VDI-Verlag, Düsseldorf2., neubearb. Aufl.",0,,1,1,1,,,1,3416547,pdf,fc41d514126fd4f8289c17fc186029a9,,,A:\\compressed\\10.1007%2F978-3-642-48405-6.pdf,0,2000-01-01 01:00:00,2016-04-03 02:51:08,956000/fc41d514126fd4f8289c17fc186029a9-d.jpg,,
15553448,Prinzipien und Realisierung von Betriebssystemen,,Leitfäden und Monographien der Informatik ,,Dr. rer. nat. Gerhard Weck  (auth.),1989,3.Aufl.,Vieweg+Teubner Verlag,,309 S.,0,German,,,,"978-3-519-02271-8,978-3-322-96666-7",,,,,,,10.1007/978-3-322-96666-7,,,,0,,1,1,1,,,1,6841266,pdf,ef925e8214583c7b45eaafee452734d7,,,A:\\compressed\\10.1007%2F978-3-322-96666-7.pdf,0,2000-01-01 01:00:00,2016-04-03 02:51:08,956000/ef925e8214583c7b45eaafee452734d7-d.jpg,,
15553449,Finite Differenzen und Elemente: Numerische Lösung von Variationsproblemen und partiellen Differentialgleichungen,, ,,Dr. phil. nat. Dietrich Marsal  (auth.),1989,,Springer Berlin Heidelberg,,"XVII, 300 S. 64 Abb.",0,German,,,,"978-3-540-50192-3,978-3-642-49948-7",,,,,,,10.1007/978-3-642-49948-7,,,,0,,1,1,1,,,1,13287060,pdf,fa01c06128701190d004276e55d68557,,,A:\\compressed\\10.1007%2F978-3-642-49948-7.pdf,0,2000-01-01 01:00:00,2016-04-03 02:51:08,956000/fa01c06128701190d004276e55d68557-d.jpg,,
15553450,Mehrdimensionale lineare Systeme: Fourier-Transformation und δ-Funktionen,,Nachrichtentechnik 20,,Dr.-Ing. habil. Richard Bamler  (auth.),1989,,Springer Berlin Heidelberg,,"128 Abb. X, 241 S.",0,German,,,,"978-3-540-51069-7,978-3-642-83763-0",,,,,,,10.1007/978-3-642-83763-0,,,,0,,1,1,1,,,1,7047039,pdf,f416af644f717256c64a840baa19ede1,,,A:\\compressed\\10.1007%2F978-3-642-83763-0.pdf,0,2000-01-01 01:00:00,2016-04-03 02:51:08,956000/f416af644f717256c64a840baa19ede1-d.jpg,,
15553451,Dynamik der Mechanismen,, ,,"Prof. Dr. sc. techn. Hans Dresig,  Prof. Dr. sc. techn. Iosif Isaakevič Vul’fson  (auth.)",1989,,Springer Vienna,,326,0,German,,,,"978-3-7091-9036-4,978-3-7091-9035-7",,,,,,,10.1007/978-3-7091-9035-7,,,,0,,1,1,1,,,1,15569451,pdf,f16db0b14031a6d138f2fc0c244f6cbe,,,A:\\compressed\\10.1007%2F978-3-7091-9035-7.pdf,0,2000-01-01 01:00:00,2016-04-03 02:51:08,956000/f16db0b14031a6d138f2fc0c244f6cbe-d.jpg,,
15553452,CAD für Moduln und Systeme in der Elektronik: Entwurf und Technologie,, ,,"Dr. rer. nat. Werner Sammer,  Dipl.-Math. Hartmut Raffler  (auth.)",1989,,Springer Berlin Heidelberg,,"XIII, 311 S. 133 Abb.",0,German,,,,"978-3-540-51302-5,978-3-642-93433-9",,,,,,,10.1007/978-3-642-93433-9,,,,0,,1,1,1,,,1,14970579,pdf,4b91153bc223bb963a89e6f33d0d9d44,,,A:\\compressed\\10.1007%2F978-3-642-93433-9.pdf,0,2000-01-01 01:00:00,2016-04-03 02:51:08,956000/4b91153bc223bb963a89e6f33d0d9d44-d.jpg,,
15553453,CAD für Bauingenieure: Konstruktionstechniken mit CAD-Programmen,, ,,Thomas Pfeiffer  (auth.),1989,,Vieweg+Teubner Verlag,,"VIII, 275S.",0,German,,,,"978-3-528-08831-6,978-3-322-83186-6",,,,,,,10.1007/978-3-322-83186-6,,,,0,,1,1,1,,,1,11149196,pdf,8fb03620133d3d855f100288185c1cda,,,A:\\compressed\\10.1007%2F978-3-322-83186-6.pdf,0,2000-01-01 01:00:00,2016-04-03 02:51:08,956000/8fb03620133d3d855f100288185c1cda-d.jpg,,
15553454,Nichtphysikalische Grundlagen der Informationstechnik: Interpretierte Formalismen,, ,,Prof. Dr.-Ing. Siegfried Wendt  (auth.),1989,,Springer Berlin Heidelberg,,"VIII, 485 S. 260 Abb.",0,German,,,,"978-3-540-51555-5,978-3-642-97202-7",,,,,,,10.1007/978-3-642-97202-7,,,,0,,1,1,1,,,1,31317662,pdf,b9466ca41bbb929600ea971f97dfaf64,,,A:\\compressed\\10.1007%2F978-3-642-97202-7.pdf,0,2000-01-01 01:00:00,2016-04-03 02:51:08,956000/b9466ca41bbb929600ea971f97dfaf64-d.jpg,,
15553455,Sicherheit bei Instandhaltungsarbeiten: Methode zur Ermittlung von Gefährdungen,,fir+iaw Forschung für die Praxis 22,,Dipl.-Ing. Peter Hartung  (auth.),1989,,Springer Berlin Heidelberg,,"X, 176 S. 81 Abb.",0,German,,,,"978-3-540-50748-2,978-3-642-83704-3",,,,,,,10.1007/978-3-642-83704-3,,,,0,,1,1,1,,,1,4214644,pdf,26b84e524474a10b8390c1870dc7c09f,,,A:\\compressed\\10.1007%2F978-3-642-83704-3.pdf,0,2000-01-01 01:00:00,2016-04-03 02:51:08,956000/26b84e524474a10b8390c1870dc7c09f-d.jpg,,
15553456,Rechnergestützter Entwurf hochintegrierter MOS-Schaltungen,,Hochschultext ,,"Dr. rer. nat. Wolfgang Rosenstiel,  Dr. rer. nat. Raul Camposano  (auth.)",1989,,Springer Berlin Heidelberg,,"VIII, 261 S. 172 Abb.",0,German,,,,"978-3-540-50278-4,978-3-642-95574-7",,,,,,,10.1007/978-3-642-95574-7,,,,0,,1,1,1,,,1,10322645,pdf,d9875476663fe81aa67aa0188e5970fb,,,A:\\compressed\\10.1007%2F978-3-642-95574-7.pdf,0,2000-01-01 01:00:00,2016-04-03 02:51:08,956000/d9875476663fe81aa67aa0188e5970fb-d.jpg,,
15553457,Strömungsförderer: Hydraulischer und pneumatischer Transport in Rohrleitungen,, ,,"Herbert Buhrke,  Hans Joachim Kecke,  Hansjürgen Richter  (auth.)",1989,,Vieweg+Teubner Verlag,,368S.,0,German,,,,"978-3-528-03040-7,978-3-322-87219-7",,,,,,,10.1007/978-3-322-87219-7,,,,0,,1,1,1,,,1,17449174,pdf,4cbde2e95cd15f186dff05c00207f9d3,,,A:\\compressed\\10.1007%2F978-3-322-87219-7.pdf,0,2000-01-01 01:00:00,2016-04-03 02:51:08,956000/4cbde2e95cd15f186dff05c00207f9d3-d.jpg,,
15553458,Verbrennungsmotoren: Band 3 Konstruktion,,Hochschultext ,,Prof. Dr.-Ing. Alfred Urlaub  (auth.),1989,,Springer Berlin Heidelberg,,"VIII, 230 S. 138 Abb.",0,German,,,,"978-3-540-51230-1,978-3-642-97181-5",,,,,,,10.1007/978-3-642-97181-5,,,,0,,1,1,1,,,1,9352942,pdf,898fd4b8162fea8ff56737113eca7f54,,,A:\\compressed\\10.1007%2F978-3-642-97181-5.pdf,0,2000-01-01 01:00:00,2016-04-03 02:51:08,956000/898fd4b8162fea8ff56737113eca7f54-d.jpg,,
15553459,Bahnführung Eines Industrieroboters mit Multiprozessorsystem,,Fortschritte der Robotik ,,Dr. Peter Rojek  (auth.),1989,,Vieweg+Teubner Verlag,,128S.,0,German,,,,"978-3-528-06366-5,978-3-322-88808-2",,,,,,,10.1007/978-3-322-88808-2,,,,0,,1,1,1,,,1,3964522,pdf,6395d1654ab50a5f57c370508f09b07b,,,A:\\compressed\\10.1007%2F978-3-322-88808-2.pdf,0,2000-01-01 01:00:00,2016-04-03 02:51:08,956000/6395d1654ab50a5f57c370508f09b07b-d.jpg,,
15553460,Digitale Datenverarbeitung: Grundlagen für das technische Studium,,Informationstechnik ,,Dr. Harald Schumny  (auth.),1989,"2., neubearb. Aufl.",Vieweg+Teubner Verlag,,"X, 306S. 279 Abb..",0,German,,,,"978-3-528-14031-1,978-3-322-83197-2",,,,,,,10.1007/978-3-322-83197-2,,,,0,,1,1,1,,,1,12030162,pdf,8286df87c0ab47ffa3cf1c4f20d9a917,,,A:\\compressed\\10.1007%2F978-3-322-83197-2.pdf,0,2000-01-01 01:00:00,2016-04-03 02:51:08,956000/8286df87c0ab47ffa3cf1c4f20d9a917-d.jpg,,
15553461,Ergonomische Gestaltung der Benutzerschnittstelle am Antriebssystem des Greifreifenrollstuhls,,IPA-IAO Forschung und Praxis 132,,Dipl.-Wirtsch.-Ing. Ludwig Traut  (auth.),1989,,Springer Berlin Heidelberg,,120 S. 127 Abb.,0,German,,,,"978-3-540-50877-9,978-3-642-83736-4",,,,,,,10.1007/978-3-642-83736-4,,,,0,,1,1,1,,,1,7642630,pdf,ca80a102035fac59f4f1cfec09bd4656,,,A:\\compressed\\10.1007%2F978-3-642-83736-4.pdf,0,2000-01-01 01:00:00,2016-04-03 02:51:08,956000/ca80a102035fac59f4f1cfec09bd4656-d.jpg,,
15553462,"Kerne, Hadronen und Elementarteilchen: Eine Einführung",,Teubner-Ingenieurmathematik ,,Prof. Dr. Fritz W. Bopp  (auth.),1989,,Vieweg+Teubner Verlag,,283S.,0,German,,,,"978-3-519-03068-3,978-3-322-92136-9",,,,,,,10.1007/978-3-322-92136-9,,,,0,,1,1,1,,,1,6020783,pdf,3a77e53760909274401645e2932b5e6d,,,A:\\compressed\\10.1007%2F978-3-322-92136-9.pdf,0,2000-01-01 01:00:00,2016-04-03 02:51:08,957000/3a77e53760909274401645e2932b5e6d-d.jpg,,
15553463,Peter Nortons Neues Programmierhandbuch für IBM® PC & PS/2®,, ,,"Peter Norton,  Richard Wilton  (auth.)",1989,,Vieweg+Teubner Verlag,,"XII, 493S.",0,German,,,,"978-3-322-93852-7,978-3-322-93851-0",,,,,,,10.1007/978-3-322-93851-0,,,,0,,1,1,1,,,1,21147178,pdf,671822187aa3b3f994de87be3f74aea6,,,A:\\compressed\\10.1007%2F978-3-322-93851-0.pdf,0,2000-01-01 01:00:00,2016-04-03 02:51:08,957000/671822187aa3b3f994de87be3f74aea6-d.jpg,,
15553464,Flexibilisierung der Arbeitszeiten im Produktionsbetrieb: IAO-Forum 9. November 1988 in Stuttgart,,IPA-IAO Forschung und Praxis 12,,"H.-J. Bullinger,  A. Klein  (auth.),  Dr.-Ing. habil. H.-J. Bullinger  (eds.)",1989,,Springer Berlin Heidelberg,,214 Seiten.,0,German,,,,"978-3-540-50821-2,978-3-642-83712-8",,,,,,,10.1007/978-3-642-83712-8,,,,0,,1,1,1,,,1,10722721,pdf,6fcdd576d18f5aff34d02a1e0d2c7eea,,,A:\\compressed\\10.1007%2F978-3-642-83712-8.pdf,0,2000-01-01 01:00:00,2016-04-03 02:51:08,957000/6fcdd576d18f5aff34d02a1e0d2c7eea-d.jpg,,
15553465,Grundlagen der Regelungstechnik,,Leitfaden der Elektrotechnik ,,"Dr.-Ing. Frank Dörrscheidt,  Dr.-Ing. Wolfgang Latzel  (auth.)",1989,Softcover reprint of the original 1st ed. 1989,Vieweg+Teubner Verlag,,"XII, 468 S.",0,English,,,,"978-3-519-06421-3,978-3-322-92772-9",,,,,,,10.1007/978-3-322-92772-9,,,,0,,1,1,1,,,1,16091061,pdf,bafb0ce31d5974ac444a076f3f4509ce,,,A:\\compressed\\10.1007%2F978-3-322-92772-9.pdf,0,2000-01-01 01:00:00,2016-04-03 02:51:08,957000/bafb0ce31d5974ac444a076f3f4509ce-d.jpg,,
15553466,Grundlagen der Fördertechnik,,Viewegs Fachbücher der Technik ,,Heinz Pfeifer  (auth.),1989,5. Aufl.,Vieweg+Teubner Verlag,,371S.,0,German,,,,"978-3-528-44061-9,978-3-322-90132-3",,,,,,,10.1007/978-3-322-90132-3,,,,0,,1,1,1,,,1,13961238,pdf,40245623f137c3f97c776ea004211582,,,A:\\compressed\\10.1007%2F978-3-322-90132-3.pdf,0,2000-01-01 01:00:00,2016-04-03 02:51:08,957000/40245623f137c3f97c776ea004211582-d.jpg,,
15553467,Thermodynamik: Eine Einführung in die Grundlagen und ihre technischen Anwendungen,, ,,Dr.-Ing. Dr.-Ing. E. h. Hans Dieter Baehr  (auth.),1989,,Springer Berlin Heidelberg,,474,0,German,,,,"978-3-662-10528-3,978-3-662-10527-6",,,,,,,10.1007/978-3-662-10527-6,,,,0,,1,1,1,,,1,12222787,pdf,afc74926061114f442e528c5bf9b122e,,,A:\\compressed\\10.1007%2F978-3-662-10527-6.pdf,0,2000-01-01 01:00:00,2016-04-03 02:51:08,957000/afc74926061114f442e528c5bf9b122e-d.jpg,,
15553468,Konstruieren und Gestalten,,Konstruieren und Gestalten ,,"Hans Hintzen,  Hans Laufenberg,  Wilhelm Matek,  Dieter Muhs,  Herbert Wittel  (auth.)",1989,,Vieweg+Teubner Verlag,,275,0,English,,,,"978-3-528-24155-1,978-3-322-85068-3",,,,,,,10.1007/978-3-322-85068-3,,,,0,,1,1,1,,,1,13599777,pdf,da92b4f90a7b2f409a6bdc716e99e410,,,A:\\compressed\\10.1007%2F978-3-322-85068-3.pdf,0,2000-01-01 01:00:00,2016-04-03 02:51:08,957000/da92b4f90a7b2f409a6bdc716e99e410-d.jpg,,
15553469,Handbuch für experimentelle Spannungsanalyse,,VDI-Buch ,,"M. Biermann  (auth.),  Prof. Dr.-Ing. Christof Rohrbach  (eds.)",1989,,Springer Berlin Heidelberg,,917,0,German,,,,"978-3-642-48660-9,978-3-642-48659-3",,,,,,,10.1007/978-3-642-48659-3,,,,0,,1,1,1,,,1,25264592,pdf,d5e34e1fca21b92139e4d78d3e6dbe50,,,A:\\compressed\\10.1007%2F978-3-642-48659-3.pdf,0,2000-01-01 01:00:00,2016-04-03 02:51:08,957000/d5e34e1fca21b92139e4d78d3e6dbe50-d.jpg,,
15553470,Entwurf und Technologie hochintegrierter Schaltungen,,Leitfäden und Monographien der Informatik ,,Prof. Dr.-Ing. Hans-Ulrich Post  (auth.),1989,,Vieweg+Teubner Verlag,,247S.,0,German,,,,"978-3-519-02267-1,978-3-322-84815-4",,,,,,,10.1007/978-3-322-84815-4,,,,0,,1,1,1,,,1,8527360,pdf,b6190a0e39de4697d21ba9e68bfe3d61,,,A:\\compressed\\10.1007%2F978-3-322-84815-4.pdf,0,2000-01-01 01:00:00,2016-04-03 02:51:08,957000/b6190a0e39de4697d21ba9e68bfe3d61-d.jpg,,
15553471,Automatisierte Identifikation der Streckenparameter servohydraulischer Vorschubantriebe,,ISW Forschung und Praxis 77,,Gerhard Keuper  (auth.),1989,,Springer Berlin Heidelberg,,151 S. 61 Abb.,0,German,,,,"978-3-540-51079-6,978-3-642-83768-5",,,,,,,10.1007/978-3-642-83768-5,,,,0,,1,1,1,,,1,4141692,pdf,27e7cdd3a5de5f11af293dc92e3835e5,,,A:\\compressed\\10.1007%2F978-3-642-83768-5.pdf,0,2000-01-01 01:00:00,2016-04-03 02:51:08,957000/27e7cdd3a5de5f11af293dc92e3835e5-d.jpg,,
15553472,Altbaukonstruktionen: Charakteristika Rechenwerte Sanierungsansätze,,Praxis der Erhaltung von Bauten ,,Dr. techn. Andreas Kolbitsch  (auth.),1989,,Springer Vienna,,"XI, 208 S. 81 Abb.",0,German,,,,"978-3-211-82123-7,978-3-7091-9033-3",,,,,,,10.1007/978-3-7091-9033-3,,,,0,,1,1,1,,,1,16370248,pdf,74dfa70939d40caeb952cf0a359fb1b6,,,A:\\compressed\\10.1007%2F978-3-7091-9033-3.pdf,0,2000-01-01 01:00:00,2016-04-03 02:51:08,957000/74dfa70939d40caeb952cf0a359fb1b6-d.jpg,,
15553473,Software Prototyping mit SETL,,Leitfäden und Monographien der Informatik ,,"Prof. Dr. rer. nat. Ernst-Erich Doberkat,  Dr. rer. nat. Dietmar Fox  (auth.)",1989,,Vieweg+Teubner Verlag,,229 S.,0,German,,,,"978-3-519-02272-5,978-3-322-94710-9",,,,,,,10.1007/978-3-322-94710-9,,,,0,,1,1,1,,,1,8620545,pdf,c34d63ef1038c1a4ae2aaf996131aea0,,,A:\\compressed\\10.1007%2F978-3-322-94710-9.pdf,0,2000-01-01 01:00:00,2016-04-03 02:51:08,957000/c34d63ef1038c1a4ae2aaf996131aea0-d.jpg,,
15553474,Fertigungsgerechte Aufbereitung von Flächenverbänden bei der NC-Programmierung im Formenbau,,ISW Forschung und Praxis 80,,Joachim Zirbs  (auth.),1989,,Springer Berlin Heidelberg,,129 S. 67 Abb.,0,German,,,,"978-3-540-51742-9,978-3-642-83955-9",,,,,,,10.1007/978-3-642-83955-9,,,,0,,1,1,1,,,1,2753769,pdf,30da545477b8eefdda9244840db54984,,,A:\\compressed\\10.1007%2F978-3-642-83955-9.pdf,0,2000-01-01 01:00:00,2016-04-03 02:51:08,957000/30da545477b8eefdda9244840db54984-d.jpg,,
15553475,Programmentwicklungsumgebungen: Konzepte und Realisierung,,Leitfäden der angewandten Informatik ,,"Dr. rer. nat. Gregor Engels,  Dr. rer. nat. Wilhelm Schäfer  (auth.)",1989,,Vieweg+Teubner Verlag,,"II, 247 S.",0,German,,,,"978-3-519-02487-3,978-3-322-92748-4",,,,,,,10.1007/978-3-322-92748-4,,,,0,,1,1,1,,,1,8940320,pdf,f9c1ac06dc9c09b32981c140b24e280d,,,A:\\compressed\\10.1007%2F978-3-322-92748-4.pdf,0,2000-01-01 01:00:00,2016-04-03 02:51:08,957000/f9c1ac06dc9c09b32981c140b24e280d-d.jpg,,
15553476,Laser,,Teubner Studienbücher ,,"Prof. Dr. sc. nat. Fritz Kurt Kneubühl,  PD Dr. sc. nat. Markus Werner Sigrist  (auth.)",1989,3.Aufl.,Vieweg+Teubner Verlag,,"VI, 411 S.",0,German,,,,"978-3-519-23032-8,978-3-322-91806-2",,,,,,,10.1007/978-3-322-91806-2,,,,0,,1,1,1,,,1,9109264,pdf,1b858acd9b7cc01f0f720d1ff7b9e11a,,,A:\\compressed\\10.1007%2F978-3-322-91806-2.pdf,0,2000-01-01 01:00:00,2016-04-03 02:51:08,957000/1b858acd9b7cc01f0f720d1ff7b9e11a-d.jpg,,
15553477,Fräsergeometriekorrektur in numerischen Steuerungen für das fünfachsige Fräsen,,ISW Forschung und Praxis 79,,Ralf Viefhaus  (auth.),1989,,Springer Berlin Heidelberg,,159 S. 75 Abb.,0,German,,,,"978-3-540-51491-6,978-3-642-52332-8",,,,,,,10.1007/978-3-642-52332-8,,,,0,,1,1,1,,,1,2662029,pdf,6d188c3ed8471d6bfa11bc6c808b6698,,,A:\\compressed\\10.1007%2F978-3-642-52332-8.pdf,0,2000-01-01 01:00:00,2016-04-03 02:51:08,957000/6d188c3ed8471d6bfa11bc6c808b6698-d.jpg,,
15553478,Zerspantechnik,, ,,Eberhard Paucksch  (auth.),1989,,Vieweg+Teubner Verlag,,300,0,German,,,,"978-3-528-64040-8,978-3-322-90653-3",,,,,,,10.1007/978-3-322-90653-3,,,,0,,1,1,1,,,1,11596431,pdf,cd1e2eff3e6f874ab01315b4feb409e9,,,A:\\compressed\\10.1007%2F978-3-322-90653-3.pdf,0,2000-01-01 01:00:00,2016-04-03 02:51:08,957000/cd1e2eff3e6f874ab01315b4feb409e9-d.jpg,,
15553479,Grundlagen und Rechenverfahren der Elektrotechnik,, ,,"Gerhard Schnell,  Konrad Hoyer,  Martin Vömel  (auth.)",1989,,Vieweg+Teubner Verlag,,"XII, 357S. 255 Abb.. Mit 255 Abb.",0,German,,,,"978-3-528-04530-2,978-3-322-83037-1",,,,,,,10.1007/978-3-322-83037-1,,,,0,,1,1,1,,,1,11042842,pdf,8274b05a4313cac3a395ec4296013d26,,,A:\\compressed\\10.1007%2F978-3-322-83037-1.pdf,0,2000-01-01 01:00:00,2016-04-03 02:51:08,957000/8274b05a4313cac3a395ec4296013d26-d.jpg,,
15553480,Wissensbasierte Bildverarbeitung,,Nachrichtentechnik 19,,"Dr.-Ing. Claus-E. Liedtke,  Dr.-Ing. Manfred Ender  (auth.)",1989,,Springer Berlin Heidelberg,,"XI, 230 S. 83 Abb.",0,German,,,,"978-3-540-50641-6,978-3-642-83688-6",,,,,,,10.1007/978-3-642-83688-6,,,,0,,1,1,1,,,1,15812564,pdf,a24f3cb18a72692a0e0709d810c051d8,,,A:\\compressed\\10.1007%2F978-3-642-83688-6.pdf,0,2000-01-01 01:00:00,2016-04-03 02:51:08,957000/a24f3cb18a72692a0e0709d810c051d8-d.jpg,,
15553481,Wirkung hochenergetischer Strahlung auf Halbleiterbauelemente,,Mikroelektronik ,,Priv. Doz. Dr.-Ing. Dietrich Bräunig  (auth.),1989,,Springer Berlin Heidelberg,,"X, 196 S. 164 Abb.",0,German,,,,"978-3-540-50891-5,978-3-642-51109-7",,,,,,,10.1007/978-3-642-51109-7,,,,0,,1,1,1,,,1,6156426,pdf,88867a2b8034293be816fdfe0c3efbc3,,,A:\\compressed\\10.1007%2F978-3-642-51109-7.pdf,0,2000-01-01 01:00:00,2016-04-03 02:51:08,957000/88867a2b8034293be816fdfe0c3efbc3-d.jpg,,
15553482,"Handbuch Technische Oberflächen: Typologie, Messung und Gebrauchsverhalten",, ,,"o. Prof. em. Dr.-Ing. Herbert von Weingraber,  Dr.-Ing. Mohamed Abou-Aly  (auth.)",1989,,Vieweg+Teubner Verlag,,"XVIII, 448S. 317 Abb..",0,German,,,,"978-3-322-83102-6,978-3-322-83101-9",,,,,,,10.1007/978-3-322-83101-9,,,,0,,1,1,1,,,1,18752409,pdf,adcabb0db70cd168e2717191bc5febcb,,,A:\\compressed\\10.1007%2F978-3-322-83101-9.pdf,0,2000-01-01 01:00:00,2016-04-03 02:51:08,957000/adcabb0db70cd168e2717191bc5febcb-d.jpg,,
15553483,Produktion I: Produktions- und Kostentheorie,, ,,Dr. Günter Fandel  (auth.),1989,"2., unveränd. Aufl.",Springer Berlin Heidelberg,,"XV, 327 S.",0,German,,,,"978-3-540-50941-7,978-3-662-09465-5",,,,,,,10.1007/978-3-662-09465-5,,,,0,,1,1,1,,,1,21134791,pdf,fc6f989c80e14d2e3e00bb8989ca8436,,,A:\\compressed\\10.1007%2F978-3-662-09465-5.pdf,0,2000-01-01 01:00:00,2016-04-03 02:51:08,957000/fc6f989c80e14d2e3e00bb8989ca8436-d.jpg,,
15553484,Pfahlgründungen,, ,,Dr.-Ing. habil. Dimitrios Kolymbas  (auth.),1989,,Springer Berlin Heidelberg,,"VIII, 169 S. 57 Abb.",0,German,,,,"978-3-540-51281-3,978-3-642-52329-8",,,,,,,10.1007/978-3-642-52329-8,,,,0,,1,1,1,,,1,5662591,pdf,b6c9bbb96087b08ac2432e30c73eb28e,,,A:\\compressed\\10.1007%2F978-3-642-52329-8.pdf,0,2000-01-01 01:00:00,2016-04-03 02:51:08,957000/b6c9bbb96087b08ac2432e30c73eb28e-d.jpg,,
15553485,Intelligente Sensorsysteme in der Fertigungstechnik,,Fachberichte Messen · Steuern · Regeln 21,,"J. Rogos  (auth.),  Dr.-Ing. Jürgen Rogos  (eds.)",1989,,Springer Berlin Heidelberg,,"VI, 288 S. 227 Abb.",0,German,,,,"978-3-540-51488-6,978-3-642-83878-1",,,,,,,10.1007/978-3-642-83878-1,,,,0,,1,1,1,,,1,16648917,pdf,df2417b70d8e194bcb05383510d7f703,,,A:\\compressed\\10.1007%2F978-3-642-83878-1.pdf,0,2000-01-01 01:00:00,2016-04-03 02:51:08,957000/df2417b70d8e194bcb05383510d7f703-d.jpg,,
15553486,GaAs-Feldeffekttransistoren,,Halbleiter-Elektronik 16,,"Dr. phil. Walter Kellner,  Dipl.-Phys. Hermann Kniepkamp  (auth.)",1989,"2., überarb. und erw. Aufl.",Springer Berlin Heidelberg,,283 S. 121 Abb.,0,German,,,,"978-3-540-50193-0,978-3-642-83576-6",,,,,,,10.1007/978-3-642-83576-6,,,,0,,1,1,1,,,1,5952008,pdf,efe8b38c1783ae8de1975bb43a9786df,,,A:\\compressed\\10.1007%2F978-3-642-83576-6.pdf,0,2000-01-01 01:00:00,2016-04-03 02:51:08,957000/efe8b38c1783ae8de1975bb43a9786df-d.jpg,,
15553487,"Strahlenphysik, Dosimetrie und Strahlenschutz: Band 2: Anwendungen in der Strahlentherapie und der klinischen Dosimetrie",,Teubner Studienbücher ,,"Dr. rer. nat. Hanno Krieger,  Dr. rer. nat. Wolfgang Petzold  (auth.)",1989,,Vieweg+Teubner Verlag,,337 S.,0,English,,,,"978-3-519-03078-2,978-3-322-94777-2",,,,,,,10.1007/978-3-322-94777-2,,,,0,,1,1,1,,,1,15369466,pdf,5fdcdd1abce73964ccc5aab139dee33d,,,A:\\compressed\\10.1007%2F978-3-322-94777-2.pdf,0,2000-01-01 01:00:00,2016-04-03 02:51:08,957000/5fdcdd1abce73964ccc5aab139dee33d-d.jpg,,
15553488,Betriebliches Energiemanagement: Aktuelle Investition in die Zukunft,, ,,"o. Univ.-Prof. Dipl.-lng. Dr. techn. Josef W. Wohinz,  Univ.-Lektor Dipl.-lng. Dr. techn. Michael Moor  (auth.)",1989,,Springer Vienna,,320,0,German,,,,"978-3-7091-9039-5,978-3-7091-9038-8",,,,,,,10.1007/978-3-7091-9038-8,,,,0,,1,1,1,,,1,4334576,pdf,a0bd1aee4839468c684faf65c1e51c95,,,A:\\compressed\\10.1007%2F978-3-7091-9038-8.pdf,0,2000-01-01 01:00:00,2016-04-03 02:51:08,957000/a0bd1aee4839468c684faf65c1e51c95-d.jpg,,
15553489,"CAD: Automatisiertes Zeichnen, Darstellen und Konstruieren",, ,,Dr.-Ing. Rudolf Koller  (auth.),1989,,Springer Berlin Heidelberg,,"VIII, 226 S. 148 Abb.",0,German,,,,"978-3-540-51062-8,978-3-642-85837-6",,,,,,,10.1007/978-3-642-85837-6,,,,0,,1,1,1,,,1,6059753,pdf,46aeca9d31f7fe372bcfd27f0dc88ab0,,,A:\\compressed\\10.1007%2F978-3-642-85837-6.pdf,0,2000-01-01 01:00:00,2016-04-03 02:51:08,957000/46aeca9d31f7fe372bcfd27f0dc88ab0-d.jpg,,
15553490,Biologische Abwasserreinigung,, ,,Dr. rer. nat. Ludwig Hartmann  (auth.),1989,"2., überarb. Aufl.",Springer Berlin Heidelberg,,"XVI, 260 S.",0,German,,,,"978-3-540-50810-6,978-3-662-06094-0",,,,,,,10.1007/978-3-662-06094-0,,,,0,,1,1,1,,,1,18148481,pdf,12453d34c2549a367c51ef3a103e9679,,,A:\\compressed\\10.1007%2F978-3-662-06094-0.pdf,0,2000-01-01 01:00:00,2016-04-03 02:51:08,957000/12453d34c2549a367c51ef3a103e9679-d.jpg,,
15553491,Fertigungsstrukturierung auf der Basis von Teilefamilien,,IPA-IAO - Forschung und Praxis 135,,Dipl.-Wirtsch.-Ing. Manfred Auch  (auth.),1989,,Springer Berlin Heidelberg,,139 Seiten. 34 Abb.,0,German,,,,"978-3-540-51290-5,978-3-642-83830-9",,,,,,,10.1007/978-3-642-83830-9,,,,0,,1,1,1,,,1,2924403,pdf,11548e7ca8956ef0bc45c44088e5c403,,,A:\\compressed\\10.1007%2F978-3-642-83830-9.pdf,0,2000-01-01 01:00:00,2016-04-03 02:51:08,957000/11548e7ca8956ef0bc45c44088e5c403-d.jpg,,
15553492,Planung taktzeitoptimierter flexibler Montagestationen,,IPA-IAO - Forschung und Praxis 133,,Dipl.-Ing. Joachim Schöninger  (auth.),1989,,Springer Berlin Heidelberg,,122 S. 47 Abb.,0,German,,,,"978-3-540-50896-0,978-3-642-83742-5",,,,,,,10.1007/978-3-642-83742-5,,,,0,,1,1,1,,,1,2863819,pdf,327fa84f11fa50a1c94471ab84138e70,,,A:\\compressed\\10.1007%2F978-3-642-83742-5.pdf,0,2000-01-01 01:00:00,2016-04-03 02:51:08,957000/327fa84f11fa50a1c94471ab84138e70-d.jpg,,
15553493,"Rheinisch-Westfälische Akademie der Wissenschaften: Natur-, Ingenieur- und Wirtschaftswissenschaften Vorträge · N 364",, ,,Hans Ludwig Jessberger  (auth.),1989,,VS Verlag für Sozialwissenschaften,,137S.,0,German,,,,"978-3-531-08364-3,978-3-322-85643-2",,,,,,,10.1007/978-3-322-85643-2,,,,0,,1,1,1,,,1,6119502,pdf,18b45bda674c539b53ee312582a63a5c,,,A:\\compressed\\10.1007%2F978-3-322-85643-2.pdf,0,2000-01-01 01:00:00,2016-04-03 02:51:08,957000/18b45bda674c539b53ee312582a63a5c-d.jpg,,
15553494,Einführung in den VLSI-Entwurf,,Leitfäden und Monographien der Informatik ,,"Dr. rer. nat. Reiner Kolla,  Dr. rer. nat. Paul Molitor,  Dipl. Inform. Hans Georg Osthof  (auth.)",1989,,Vieweg+Teubner Verlag,,352 S.,0,German,,,,"978-3-519-02273-2,978-3-322-93087-3",,,,,,,10.1007/978-3-322-93087-3,,,,0,,1,1,1,,,1,10046061,pdf,fc2f222fd0b28bc3a2adf5157215084b,,,A:\\compressed\\10.1007%2F978-3-322-93087-3.pdf,0,2000-01-01 01:00:00,2016-04-03 02:51:08,957000/fc2f222fd0b28bc3a2adf5157215084b-d.jpg,,
15553495,Gegenwartsgesellschaften: Italien,,Studienskripten zur Soziologie 135,,Dr. rer. pol. Roland Scharff  (auth.),1989,,Vieweg+Teubner Verlag,,316S.,0,German,,,,"978-3-519-00135-5,978-3-322-94908-0",,,,,,,10.1007/978-3-322-94908-0,,,,0,,1,1,1,,,1,5367819,pdf,e152e7cd22b686e9cb234b2307144fbe,,,A:\\compressed\\10.1007%2F978-3-322-94908-0.pdf,0,2000-01-01 01:00:00,2016-04-03 02:51:08,957000/e152e7cd22b686e9cb234b2307144fbe-d.jpg,,
15553496,"Meß- und Regelungstechnik: Mathematische Grundlagen, Entwurfsmethoden, Beispiele",,Hochschultext ,,Dr.-Ing. Hans Peter Geering  (auth.),1989,,Springer Berlin Heidelberg,,"X, 249 S.",0,German,,,,"978-3-540-19025-7,978-3-662-08678-0",,,,,,,10.1007/978-3-662-08678-0,,,,0,,1,1,1,,,1,6164343,pdf,9e9d87b62ec0146cf7ce2522aaf9eca1,,,A:\\compressed\\10.1007%2F978-3-662-08678-0.pdf,0,2000-01-01 01:00:00,2016-04-03 02:51:08,957000/9e9d87b62ec0146cf7ce2522aaf9eca1-d.jpg,,
15553497,Otto Hahn/Lise Meitner,,"Biographien hervorragender Naturwissenschaftler, Techniker und Mediziner 64",,Prof. Dr. rer. nat. habil. Werner Stolz  (auth.),1989,2.Aufl.,Vieweg+Teubner Verlag,,97S.,0,German,,,,"978-3-322-00685-1,978-3-322-82223-9",,,,,,,10.1007/978-3-322-82223-9,,,,0,,1,1,1,,,1,5980637,pdf,ab882e71fce6b59605c675d274e53d93,,,A:\\compressed\\10.1007%2F978-3-322-82223-9.pdf,0,2000-01-01 01:00:00,2016-04-03 02:51:08,957000/ab882e71fce6b59605c675d274e53d93-d.jpg,,
15553498,Numerische Mathematik,,Grundwissen Mathematik 7,,"Günther Hämmerlin,  Karl-Heinz Hoffmann  (auth.)",1989,,Springer Berlin Heidelberg,,"XII, 448 S. 72 Abb.",0,German,,,,"978-3-540-15306-1,978-3-642-96888-4",,,,,,,10.1007/978-3-642-96888-4,,,,0,,1,1,1,,,1,12394585,pdf,7a9650abb22ec7a79d979b6551f93c53,,,A:\\compressed\\10.1007%2F978-3-642-96888-4.pdf,0,2000-01-01 01:00:00,2016-04-03 02:51:08,957000/7a9650abb22ec7a79d979b6551f93c53-d.jpg,,
15553499,Programmieren mit FORTRAN 77 für Ingenieure,,Teubner Studienbücher Informatik ,,Dr. rer. nat. Wolfgang Brauch  (auth.),1989,3.Aufl.,Vieweg+Teubner Verlag,,209 S.,0,German,,,,"978-3-519-20094-9,978-3-663-01187-3",,,,,,,10.1007/978-3-663-01187-3,,,,0,,1,1,1,,,1,6243570,pdf,9d6ed8c6a72efc0e3f194aaff3b8ac6e,,,A:\\compressed\\10.1007%2F978-3-663-01187-3.pdf,0,2000-01-01 01:00:00,2016-04-03 02:51:08,957000/9d6ed8c6a72efc0e3f194aaff3b8ac6e-d.jpg,,
15553500,Verallgemeinerte Technische Biegetheorie: Lineare Probleme,, ,,Richard Schardt  (auth.),1989,,Springer Berlin Heidelberg,,"XIII, 360 S. 173 Abb.",0,German,,,,"978-3-642-52331-1,978-3-642-52330-4",,,,,,,10.1007/978-3-642-52330-4,,,,0,,1,1,1,,,1,16872911,pdf,5e0bf8b94127fd4d8fa2e2633e056101,,,A:\\compressed\\10.1007%2F978-3-642-52330-4.pdf,0,2000-01-01 01:00:00,2016-04-03 02:51:08,957000/5e0bf8b94127fd4d8fa2e2633e056101-d.jpg,,
15553501,"Rechnergestützte Konstruktionsarbeit: Humane und wirtschaftliche Gestaltung von Organisation, Technik und Qualifikation",,fir+iaw Forschung für die Praxis 24,,Dipl.-Ing. Siegfried Schreuder  (auth.),1989,,Springer Berlin Heidelberg,,"XI, 178 S. 67 Abb., 16 Tab.",0,German,,,,"978-3-540-51660-6,978-3-642-83932-0",,,,,,,10.1007/978-3-642-83932-0,,,,0,,1,1,1,,,1,6835930,pdf,300aafc19d23a423bfcc84cab6b1d67f,,,A:\\compressed\\10.1007%2F978-3-642-83932-0.pdf,0,2000-01-01 01:00:00,2016-04-03 02:51:08,957000/300aafc19d23a423bfcc84cab6b1d67f-d.jpg,,
15553502,"Freileitungen: Planung, Berechnung, Ausführung",, ,,"Dipl.-Ing. Reinhard Fischer,  Dr.-Ing. Friedrich Kießling  (auth.)",1989,,Springer Berlin Heidelberg,,439,0,German,,,,"978-3-662-07309-4,978-3-662-07308-7",,,,,,,10.1007/978-3-662-07308-7,,,,0,,1,1,1,,,1,14047440,pdf,3dd7cf9abc9265d488388515c3b5f583,,,A:\\compressed\\10.1007%2F978-3-662-07308-7.pdf,0,2000-01-01 01:00:00,2016-04-03 02:51:08,957000/3dd7cf9abc9265d488388515c3b5f583-d.jpg,,
15553503,Entwicklung eines bestandsorientierten Fertigungssteuerungssystems für die Großserienfertigung am Beispiel des Automobilbaus,,IPA-IAO — Forschung und Praxis 131,,Dipl.-Ing. G. Hachtel  (auth.),1989,,Springer Berlin Heidelberg,,"163 S. 34 Abb., 6 Tab.",0,German,,,,"978-3-540-50639-3,978-3-642-83686-2",,,,,,,10.1007/978-3-642-83686-2,,,,0,,1,1,1,,,1,4910573,pdf,1745e7d44e35fd174512bd8b15492954,,,A:\\compressed\\10.1007%2F978-3-642-83686-2.pdf,0,2000-01-01 01:00:00,2016-04-03 02:51:08,957000/1745e7d44e35fd174512bd8b15492954-d.jpg,,
15553504,Experimentelle Untersuchungen zur Technologie der Kugelherstellung,,iwb Forschungsberichte 18,,Dipl.-Ing. Rolf Rascher  (auth.),1989,,Springer Berlin Heidelberg,,"IX, 182 S. 110 Abb.",0,German,,,,"978-3-540-51301-8,978-3-642-74843-1",,,,,,,10.1007/978-3-642-74843-1,,,,0,,1,1,1,,,1,7019760,pdf,0486c5c41c9cff0040c9e0f84b80fced,,,A:\\compressed\\10.1007%2F978-3-642-74843-1.pdf,0,2000-01-01 01:00:00,2016-04-03 02:51:08,957000/0486c5c41c9cff0040c9e0f84b80fced-d.jpg,,
15553505,Ermittlung modaler Parameter aus Übertragungsfrequenzgängen,,iwb Forschungsberichte 20,,Dipl.-Ing. Peter Kirchknopf  (auth.),1989,,Springer Berlin Heidelberg,,"XVII, 143 S. 57 Abb.",0,German,,,,"978-3-540-51724-5,978-3-642-75093-9",,,,,,,10.1007/978-3-642-75093-9,,,,0,,1,1,1,,,1,5895668,pdf,24c02c10eb0a93da9f313e2c816da43a,,,A:\\compressed\\10.1007%2F978-3-642-75093-9.pdf,0,2000-01-01 01:00:00,2016-04-03 02:51:08,957000/24c02c10eb0a93da9f313e2c816da43a-d.jpg,,
15553506,Aktive Schwingungsdämpfung an einem elastischen Knickarmroboter,,Fortschritte der Robotik 60,,Dr. Ing. Hermann Henrichfreise  (auth.),1989,,Vieweg+Teubner Verlag,,195,0,German,,,,"978-3-528-06360-3,978-3-663-06844-0",,,,,,,10.1007/978-3-663-06844-0,,,,0,,1,1,1,,,1,11656368,pdf,72b61060b0c37529e73e57b44981712f,,,A:\\compressed\\10.1007%2F978-3-663-06844-0.pdf,0,2000-01-01 01:00:00,2016-04-03 02:51:08,957000/72b61060b0c37529e73e57b44981712f-d.jpg,,
15553507,Digitale Bildverarbeitung,, ,,Priv. Doz. Dr. rer. nat. habil Bernd Jähne  (auth.),1989,,Springer Berlin Heidelberg,,"XII, 331 S.",0,German,,,,"978-3-540-50664-5,978-3-662-06735-2",,,,,,,10.1007/978-3-662-06735-2,,,,0,,1,1,1,,,1,12688921,pdf,1c33e4386f80164bfa73369d046d56bf,,,A:\\compressed\\10.1007%2F978-3-662-06735-2.pdf,0,2000-01-01 01:00:00,2016-04-03 02:51:08,957000/1c33e4386f80164bfa73369d046d56bf-d.jpg,,
15553508,Synchronisation in verteilten Systemen: Problemstellung und Lösungsansätze unter Verwendung von objektorientierten Konzepten,,Leitfäden der angewandten Informatik ,,Peter A. Gloor dipl. math.  (auth.),1989,,Vieweg+Teubner Verlag,,"XII, 229 S.",0,German,,,,"978-3-519-02494-1,978-3-663-01353-2",,,,,,,10.1007/978-3-663-01353-2,,,,0,,1,1,1,,,1,4366641,pdf,a21ac06fa4b8f32c3bb018abde233429,,,A:\\compressed\\10.1007%2F978-3-663-01353-2.pdf,0,2000-01-01 01:00:00,2016-04-03 02:51:08,957000/a21ac06fa4b8f32c3bb018abde233429-d.jpg,,
15553509,"Prozeßautomatisierung: Band 1: Automatisierungsstrukturen, Prozeßrechensysteme, Echtzeit-Programmierung, Zuverlässigkeits- und Sicherheitstechnik",, ,,Prof. Dr.-Ing. Rudolf Lauber  (auth.),1989,,Springer Berlin Heidelberg,,"XV, 360 S.",0,German,,,,"978-3-540-50195-4,978-3-662-09530-0",,,,,,,10.1007/978-3-662-09530-0,,,"Ursprünglich erschienen in der Reihe: Hochschultexte. Kein weiterer Band erschienen2., vollst. überarb. Aufl.",0,,1,1,1,,,1,15818189,pdf,241abb4ed6cae2d661993cf676f81b45,,,A:\\compressed\\10.1007%2F978-3-662-09530-0.pdf,0,2000-01-01 01:00:00,2016-04-03 02:51:08,957000/241abb4ed6cae2d661993cf676f81b45-d.jpg,,
15553510,Schwarze Löcher im All,, ,,Igor Dmitrijewitsch Nowikow  (auth.),1989,4Aufl.,Vieweg+Teubner Verlag,,88S.,0,German,,,,"978-3-322-00326-3,978-3-322-82213-0",,,,,,,10.1007/978-3-322-82213-0,,,,0,,1,1,1,,,1,2208199,pdf,f1e56179a9ef04dc43b215af0430e3b1,,,A:\\compressed\\10.1007%2F978-3-322-82213-0.pdf,0,2000-01-01 01:00:00,2016-04-03 02:51:08,957000/f1e56179a9ef04dc43b215af0430e3b1-d.jpg,,
15553511,Aristoteles,,"Biographien hervorragender Naturwissenschaftler, Techniker und Mediziner 60",,"Prof. Dr. sc. Fritz Jürß,  Dr. Dietrich Ehlers  (auth.),  D. Goetz,  I. Jahn,  H. Remane,  E. Wächtler,  H. Wußing  (eds.)",1989,3.Aufl.,Vieweg+Teubner Verlag,,102S. 12 Abb..,0,German,,,,"978-3-322-00664-6,978-3-322-93039-2",,,,,,,10.1007/978-3-322-93039-2,,,,0,,1,1,1,,,1,4176720,pdf,9d206bdc0162ef763f4f7f529d4c77e9,,,A:\\compressed\\10.1007%2F978-3-322-93039-2.pdf,0,2000-01-01 01:00:00,2016-04-03 02:51:08,957000/9d206bdc0162ef763f4f7f529d4c77e9-d.jpg,,
15553512,Luftverkehr: Eine ökonomische Einführung,, ,,Prof. Dr. Wilhelm Pompl  (auth.),1989,,Springer Berlin Heidelberg,,"XVI, 264 S.",0,German,,,,"978-3-540-50397-2,978-3-662-08430-4",,,,,,,10.1007/978-3-662-08430-4,,,,0,,1,1,1,,,1,6236943,pdf,d521b2ea30f299c259b049226bff6508,,,A:\\compressed\\10.1007%2F978-3-662-08430-4.pdf,0,2000-01-01 01:00:00,2016-04-03 02:51:08,957000/d521b2ea30f299c259b049226bff6508-d.jpg,,
15553513,Der Sinn der Unordnung: Arbeitsformen im Atelier Le Corbusier,, ,,Karen Michels  (auth.),1989,,Vieweg+Teubner Verlag,,191,0,German,,,,"978-3-322-90259-7,978-3-322-90258-0",,,,,,,10.1007/978-3-322-90258-0,,,,0,,1,1,1,,,1,6769317,pdf,5259ae8ad28c7d4b26a85f6114a2224e,,,A:\\compressed\\10.1007%2F978-3-322-90258-0.pdf,0,2000-01-01 01:00:00,2016-04-03 02:51:08,957000/5259ae8ad28c7d4b26a85f6114a2224e-d.jpg,,
15553514,Leistungsbewertung von Rechensystemen: mittels analytischer Warteschlangenmodelle,,Leitfäden und Monographien der Informatik ,,Dr.-Ing. Gunter Bolch  (auth.),1989,,Vieweg+Teubner Verlag,,"IX, 310S.",0,German,,,,"978-3-519-02279-4,978-3-322-96667-4",,,,,,,10.1007/978-3-322-96667-4,,,,0,,1,1,1,,,1,12982323,pdf,5216c26e70b019be35b0d2f7920ac241,,,A:\\compressed\\10.1007%2F978-3-322-96667-4.pdf,0,2000-01-01 01:00:00,2016-04-03 02:51:08,957000/5216c26e70b019be35b0d2f7920ac241-d.jpg,,
15553515,Soziale Kosten des Energieverbrauchs: Externe Effekte des Elektrizitätsverbrauchs in der Bundesrepublik Deutschland,, ,,Dipl.-Oec. Olav Hohmeyer  (auth.),1989,"2., rev. u. erw. Aufl.",Springer Berlin Heidelberg,,"XIII, 190 S.",0,German,,,,"978-3-540-51046-8,978-3-662-09952-0",,,,,,,10.1007/978-3-662-09952-0,,,,0,,1,1,1,,,1,11344171,pdf,b747e3e5ae2edbc1d2e1cc7eb77cfa4c,,,A:\\compressed\\10.1007%2F978-3-662-09952-0.pdf,0,2000-01-01 01:00:00,2016-04-03 02:51:08,957000/b747e3e5ae2edbc1d2e1cc7eb77cfa4c-d.jpg,,
15553516,Elektro-Fachrechnen 1: Grundlagen,, ,,"Klaus Großmann,  Hans Harthus,  Otto Schneider,  Hans-Ulrich Giersch,  Norbert Vogelsang  (auth.)",1989,"3., neubearb. und erw. Aufl.",Vieweg+Teubner Verlag,,"160S. Mit 292 Bilder und Tabellen, 156 Beispielen und 2040 Aufgaben.",0,German,,,,"978-3-519-26810-9,978-3-322-83008-1",,,,,,,10.1007/978-3-322-83008-1,,,,0,,1,1,1,,,1,15104940,pdf,b3c76cfcd93012883005b52ebd1165a0,,,A:\\compressed\\10.1007%2F978-3-322-83008-1.pdf,0,2000-01-01 01:00:00,2016-04-03 02:51:08,957000/b3c76cfcd93012883005b52ebd1165a0-d.jpg,,
15553517,Praxis des Klebens,, ,,"Petra Theuerkauff,  Dr. rer. nat. Andreas Groß  (auth.)",1989,,Springer Berlin Heidelberg,,"XIII, 177 S. 60 Abb.",0,German,,,,"978-3-540-50352-1,978-3-642-52127-0",,,,,,,10.1007/978-3-642-52127-0,,,,0,,1,1,1,,,1,4455917,pdf,e9783a2283f67ff1aa93f6e095940820,,,A:\\compressed\\10.1007%2F978-3-642-52127-0.pdf,0,2000-01-01 01:00:00,2016-04-03 02:51:08,957000/e9783a2283f67ff1aa93f6e095940820-d.jpg,,
15553518,Wahrscheinlichkeitsrechnung und Statistik,, ,,o. Univ.-Prof. Dipl.-Ing. Dr. techn. Robert Hafner  (auth.),1989,,Springer Vienna,,523,0,German,,,,"978-3-7091-7443-2,978-3-7091-6944-5",,,,,,,10.1007/978-3-7091-6944-5,,,,0,,1,1,1,,,1,15321950,pdf,5879203c2f8dcbcdd667d05f522a1363,,,A:\\compressed\\10.1007%2F978-3-7091-6944-5.pdf,0,2000-01-01 01:00:00,2016-04-03 02:51:08,957000/5879203c2f8dcbcdd667d05f522a1363-d.jpg,,
15553519,Walther Nernst,,"Biographien hervorragender Naturwissenschaftler, Techniker und Mediziner 90",,"Dr. sc. nat. Hans-Georg Bartel  (auth.),  D. Goetz,  I. Jahn,  H. Remane,  E. Wächtler,  H. Wußing  (eds.)",1989,,Vieweg+Teubner Verlag,,124S.,0,German,,,,"978-3-322-00684-4,978-3-322-94558-7",,,,,,,10.1007/978-3-322-94558-7,,,,0,,1,1,1,,,1,3735603,pdf,34720f3369e6fb4c10251e082290ecb9,,,A:\\compressed\\10.1007%2F978-3-322-94558-7.pdf,0,2000-01-01 01:00:00,2016-04-03 02:51:08,957000/34720f3369e6fb4c10251e082290ecb9-d.jpg,,
15553520,Der Schwerkraft auf der Spur,,Kleine Naturwissenschaftliche Bibliothek 65,,"Prof. Dr. sc. nat. Wladimir Borissowitsch Braginski,  Dr. sc. nat. Alexandr Georgijewitsch Polnarjow  (auth.)",1989,,Vieweg+Teubner Verlag,,176 S.,0,German,,,,"978-3-322-00514-4,978-3-322-94572-3",,,,,,,10.1007/978-3-322-94572-3,,,,0,,1,1,1,,,1,6335029,pdf,2631102e7cf1598ed4c00a007f36bc28,,,A:\\compressed\\10.1007%2F978-3-322-94572-3.pdf,0,2000-01-01 01:00:00,2016-04-03 02:51:08,957000/2631102e7cf1598ed4c00a007f36bc28-d.jpg,,
15553521,Turbo Pascal-Wegweiser Aufbaukurs: Für die Versionen 5.0 und 5.5,, ,,"Ekkehard Kaier,  Edwin Rudolfs  (auth.)",1989,3.Aufl.,Vieweg+Teubner Verlag,,"X, 483S. Mit 177 Progr., zahlr. Struktogr. und Abb.",0,German,,,,"978-3-322-83220-7,978-3-322-83219-1",,,,,,,10.1007/978-3-322-83219-1,,,,0,,1,1,1,,,1,19987233,pdf,fd07f3fd17a004f6ff0d9d20d6188ad7,,,A:\\compressed\\10.1007%2F978-3-322-83219-1.pdf,0,2000-01-01 01:00:00,2016-04-03 02:51:08,957000/fd07f3fd17a004f6ff0d9d20d6188ad7-d.jpg,,
15553522,Strömungslehre: Einführung in die Theorie der Strömungen,, ,,Professor Dr.-Ing. Joseph H. Spurk  (auth.),1989,"2., überarb. u. erw. Aufl.",Springer Berlin Heidelberg,,"XII, 484 S.",0,German,,,,"978-3-540-51458-9,978-3-662-10098-1",,,,,,,10.1007/978-3-662-10098-1,,,,0,,1,1,1,,,1,17190098,pdf,55dbf75f78a658339c7ea9ee8b5e9f33,,,A:\\compressed\\10.1007%2F978-3-662-10098-1.pdf,0,2000-01-01 01:00:00,2016-04-03 02:51:08,957000/55dbf75f78a658339c7ea9ee8b5e9f33-d.jpg,,
15553523,Tragwerke für Hochbauten,, ,,"o. Prof. (em.) Dr.-Ing. habil. Günther Rickenstorf,  o. Prof. Dr. sc. techn. Eberhard Berndt  (auth.)",1989,,Vieweg+Teubner Verlag,,255,0,German,,,,"978-3-322-82222-2,978-3-322-82221-5",,,,,,,10.1007/978-3-322-82221-5,,,,0,,1,1,1,,,1,21447020,pdf,a04c4ee9ccefee0081c99dddc287408d,,,A:\\compressed\\10.1007%2F978-3-322-82221-5.pdf,0,2000-01-01 01:00:00,2016-04-03 02:51:08,957000/a04c4ee9ccefee0081c99dddc287408d-d.jpg,,
15553524,Grundlagen der geometrischen Datenverarbeitung,,Teubner-Ingenieurmathematik ,,"Prof. Dr. rer. nat. Josef Hoschek,  Dr. rer. nat. Dieter Lasser  (auth.)",1989,,Vieweg+Teubner Verlag,,1989,0,German,,,,"978-3-519-02962-5,978-3-322-99494-3",,,,,,,10.1007/978-3-322-99494-3,,,,0,,1,1,1,,,1,18663904,pdf,cfacd45fe8e90dc4ac92ed5ae4f42396,,,A:\\compressed\\10.1007%2F978-3-322-99494-3.pdf,0,2000-01-01 01:00:00,2016-04-03 02:51:08,957000/cfacd45fe8e90dc4ac92ed5ae4f42396-d.jpg,,
15553525,"Krane und Kranbahnen: Berechnung, Konstruktion, Ausführung",, ,,Dipl.-Ing. Dietrich von Berg  (auth.),1989,"2., durchges. Aufl.",Vieweg+Teubner Verlag,,270S. 146 Abb.. Mit 43 Beispielen.,0,German,,,,"978-3-322-96767-1,978-3-322-96766-4",,,,,,,10.1007/978-3-322-96766-4,,,,0,,1,1,1,,,1,7348761,pdf,801bf6b54b49cf8a8557eb463b44d5d8,,,A:\\compressed\\10.1007%2F978-3-322-96766-4.pdf,0,2000-01-01 01:00:00,2016-04-03 02:51:08,957000/801bf6b54b49cf8a8557eb463b44d5d8-d.jpg,,
15553526,"Einführung in die Wärmeübertragung: Für Maschinenbauer, Verfahrenstechniker, Chemie-lngenieure, Chemiker, Physiker ab 4. Semester",, ,,Ernst-Ulrich Schlünder  (auth.),1989,6. Aufl.,Vieweg+Teubner Verlag,,228S.,0,German,,,,"978-3-528-53314-4,978-3-322-84049-3",,,,,,,10.1007/978-3-322-84049-3,,,,0,,1,1,1,,,1,5984252,pdf,88903e4689674b5eba97394f6aa357b7,,,A:\\compressed\\10.1007%2F978-3-322-84049-3.pdf,0,2000-01-01 01:00:00,2016-04-03 02:51:08,957000/88903e4689674b5eba97394f6aa357b7-d.jpg,,
15553527,Kollisionsbehandlung als Grundbaustein eines modularen Industrieroboter-Off-line-Programmiersystems,,IPA-IAO Forschung und Praxis 136,,Dipl.-Ing. Andreas Altenhein  (auth.),1989,,Springer Berlin Heidelberg,,129 S. 53 graph. Darst.,0,German,,,,"978-3-540-51418-3,978-3-642-83860-6",,,,,,,10.1007/978-3-642-83860-6,,,,0,,1,1,1,,,1,4770816,pdf,f66b64b34a8241fd976b377d27a66b8a,,,A:\\compressed\\10.1007%2F978-3-642-83860-6.pdf,0,2000-01-01 01:00:00,2016-04-03 02:51:08,957000/f66b64b34a8241fd976b377d27a66b8a-d.jpg,,
15553528,Ein Modell für ein integriertes Qualitäts- und Prüfplanungssystem in der Montage,,IPA-IAO Forschung und Praxis 134,,Dipl.-Ing. Josef R. Kring  (auth.),1989,,Springer Berlin Heidelberg,,140 S. 60 Abb.,0,German,,,,"978-3-540-51195-3,978-3-642-47939-7",,,,,,,10.1007/978-3-642-47939-7,,,,0,,1,1,1,,,1,2947600,pdf,781871c64faa5af0f6cb22a28f923f22,,,A:\\compressed\\10.1007%2F978-3-642-47939-7.pdf,0,2000-01-01 01:00:00,2016-04-03 02:51:08,957000/781871c64faa5af0f6cb22a28f923f22-d.jpg,,
15553529,Technologie der Werkstoffe: für Studenten des Maschinenbaus und der Verfahrenstechnik ab 1. Semester,, ,,Prof. Dr.-Ing. Jürgen Ruge  (auth.),1989,5. Aufl.,Vieweg+Teubner Verlag,,236S.,0,German,,,,"978-3-528-43021-4,978-3-322-84025-7",,,,,,,10.1007/978-3-322-84025-7,,,,0,,1,1,1,,,1,13219775,pdf,799314e617114752c2d28d709706cfef,,,A:\\compressed\\10.1007%2F978-3-322-84025-7.pdf,0,2000-01-01 01:00:00,2016-04-03 02:51:08,957000/799314e617114752c2d28d709706cfef-d.jpg,,
15553530,Keramik-Bauteile in Verbrennungsmotoren: Reibung Verschleiß Herstellung Bearbeitung,,Fortschritte der Fahrzeugtechnik ,,"F. Eisfeld  (auth.),  Prof. Dr.-Ing. Fritz Eisfeld  (eds.)",1989,,Vieweg+Teubner Verlag,,"VII, 176 S.",0,German,,,,"978-3-528-06357-3,978-3-322-88806-8",,,,,,,10.1007/978-3-322-88806-8,,,,0,,1,1,1,,,1,7891793,pdf,ca5ec5847f247999b031c04ca8fd0c7f,,,A:\\compressed\\10.1007%2F978-3-322-88806-8.pdf,0,2000-01-01 01:00:00,2016-04-03 02:51:08,957000/ca5ec5847f247999b031c04ca8fd0c7f-d.jpg,,
15553531,"Modulation: Analog-, Digital- und Pulssysteme",, ,,Frank R. Connor  (auth.),1989,,Vieweg+Teubner Verlag,,155S.,0,English,,,,"978-3-528-04375-9,978-3-322-87811-3",,,,,,,10.1007/978-3-322-87811-3,,,,0,,1,1,1,,,1,3973368,pdf,f533537cfd9b028acd17e41c2e26238a,,,A:\\compressed\\10.1007%2F978-3-322-87811-3.pdf,0,2000-01-01 01:00:00,2016-04-03 02:51:08,957000/f533537cfd9b028acd17e41c2e26238a-d.jpg,,
15553532,Organisation in der Produktionstechnik Band 4: Fertigung und Montage,,VDI-Buch ,,Prof. Dr.-Ing. Dipl.-Wirt. Ing Walter Eversheim  (auth.),1989,,Springer Berlin Heidelberg,,"VIII, 335 S. 239 Abb.",0,German,,,,"978-3-642-64800-7,978-3-642-61344-9",,,,,,,10.1007/978-3-642-61344-9,,,"Ursprünglich erschienen bei VDI-Verlag, Düsselsdorf2., neubearb. u. erw. Aufl.",0,,1,1,1,,,1,13451106,pdf,c72caf38a8c3991e4b3e2db212feb9c3,,,A:\\compressed\\10.1007%2F978-3-642-61344-9.pdf,0,2000-01-01 01:00:00,2016-04-03 02:51:08,957000/c72caf38a8c3991e4b3e2db212feb9c3-d.jpg,,
15553533,Mathematik für Informatiker 1,,Leitfäden und Monographien der Informatik ,,"Prof. Dr. rer. nat. Karl-Heinz Kiyek,  Dr. rer. nat. Friedrich Schwarz  (auth.)",1989,,Vieweg+Teubner Verlag,,"VII, 300 S.",0,German,,,,"978-3-519-02277-0,978-3-322-93079-8",,,,,,,10.1007/978-3-322-93079-8,,,,0,,1,1,1,,,1,10060587,pdf,51a120842e478d909f1eeac78cb9623a,,,A:\\compressed\\10.1007%2F978-3-322-93079-8.pdf,0,2000-01-01 01:00:00,2016-04-03 02:51:08,957000/51a120842e478d909f1eeac78cb9623a-d.jpg,,
15553534,"Funktionale Gestaltbildung: Gestaltbildende Konstruktionslehre für Vorrichtungen, Geräte, Instrumente und Maschinen",,Hochschultext ,,Dipl.-Ing. Artur Jung  (auth.),1989,,Springer Berlin Heidelberg,,"VIII, 200 S. 182 Abb.",0,German,,,,"978-3-540-51170-0,978-3-642-83801-9",,,,,,,10.1007/978-3-642-83801-9,,,,0,,1,1,1,,,1,3955074,pdf,3e6d943e122e6f1c5ebdbeaceb923ed5,,,A:\\compressed\\10.1007%2F978-3-642-83801-9.pdf,0,2000-01-01 01:00:00,2016-04-03 02:51:08,957000/3e6d943e122e6f1c5ebdbeaceb923ed5-d.jpg,,
15553535,Verbrennungsmotoren: Verfahrenstheorie,,Hochschultext ,,Prof. Dr.-Ing. Alfred Urlaub  (auth.),1989,,Springer Berlin Heidelberg,,"VIII, 227 S. 93 Abb.",0,German,,,,"978-3-540-50509-9,978-3-642-83660-2",,,,,,,10.1007/978-3-642-83660-2,,,,0,,1,1,1,,,1,5051923,pdf,6ed48ed34a6163e936ff85bbc709c6c2,,,A:\\compressed\\10.1007%2F978-3-642-83660-2.pdf,0,2000-01-01 01:00:00,2016-04-03 02:51:08,957000/6ed48ed34a6163e936ff85bbc709c6c2-d.jpg,,
15553536,Kosten- und Leistungsrechnung in Bauunternehmungen,,Leitfaden der Bauwirtschaft und des Baubetriebs ,,Dipl.-Ing. Dr.rer.habil. Rolf F. Toffel  (auth.),1989,,Vieweg+Teubner Verlag,,"XII, 272 S.",0,German,,,,"978-3-519-05240-1,978-3-663-10546-6",,,,,,,10.1007/978-3-663-10546-6,,,,0,,1,1,1,,,1,6337447,pdf,726edeb2063bb85166afad8258ae9272,,,A:\\compressed\\10.1007%2F978-3-663-10546-6.pdf,0,2000-01-01 01:00:00,2016-04-03 02:51:08,957000/726edeb2063bb85166afad8258ae9272-d.jpg,,
15553537,Großforschung mit kleinen Teilchen: Das Deutsche Elektronen-Synchrotron DESY 1956–1970,, ,,Dr. Claus Habfast  (auth.),1989,,Springer Berlin Heidelberg,,"XII, 286 S. 38 Abb.",0,German,,,,"978-3-540-51463-3,978-3-642-86884-9",,,,,,,10.1007/978-3-642-86884-9,,,,0,,1,1,1,,,1,14686972,pdf,0794f7b03b64c4bb92e751d4131d0b9b,,,A:\\compressed\\10.1007%2F978-3-642-86884-9.pdf,0,2000-01-01 01:00:00,2016-04-03 02:51:08,957000/0794f7b03b64c4bb92e751d4131d0b9b-d.jpg,,
15553538,Metalltechnik: Grundbildung für kraftfahrzeugtechnische Berufe,, ,,Dipl.-Ing. (FH) Wilfried Staudt  (auth.),1989,,Vieweg+Teubner Verlag,,328,0,German,,,,"978-3-528-04430-5,978-3-322-83804-9",,,,,,,10.1007/978-3-322-83804-9,,,,0,,1,1,1,,,1,71501427,pdf,e967ecd819e2d1be52610925cef7c95a,,,A:\\compressed\\10.1007%2F978-3-322-83804-9.pdf,0,2000-01-01 01:00:00,2016-04-03 02:51:08,957000/e967ecd819e2d1be52610925cef7c95a-d.jpg,,
15553539,Ermittlung der Fließkurven von Feinblechen im ebenen Torsionsversuch,,Berichte aus dem Institut für Umformtechnik der Universität Stuttgart 100,,Dipl.-Ing. Michael Bauer  (auth.),1989,,Springer Berlin Heidelberg,,"76 Abb., 7 Tab. 210 Seiten.",0,German,,,,"978-3-540-51117-5,978-3-642-83780-7",,,,,,,10.1007/978-3-642-83780-7,,,,0,,1,1,1,,,1,4032526,pdf,711f066b2eaaaa6cd1b9a7bda2168cc8,,,A:\\compressed\\10.1007%2F978-3-642-83780-7.pdf,0,2000-01-01 01:00:00,2016-04-03 02:51:08,957000/711f066b2eaaaa6cd1b9a7bda2168cc8-d.jpg,,
15553540,Aktuelle Anwendungen der Mathematik,, ,,"Professor Dr. phil. Gert Böhme,  Professor Dipl.-Ing. Helmut Kernler,  Professor Dr. Hans-Volker Niemeier,  Professor Dipl.-Ing. Dr. Dieter Pflügel  (auth.)",1989,2. Aufl.,Springer Berlin Heidelberg,,"X, 258 S.",0,German,,,,"978-3-540-50700-0,978-3-642-83692-3",,,,,,,10.1007/978-3-642-83692-3,,,,0,,1,1,1,,,1,5935299,pdf,5587653483681be69ccad66374d54188,,,A:\\compressed\\10.1007%2F978-3-642-83692-3.pdf,0,2000-01-01 01:00:00,2016-04-03 02:51:08,957000/5587653483681be69ccad66374d54188-d.jpg,,
15553541,"Automatisierung mit Industrierobotern: Komponenten, Programmierung, Anwendung. Referate der Fachtagung Automatisierung mit Industrierobotern",,Fortschritte der Robotik 2,,"H.-J. Warnecke,  R. D. Schraft,  M. Schweizer  (auth.),  Prof. Dr.-Ing. Winfried Rehr  (eds.)",1989,,Vieweg+Teubner Verlag,,281,0,German,,,,"978-3-528-06364-1,978-3-663-14224-9",,,,,,,10.1007/978-3-663-14224-9,,,,0,,1,1,1,,,1,9659897,pdf,7d5ff23c1780ad071e1ff8fa62b9c089,,,A:\\compressed\\10.1007%2F978-3-663-14224-9.pdf,0,2000-01-01 01:00:00,2016-04-03 02:51:08,957000/7d5ff23c1780ad071e1ff8fa62b9c089-d.jpg,,
15553542,Übungsbeispiele aus der Wärmelehre,, ,,Ing. Werner Berties  (auth.),1989,17. Aufl.,Vieweg+Teubner Verlag,,308S.,0,German,,,,"978-3-528-94905-1,978-3-322-86353-9",,,,,,,10.1007/978-3-322-86353-9,,,,0,,1,1,1,,,1,16428710,pdf,aa49d00b6b3df25574732df3788a1670,,,A:\\compressed\\10.1007%2F978-3-322-86353-9.pdf,0,2000-01-01 01:00:00,2016-04-03 02:51:08,957000/aa49d00b6b3df25574732df3788a1670-d.jpg,,
15553543,Effiziente Algorithmen für grundlegende Funktionen,,Leitfäden und Monographien der Informatik ,,Prof. Dr. math. Ingo Wegener  (auth.),1989,,Vieweg+Teubner Verlag,,"IX, 263 S.",0,German,,,,"978-3-519-02276-3,978-3-322-94711-6",,,,,,,10.1007/978-3-322-94711-6,,,,0,,1,1,1,,,1,7749015,pdf,b2d50fd89f6b2a715001da3dd9cd17b6,,,A:\\compressed\\10.1007%2F978-3-322-94711-6.pdf,0,2000-01-01 01:00:00,2016-04-03 02:51:08,957000/b2d50fd89f6b2a715001da3dd9cd17b6-d.jpg,,
15553544,Die Computersimulation: Instrumentarium zur Gestaltung komplexer Arbeitssysteme,,fir+iaw Forschung für die Praxis 23,,Dipl.-Ing. Franz-Josef Gaksch  (auth.),1989,,Springer Berlin Heidelberg,,"XI, 160 S. 64 Abb., 10 Tab.",0,German,,,,"978-3-540-51536-4,978-3-642-83889-7",,,,,,,10.1007/978-3-642-83889-7,,,,0,,1,1,1,,,1,4678713,pdf,cee7b100217a055855c882ad0a072e7e,,,A:\\compressed\\10.1007%2F978-3-642-83889-7.pdf,0,2000-01-01 01:00:00,2016-04-03 02:51:08,957000/cee7b100217a055855c882ad0a072e7e-d.jpg,,
15553545,LISP: Fallbeispiele mit Anwendungen in der Künstlichen Intelligenz,,Künstliche Intelligenz / Artificial Intelligence ,,"Rüdiger Esser,  Elisabeth Feldmar  (auth.),  Paul Schmitz  (eds.)",1989,,Vieweg+Teubner Verlag,,262,0,German,,,,"978-3-528-04585-2,978-3-663-14048-1",,,,,,,10.1007/978-3-663-14048-1,,,,0,,1,1,1,,,1,9698867,pdf,76cef9771630353434dc6246f711fd9c,,,A:\\compressed\\10.1007%2F978-3-663-14048-1.pdf,0,2000-01-01 01:00:00,2016-04-03 02:51:08,957000/76cef9771630353434dc6246f711fd9c-d.jpg,,
15553546,Das Atomzeitalter: Von den Anfängen zur Gegenwart,, ,,Dr. H. Alwyn C. McKay  (auth.),1989,,Springer Berlin Heidelberg,,"IX, 165 S. 19 Abb., 14 Taf., 5 Tab.",0,German,,,,"978-3-540-50759-8,978-3-642-74424-2",,,,,,,10.1007/978-3-642-74424-2,,,"Englische Originalausgabe erschienen by Oxford University Press, 1984",0,,1,1,1,,,1,4230195,pdf,4aa1aa901761bb7c46b30a10b05276bf,,,A:\\compressed\\10.1007%2F978-3-642-74424-2.pdf,0,2000-01-01 01:00:00,2016-04-03 02:51:08,957000/4aa1aa901761bb7c46b30a10b05276bf-d.jpg,,
15553547,Optische Sensorsysteme zur On-line-Führung von Industrierobotern,,ISW Forschung und Praxis 81,,Wolfgang Ruoff  (auth.),1989,,Springer Berlin Heidelberg,,123 S. 45 Abb.,0,German,,,,"978-3-540-51744-3,978-3-642-83956-6",,,,,,,10.1007/978-3-642-83956-6,,,,0,,1,1,1,,,1,2005438,pdf,79a6fe34476bfcd66c2c0437cbfd2984,,,A:\\compressed\\10.1007%2F978-3-642-83956-6.pdf,0,2000-01-01 01:00:00,2016-04-03 02:51:08,957000/79a6fe34476bfcd66c2c0437cbfd2984-d.jpg,,
15553548,Einführung in die Dokumentenverarbeitung,,Leitfäden der angewandten Informatik ,,Dr. rer. nat Anne Brüggemann-Klein  (auth.),1989,,Vieweg+Teubner Verlag,,200 S.,0,German,,,,"978-3-519-02488-0,978-3-322-92749-1",,,,,,,10.1007/978-3-322-92749-1,,,,0,,1,1,1,,,1,5703679,pdf,0fc87e5287c0d163eafc6e00338b8133,,,A:\\compressed\\10.1007%2F978-3-322-92749-1.pdf,0,2000-01-01 01:00:00,2016-04-03 02:51:08,957000/0fc87e5287c0d163eafc6e00338b8133-d.jpg,,
15553549,Hochtemperaturreaktortechnik,, ,,"Prof. Dr.-Ing. Kurt Kugeler,  Prof. Dr. rer. nat. Rudolf Schulten  (auth.)",1989,,Springer Berlin Heidelberg,,"XI, 475 S.",0,German,,,,"978-3-540-51535-7,978-3-642-52333-5",,,,,,,10.1007/978-3-642-52333-5,,,,0,,1,1,1,,,1,20547103,pdf,07f9dae8b2eea54de5d9878e9d5884a9,,,A:\\compressed\\10.1007%2F978-3-642-52333-5.pdf,0,2000-01-01 01:00:00,2016-04-03 02:51:08,957000/07f9dae8b2eea54de5d9878e9d5884a9-d.jpg,,
15553550,Grundlagen des maschinellen Beweisens: Eine Einführung für Informatiker und Mathematiker,, ,,"Dieter Hofbauer,  Ralf-Detlef Kutsche  (auth.)",1989,,Vieweg+Teubner Verlag,,172S.,0,German,,,,"978-3-528-04718-4,978-3-322-84223-7",,,,,,,10.1007/978-3-322-84223-7,,,,0,,1,1,1,,,1,6951063,pdf,6abf882f54df5154b4dda82b5f6c3413,,,A:\\compressed\\10.1007%2F978-3-322-84223-7.pdf,0,2000-01-01 01:00:00,2016-04-03 02:51:08,957000/6abf882f54df5154b4dda82b5f6c3413-d.jpg,,
15553551,Introductory Orbit Dynamics,,Fundamentals and Advances in the Engineering Sciences / Grundlagen und Fortschritte der Ingenieurwissenschaften ,,Fred P. J. Rimrott  (auth.),1989,,Vieweg+Teubner Verlag,,"X, 193S.",0,English,,,,"978-3-322-90339-6,978-3-322-90338-9",,,,,,,10.1007/978-3-322-90338-9,,,,0,,1,1,1,,,1,3172399,pdf,d2c4cd31faa352c71655ddab420b0c7e,,,A:\\compressed\\10.1007%2F978-3-322-90338-9.pdf,0,2000-01-01 01:00:00,2016-04-03 02:51:08,957000/d2c4cd31faa352c71655ddab420b0c7e-d.jpg,,
15553552,Prüfung des Einflusses von Schmierstoffadditiven auf das Tribosystem bei der Kaltmassivumformung,,Berichte aus dem Institut für Umformtechnik der Universität Stuttgart 104,,Dipl.-Ing. Uwe Horlacher  (auth.),1989,,Springer Berlin Heidelberg,,"161 S. 70 Abb., 5 Tab.",0,German,,,,"978-3-540-52176-1,978-3-642-84097-5",,,,,,,10.1007/978-3-642-84097-5,,,,0,,1,1,1,,,1,8246470,pdf,d78d9377a9e3e8b9bd3de9bb55962912,,,A:\\compressed\\10.1007%2F978-3-642-84097-5.pdf,0,2000-01-01 01:00:00,2016-04-03 02:51:08,957000/d78d9377a9e3e8b9bd3de9bb55962912-d.jpg,,
15553553,Einführung in die Programmiersprache C++,, ,,"Falko Bause,  Wolfgang Tölle  (auth.)",1989,2.Aufl.,Vieweg+Teubner Verlag,,"VIII, 171S.",0,German,92,,,"978-3-528-14689-4,978-3-322-91941-0",,,,,,,10.1007/978-3-322-91941-0,,,,0,,1,1,1,,,1,6221804,pdf,abc0cd04145aa959e6e76a1420c12f5d,,,A:\\compressed\\10.1007%2F978-3-322-91941-0.pdf,0,2000-01-01 01:00:00,2016-04-03 02:51:08,957000/abc0cd04145aa959e6e76a1420c12f5d-d.jpg,,
15553554,Reizvolle Moleküle der Organischen Chemie,,Teubner Studienbücher Chemie ,,Prof. Dr. rer. nat. Fritz Vögtle  (auth.),1989,Softcover reprint of the original 1st ed. 1989,Vieweg+Teubner Verlag,,402S. Mit zahlr. Abbildungen und 40 Stereobildern.,0,German,,,,"978-3-519-03503-9,978-3-322-96705-3",,,,,,,10.1007/978-3-322-96705-3,,,,0,,1,1,1,,,1,8787236,pdf,82066ff9fb728e43006a99e11acd7034,,,A:\\compressed\\10.1007%2F978-3-322-96705-3.pdf,0,2000-01-01 01:00:00,2016-04-03 02:51:08,957000/82066ff9fb728e43006a99e11acd7034-d.jpg,,
15553555,Metallkunde für das Maschinenwesen: Band II: Gleichgewichts- und Ungleichgewichtszustände,, ,,Dr.-Ing. Karlheinz G. Schmitt-Thomas  (auth.),1989,,Springer Berlin Heidelberg,,"X, 273 S. 238 Abb.",0,German,,,,"978-3-540-50662-1,978-3-642-93405-6",,,,,,,10.1007/978-3-642-93405-6,,,,0,,1,1,1,,,1,12840994,pdf,53ef27a8ac2ebc4c37b4d2564315fdd9,,,A:\\compressed\\10.1007%2F978-3-642-93405-6.pdf,0,2000-01-01 01:00:00,2016-04-03 02:51:08,957000/53ef27a8ac2ebc4c37b4d2564315fdd9-d.jpg,,
15553556,Werkzeugverformungen beim Strangpressen und ihre Auswirkungen auf die Produktgenauigkeit,,Berichte aus dem Institut für Umformtechnik der Universität Stuttgart 103,,Rolf Bulander  (auth.),1989,,Springer Berlin Heidelberg,,"165 S. 66 Abb., 5 Tab.",0,German,,,,"978-3-540-51586-9,978-3-642-83908-5",,,,,,,10.1007/978-3-642-83908-5,,,,0,,1,1,1,,,1,4336548,pdf,9ffa075f843efde55b67509a0a0977be,,,A:\\compressed\\10.1007%2F978-3-642-83908-5.pdf,0,2000-01-01 01:00:00,2016-04-03 02:51:08,957000/9ffa075f843efde55b67509a0a0977be-d.jpg,,
15553557,Ernst Abbe,,"Biographie hervorragender Naturwissenschaftler, Techniker und Mediziner 94",,Dr. Joachim Wittig  (auth.),1989,,Vieweg+Teubner Verlag,,148S.,0,German,,,,"978-3-322-00686-8,978-3-322-82224-6",,,,,,,10.1007/978-3-322-82224-6,,,,0,,1,1,1,,,1,7449718,pdf,b5c5c70813a603f09509263a3cb8a255,,,A:\\compressed\\10.1007%2F978-3-322-82224-6.pdf,0,2000-01-01 01:00:00,2016-04-03 02:51:08,957000/b5c5c70813a603f09509263a3cb8a255-d.jpg,,
15553558,Analysis für Fachoberschulen: Lösungsheft,,Viewegs Fachbücher der Technik ,,Karl-Heinz Pfeffer  (auth.),1989,6Aufl.,Vieweg+Teubner Verlag,,68S.,0,German,,,,"978-3-528-54241-2,978-3-322-99796-8",,,,,,,10.1007/978-3-322-99796-8,,,,0,,1,1,1,,,1,1742568,pdf,4c120332bbf273c1033fb027b733ff28,,,A:\\compressed\\10.1007%2F978-3-322-99796-8.pdf,0,2000-01-01 01:00:00,2016-04-03 02:51:08,957000/4c120332bbf273c1033fb027b733ff28-d.jpg,,
15553559,Handbuch Fertigungs- und Betriebstechnik,, ,,"Prof. Dr.-Ing. Wolfgang Meins  (auth.),  Prof. Dr.-Ing. Wolfgang Meins  (eds.)",1989,,Vieweg+Teubner Verlag,,918,0,German,,,,"978-3-322-84911-3,978-3-322-84910-6",,,,,,,10.1007/978-3-322-84910-6,,,,0,,1,1,1,,,1,26927787,pdf,f160df8aea9278afee2f2fd2853ad2b7,,,A:\\compressed\\10.1007%2F978-3-322-84910-6.pdf,0,2000-01-01 01:00:00,2016-04-03 02:51:08,957000/f160df8aea9278afee2f2fd2853ad2b7-d.jpg,,
15553560,Rank Tests with Estimated Scores and Their Application,,Teubner Skripten zur Mathematischen Stochastik ,,"Prof. Dr. rer. nat. Konrad Behnen,  Prof. Dr. rer. nat. Georg Neuhaus  (auth.)",1989,,Vieweg+Teubner Verlag,,"IX, 418 S.",0,English,,,,"978-3-519-02728-7,978-3-322-94762-8",,,,,,,10.1007/978-3-322-94762-8,,,,0,,1,1,1,,,1,12279473,pdf,5c25c92ea772eb65939f20c1c108830f,,,A:\\compressed\\10.1007%2F978-3-322-94762-8.pdf,0,2000-01-01 01:00:00,2016-04-03 02:51:08,957000/5c25c92ea772eb65939f20c1c108830f-d.jpg,,
15553561,Lichtwellenleiter,,Teubner Studienskripten (TSS) ,,"Dr. rer. nat. Manfred Börner,  Dr.-Ing. Gert Trommer  (auth.)",1989,,Vieweg+Teubner Verlag,,156S.,0,German,,,,"978-3-519-00116-4,978-3-322-92122-2",,,,,,,10.1007/978-3-322-92122-2,,,,0,,1,1,1,,,1,3746955,pdf,fe9dc7ddbb296d76063f8960b7bbd951,,,A:\\compressed\\10.1007%2F978-3-322-92122-2.pdf,0,2000-01-01 01:00:00,2016-04-03 02:51:08,957000/fe9dc7ddbb296d76063f8960b7bbd951-d.jpg,,
15553562,Messen in der Energieanwendung: Meß- und Überwachungsmethoden als Grundlage für rationellen Energieeinsatz,, ,,"Dr.-Ing. Helmut Schaefer  (auth.),  Dr.-Ing. Helmut Schaefer  (eds.)",1989,,Springer Berlin Heidelberg,,"XII, 248 S. 73 Abb.",0,German,,,,"978-3-540-50127-5,978-3-642-93395-0",,,,,,,10.1007/978-3-642-93395-0,,,,0,,1,1,1,,,1,9947616,pdf,a1457d6f2cc9965ac052d9246b55053d,,,A:\\compressed\\10.1007%2F978-3-642-93395-0.pdf,0,2000-01-01 01:00:00,2016-04-03 02:51:08,957000/a1457d6f2cc9965ac052d9246b55053d-d.jpg,,
15553563,"Proceedings of the Third German-Italian Symposium Applications of Mathematics in Industry and Technology: June 18–22, 1988 Siena (Under the auspices of the C.N.R. — D.F.G. agreement)",, ,,"Carlo Cercignani  (auth.),  Prof. Dr. Vinicio Boffi,  Prof. Dr. Helmut Neunzert  (eds.)",1989,,Vieweg+Teubner Verlag,,349S.,0,English,,,,"978-3-519-02628-0,978-3-322-96692-6",,,,,,,10.1007/978-3-322-96692-6,,,,0,,1,1,1,,,1,9390333,pdf,1075fec93b43a4faccf6e43070131383,,,A:\\compressed\\10.1007%2F978-3-322-96692-6.pdf,0,2000-01-01 01:00:00,2016-04-03 02:51:08,957000/1075fec93b43a4faccf6e43070131383-d.jpg,,
15553564,Werkstoffe der Elektrotechnik,,Teubner Studienskripten (TSS) 11,,Prof. Dr. phil. nat. Waldemar von Münch  (auth.),1989,"7, überarb. Aufl.",Vieweg+Teubner Verlag,,257 S. Mit 41 Tafeln.,0,German,,,,"978-3-519-10115-4,978-3-322-94052-0",,,,,,,10.1007/978-3-322-94052-0,,,,0,,1,1,1,,,1,4789480,pdf,c0ec3bd006dc96170a18924e76348203,,,A:\\compressed\\10.1007%2F978-3-322-94052-0.pdf,0,2000-01-01 01:00:00,2016-04-03 02:51:08,957000/c0ec3bd006dc96170a18924e76348203-d.jpg,,
15553565,Solarchemische Technik. Solarchemisches Kolloquium 12. und 13. Juni 1989 in Köln-Porz. Tagungsberichte und Auswertungen: Band 2: Solare Detoxifizierung von Problemabfällen,, ,,"K.-H. Funken  (auth.),  Dr.-lng. Manfred Becker,  Dr. rer. nat. Karl-Heinz Funken  (eds.)",1989,,Springer Berlin Heidelberg,,"VII, 181 S.",0,German,,,,"978-3-540-51338-4,978-3-642-83842-2",,,,,,,10.1007/978-3-642-83842-2,,,,0,,1,1,1,,,1,6459645,pdf,e589f22b55c2e592ac00d970c1864579,,,A:\\compressed\\10.1007%2F978-3-642-83842-2.pdf,0,2000-01-01 01:00:00,2016-04-03 02:51:08,957000/e589f22b55c2e592ac00d970c1864579-d.jpg,,
15553566,Interfaces und Datennetze,, ,,"Gerhard Schnell,  Konrad Hoyer  (auth.)",1989,,Vieweg+Teubner Verlag,,"X, 231S.",0,German,,,,"978-3-528-24248-0,978-3-322-90494-2",,,,,,,10.1007/978-3-322-90494-2,,,,0,,1,1,1,,,1,7677813,pdf,3b8ee44726f194b56c6641eb0630afdd,,,A:\\compressed\\10.1007%2F978-3-322-90494-2.pdf,0,2000-01-01 01:00:00,2016-04-03 02:51:08,957000/3b8ee44726f194b56c6641eb0630afdd-d.jpg,,
15553567,Dynamics Reported: A Series in Dynamical Systems and Their Applications,,Dynamics Reported 2,,"Peter W. Bates,  Christopher K. R. T. Jones  (auth.),  Urs Kirchgraber,  Hans Otto Walther  (eds.)",1989,,Vieweg+Teubner Verlag,,"IX, 269 S.",0,English,,,,"978-3-519-02151-3,978-3-322-96657-5",,,,,,,10.1007/978-3-322-96657-5,,,,0,,1,1,1,,,1,5638051,pdf,0b9d4e412a0787a42faeb7f8ae1b10ce,,,A:\\compressed\\10.1007%2F978-3-322-96657-5.pdf,0,2000-01-01 01:00:00,2016-04-03 02:51:08,957000/0b9d4e412a0787a42faeb7f8ae1b10ce-d.jpg,,
15553568,Carl Friedrich Gauß,,"Biographien hervorragender Naturwissenschaftler, Techniker und Mediziner 15",,"Prof. Dr. sc. nat. Hans Wußing  (auth.),  D. Goetz,  I. Jahn,  H. Remane,  E. Wächtler,  H. Wußing  (eds.)",1989,5Aufl.,Vieweg+Teubner Verlag,,92 S.,0,German,,,,"978-3-322-00682-0,978-3-322-93040-8",,,,,,,10.1007/978-3-322-93040-8,,,,0,,1,1,1,,,1,3923121,pdf,9601cdf3d116f20ea3984df027ea5e0f,,,A:\\compressed\\10.1007%2F978-3-322-93040-8.pdf,0,2000-01-01 01:00:00,2016-04-03 02:51:08,957000/9601cdf3d116f20ea3984df027ea5e0f-d.jpg,,
15553569,Entwurf von Semicustom-Schaltungen,,Mikroelektronik ,,"Dr.-Ing. Axel Kemper,  Dipl.-Ing. Manfred Meyer  (auth.)",1989,,Springer Berlin Heidelberg,,"X, 250 S. 84 Abb.",0,German,,,,"978-3-540-51561-6,978-3-642-95600-3",,,,,,,10.1007/978-3-642-95600-3,,,,0,,1,1,1,,,1,6897425,pdf,a6fe6bddde7b91b6826dedffa0208b79,,,A:\\compressed\\10.1007%2F978-3-642-95600-3.pdf,0,2000-01-01 01:00:00,2016-04-03 02:51:08,957000/a6fe6bddde7b91b6826dedffa0208b79-d.jpg,,
15553570,Tragwerksdynamik,, ,,Dipl.-Ing. Dr. sc. techn. Dieter D. Pfaffinger  (auth.),1989,,Springer Vienna,,328,0,English,,,,"978-3-7091-9027-2,978-3-7091-9026-5",,,,,,,10.1007/978-3-7091-9026-5,,,,0,,1,1,1,,,1,14107773,pdf,2a7aa5c167d39dd19c141eefc82acad9,,,A:\\compressed\\10.1007%2F978-3-7091-9026-5.pdf,0,2000-01-01 01:00:00,2016-04-03 02:51:08,957000/2a7aa5c167d39dd19c141eefc82acad9-d.jpg,,
15553571,Thermophysikalische Stoffgrößen,,Wärme- und Stoffübertragung ,,"S. German,  W. Blanke,  H.-H. Kirchner  (auth.),  Prof. Dr.-Ing. Walter Blanke  (eds.)",1989,,Springer Berlin Heidelberg,,"X, 385 S.",0,German,,,,"978-3-540-18495-9,978-3-662-10545-0",,,,,,,10.1007/978-3-662-10545-0,,,,0,,1,1,1,,,1,9485212,pdf,e71acf60477df5757d32a95a91f795fe,,,A:\\compressed\\10.1007%2F978-3-662-10545-0.pdf,0,2000-01-01 01:00:00,2016-04-03 02:51:08,957000/e71acf60477df5757d32a95a91f795fe-d.jpg,,
15553572,Halbleiter-Schaltungstechnik,, ,,"Dr.-Ing. Ulrich Tietze,  Dr.-Ing. Christoph Schenk  (auth.)",1989,,Springer Berlin Heidelberg,,1042,0,German,,,,"978-3-662-11942-6,978-3-662-11941-9",,,,,,,10.1007/978-3-662-11941-9,,,,0,,1,1,1,,,1,23992845,pdf,efe5ca5e8e73c9dde40760c6a4463e69,,,A:\\compressed\\10.1007%2F978-3-662-11941-9.pdf,0,2000-01-01 01:00:00,2016-04-03 02:51:08,957000/efe5ca5e8e73c9dde40760c6a4463e69-d.jpg,,
15553573,"Nutzen, Wirkungen, Kosten von CIM-Realisierungen: 21. IPA-Arbeitstagung, 5./6. September 1989 in Stuttgart",,IPA-IAO Forschung und Praxis 13,,"H. J. Warnecke,  H. F. Jacobi  (auth.),  Dr.-Ing. Dr.h.c. Dr.-Ing. E.h. H. J. Warnecke  (eds.)",1989,,Springer Berlin Heidelberg,,397 S.,0,German,,,,"978-3-540-51681-1,978-3-642-83941-2",,,,,,,10.1007/978-3-642-83941-2,,,,0,,1,1,1,,,1,21385841,pdf,024309a22ac000fb3d7435a87ec8fb8d,,,A:\\compressed\\10.1007%2F978-3-642-83941-2.pdf,0,2000-01-01 01:00:00,2016-04-03 02:51:08,957000/024309a22ac000fb3d7435a87ec8fb8d-d.jpg,,
15553574,Einführung in die Digitaltechnik,,Teubner Studienskripten Elektrotechnik ,,Prof. Dipl.-Ing. Otto Haack  (auth.),1989,4Aufl.,Vieweg+Teubner Verlag,,"232S. 179 Abb.. Mit 71 Tafeln, 79 Beispiele.",0,German,,,,"978-3-519-30010-6,978-3-322-91799-7",,,,,,,10.1007/978-3-322-91799-7,,,,0,,1,1,1,,,1,2515298,pdf,340ca90f3deedf9f6ed651861d9538fe,,,A:\\compressed\\10.1007%2F978-3-322-91799-7.pdf,0,2000-01-01 01:00:00,2016-04-03 02:51:08,957000/340ca90f3deedf9f6ed651861d9538fe-d.jpg,,
15553575,PET: Grundlagen und Anwendungen der Positronen-Emissions-Tomographie,,,,"Klaus Wienhard, Rainer Wagner, Wolf-Dieter Heiss",1989,,Springer Berlin Heidelberg,,204,0,German,,,0,"978-3-642-73844-9,978-3-642-73843-2",,,,,,,10.1007/978-3-642-73843-2,,,,0,,1,1,1,,,1,8815649,pdf,e9ea50d54ed44a4b3cf09cc7461eff94,,,A:/compressed/10.1007%2F978-3-642-73843-2.pdf,0,2000-01-01 01:00:00,2016-04-03 02:51:08,957000/e9ea50d54ed44a4b3cf09cc7461eff94-d.jpg,,
15553576,Sauerstoff — Spender des Lebens: Ein Ratgeber zur Sauerstoff-Langzeit-Therapie,, ,,Priv.-Doz. Dr. Wolfgang Petro  (auth.),1989,,Steinkopff,,"VIII, 64 S.",0,German,,,,"978-3-7985-0791-3,978-3-642-85379-1",,,,,,,10.1007/978-3-642-85379-1,,,,0,,1,1,1,,,1,1461960,pdf,ac5d6864b5df30621a8509931e2a6042,,,A:\\compressed\\10.1007%2F978-3-642-85379-1.pdf,0,2000-01-01 01:00:00,2016-04-03 02:51:08,957000/ac5d6864b5df30621a8509931e2a6042-d.jpg,,
15553577,Technik und Bildung,,Technik und Kultur ,,"Charlotte Schönbeck  (auth.),  Laetitia Boehm,  Charlotte Schönbeck  (eds.)",1989,,Springer Berlin Heidelberg,,480,0,German,,,,"978-3-642-95791-8,978-3-642-95790-1",,,,,,,10.1007/978-3-642-95790-1,,,,0,,1,1,1,,,1,11862606,pdf,0f21abcb40393f419b743bdbc0a40f62,,,A:\\compressed\\10.1007%2F978-3-642-95790-1.pdf,0,2000-01-01 01:00:00,2016-04-03 02:51:08,957000/0f21abcb40393f419b743bdbc0a40f62-d.jpg,,
15553578,Reisebegleiter Physik,,Kleine Naturwissenschaftliche Bibliothek 67,,Oberlehrer Siegfried Anders  (auth.),1989,,Vieweg+Teubner Verlag,,76 S.,0,German,,,,"978-3-322-00688-2,978-3-322-94559-4",,,,,,,10.1007/978-3-322-94559-4,,,,0,,1,1,1,,,1,1729535,pdf,e92ce0f439cba98117891a2acc4ea63c,,,A:\\compressed\\10.1007%2F978-3-322-94559-4.pdf,0,2000-01-01 01:00:00,2016-04-03 02:51:08,957000/e92ce0f439cba98117891a2acc4ea63c-d.jpg,,
15553579,Leistungs- und Lastbedarfssteuerung: VDI/VDE/GfPE-Tagung in Schliersee am 2./3. Mai 1989,,FfE — Schriftenreihe der Forschungsstelle für Energiewirtschaft 19,,"G. Klätte,  H. Schaefer,  U. Wagner,  W. Burkner,  P. Grünberg,  A. Haeberlin,  D. Dommann,  B. Geiger,  M. Rudolph,  L. Rouvel,  Dr.-Ing. Marten F. Brunk,  D. Denzel,  Herta Recknagel,  G. Zahn,  M. Eichelbrönner,  W. Hauber,  J. Schildhauer  (auth.)",1989,,Springer Berlin Heidelberg,,"VI, 207 S.",0,German,,,,"978-3-540-51063-5,978-3-642-51130-1",,,,,,,10.1007/978-3-642-51130-1,,,,0,,1,1,1,,,1,8031371,pdf,efcd3258841aa28c402d95445633a797,,,A:\\compressed\\10.1007%2F978-3-642-51130-1.pdf,0,2000-01-01 01:00:00,2016-04-03 02:51:08,957000/efcd3258841aa28c402d95445633a797-d.jpg,,
15553580,Elemente der angewandten Elektronik: Kompendium für Ausbildung und Beruf,, ,,Erwin Böhmer  (auth.),1989,6. Aufl.,Vieweg+Teubner Verlag,,406S.,0,German,,,,"978-3-528-54090-6,978-3-322-85558-9",,,,,,,10.1007/978-3-322-85558-9,,,,0,,1,1,1,,,1,25847500,pdf,f545651dc904e3e57eb94c7364e1ac98,,,A:\\compressed\\10.1007%2F978-3-322-85558-9.pdf,0,2000-01-01 01:00:00,2016-04-03 02:51:08,957000/f545651dc904e3e57eb94c7364e1ac98-d.jpg,,
15553581,Auswahl und Beurteilung EDV-gestützter IPS-Systeme,,fir+iaw Forschung für die Praxis 21,,Dipl.-Ing. Uwe Breer  (auth.),1989,,Springer Berlin Heidelberg,,"VIII, 148 Seiten. 58 Abb., 23 Tab.",0,German,,,,"978-3-540-50747-5,978-3-642-83703-6",,,,,,,10.1007/978-3-642-83703-6,,,,0,,1,1,1,,,1,4523314,pdf,cf216985c9477cf3b67daff0630bea88,,,A:\\compressed\\10.1007%2F978-3-642-83703-6.pdf,0,2000-01-01 01:00:00,2016-04-03 02:51:08,957000/cf216985c9477cf3b67daff0630bea88-d.jpg,,
15553582,Qualität und Testbarkeit hochintegrierter Schaltungen: Qualitätssicherung durch regelbasierte Systeme,,Informatik-Fachberichte 215,,Mehrdad Bidjan-Irani  (auth.),1989,,Springer Berlin Heidelberg,,"IX, 169 Seiten.",0,German,,,,"978-3-540-51608-8,978-3-642-75025-0",,,,,,,10.1007/978-3-642-75025-0,,,,0,,1,1,1,,,1,5837824,pdf,42dda4caab114d66488b27f86f55c76d,,,A:\\compressed\\10.1007%2F978-3-642-75025-0.pdf,0,2000-01-01 01:00:00,2016-04-03 02:51:08,957000/42dda4caab114d66488b27f86f55c76d-d.jpg,,
15553583,Transistorverstärker: Technische Grundlagen,,Teubner Studienskripten (TSS) ,,Dr.-Ing. Hans-Dieter Kirschbaum  (auth.),1989,"4, überarb., erw. Aufl.",Vieweg+Teubner Verlag,,244S. 114 Abb.. Mit 36 Beispielen.,0,German,,,,"978-3-519-30062-5,978-3-322-88919-5",,,,,,,10.1007/978-3-322-88919-5,,,,0,,1,1,1,,,1,7754492,pdf,8b8febff2cdcd3299e25111c2cfcac22,,,A:\\compressed\\10.1007%2F978-3-322-88919-5.pdf,0,2000-01-01 01:00:00,2016-04-03 02:51:08,957000/8b8febff2cdcd3299e25111c2cfcac22-d.jpg,,
15553584,"Elektrische Bahnen: Grundlagen, Triebfahrzeuge, Stromversorgung",, ,,"Dr. sc. techn., Dipl.-Ing. Žarko Filipović  (auth.)",1989,,Springer Berlin Heidelberg,,"XIII, 277 S.",0,German,,,,"978-3-540-51121-2,978-3-662-06955-4",,,,,,,10.1007/978-3-662-06955-4,,,,0,,1,1,1,,,1,7496062,pdf,000059cb2d281f70f60867fa5fac1669,,,A:\\compressed\\10.1007%2F978-3-662-06955-4.pdf,0,2000-01-01 01:00:00,2016-04-03 02:51:08,957000/000059cb2d281f70f60867fa5fac1669-d.jpg,,
15553585,"Mobilkommunikation / Mobile Communications: Telekommunikation, Information und Navigation für den Autofahrer / Telecommunication, Information and Navigation for the Car Driver",,Telecommunications 14,,"E. Witte  (auth.),  Prof. Dipl.-Ing. Günter Bolle  (eds.)",1989,,Springer Berlin Heidelberg,,"IX, 308 S. (in Deutsch und Englisch). 50 Abb.",0,German,,,,"978-3-540-51355-1,978-3-642-83847-7",,,,,,,10.1007/978-3-642-83847-7,,,,0,,1,1,1,,,1,9730916,pdf,c8317f15287d663fa3259529476bbbda,,,A:\\compressed\\10.1007%2F978-3-642-83847-7.pdf,0,2000-01-01 01:00:00,2016-04-03 02:51:08,957000/c8317f15287d663fa3259529476bbbda-d.jpg,,
15553586,Kleben von Kunststoff mit Metall,, ,,"Dr.-Ing. Walter Brockmann,  Professor Dr.-Ing. Lutz Dorn,  o. Professor Dr. rer. nat. Helmut Käufer  (auth.)",1989,,Springer Berlin Heidelberg,,"X, 237 S. 120 Abb.",0,German,,,,"978-3-540-19115-5,978-3-642-93379-0",,,,,,,10.1007/978-3-642-93379-0,,,,0,,1,1,1,,,1,13292874,pdf,497dff744f448b028f8d137204ef9795,,,A:\\compressed\\10.1007%2F978-3-642-93379-0.pdf,0,2000-01-01 01:00:00,2016-04-03 02:51:08,957000/497dff744f448b028f8d137204ef9795-d.jpg,,
15553587,Numerische Methoden im CAD,, ,,"Bertus Eggen,  Norbert Luscher,  Martin-Jörg Vogt  (auth.)",1989,,Vieweg+Teubner Verlag,,"VI, 109S.",0,English,,,,"978-3-528-04691-0,978-3-322-83038-8",,,,,,,10.1007/978-3-322-83038-8,,,,0,,1,1,1,,,1,6561209,pdf,0ccd8161a59fbb9fb2be91331e5dddf0,,,A:\\compressed\\10.1007%2F978-3-322-83038-8.pdf,0,2000-01-01 01:00:00,2016-04-03 02:51:08,957000/0ccd8161a59fbb9fb2be91331e5dddf0-d.jpg,,
15553588,Ein Beitrag zur Planung und Bewertung Neuer Arbeitsstrukturen in NE-Metallgießereien: Dargestellt am Beispiel der Fertigungsinsel,,IPA-IAO - Forschung und Praxis 137,,Dipl.-Wirtsch.-Ing. Horst Nespeta  (auth.),1989,,Springer Berlin Heidelberg,,157 S. 58 Abb.,0,German,,,,"978-3-540-51419-0,978-3-642-83861-3",,,,,,,10.1007/978-3-642-83861-3,,,,0,,1,1,1,,,1,3898814,pdf,a03683c3c395dcacff54791b5ec60e23,,,A:\\compressed\\10.1007%2F978-3-642-83861-3.pdf,0,2000-01-01 01:00:00,2016-04-03 02:51:08,957000/a03683c3c395dcacff54791b5ec60e23-d.jpg,,
15553589,Digitaltechnik,,"Moeller, Leitfaden der Elektrotechnik 10",,Dipl.-Ing. Lorenz Borucki  (auth.),1989,3.Aufl.,Vieweg+Teubner Verlag,,"XIII, 338 S.",0,German,,,,"978-3-519-26415-6,978-3-322-91800-0",,,,,,,10.1007/978-3-322-91800-0,,,,0,,1,1,1,,,1,7123702,pdf,90965a7b58326eaa3d82c214ca4fc5a3,,,A:\\compressed\\10.1007%2F978-3-322-91800-0.pdf,0,2000-01-01 01:00:00,2016-04-03 02:51:08,957000/90965a7b58326eaa3d82c214ca4fc5a3-d.jpg,,
15553590,Rechnerunterstützte Planung flexibler Montagesysteme,,iwb Forschungsberichte 19,,"Ing., Dipl.-Wirtsch.-Ing. Hans-Joachim Heusler  (auth.)",1989,,Springer Berlin Heidelberg,,"VII, 154 S. 43 Abb.",0,German,,,,"978-3-540-51723-8,978-3-642-75092-2",,,,,,,10.1007/978-3-642-75092-2,,,,0,,1,1,1,,,1,6792204,pdf,c265834de3de5cb94b2483776535e835,,,A:\\compressed\\10.1007%2F978-3-642-75092-2.pdf,0,2000-01-01 01:00:00,2016-04-03 02:51:08,957000/c265834de3de5cb94b2483776535e835-d.jpg,,
15553591,Schwingungen und Wellen,, ,,Frank S. Crawford Jr.  (auth.),1989,,Vieweg+Teubner Verlag,,367,0,German,,,,"978-3-322-90778-3,978-3-322-90777-6",,,,,,,10.1007/978-3-322-90777-6,,,,0,,1,1,1,,,1,19632252,pdf,8dcc3916dc65d8550f08582d8a498985,,,A:\\compressed\\10.1007%2F978-3-322-90777-6.pdf,0,2000-01-01 01:00:00,2016-04-03 02:51:08,957000/8dcc3916dc65d8550f08582d8a498985-d.jpg,,
15553592,Systematischer Entwurf digitaler Systeme: Von der System- bis zur Gatter-Ebene,,Leitfäden und Monographien der Informatik ,,Prof. Dr. rer. nat. Franz J. Rammig  (auth.),1989,,Vieweg+Teubner Verlag,,357 S.,0,German,,,,"978-3-519-02265-7,978-3-663-01461-4",,,,,,,10.1007/978-3-663-01461-4,,,,0,,1,1,1,,,1,17498266,pdf,7d82df6fb8ca3abd8e1a5a78aaef77b9,,,A:\\compressed\\10.1007%2F978-3-663-01461-4.pdf,0,2000-01-01 01:00:00,2016-04-03 02:51:08,957000/7d82df6fb8ca3abd8e1a5a78aaef77b9-d.jpg,,
15553593,Optimaler Energieeinsatz bei der Fertigung durch Massivumformung,,Berichte aus dem Institut für Umformtechnik der Universität Stuttgart 99,,Dipl.-Ing. Thomas Herlan  (auth.),1989,,Springer Berlin Heidelberg,,"204 S. 63 Abb., 3 Tab.",0,German,,,,"978-3-540-50876-2,978-3-642-83735-7",,,,,,,10.1007/978-3-642-83735-7,,,,0,,1,1,1,,,1,6411964,pdf,a08b4057f5f9b19e0c50c4d5d9d9135e,,,A:\\compressed\\10.1007%2F978-3-642-83735-7.pdf,0,2000-01-01 01:00:00,2016-04-03 02:51:08,957000/a08b4057f5f9b19e0c50c4d5d9d9135e-d.jpg,,
15553594,Physik für Hochschulanfänger,,Teubner Studienbücher Physik ,,Prof. Dr. phil. nat. Horst Wegener  (auth.),1989,2.Aufl.,Vieweg+Teubner Verlag,,"XII, 500 S.",0,German,,,,"978-3-519-13053-6,978-3-663-01426-3",,,,,,,10.1007/978-3-663-01426-3,,,,0,,1,1,1,,,1,15509784,pdf,4d5a6a96c80180a89a976554fa03d310,,,A:\\compressed\\10.1007%2F978-3-663-01426-3.pdf,0,2000-01-01 01:00:00,2016-04-03 02:51:08,957000/4d5a6a96c80180a89a976554fa03d310-d.jpg,,
15553595,Interaktives rechnergestütztes System zur Konstruktion von Werkzeugen für die Kalt-Massivumformung,,Berichte aus dem Institut für Umformtechnik der Universität Stuttgart 102,,Dipl.-lng. Frank D. Ilzig  (auth.),1989,,Springer Berlin Heidelberg,,134 S. 69 Abb.,0,German,,,,"978-3-540-51492-3,978-3-642-83879-8",,,,,,,10.1007/978-3-642-83879-8,,,,0,,1,1,1,,,1,3221050,pdf,57dfaaf5c8a9851e21660f37afa48586,,,A:\\compressed\\10.1007%2F978-3-642-83879-8.pdf,0,2000-01-01 01:00:00,2016-04-03 02:51:08,957000/57dfaaf5c8a9851e21660f37afa48586-d.jpg,,
15553596,"Objektorientierte Sprachkonzepte und Diskrete Simulation: Klassifikation, Vergleich und Bewertung von Konzepten der Programmiersprachen Simula-67, Modula-2, Pascal, Smalltalk-80 und Beta aus objektorientierter Sicht vor dem Hintergrund des Anwendungsgebietes der diskreten Simulation",,Fachberichte Simulation 13,,"Dipl.-Inform. T. Frauenstein,  Prof. Dr. rer. nat. U. Pape,  Dipl.-Inform. O. Wagner  (auth.)",1990,,Springer Berlin Heidelberg,,"XI, 293 S. 4 Abb.",0,German,,,,"978-3-540-53288-0,978-3-642-95637-9",,,,,,,10.1007/978-3-642-95637-9,,,,0,,1,1,1,,,1,6731391,pdf,8e0b4d44484d7a6bfefcf0b98da09b77,,,A:\\compressed\\10.1007%2F978-3-642-95637-9.pdf,0,2000-01-01 01:00:00,2016-04-03 02:51:08,957000/8e0b4d44484d7a6bfefcf0b98da09b77-d.jpg,,
15553597,"Energie aus Sonne, Wind und Meer: Möglichkeiten und Grenzen der erneuerbaren Energiequellen",,Deutsch-Taschenbücher ,,Diplomwirtschaftler Volker Hoffmann  (auth.),1990,,Vieweg+Teubner Verlag,,1990,0,German,,,,"978-3-322-00764-3,978-3-322-92047-8",,,,,,,10.1007/978-3-322-92047-8,,,,0,,1,1,1,,,1,4467396,pdf,de9ff1332c9325fb3473271516630239,,,A:\\compressed\\10.1007%2F978-3-322-92047-8.pdf,0,2000-01-01 01:00:00,2016-04-03 02:51:08,957000/de9ff1332c9325fb3473271516630239-d.jpg,,
15553598,"Einführung in die Regelungstechnik: Lineare und nichtlineare Regelvorgänge für Elektrotechniker, Physiker und Maschinenbauer ab 5. Semester",, ,,Werner Leonhard  (auth.),1990,5. Aufl.,Vieweg+Teubner Verlag,,341S.,0,German,,,,"978-3-528-43584-4,978-3-322-83752-3",,,,,,,10.1007/978-3-322-83752-3,,,,0,,1,1,1,,,1,8034477,pdf,6dbd5632f72919aadc86a7d5c7a0b0b8,,,A:\\compressed\\10.1007%2F978-3-322-83752-3.pdf,0,2000-01-01 01:00:00,2016-04-03 02:51:08,957000/6dbd5632f72919aadc86a7d5c7a0b0b8-d.jpg,,
15553599,Meßwert-Analyse: Rechnerische und graphische Auswertungen von Meßdaten,, ,,Karl-Heinz Hauck  (auth.),1990,,Vieweg+Teubner Verlag,,"X, 165S. Mit 19 Praxisbeisp.",0,German,,,,"978-3-528-03368-2,978-3-322-83025-8",,,,,,,10.1007/978-3-322-83025-8,,,,0,,1,1,1,,,1,4890223,pdf,54e330ba8806eeff9a654761afd729a5,,,A:\\compressed\\10.1007%2F978-3-322-83025-8.pdf,0,2000-01-01 01:00:00,2016-04-03 02:51:08,957000/54e330ba8806eeff9a654761afd729a5-d.jpg,,
15553600,Werkstückbegleitender Informationsspeicher als Basis für ein informationstechnisches Konzept für Halbleiterfertigungen,,IPA-IAO — Forschung und Praxis 149,,Dipl.-Ing. Klaus-Dieter Sauter  (auth.),1990,,Springer Berlin Heidelberg,,115 S. 55 Abb.,0,German,,,,"978-3-540-53236-1,978-3-642-47941-0",,,,,,,10.1007/978-3-642-47941-0,,,,0,,1,1,1,,,1,4356776,pdf,37422dfb1fc1b0dca6fcd8a37324f4ff,,,A:\\compressed\\10.1007%2F978-3-642-47941-0.pdf,0,2000-01-01 01:00:00,2016-04-03 02:51:08,957000/37422dfb1fc1b0dca6fcd8a37324f4ff-d.jpg,,
15553601,Metallfachkunde 1: Grundlagen,, ,,"Helmut Engel,  Dipl.-Ing. Carl A. Kestner Hannover  (auth.),  Helmut Engel,  Dipl.-Ing. Carl A. Kestner Hannover  (eds.)",1990,"2., neubearb. Aufl.",Vieweg+Teubner Verlag,,316 S. Mit 104 Beispielen und Versuchen sowie 516 Aufgaben. Zweifarbig.,0,German,,,,"978-3-519-16705-1,978-3-322-83004-3",,,,,,,10.1007/978-3-322-83004-3,,,,0,,1,1,1,,,1,30700568,pdf,0f9ec54a5c590f986aaf03c06750e1e3,,,A:\\compressed\\10.1007%2F978-3-322-83004-3.pdf,0,2000-01-01 01:00:00,2016-04-03 02:51:08,957000/0f9ec54a5c590f986aaf03c06750e1e3-d.jpg,,
15553602,Hypermedia-Anwendungsentwicklung: Eine Einführung mit HyperCard-Beispielen,,Leitfäden der angewandten Informatik ,,Dr. phil. Peter A. Gloor  (auth.),1990,,Vieweg+Teubner Verlag,,"XII, 309 S.",0,German,,,,"978-3-519-02496-5,978-3-322-92761-3",,,,,,,10.1007/978-3-322-92761-3,,,,0,,1,1,1,,,1,8959893,pdf,0b84784547b06485fcc3898b0c0674d1,,,A:\\compressed\\10.1007%2F978-3-322-92761-3.pdf,0,2000-01-01 01:00:00,2016-04-03 02:51:08,957000/0b84784547b06485fcc3898b0c0674d1-d.jpg,,
15553603,Die Kunst des Entwurfs elektronischer Schaltungen,, ,,Dr. Thomas H. O’Dell  (auth.),1990,,Springer Berlin Heidelberg,,"XII, 203 S. 106 Abb.",0,German,,,,"978-3-540-51671-2,978-3-642-83933-7",,,,,,,10.1007/978-3-642-83933-7,,,"Original English edition published by the Press Syndicate of the University of Cambridge, 1988",0,,1,1,1,,,1,10195856,pdf,349aefd35fb05f82fddb20eb288407e6,,,A:\\compressed\\10.1007%2F978-3-642-83933-7.pdf,0,2000-01-01 01:00:00,2016-04-03 02:51:08,957000/349aefd35fb05f82fddb20eb288407e6-d.jpg,,
15553604,Repetitorium der Physik,,Teubner Studienbücher Physik ,,Dr. sc. nat. ETH Fritz Kurt Kneubühl  (auth.),1990,4Aufl.,Vieweg+Teubner Verlag,,545 S.,0,German,,,,"978-3-519-33012-7,978-3-663-01469-0",,,,,,,10.1007/978-3-663-01469-0,,,,0,,1,1,1,,,1,14087523,pdf,65d41828d6c8a87dbe00602ace70ff2b,,,A:\\compressed\\10.1007%2F978-3-663-01469-0.pdf,0,2000-01-01 01:00:00,2016-04-03 02:51:08,957000/65d41828d6c8a87dbe00602ace70ff2b-d.jpg,,
15553605,"Benutzerfreundliche Kommunikation / User-Friendly Communication: Vorträge des am 12./13. März 1990 in München abgehaltenen Kongresses / Proceedings of the Congress Held in Munich, March 12/13, 1990",,Telecommunications 15,,"W. Kaiser  (auth.),  Dr.-Ing. Horst Ohnsorge  (eds.)",1990,,Springer Berlin Heidelberg,,"IX, 334 S. 74 Abb.",0,German,,,,"978-3-540-52536-3,978-3-642-51146-2",,,,,,,10.1007/978-3-642-51146-2,,,,0,,1,1,1,,,1,10865228,pdf,ae7b631df6e8a408c4ab3698f019cacb,,,A:\\compressed\\10.1007%2F978-3-642-51146-2.pdf,0,2000-01-01 01:00:00,2016-04-03 02:51:08,957000/ae7b631df6e8a408c4ab3698f019cacb-d.jpg,,
15553606,Berechnung von Wechselstromschaltungen,,Teubner Studienskripte (TSS) ,,Professor Dr.-Ing. Paul Vaske  (auth.),1990,4Aufl.,Vieweg+Teubner Verlag,,"224S. 167 Abb.. Mit 150 Beispiele, Aufgaben, 11 Tafeln.",0,German,,,,"978-3-519-30065-6,978-3-322-89146-4",,,,,,,10.1007/978-3-322-89146-4,,,,0,,1,1,1,,,1,4398530,pdf,4ef136b9aadba2276deb95c9843528cb,,,A:\\compressed\\10.1007%2F978-3-322-89146-4.pdf,0,2000-01-01 01:00:00,2016-04-03 02:51:08,957000/4ef136b9aadba2276deb95c9843528cb-d.jpg,,
15553607,Elektro-Fachzeichnen 1: Grundlagen,, ,,Hans Harthus  (auth.),1990,"2., neubearbeitete und erweiterte Aufl.",Vieweg+Teubner Verlag,,116S. 228 Abb.. Mit 210 Aufgaben.,0,German,,,,"978-3-519-16803-4,978-3-322-91169-8",,,,,,,10.1007/978-3-322-91169-8,,,,0,,1,1,1,,,1,4932038,pdf,e46a3a97877403365bc29a8365bfebc6,,,A:\\compressed\\10.1007%2F978-3-322-91169-8.pdf,0,2000-01-01 01:00:00,2016-04-03 02:51:08,957000/e46a3a97877403365bc29a8365bfebc6-d.jpg,,
15553608,Ion Tracks and Microtechnology: Principles and Applications,, ,,"Dr. Reimar Spohr  (auth.),  Prof. Dr. Klaus Bethge  (eds.)",1990,,Vieweg+Teubner Verlag,,Mit x. 272 pp.,0,English,,,,"978-3-322-83104-0,978-3-322-83103-3",,,,,,,10.1007/978-3-322-83103-3,,,,0,,1,1,1,,,1,15185041,pdf,e578b104dbf1fa6b909990e7e3db9151,,,A:\\compressed\\10.1007%2F978-3-322-83103-3.pdf,0,2000-01-01 01:00:00,2016-04-03 02:51:08,957000/e578b104dbf1fa6b909990e7e3db9151-d.jpg,,
15553609,"Kleben: Grundlagen, Technologie, Anwendungen",, ,,Dr. rer. nat. Gerd Habenicht  (auth.),1990,,Springer Berlin Heidelberg,,641,0,German,,,,"978-3-662-08090-0,978-3-662-08089-4",,,,,,,10.1007/978-3-662-08089-4,,,,0,,1,1,1,,,1,28739325,pdf,8ef7c16c57136d8172480d3daf08015e,,,A:\\compressed\\10.1007%2F978-3-662-08089-4.pdf,0,2000-01-01 01:00:00,2016-04-03 02:51:08,957000/8ef7c16c57136d8172480d3daf08015e-d.jpg,,
15553610,Fehlertoleranzverfahren,,Studienreihe Informatik ,,Klaus Echtle  (auth.),1990,,Springer Berlin Heidelberg,,"XII, 322 S. 180 Abb.",0,German,,,,"978-3-540-52680-3,978-3-642-75765-5",,,,,,,10.1007/978-3-642-75765-5,,,,0,,1,1,1,,,1,12069550,pdf,f711bdbd9f86c19a3e8685c765495c03,,,A:\\compressed\\10.1007%2F978-3-642-75765-5.pdf,0,2000-01-01 01:00:00,2016-04-03 02:51:08,957000/f711bdbd9f86c19a3e8685c765495c03-d.jpg,,
15553611,Entwicklung Wissensbasierter Systeme für die Vorrichtungskonstruktion,,Fortschritte der CAD-Technik 2,,"Reinhold Neitzel  (auth.),  Univ.-Prof. Dr.-Ing. Rudolf Koller  (eds.)",1990,,Vieweg+Teubner Verlag,,147S.,0,German,,,,"978-3-528-06384-9,978-3-322-88805-1",,,,,,,10.1007/978-3-322-88805-1,,,,0,,1,1,1,,,1,6094688,pdf,0b78bb814e7f2d33ab430dea030c493b,,,A:\\compressed\\10.1007%2F978-3-322-88805-1.pdf,0,2000-01-01 01:00:00,2016-04-03 02:51:08,957000/0b78bb814e7f2d33ab430dea030c493b-d.jpg,,
15553612,"Parallelrechnerstrukturen: Synthese von Architektur, Kommunikation und Algorithmus",,Leitfäden und Monographien der Informatik ,,Dr. Ing. habil. Werner Erhard  (auth.),1990,,Vieweg+Teubner Verlag,,"X, 254 S.",0,German,,,,"978-3-519-02243-5,978-3-663-10991-4",,,,,,,10.1007/978-3-663-10991-4,,,,0,,1,1,1,,,1,4301447,pdf,f3d215f50f6796a13478e6f541158d42,,,A:\\compressed\\10.1007%2F978-3-663-10991-4.pdf,0,2000-01-01 01:00:00,2016-04-03 02:51:08,957000/f3d215f50f6796a13478e6f541158d42-d.jpg,,
15553613,CAD für Bauingenieure,, ,,Prof. Dr.-Ing. Martin Trautwein  (auth.),1990,,Vieweg+Teubner Verlag,,1990,0,German,,,,"978-3-519-05243-2,978-3-322-92793-4",,,,,,,10.1007/978-3-322-92793-4,,,,0,,1,1,1,,,1,5233435,pdf,5119656618f4502326bd7d1259558ec7,,,A:\\compressed\\10.1007%2F978-3-322-92793-4.pdf,0,2000-01-01 01:00:00,2016-04-03 02:51:08,957000/5119656618f4502326bd7d1259558ec7-d.jpg,,
15553614,CIM-Planung und -Einführung: Ein Leitfaden für die Praxis,,CIM-Fachmann ,,"Prof. Dr.-Ing. Herbert Schulz  (auth.),  Prof. Dr.-Ing. Herbert Schulz  (eds.)",1990,,Springer Berlin Heidelberg,,"Koproduktion mit dem Verlag TÜV Rheinland, KölnXIII, 195 S.",0,German,,,,"978-3-540-53252-1,978-3-642-48835-1",,,,,,,10.1007/978-3-642-48835-1,,,,0,,1,1,1,,,1,6944577,pdf,2ca799feed5d460a6c1ea45f7dcf2d3c,,,A:\\compressed\\10.1007%2F978-3-642-48835-1.pdf,0,2000-01-01 01:00:00,2016-04-03 02:51:08,957000/2ca799feed5d460a6c1ea45f7dcf2d3c-d.jpg,,
15553615,Bahnverhalten und Regelung fahrerloser Transportsysteme ohne Spurbindung,,ISW Forschung und Praxis 82,,Michael Jantzer  (auth.),1990,,Springer Berlin Heidelberg,,136 S.,0,German,,,,"978-3-540-52532-5,978-3-662-05973-9",,,,,,,10.1007/978-3-662-05973-9,,,,0,,1,1,1,,,1,2881826,pdf,1cf59d0c6a550206d3d3c340eeec9d3b,,,A:\\compressed\\10.1007%2F978-3-662-05973-9.pdf,0,2000-01-01 01:00:00,2016-04-03 02:51:08,957000/1cf59d0c6a550206d3d3c340eeec9d3b-d.jpg,,
15553616,Getriebetechnik: Analyse Synthese Optimierung,, ,,"Professor Dr. sc. techn. Kurt Luck,  Professor Dr. sc. nat. Karl-Heinz Modler  (auth.)",1990,,Springer Vienna,,451,0,German,,,,"978-3-7091-3890-8,978-3-7091-3889-2",,,,,,,10.1007/978-3-7091-3889-2,,,,0,,1,1,1,,,1,20098108,pdf,2d31e88b0a09ee9d8d5cf9c34133c9dc,,,A:\\compressed\\10.1007%2F978-3-7091-3889-2.pdf,0,2000-01-01 01:00:00,2016-04-03 02:51:08,957000/2d31e88b0a09ee9d8d5cf9c34133c9dc-d.jpg,,
15553617,In die Tiefen des Weltalls,, ,,Juri Nikolajewitsch Jefremow  (auth.),1990,3.Aufl.,Vieweg+Teubner Verlag,,240S.,0,German,,,,"978-3-322-00738-4,978-3-322-86907-4",,,,,,,10.1007/978-3-322-86907-4,,,,0,,1,1,1,,,1,7470179,pdf,a9d6160dad441e6e4c1d74b7d5daa799,,,A:\\compressed\\10.1007%2F978-3-322-86907-4.pdf,0,2000-01-01 01:00:00,2016-04-03 02:51:08,957000/a9d6160dad441e6e4c1d74b7d5daa799-d.jpg,,
15553618,Numerische Mathematik 2: Eine Einführung — unter Berücksichtigung von Vorlesungen von F.L. Bauer,,Springer-Lehrbuch ,,"Prof. Dr. Josef Stoer,  Prof. Dr. Roland Bulirsch  (auth.)",1990,,Springer Berlin Heidelberg,,"XIII, 341 S.",0,German,,,,"978-3-540-51482-4,978-3-662-22250-8",,,,,,,10.1007/978-3-662-22250-8,,,"Ursprünglich erschienen als Band 114 in der Reihe: Heidelberger Taschenbücher3., verb. Aufl.",0,,1,1,1,,,1,6423338,pdf,c67207b0f559ce425f54ffd4fe084681,,,A:\\compressed\\10.1007%2F978-3-662-22250-8.pdf,0,2000-01-01 01:00:00,2016-04-03 02:51:08,957000/c67207b0f559ce425f54ffd4fe084681-d.jpg,,
15553619,Arbeitsorganisation bei Einsatz einer CAD / NC — Kopplung,,fir+iaw Forschung für die Praxis 28,,Dipl.-Ing. Thomas Scheller  (auth.),1990,,Springer Berlin Heidelberg,,"X, 133 S. 51 Abb., 3 Tab.",0,German,,,,"978-3-540-52750-3,978-3-642-84229-0",,,,,,,10.1007/978-3-642-84229-0,,,,0,,1,1,1,,,1,8593312,pdf,1664b7ff009f10c2b025870d4f3ba0de,,,A:\\compressed\\10.1007%2F978-3-642-84229-0.pdf,0,2000-01-01 01:00:00,2016-04-03 02:51:08,957000/1664b7ff009f10c2b025870d4f3ba0de-d.jpg,,
15553620,CAD/CAM: Auf dem Weg zu einer branchenübergreifenden Integration,, ,,"Dr.-Ing. Reiner Anderl,  Dipl.-Inform. Pablo Castro  (auth.)",1990,,Springer Berlin Heidelberg,,"XII, 277 S. 147 Abb.",0,German,,,,"978-3-540-53056-5,978-3-642-93473-5",,,,,,,10.1007/978-3-642-93473-5,,,,0,,1,1,1,,,1,10273219,pdf,797169693b66f3924c712ca577b8674e,,,A:\\compressed\\10.1007%2F978-3-642-93473-5.pdf,0,2000-01-01 01:00:00,2016-04-03 02:51:08,957000/797169693b66f3924c712ca577b8674e-d.jpg,,
15553621,Kosmologie und Gravitation: Eine Einführung,,Teubner Studienbücher Physik ,,Prof. Dr. Michael Berry  (auth.),1990,,Vieweg+Teubner Verlag,,"X, 212 S.",0,German,,,,"978-3-519-03069-0,978-3-663-10542-8",,,,,,,10.1007/978-3-663-10542-8,,,,0,,1,1,1,,,1,8110978,pdf,fcc190bfbde8caa8aa6afb507f1445ee,,,A:\\compressed\\10.1007%2F978-3-663-10542-8.pdf,0,2000-01-01 01:00:00,2016-04-03 02:51:08,957000/fcc190bfbde8caa8aa6afb507f1445ee-d.jpg,,
15553622,"Meß- und Regelungstechnik: Mathematische Grundlagen, Entwurfsmethoden, Beispiele",,Springer-Lehrbuch ,,Dr.-Ing. Hans Peter Geering  (auth.),1990,,Springer Berlin Heidelberg,,"XI, 297 S.",0,German,,,,"978-3-540-53070-1,978-3-662-08677-3",,,,,,,10.1007/978-3-662-08677-3,,,"Ursprünglich erschienen in der Reihe: Hochschultexte2., neubearb. u. erw. Aufl.",0,,1,1,1,,,1,10124832,pdf,f348fe11b6809eaacf914668e91fa1ab,,,A:\\compressed\\10.1007%2F978-3-662-08677-3.pdf,0,2000-01-01 01:00:00,2016-04-03 02:51:08,957000/f348fe11b6809eaacf914668e91fa1ab-d.jpg,,
15553623,Baugeologie in der Praxis: Eine ingenieurtechnische Anleitung für Geowissenschaftler,, ,,Professor Dr. Wolfgang R. Dachroth  (auth.),1990,,Springer Berlin Heidelberg,,"XVII, 531 S. 278 Abb.",0,German,,,,"978-3-540-51267-7,978-3-642-97186-0",,,,,,,10.1007/978-3-642-97186-0,,,,0,,1,1,1,,,1,30074365,pdf,1e61726f6cf00335799f3b8b1e3ccdcb,,,A:\\compressed\\10.1007%2F978-3-642-97186-0.pdf,0,2000-01-01 01:00:00,2016-04-03 02:51:08,957000/1e61726f6cf00335799f3b8b1e3ccdcb-d.jpg,,
15553624,Denkweisen großer Mathematiker: Ein Weg zur Geschichte der Mathematik,,Geschichte der Mathematik ,,Herbert Meschkowski  (auth.),1990,,Vieweg+Teubner Verlag,,"X, 286S.",0,German,,,,"978-3-322-85074-4,978-3-322-85073-7",,,,,,,10.1007/978-3-322-85073-7,,,,0,,1,1,1,,,1,11112810,pdf,24a27b6dcdb7cffbc40bfaa4091e0510,,,A:\\compressed\\10.1007%2F978-3-322-85073-7.pdf,0,2000-01-01 01:00:00,2016-04-03 02:51:08,957000/24a27b6dcdb7cffbc40bfaa4091e0510-d.jpg,,
15553625,Energieversorgung der Zukunft: Rationelle Energienutzung und erneuerbare Quellen,, ,,"Dr.-Ing. Joachim Nitsch,  Dr. rer. nat. Joachim Luther  (auth.)",1990,,Springer Berlin Heidelberg,,"IX, 135 S. 38 Abb. 37 Tab.",0,German,,,,"978-3-540-51753-5,978-3-642-93446-9",,,,,,,10.1007/978-3-642-93446-9,,,,0,,1,1,1,,,1,3367684,pdf,b046c07e504673e5385bce2e679c64aa,,,A:\\compressed\\10.1007%2F978-3-642-93446-9.pdf,0,2000-01-01 01:00:00,2016-04-03 02:51:08,957000/b046c07e504673e5385bce2e679c64aa-d.jpg,,
15553626,Polymermechanik: Struktur und mechanisches Verhalten von Polymeren,, ,,Professor Dr. Friedrich Rudolf Schwarzl  (auth.),1990,,Springer Berlin Heidelberg,,"XIV, 427 S. 266 Abb., 42 Tab.",0,German,,,,"978-3-642-64858-8,978-3-642-61506-1",,,,,,,10.1007/978-3-642-61506-1,,,,0,,1,1,1,,,1,11696657,pdf,e763282b5eca17b5cf2d5c606c83ff9a,,,A:\\compressed\\10.1007%2F978-3-642-61506-1.pdf,0,2000-01-01 01:00:00,2016-04-03 02:51:08,957000/e763282b5eca17b5cf2d5c606c83ff9a-d.jpg,,
15553627,Elektronikpraktikum,, ,,"Dr. H. Ernst,  Dr. W. Heink,  Dr. sc. techn. W. Jehmlich,  Dipl.-Ing. B. Knorr  (auth.),  Prof. Dr. Dr. h. c. H. Pfeifer  (eds.)",1990,3.Aufl.,Vieweg+Teubner Verlag,,336S.,0,German,,,,"978-3-322-93042-2,978-3-322-93041-5",,,,,,,10.1007/978-3-322-93041-5,,,,0,,1,1,1,,,1,10551735,pdf,274ee450c3e0c7ac20cb2aa750d65d1e,,,A:\\compressed\\10.1007%2F978-3-322-93041-5.pdf,0,2000-01-01 01:00:00,2016-04-03 02:51:08,957000/274ee450c3e0c7ac20cb2aa750d65d1e-d.jpg,,
15553628,Mathematik für Ingenieure,, ,,"Prof. Dr. rer. nat. Wolfgang Brauch,  Prof. Dr.-Ing. Hans-Joachim Dreyer,  Prof. Dr. rer. nat. Wolfhart Haacke  (auth.)",1990,,Vieweg+Teubner Verlag,,8Aufl. 1990,0,German,,,,"978-3-519-36500-6,978-3-322-91789-8",,,,,,,10.1007/978-3-322-91789-8,,,,0,,1,1,1,,,1,18334366,pdf,ec73643ee645552e80b38a31a16c34c5,,,A:\\compressed\\10.1007%2F978-3-322-91789-8.pdf,0,2000-01-01 01:00:00,2016-04-03 02:51:08,957000/ec73643ee645552e80b38a31a16c34c5-d.jpg,,
15553629,Entwurf Kundenspezifischer Integrierter MOS-Schaltungen,,Mikroelektronik ,,"J. Eggers  (auth.),  Dipl.-Ing. Joachim Eggers  (eds.)",1990,,Springer Berlin Heidelberg,,"XIII, 286 S. 146 Abb.",0,German,,,,"978-3-540-51684-2,978-3-642-95601-0",,,,,,,10.1007/978-3-642-95601-0,,,,0,,1,1,1,,,1,12495083,pdf,be238e750fee2d7a8d6fab88e27eee96,,,A:\\compressed\\10.1007%2F978-3-642-95601-0.pdf,0,2000-01-01 01:00:00,2016-04-03 02:51:08,957000/be238e750fee2d7a8d6fab88e27eee96-d.jpg,,
15553630,Logistiksysteme: Betriebswirtschaftliche Grundlagen,,"Logistik in Industrie, Handel und Dienstleistungen ",,Professor Dr. Hans-Christian Pfohl  (auth.),1990,"4., erw. u. korr. Aufl.",Springer Berlin Heidelberg,,"IX, 324 S.",0,German,,,,"978-3-540-52588-2,978-3-662-22114-3",,,,,,,10.1007/978-3-662-22114-3,,,,0,,1,1,1,,,1,11888823,pdf,32a54a2cc0f71d870d83ca8f95d9a6a2,,,A:\\compressed\\10.1007%2F978-3-662-22114-3.pdf,0,2000-01-01 01:00:00,2016-04-03 02:51:08,957000/32a54a2cc0f71d870d83ca8f95d9a6a2-d.jpg,,
15553631,Spontane Phänomene: Stochastische Modelle und ihre Anwendungen,,Facetten der Physik ,,Dr. Flemming Topsøe  (auth.),1990,,Vieweg+Teubner Verlag,,"VIII, 165S. Mit 25 Abb., 24 Tab. und 9 BASIC Progr.",0,German,,,,"978-3-528-08909-2,978-3-322-86595-3",,,,,,,10.1007/978-3-322-86595-3,,,,0,,1,1,1,,,1,4360971,pdf,3afe501853458bf30642609809edfe22,,,A:\\compressed\\10.1007%2F978-3-322-86595-3.pdf,0,2000-01-01 01:00:00,2016-04-03 02:51:08,957000/3afe501853458bf30642609809edfe22-d.jpg,,
15553632,Computerunterstützte Planung von chirurgischen Eingriffen in der Orthopädie,,iwb Forschungsberichte 27,,Dipl.-Ing. Johann Prasch  (auth.),1990,,Springer Berlin Heidelberg,,"XIII, 164 S. 113 Abb.",0,German,,,,"978-3-540-52543-1,978-3-642-47845-1",,,,,,,10.1007/978-3-642-47845-1,,,,0,,1,1,1,,,1,5282362,pdf,4e85374a810dbde3f62feca5cdfeb098,,,A:\\compressed\\10.1007%2F978-3-642-47845-1.pdf,0,2000-01-01 01:00:00,2016-04-03 02:51:08,957000/4e85374a810dbde3f62feca5cdfeb098-d.jpg,,
15553633,Gemischbildung bei Ottomotoren,,Die Verbrennungskraftmaschine 6,,Univ.-Prof. Dipl.-Ing. Dr. sc. techn. Hans Peter Lenz  (auth.),1990,,Springer Vienna,,421,0,German,,,,"978-3-7091-3765-9,978-3-7091-3764-2",,,,,,,10.1007/978-3-7091-3764-2,,,,0,,1,1,1,,,1,15387323,pdf,c4b6c1b3e86a6a6fef0feecb36f28175,,,A:\\compressed\\10.1007%2F978-3-7091-3764-2.pdf,0,2000-01-01 01:00:00,2016-04-03 02:51:08,957000/c4b6c1b3e86a6a6fef0feecb36f28175-d.jpg,,
15553634,Laplace-Transformation: für Ingenieure der Elektrotechnik,,Teubner Studienskripten (TSS) ,,Hubert Weber  (auth.),1990,"6, durchges. Aufl.",Vieweg+Teubner Verlag,,223S. 113 Abb.. Mit 117 Beispiele.,0,German,,,,"978-3-519-00141-6,978-3-322-96634-6",,,,,,,10.1007/978-3-322-96634-6,,,,0,,1,1,1,,,1,2559984,pdf,75d0d65553fa36575c9bb9f214b30fe0,,,A:\\compressed\\10.1007%2F978-3-322-96634-6.pdf,0,2000-01-01 01:00:00,2016-04-03 02:51:08,957000/75d0d65553fa36575c9bb9f214b30fe0-d.jpg,,
15553635,"Umweltwissen: Daten, Fakten, Zusammenhänge",, ,,Univ.-Prof. Dr. Dipl.-Ing. Hartmut Bossel  (auth.),1990,,Springer Berlin Heidelberg,,"V, 169 S.",0,German,,,,"978-3-540-53047-3,978-3-662-10701-0",,,,,,,10.1007/978-3-662-10701-0,,,,0,,1,1,1,,,1,16408535,pdf,4433c25529b44551cdf280e368a17e40,,,A:\\compressed\\10.1007%2F978-3-662-10701-0.pdf,0,2000-01-01 01:00:00,2016-04-03 02:51:08,957000/4433c25529b44551cdf280e368a17e40-d.jpg,,
15553636,"Kostenschätzung Altbaumodernisierung: Ein schnelles und präzises Indexermittlungsverfahren für Österreich, BRD und Schweiz",, ,,Dipl.-Ing. Dr. Manfred Fuchsbichler  (auth.),1990,,Springer Vienna,,211,0,German,,,,"978-3-7091-4061-1,978-3-7091-4060-4",,,,,,,10.1007/978-3-7091-4060-4,,,,0,,1,1,1,,,1,13813636,pdf,317c8751041a18568a6520f0aced39f1,,,A:\\compressed\\10.1007%2F978-3-7091-4060-4.pdf,0,2000-01-01 01:00:00,2016-04-03 02:51:08,957000/317c8751041a18568a6520f0aced39f1-d.jpg,,
15553637,Analytische und projektive Geometrie für die Computer-Graphik,, ,,Prof. Dr. rer. nat. Bodo Pareigis  (auth.),1990,,Vieweg+Teubner Verlag,,303S.,0,German,,,,"978-3-519-02964-9,978-3-322-91199-5",,,,,,,10.1007/978-3-322-91199-5,,,,0,,1,1,1,,,1,7928271,pdf,b8e596cce055897ff78beb768a9aeab6,,,A:\\compressed\\10.1007%2F978-3-322-91199-5.pdf,0,2000-01-01 01:00:00,2016-04-03 02:51:08,957000/b8e596cce055897ff78beb768a9aeab6-d.jpg,,
15553638,Digitale Schaltungstechnik,, ,,"Prof. Dr.-Ing. Ralph Weißel,  Prof. Dr.-Ing. Franz Schubert  (auth.)",1990,,Springer Berlin Heidelberg,,"VIII, 263 S. 245 Abb.",0,German,,,,"978-3-540-52418-2,978-3-642-97247-8",,,,,,,10.1007/978-3-642-97247-8,,,,0,,1,1,1,,,1,7514726,pdf,1253c6f645e208db920a0dbd3c1b1d8d,,,A:\\compressed\\10.1007%2F978-3-642-97247-8.pdf,0,2000-01-01 01:00:00,2016-04-03 02:51:08,957000/1253c6f645e208db920a0dbd3c1b1d8d-d.jpg,,
15553639,Angewandtes Problemlösungsverhalten: Denken und Handeln in komplexen Zusammenhängen,, ,,Dr.-Ing. Robert Sell  (auth.),1990,3. Aufl.,Springer Berlin Heidelberg,,"IX, 242 S.",0,German,,,,"978-3-540-52393-2,978-3-662-00747-1",,,,,,,10.1007/978-3-662-00747-1,,,,0,,1,1,1,,,1,5168226,pdf,37b2561f288d12270f12aea6cc145955,,,A:\\compressed\\10.1007%2F978-3-662-00747-1.pdf,0,2000-01-01 01:00:00,2016-04-03 02:51:08,957000/37b2561f288d12270f12aea6cc145955-d.jpg,,
15553640,"Energietechnik: Technische, ökonomische und ökologische Grundlagen",,Springer-Lehrbuch ,,"Prof. Dr.-Ing. Kurt Kugeler,  Dr.-Ing. Peter-W. Phlippen  (auth.)",1990,,Springer Berlin Heidelberg,,"XI, 414 S.",0,German,,,,"978-3-540-52865-4,978-3-662-07030-7",,,,,,,10.1007/978-3-662-07030-7,,,,0,,1,1,1,,,1,15652873,pdf,31d06b164b1027cc4813a4c4adff01c1,,,A:\\compressed\\10.1007%2F978-3-662-07030-7.pdf,0,2000-01-01 01:00:00,2016-04-03 02:51:08,957000/31d06b164b1027cc4813a4c4adff01c1-d.jpg,,
15553641,Einführung in die Elementarteilchenphysik,,Teubner Studienbücher Physik ,,Prof. Dr. rer. nat. Erich Lohrmann  (auth.),1990,2.Aufl.,Vieweg+Teubner Verlag,,155S.,0,German,,,,"978-3-519-13055-0,978-3-322-87201-2",,,,,,,10.1007/978-3-322-87201-2,,,,0,,1,1,1,,,1,4885351,pdf,9ebdcf02897aedbd58da2cd888b7a529,,,A:\\compressed\\10.1007%2F978-3-322-87201-2.pdf,0,2000-01-01 01:00:00,2016-04-03 02:51:08,957000/9ebdcf02897aedbd58da2cd888b7a529-d.jpg,,
15553642,"Cyclophan-Chemie: Synthesen, Strukturen, Reaktionen. Einführung und Überblick",,Teubner Studienbücher Chemie ,,Prof. Dr. rer. nat. Fritz Vögtle  (auth.),1990,,Vieweg+Teubner Verlag,,593S. Mit zahlr. Bildern.,0,German,,,,"978-3-519-03508-4,978-3-322-92788-0",,,,,,,10.1007/978-3-322-92788-0,,,,0,,1,1,1,,,1,18123720,pdf,3a725438c534d41aa91d30189ff912ce,,,A:\\compressed\\10.1007%2F978-3-322-92788-0.pdf,0,2000-01-01 01:00:00,2016-04-03 02:51:08,957000/3a725438c534d41aa91d30189ff912ce-d.jpg,,
15553643,Verkehrssicherung,, ,,"Professor Dr.-Ing. Hans Fricke,  Professor Dr.-Ing. Klaus Pierick  (auth.)",1990,,Vieweg+Teubner Verlag,,240S. 82 Abb..,0,German,,,,"978-3-322-87188-6,978-3-322-87187-9",,,,,,,10.1007/978-3-322-87187-9,,,,0,,1,1,1,,,1,5114221,pdf,3f4bd75ade5cd9598768892897221fad,,,A:\\compressed\\10.1007%2F978-3-322-87187-9.pdf,0,2000-01-01 01:00:00,2016-04-03 02:51:08,957000/3f4bd75ade5cd9598768892897221fad-d.jpg,,
15553644,Bauphysik: Planung und Anwendung,, ,,"Prof. Dr.-Ing. Erich Schild,  Dipl.-Ing. H.-F. Casselmann,  Dipl.-Ing. Günter Dahmen,  Dipl.-Ing. Rainer Pohlenz  (auth.)",1990,,Vieweg+Teubner Verlag,,223,0,German,,,,"978-3-322-83233-7,978-3-322-83232-0",,,,,,,10.1007/978-3-322-83232-0,,,,0,,1,1,1,,,1,13300254,pdf,58e76553881b3c4bde11865da11719fa,,,A:\\compressed\\10.1007%2F978-3-322-83232-0.pdf,0,2000-01-01 01:00:00,2016-04-03 02:51:08,957000/58e76553881b3c4bde11865da11719fa-d.jpg,,
15553645,"Nonlinear Analysis, Function Spaces and Applications Vol. 4: Proceedings of the Spring School held in Roudnice nad Labem 1990",,TEUBNER-TEXTE zur Mathematik ,,"José García-Cuerva  (auth.),  Miroslav Krbec,  Alois Kufner,  Bohumír Opic,  Jiří Rákosník  (eds.)",1990,,Vieweg+Teubner Verlag,,257 S.,0,English,,,,"978-3-663-01273-3,978-3-663-01272-6",,,,,,,10.1007/978-3-663-01272-6,,,,0,,1,1,1,,,1,7311939,pdf,7ce4db786423502f3a1b147bfa0181d9,,,A:\\compressed\\10.1007%2F978-3-663-01272-6.pdf,0,2000-01-01 01:00:00,2016-04-03 02:51:08,957000/7ce4db786423502f3a1b147bfa0181d9-d.jpg,,
15553646,"Zirkulierende Wirbelschichten: Strömungsmechanische Grundlagen, Anwendung in der Feuerungstechnik",, ,,Dr.-Ing. habil. Karl-Ernst Wirth  (auth.),1990,,Springer Berlin Heidelberg,,"XII, 302 S. 86 Abb.",0,German,,,,"978-3-540-53107-4,978-3-642-52495-0",,,,,,,10.1007/978-3-642-52495-0,,,,0,,1,1,1,,,1,7576418,pdf,f1092cfe1e5aa3be2a7a9eaa80a0f322,,,A:\\compressed\\10.1007%2F978-3-642-52495-0.pdf,0,2000-01-01 01:00:00,2016-04-03 02:51:08,957000/f1092cfe1e5aa3be2a7a9eaa80a0f322-d.jpg,,
15553647,Grundlagen der Investitionsentscheidung über automatische Formanlagen,,fir+iaw Forschung für die Praxis 32,,Dipl.-Ing. Klaus-Burkhard Bentler  (auth.),1990,,Springer Berlin Heidelberg,,"XI, 107 S. 32 Abb., 5 Tab.",0,German,,,,"978-3-540-53297-2,978-3-642-95641-6",,,,,,,10.1007/978-3-642-95641-6,,,,0,,1,1,1,,,1,3099200,pdf,3204c5822998c2c7d18a812a9aee5770,,,A:\\compressed\\10.1007%2F978-3-642-95641-6.pdf,0,2000-01-01 01:00:00,2016-04-03 02:51:08,957000/3204c5822998c2c7d18a812a9aee5770-d.jpg,,
15553648,Simulation paralleler Roboterprozesse: Ein System zur rechnergestützten Programmierung komplexer Roboterstationen,,Fachberichte Simulation 14,,Dr. rer. nat. Bernhard Hornung  (auth.),1990,,Springer Berlin Heidelberg,,"IX, 148 S.",0,German,,,,"978-3-540-53046-6,978-3-642-51149-3",,,,,,,10.1007/978-3-642-51149-3,,,,0,,1,1,1,,,1,4875115,pdf,b0bbb1ec469f10c648a456107f4e5367,,,A:\\compressed\\10.1007%2F978-3-642-51149-3.pdf,0,2000-01-01 01:00:00,2016-04-03 02:51:08,957000/b0bbb1ec469f10c648a456107f4e5367-d.jpg,,
15553649,Schnittgrößen in Brückenwiderlagern unter Berücksichtigung der Schubverformung in den Wandbauteilen: Berechnungstafeln,, ,,Professor Dipl.-Ing. Karl Heinz Holst  (auth.),1990,,Vieweg+Teubner Verlag,,189,0,German,,,,"978-3-663-07752-7,978-3-663-07751-0",,,,,,,10.1007/978-3-663-07751-0,,,,0,,1,1,1,,,1,5556966,pdf,ce4e72555da7de97e525628851a4f628,,,A:\\compressed\\10.1007%2F978-3-663-07751-0.pdf,0,2000-01-01 01:00:00,2016-04-03 02:51:08,957000/ce4e72555da7de97e525628851a4f628-d.jpg,,
15553650,Präzisionsumformtechnik: Ergebnisse des Schwerpunktes „Präzisionsumformtechnik“ der Deutschen Forschungsgemeinschaft 1981 bis 1989,, ,,"K. Lange  (auth.),  K. Lange,  H. G. Dohmen  (eds.)",1990,,Springer Berlin Heidelberg,,357,0,German,,,,"978-3-642-95607-2,978-3-642-95606-5",,,,,,,10.1007/978-3-642-95606-5,,,,0,,1,1,1,,,1,8891465,pdf,f0bff4bfed912ab132d3afaa58664ab2,,,A:\\compressed\\10.1007%2F978-3-642-95606-5.pdf,0,2000-01-01 01:00:00,2016-04-03 02:51:08,957000/f0bff4bfed912ab132d3afaa58664ab2-d.jpg,,
15553651,Angewandtes Problemlösungsverhalten: Denken und Handeln in komplexen Zusammenhängen,, ,,Dr.-Ing. Robert Sell  (auth.),1990,4. korr. Aufl.,Springer Berlin Heidelberg,,"IX, 241 S.",0,German,,,,"978-3-540-54150-9,978-3-662-00523-1",,,,,,,10.1007/978-3-662-00523-1,,,,0,,1,1,1,,,1,3216635,pdf,3e214a66357d476d92f404beb70f74e9,,,A:\\compressed\\10.1007%2F978-3-662-00523-1.pdf,0,2000-01-01 01:00:00,2016-04-03 02:51:08,957000/3e214a66357d476d92f404beb70f74e9-d.jpg,,
15553652,Elektronische Kommunikation — X.400 MHS,, ,,"Robert Babatz,  Manfred Bogen,  Uta Pankoke-Babatz  (auth.),  Harald Schumny  (eds.)",1990,,Vieweg+Teubner Verlag,,"VIII, 264S.",0,German,,,,"978-3-322-83107-1,978-3-322-83106-4",,,,,,,10.1007/978-3-322-83106-4,,,,0,,1,1,1,,,1,17575046,pdf,283952394ebcfceac685c3103a9ba167,,,A:\\compressed\\10.1007%2F978-3-322-83106-4.pdf,0,2000-01-01 01:00:00,2016-04-03 02:51:08,957000/283952394ebcfceac685c3103a9ba167-d.jpg,,
15553653,Energieeinsparung bei der magnetisch-induktiven Durchflußmessung,,Fachberichte Messen · Steuern · Regeln 23,,Dipl.-Ing. Jörg Himmel  (auth.),1990,,Springer Berlin Heidelberg,,"VI, 172 S. 87 Abb., 9 Tab.",0,German,,,,"978-3-540-52620-9,978-3-642-95620-1",,,,,,,10.1007/978-3-642-95620-1,,,,0,,1,1,1,,,1,5701197,pdf,9980aa736d84a3868608ff8a6b631bb6,,,A:\\compressed\\10.1007%2F978-3-642-95620-1.pdf,0,2000-01-01 01:00:00,2016-04-03 02:51:08,957000/9980aa736d84a3868608ff8a6b631bb6-d.jpg,,
15553654,"Frequenzadaptive Herzschrittmacher: Physiologie, Technologie, klinische Ergebnisse",, ,,"Dr. Karl Stangl,  PD Dr. Hubertus Heuer,  Prof. Dr. Alexander Wirtzfeld  (auth.)",1990,,Steinkopff,,325 S.,0,German,,,,"978-3-642-85389-0,978-3-642-85388-3",,,,,,,10.1007/978-3-642-85388-3,,,,0,,1,1,1,,,1,6450432,pdf,141ea8d9ef47132846948bcc6a88b6c8,,,A:\\compressed\\10.1007%2F978-3-642-85388-3.pdf,0,2000-01-01 01:00:00,2016-04-03 02:51:08,957000/141ea8d9ef47132846948bcc6a88b6c8-d.jpg,,
15553655,Laser: Grundlagen · Systeme · Anwendungen,,Laser in Technik und Forschung ,,"Prof. Dr. Jürgen Eichler,  Prof. Dr.-Ing. Hans-Joachim Eichler  (auth.)",1990,,Springer Berlin Heidelberg,,"XIV, 394 S.",0,German,,,,"978-3-540-52187-7,978-3-662-22080-1",,,,,,,10.1007/978-3-662-22080-1,,,,0,,1,1,1,,,1,17808355,pdf,45bdf74a00d1f47104b7bdcb544060cb,,,A:\\compressed\\10.1007%2F978-3-662-22080-1.pdf,0,2000-01-01 01:00:00,2016-04-03 02:51:08,957000/45bdf74a00d1f47104b7bdcb544060cb-d.jpg,,
15553656,"Forschung und Entwicklung für die Telekommunikation — Internationaler Vergleich mit zehn Ländern —: Band I: USA, Japan, Frankreich und Großbritannien",,Schriftenreihe des Wissenschaftlichen Instituts für Kommunikationsdienste 9,,"Hariolf Grupp,  Ulrich Schmoch  (auth.),  Dr. Hariolf Grupp,  Dr. Thomas Schnöring  (eds.)",1990,,Springer Berlin Heidelberg,,"XIII, 436 S. 149 Abb., 53 Tab.",0,German,,,,"978-3-540-52703-9,978-3-642-46711-0",,,,,,,10.1007/978-3-642-46711-0,,,,0,,1,1,1,,,1,14454334,pdf,afdf1407e1c6f96ca25ec054e8b3cdf4,,,A:\\compressed\\10.1007%2F978-3-642-46711-0.pdf,0,2000-01-01 01:00:00,2016-04-03 02:51:08,957000/afdf1407e1c6f96ca25ec054e8b3cdf4-d.jpg,,
15553657,Das CD-ROM-Buch,, ,,"Ralf Menssen  (auth.),  Wolfgang Dahmen,  Christian Mentzel  (eds.)",1990,,Springer Berlin Heidelberg,,"XI, 142 S.",0,German,,,,"978-3-540-51690-3,978-3-642-93444-5",,,,,,,10.1007/978-3-642-93444-5,,,,0,,1,1,1,,,1,7407087,pdf,49802ea38dc5690fe25b6aef81d0fe49,,,A:\\compressed\\10.1007%2F978-3-642-93444-5.pdf,0,2000-01-01 01:00:00,2016-04-03 02:51:08,957000/49802ea38dc5690fe25b6aef81d0fe49-d.jpg,,
15553658,dBASE IV Einsatz in lokalen Netzwerken (LAN): Dialogabfrage und Programmierung,, ,,Heinz-Peter Herbert  (auth.),1990,,Vieweg+Teubner Verlag,,"VI, 314 S. Mit Disk.",0,English,,,,"978-3-528-04733-7,978-3-322-92884-9",,,,,,,10.1007/978-3-322-92884-9,,,,0,,1,1,1,,,1,9408919,pdf,6f306c41039e6aaa13336d45a9f4e3e6,,,A:\\compressed\\10.1007%2F978-3-322-92884-9.pdf,0,2000-01-01 01:00:00,2016-04-03 02:51:08,957000/6f306c41039e6aaa13336d45a9f4e3e6-d.jpg,,
15553659,Technische Mechanik: Statik,,Springer-Lehrbuch ,,"Prof. Dr. Dietmar Gross,  Prof. Dr. Werner Hauger,  Prof. Dr. Walter Schnell  (auth.)",1990,,Springer Berlin Heidelberg,,"VIII, 205 S.",0,German,,,,"978-3-540-53017-6,978-3-662-10249-7",,,,,,,10.1007/978-3-662-10249-7,,,Ursprünglich erschienen als Band 215 in der Reihe: Heidelberger Taschenbücher3. Aufl.,0,,1,1,1,,,1,6225904,pdf,8cbd610d58bf59b15f4ad986004605d3,,,A:\\compressed\\10.1007%2F978-3-662-10249-7.pdf,0,2000-01-01 01:00:00,2016-04-03 02:51:08,957000/8cbd610d58bf59b15f4ad986004605d3-d.jpg,,
15553660,Elemente der integrierten Optik,,Teubner-Studienbücher Technik,,"Manfred Börner, Reinhard Müller, Roland Schiek, Gert Trommer",1990,,Vieweg+Teubner Verlag,,285,0,German,,,0,"978-3-519-06130-4,978-3-322-96720-6",,,,,,,10.1007/978-3-322-96720-6,,,,0,,1,1,1,,,1,5692158,pdf,4239a36fba57dadfa9b47a7bf7a16707,,,A:/compressed/10.1007%2F978-3-322-96720-6.pdf,0,2000-01-01 01:00:00,2016-04-03 02:51:08,957000/4239a36fba57dadfa9b47a7bf7a16707-d.jpg,,
15553661,Metallfachrechnen 5: Heizungs- und Raumlufttechnik,, ,,"Herbert Wiemann,  Ulrich Eberle,  Alfred Soherr  (auth.)",1990,,Vieweg+Teubner Verlag,,240S. 237 Abb.. Mit 160 Beispiele und 1211 Aufgaben.,0,German,,,,"978-3-519-06719-1,978-3-322-92775-0",,,,,,,10.1007/978-3-322-92775-0,,,,0,,1,1,1,,,1,16183933,pdf,65ca12dae2ceb5103ca91b5262043c1f,,,A:\\compressed\\10.1007%2F978-3-322-92775-0.pdf,0,2000-01-01 01:00:00,2016-04-03 02:51:08,957000/65ca12dae2ceb5103ca91b5262043c1f-d.jpg,,
15553662,Multiprozessorsysteme: Eine Einführung in die Konzepte der modernen Mikrocomputer- und Rechnertechnologie,, ,,Prof. Dr. rer. nat. Herbert Eichele  (auth.),1990,,Vieweg+Teubner Verlag,,"319S. Mit 241 Bildern, 12 Tabellen und zahlr. Beispielen.",0,German,,,,"978-3-519-06128-1,978-3-322-94509-9",,,,,,,10.1007/978-3-322-94509-9,,,,0,,1,1,1,,,1,14598299,pdf,ffa852e797a11d26914f087207b21e9e,,,A:\\compressed\\10.1007%2F978-3-322-94509-9.pdf,0,2000-01-01 01:00:00,2016-04-03 02:51:08,957000/ffa852e797a11d26914f087207b21e9e-d.jpg,,
15553663,Programmieren Lernen mit C: Für C und QuickC,, ,,Augie Hansen  (auth.),1990,,Vieweg+Teubner Verlag,,346,0,German,,,,"978-3-663-11168-9,978-3-663-11167-2",,,,,,,10.1007/978-3-663-11167-2,,,,0,,1,1,1,,,1,8705768,pdf,cfdf525f002b564e51bd8694c19e496e,,,A:\\compressed\\10.1007%2F978-3-663-11167-2.pdf,0,2000-01-01 01:00:00,2016-04-03 02:51:08,957000/cfdf525f002b564e51bd8694c19e496e-d.jpg,,
15553664,Markoffsche Entscheidungsprozesse,,Teubner Skripten zur Mathematischen Stochastik ,,Prof. Dr. rer. nat. Manfred Schäl  (auth.),1990,,Vieweg+Teubner Verlag,,"XV, 185 S.",0,German,,,,"978-3-519-02732-4,978-3-322-82976-4",,,,,,,10.1007/978-3-322-82976-4,,,,0,,1,1,1,,,1,6874861,pdf,e2d4d79c20751efacc2ea9fe98700e3e,,,A:\\compressed\\10.1007%2F978-3-322-82976-4.pdf,0,2000-01-01 01:00:00,2016-04-03 02:51:08,957000/e2d4d79c20751efacc2ea9fe98700e3e-d.jpg,,
15553665,Industrielle Produktionsentwicklung: Eine empirisch-deskriptive Analyse ausgewählter Branchen,, ,,"Professor Dr. Günter Fandel,  Professor Dr. Harald Dyckhoff,  Professor Dr. Joachim Reese  (auth.)",1990,,Springer Berlin Heidelberg,,334,0,German,,,,"978-3-662-07886-0,978-3-662-07885-3",,,,,,,10.1007/978-3-662-07885-3,,,,0,,1,1,1,,,1,13810576,pdf,da3c8732d91e9e403b11d7a448175206,,,A:\\compressed\\10.1007%2F978-3-662-07885-3.pdf,0,2000-01-01 01:00:00,2016-04-03 02:51:08,957000/da3c8732d91e9e403b11d7a448175206-d.jpg,,
15553666,Dokumentaustausch in Offenen Systemen: Einführung in die ISO-Norm 8613: Office Document Architecture (ODA) and Interchange Format,, ,,Wolfgang Appelt  (auth.),1990,,Springer Berlin Heidelberg,,"IX, 318 S. 66 Abb.",0,German,,,,"978-3-642-75780-8,978-3-642-75779-2",,,,,,,10.1007/978-3-642-75779-2,,,,0,,1,1,1,,,1,11477325,pdf,824f555867bed95f420f840e9d016f49,,,A:\\compressed\\10.1007%2F978-3-642-75779-2.pdf,0,2000-01-01 01:00:00,2016-04-03 02:51:08,957000/824f555867bed95f420f840e9d016f49-d.jpg,,
15553667,FRAMEWORK-Praxis für kaufmännische Berufe: Band 2: Modelle auf Programmebene,,MikroComputer-Praxis ,,"Dipl.-Wirtsch.-Ing. Claus Kühlewein,  Dipl.-Handelslehrer Karl Nüßle  (auth.)",1990,,Vieweg+Teubner Verlag,,252 S.,0,German,,,,"978-3-519-02662-4,978-3-322-94681-2",,,,,,,10.1007/978-3-322-94681-2,,,,0,,1,1,1,,,1,5570752,pdf,02d944e65858c0802e1f5d6b692e2d5b,,,A:\\compressed\\10.1007%2F978-3-322-94681-2.pdf,0,2000-01-01 01:00:00,2016-04-03 02:51:08,957000/02d944e65858c0802e1f5d6b692e2d5b-d.jpg,,
15553668,Diensteintegrierende Kommunikationsnetze mit teilnehmerüberprüfbarem Datenschutz,,Informatik-Fachberichte 234,,Andreas Pfitzmann  (auth.),1990,,Springer Berlin Heidelberg,,"XII, 343 S.",0,German,,,,"978-3-540-52327-7,978-3-642-75544-6",,,,,,,10.1007/978-3-642-75544-6,,,,0,,1,1,1,,,1,16658448,pdf,5c1a107d3bd0e70d12729e3b4e1c4a66,,,A:\\compressed\\10.1007%2F978-3-642-75544-6.pdf,0,2000-01-01 01:00:00,2016-04-03 02:51:08,957000/5c1a107d3bd0e70d12729e3b4e1c4a66-d.jpg,,
15553669,Objektorientierte Programmierung mit Turbo Pascal: Eine systematische Einführung in die Welt der Objekte,, ,,Martin Aupperle  (auth.),1990,,Vieweg+Teubner Verlag,,"VIII, 212S.",0,German,,,,"978-3-528-04778-8,978-3-322-87220-3",,,,,,,10.1007/978-3-322-87220-3,,,,0,,1,1,1,,,1,4742074,pdf,40aadf83a8be76472de7c73abe33aced,,,A:\\compressed\\10.1007%2F978-3-322-87220-3.pdf,0,2000-01-01 01:00:00,2016-04-03 02:51:08,957000/40aadf83a8be76472de7c73abe33aced-d.jpg,,
15553670,Dissoziierter Hirntod: Computergestützte Verfahren in Diagnostik und Dokumentation,, ,,Dr. Gerhard Schwarz  (auth.),1990,,Springer Berlin Heidelberg,,"X, 145 S. 82 Abb., 8 Tab.",0,German,,,,"978-3-540-51280-6,978-3-642-74834-9",,,,,,,10.1007/978-3-642-74834-9,,,,0,,1,1,1,,,1,6687283,pdf,cf47a9c78755f1dc2f4c6c919a2f1d8e,,,A:\\compressed\\10.1007%2F978-3-642-74834-9.pdf,0,2000-01-01 01:00:00,2016-04-03 02:51:08,957000/cf47a9c78755f1dc2f4c6c919a2f1d8e-d.jpg,,
15553671,Bodenmechanik und Grundbau: Das Verhalten von Böden und die wichtigsten grundbaulichen Konzepte,,Springer-Lehrbuch ,,"Dipl.-Ing. Hans-Jürgen Lang,  Dr. Jachen Huder  (auth.)",1990,,Springer Berlin Heidelberg,,"XII, 264 S.",0,German,,,,"978-3-540-52696-4,978-3-662-06128-2",,,,,,,10.1007/978-3-662-06128-2,,,"Ursprünglich monographisch erschienen4., überarb. u. erw. Aufl.",0,,1,1,1,,,1,9583465,pdf,effade9bfe93351777a21a232ccfba5a,,,A:\\compressed\\10.1007%2F978-3-662-06128-2.pdf,0,2000-01-01 01:00:00,2016-04-03 02:51:08,957000/effade9bfe93351777a21a232ccfba5a-d.jpg,,
15553672,Elemente nachrichtentechnischer Systeme,, ,,Dr. sc. techn. Dr. h. c. mult. Alfred Fettweis  (auth.),1990,,Vieweg+Teubner Verlag,,1990,0,German,,,,"978-3-519-06131-1,978-3-322-91862-8",,,,,,,10.1007/978-3-322-91862-8,,,,0,,1,1,1,,,1,10739703,pdf,9113bc2244944937a6caaa46cb240b12,,,A:\\compressed\\10.1007%2F978-3-322-91862-8.pdf,0,2000-01-01 01:00:00,2016-04-03 02:51:08,957000/9113bc2244944937a6caaa46cb240b12-d.jpg,,
15553673,Einführung in die Mikrocomputertechnik: Grundlagen Programmierung Schaltungstechnik,,Teubner Studienskripten (TSS) ,,Dipl.-Ing. Rainer Scholze  (auth.),1990,,Vieweg+Teubner Verlag,,3.Aufl. 1990,0,German,,,,"978-3-519-20104-5,978-3-322-94098-8",,,,,,,10.1007/978-3-322-94098-8,,,,0,,1,1,1,,,1,4854516,pdf,ac2a56200ea87f22ad6f7c1f5dfa701e,,,A:\\compressed\\10.1007%2F978-3-322-94098-8.pdf,0,2000-01-01 01:00:00,2016-04-03 02:51:08,957000/ac2a56200ea87f22ad6f7c1f5dfa701e-d.jpg,,
15553674,Werkstoffe,,Werkstoffe und Bauelemente der Elektrotechnik ,,Dr. Hanno Schaumburg  (auth.),1990,,Vieweg+Teubner Verlag,,412,0,German,,,,"978-3-322-84848-2,978-3-322-84847-5",,,,,,,10.1007/978-3-322-84847-5,,,,0,,1,1,1,,,1,13858069,pdf,0a9b05890c7a554dfcbc0da3006b0d3b,,,A:\\compressed\\10.1007%2F978-3-322-84847-5.pdf,0,2000-01-01 01:00:00,2016-04-03 02:51:08,957000/0a9b05890c7a554dfcbc0da3006b0d3b-d.jpg,,
15553675,Tragwerke 2: Theorie und Berechnungsmethoden statisch unbestimmter Stabtragwerke,,Springer-Lehrbuch ,,o. Prof. Dr.-Ing. Wilfried B. Krätzig  (auth.),1990,,Springer Berlin Heidelberg,,"XVIII, 326 S. Mit 58 Falttafeln.",0,German,,,,"978-3-540-52827-2,978-3-662-22563-9",,,,,,,10.1007/978-3-662-22563-9,,,,0,,1,1,1,,,1,11332583,pdf,4f38bf3b0e3d560817a2bc5bc6f337f8,,,A:\\compressed\\10.1007%2F978-3-662-22563-9.pdf,0,2000-01-01 01:00:00,2016-04-03 02:51:08,957000/4f38bf3b0e3d560817a2bc5bc6f337f8-d.jpg,,
15553676,"CAE von Dynamischen Systemen: Analyse, Simulation, Entwurf von Regelungssystemen",, ,,Professor Dr.-Ing. Günter Ludyk  (auth.),1990,,Springer Berlin Heidelberg,,"XI, 335 S. 34 Abb.",0,German,,,,"978-3-540-51676-7,978-3-642-83934-4",,,,,,,10.1007/978-3-642-83934-4,,,,0,,1,1,1,,,1,14130871,pdf,638abd853211c96e4a7b5547afcf54df,,,A:\\compressed\\10.1007%2F978-3-642-83934-4.pdf,0,2000-01-01 01:00:00,2016-04-03 02:51:08,957000/638abd853211c96e4a7b5547afcf54df-d.jpg,,
15553677,Einführung in die theoretische Elektrotechnik,, ,,"Dr.-Ing. E. h. Karl Küpfmüller  (auth.),  Dr.-Ing. Gerhard Kohn  (eds.)",1990,,Springer Berlin Heidelberg,,619,0,German,,,,"978-3-662-06885-4,978-3-662-06884-7",,,,,,,10.1007/978-3-662-06884-7,,,,0,,1,1,1,,,1,26121022,pdf,27649431f47708075fa1a54ef56147f8,,,A:\\compressed\\10.1007%2F978-3-662-06884-7.pdf,0,2000-01-01 01:00:00,2016-04-03 02:51:08,957000/27649431f47708075fa1a54ef56147f8-d.jpg,,
15553678,Elementare Quantenchemie,,Teubner Studienbücher ,,"Hans Primas,  Dr. Ulrich Müller-Herold  (auth.)",1990,"2., durchgesehene Aufl.",Vieweg+Teubner Verlag,,398S.,0,German,,,,"978-3-519-13500-5,978-3-322-96763-3",,,,,,,10.1007/978-3-322-96763-3,,,,0,,1,1,1,,,1,6667119,pdf,0a09df1345232946726aa757b8eb4ea8,,,A:\\compressed\\10.1007%2F978-3-322-96763-3.pdf,0,2000-01-01 01:00:00,2016-04-03 02:51:08,957000/0a09df1345232946726aa757b8eb4ea8-d.jpg,,
15553679,"Arbeitsmethoden der Technikwissenschaften: Systematik, Heuristik, Kreativität",, ,,Professor Dr. phil. habil. Johannes Müller  (auth.),1990,,Springer Berlin Heidelberg,,"XV, 276 S. 171 Abb.",0,German,,,,"978-3-642-93443-8,978-3-642-93442-1",,,,,,,10.1007/978-3-642-93442-1,,,,0,,1,1,1,,,1,7868002,pdf,af07561378919a55cac70ef43b3fc1de,,,A:\\compressed\\10.1007%2F978-3-642-93442-1.pdf,0,2000-01-01 01:00:00,2016-04-03 02:51:08,957000/af07561378919a55cac70ef43b3fc1de-d.jpg,,
15553680,Einführung in die Maschinen- und Anlagentechnik: Band 2: Arbeitsmaschinen,, ,,o. Prof. Dr.-Ing. Hans-Hermann Franzke  (auth.),1990,,Springer Berlin Heidelberg,,"VIII, 204 S. 256 Abb.",0,German,,,,"978-3-540-50552-5,978-3-642-83667-1",,,,,,,10.1007/978-3-642-83667-1,,,,0,,1,1,1,,,1,10719406,pdf,6293c5e2fed2bd6db4a2a5aa005a2e71,,,A:\\compressed\\10.1007%2F978-3-642-83667-1.pdf,0,2000-01-01 01:00:00,2016-04-03 02:51:08,957000/6293c5e2fed2bd6db4a2a5aa005a2e71-d.jpg,,
15553681,Metallfachrechnen 5 Heizungs- und Raumlufttechnik,, ,,"Herbert Wiemann,  Ulrich Eberle,  Alfred Soherr  (auth.)",1990,2.Aufl.,Vieweg+Teubner Verlag,,240 S.,0,German,,,,"978-3-519-06720-7,978-3-322-87196-1",,,,,,,10.1007/978-3-322-87196-1,,,,0,,1,1,1,,,1,16421411,pdf,be4b12976fe13dacec5bc449e98ef567,,,A:\\compressed\\10.1007%2F978-3-322-87196-1.pdf,0,2000-01-01 01:00:00,2016-04-03 02:51:08,957000/be4b12976fe13dacec5bc449e98ef567-d.jpg,,
15553682,"Informatik: Referenzbuch. Mit den vollständigen Befehlslisten zu MS-DOS, Turbo Pascal, dBase und Multiplan",, ,,Ekkehard Kaier  (auth.),1990,,Vieweg+Teubner Verlag,,"IV, 83S.",0,German,,,,"978-3-528-04765-8,978-3-322-89035-1",,,,,,,10.1007/978-3-322-89035-1,,,,0,,1,1,1,,,1,2591701,pdf,b32391c5188474c016fbb514cf044552,,,A:\\compressed\\10.1007%2F978-3-322-89035-1.pdf,0,2000-01-01 01:00:00,2016-04-03 02:51:08,957000/b32391c5188474c016fbb514cf044552-d.jpg,,
15553683,"ASST ’90 7. Aachener Symposium für Signaltheorie: Modellgestützte Signalverarbeitung Aachen, 12.–14. September 1990 Proceedings",,Informatik-Fachberichte 253,,"H. W. Schüßler,  Y. Dong  (auth.),  W. Ameling  (eds.)",1990,,Springer Berlin Heidelberg,,"XI, 332 S.",0,German,,,,"978-3-540-53124-1,978-3-642-76062-4",,,,,,,10.1007/978-3-642-76062-4,,,,0,,1,1,1,,,1,29743389,pdf,077a775f7e9c0f112a8d2110b6b32bb1,,,A:\\compressed\\10.1007%2F978-3-642-76062-4.pdf,0,2000-01-01 01:00:00,2016-04-03 02:51:08,957000/077a775f7e9c0f112a8d2110b6b32bb1-d.jpg,,
15553684,"Technisches Englisch: Ein Leitfaden für Ingenieure, Techniker und Fachübersetzer. Mit Beispielen und Übungen aus dem Maschinen- und Apparatebau",,VDI-Buch ,,Kurt Simon  (auth.),1990,,Springer Berlin Heidelberg,,"X, 143 S.",0,German,,,,"978-3-540-62134-8,978-3-662-00873-7",,,,,,,10.1007/978-3-662-00873-7,,,"Ursprünglich erschienen beim VDI-Verlag, Düsseldorf2., verb. Aufl.",0,,1,1,1,,,1,3173793,pdf,036168bb284772fe41518567965c7f76,,,A:\\compressed\\10.1007%2F978-3-662-00873-7.pdf,0,2000-01-01 01:00:00,2016-04-03 02:51:08,957000/036168bb284772fe41518567965c7f76-d.jpg,,
15553685,Fahrzeugverglasung: Entwicklung · Techniken · Tendenzen Referate der Fachtagung Fahrzeugverglasung,,Fortschritte der Fahrzeugtechnik 4,,"K.-H. Brück  (auth.),  Ing. Karl-Heinz Brück  (eds.)",1990,,Vieweg+Teubner Verlag,,"VII, 128 S.",0,German,,,,"978-3-528-06370-2,978-3-322-91761-4",,,,,,,10.1007/978-3-322-91761-4,,,,0,,1,1,1,,,1,4897695,pdf,4bc8b510b7824cf81823292fadcc8a32,,,A:\\compressed\\10.1007%2F978-3-322-91761-4.pdf,0,2000-01-01 01:00:00,2016-04-03 02:51:08,957000/4bc8b510b7824cf81823292fadcc8a32-d.jpg,,
15553686,"Kalte Plasmen: Grundlagen, Erscheinungen, Anwendungen",, ,,Dr. rer. nat. Gerhard Franz  (auth.),1990,,Springer Berlin Heidelberg,,"X, 300 S.",0,German,,,,"978-3-540-53160-9,978-3-662-08045-0",,,,,,,10.1007/978-3-662-08045-0,,,,0,,1,1,1,,,1,10383607,pdf,843c56ec6182b9cd607246122b5448d4,,,A:\\compressed\\10.1007%2F978-3-662-08045-0.pdf,0,2000-01-01 01:00:00,2016-04-03 02:51:08,957000/843c56ec6182b9cd607246122b5448d4-d.jpg,,
15553687,Theoretische Plasmaphysik: Eine Einführung,,Teubner Studienbücher Physik ,,Prof. Dr. rer. nat. Karl-Heinz Spatschek  (auth.),1990,,Vieweg+Teubner Verlag,,436S.,0,German,,,,"978-3-519-03041-6,978-3-322-84834-5",,,,,,,10.1007/978-3-322-84834-5,,,,0,,1,1,1,,,1,12322595,pdf,63186676bcbb514e56c1d91e640b012f,,,A:\\compressed\\10.1007%2F978-3-322-84834-5.pdf,0,2000-01-01 01:00:00,2016-04-03 02:51:08,957000/63186676bcbb514e56c1d91e640b012f-d.jpg,,
15553688,Algebra: Anwendungsorientierte Mathematik,,Springer-Lehrbuch ,,Professor Dr. Gert Böhme  (auth.),1990,,Springer Berlin Heidelberg,,"XV, 455 S. 245 Abb.",0,German,,,,"978-3-540-52676-6,978-3-642-97264-5",,,,,,,10.1007/978-3-642-97264-5,,,"Ursprünglich erschienen als Band 1 von: G. Böhme, Anwendungsorientierte Mathematik6., verb. u. erw. Aufl.",0,,1,1,1,,,1,8497719,pdf,9987e61b8a06d9de842e57213be847a6,,,A:\\compressed\\10.1007%2F978-3-642-97264-5.pdf,0,2000-01-01 01:00:00,2016-04-03 02:51:08,957000/9987e61b8a06d9de842e57213be847a6-d.jpg,,
15553689,Montage von Schrauben mit Industrierobotern,,IPA-IAO Forschung und Praxis 151,,Dipl.-Ing. Gernot E. Fischer  (auth.),1990,,Springer Berlin Heidelberg,,106 S.,0,German,,,,"978-3-540-53519-5,978-3-662-12543-4",,,,,,,10.1007/978-3-662-12543-4,,,,0,,1,1,1,,,1,3218187,pdf,6f9286529a5eae087918f12832239af0,,,A:\\compressed\\10.1007%2F978-3-662-12543-4.pdf,0,2000-01-01 01:00:00,2016-04-03 02:51:08,957000/6f9286529a5eae087918f12832239af0-d.jpg,,
15553690,Konzepte der CAD / PPS-Kopplung,,fir+iaw Forschung für die Praxis 27,,Dipl.-Ing. Markus Braun  (auth.),1990,,Springer Berlin Heidelberg,,"IX, 212 S. 67 Abb.",0,German,,,,"978-3-540-52492-2,978-3-642-84174-3",,,,,,,10.1007/978-3-642-84174-3,,,,0,,1,1,1,,,1,10690962,pdf,2787acc2bdca627c8d15f9751af63743,,,A:\\compressed\\10.1007%2F978-3-642-84174-3.pdf,0,2000-01-01 01:00:00,2016-04-03 02:51:08,957000/2787acc2bdca627c8d15f9751af63743-d.jpg,,
15553691,Verfahrenstechnik zur Sicherung von Baugruben,,Leitfaden der Bauwirtschaft und des Baubetriebs ,,Prof. Dr.-Ing. Wolfgang Schnell  (auth.),1990,,Vieweg+Teubner Verlag,,1990,0,German,,,,"978-3-519-05022-3,978-3-663-01208-5",,,,,,,10.1007/978-3-663-01208-5,,,,0,,1,1,1,,,1,11881130,pdf,365f3a1c8004f9a60769bbaf8dd2761d,,,A:\\compressed\\10.1007%2F978-3-663-01208-5.pdf,0,2000-01-01 01:00:00,2016-04-03 02:51:08,957000/365f3a1c8004f9a60769bbaf8dd2761d-d.jpg,,
15553692,Tragwerke 1: Theorie und Berechnungsmethoden statisch bestimmter Stabtragwerke,,Springer-Lehrbuch ,,"o. Prof. Dr.-Ing. Wilfried B. Krätzig,  Prof. Dr.-Ing. Udo Wittek  (auth.)",1990,,Springer Berlin Heidelberg,,"XIII, 280 S. Mit 58 Falttafeln.",0,German,,,,"978-3-540-52619-3,978-3-662-10592-4",,,,,,,10.1007/978-3-662-10592-4,,,,0,,1,1,1,,,1,13989577,pdf,b54dca81a4fa90c24752e92da3500e64,,,A:\\compressed\\10.1007%2F978-3-662-10592-4.pdf,0,2000-01-01 01:00:00,2016-04-03 02:51:08,957000/b54dca81a4fa90c24752e92da3500e64-d.jpg,,
15553693,Dynamik der Kraftfahrzeuge: Band C: Fahrverhalten,, ,,Dr.-Ing. Manfred Mitschke  (auth.),1990,,Springer Berlin Heidelberg,,"XVI, 264 S. 182 Abb.",0,German,,,,"978-3-642-86471-1,978-3-642-86470-4",,,,,,,10.1007/978-3-642-86470-4,,,Die erste Auflage erschien in einem Band2. völlig neubearb. Aufl.,0,,1,1,1,,,1,13539737,pdf,0e8c5ca4c0f6969b8cb4c55d22c8d693,,,A:\\compressed\\10.1007%2F978-3-642-86470-4.pdf,0,2000-01-01 01:00:00,2016-04-03 02:51:08,957000/0e8c5ca4c0f6969b8cb4c55d22c8d693-d.jpg,,
15553694,Elektrotechnik. Grundlagenlehrbuch: Netzwerke,,Springer-Lehrbuch ,,Dr.-Ing. habil. Reinhold Paul  (auth.),1990,"Ursprünglich monographisch erschienen2., überarb. Aufl.",Springer Berlin Heidelberg,,"XVII, 423 S. 188 Abb., 44 Tafeln",0,German,,,,"978-3-540-52311-6,978-3-662-00972-7",,,,,,,10.1007/978-3-662-00972-7,,,,0,,1,1,1,,,1,17340451,pdf,c7591735debd73cc791b161e0b62de97,,,A:\\compressed\\10.1007%2F978-3-662-00972-7.pdf,0,2000-01-01 01:00:00,2016-04-03 02:51:08,957000/c7591735debd73cc791b161e0b62de97-d.jpg,,
15553695,Raum — Zeit — Relativität,,Vieweg Studium 36,,"Prof. Dr. Roman Sexl,  Dr. Herbert Kurt Schmidt  (auth.)",1990,"3., durchges. Aufl.",Vieweg+Teubner Verlag,,"XII, 205S. 110 Abb..",0,German,,,,"978-3-528-27236-4,978-3-322-96947-7",,,,,,,10.1007/978-3-322-96947-7,,,,0,,1,1,1,,,1,6488749,pdf,0a2551064b9aba9e8e968f599fb620a9,,,A:\\compressed\\10.1007%2F978-3-322-96947-7.pdf,0,2000-01-01 01:00:00,2016-04-03 02:51:08,957000/0a2551064b9aba9e8e968f599fb620a9-d.jpg,,
15553696,Kurzes Lehrbuch der Physik,,Springer-Lehrbuch ,,"Herbert A. Stuart,  Professor Dr. Gerhard Klages  (auth.)",1990,Ursprünglich monographisch erschienen12. Aufl.,Springer Berlin Heidelberg,,"XIII, 309 S.",0,German,,,,"978-3-540-52427-4,978-3-662-08232-4",,,,,,,10.1007/978-3-662-08232-4,,,,0,,1,1,1,,,1,14473217,pdf,2bb72a0180c8a01df8875a08f52ead71,,,A:\\compressed\\10.1007%2F978-3-662-08232-4.pdf,0,2000-01-01 01:00:00,2016-04-03 02:51:08,957000/2bb72a0180c8a01df8875a08f52ead71-d.jpg,,
15553697,Neue unterhaltsame Astronomie,, ,,Professor Wiktor Nojewitsch Komarow  (auth.),1990,5Aufl.,Vieweg+Teubner Verlag,,216S.,0,German,,,,"978-3-322-00739-1,978-3-322-82226-0",,,,,,,10.1007/978-3-322-82226-0,,,,0,,1,1,1,,,1,4756258,pdf,f9bfe76a19eaa4af1c3f6ccd237cdb0e,,,A:\\compressed\\10.1007%2F978-3-322-82226-0.pdf,0,2000-01-01 01:00:00,2016-04-03 02:51:08,957000/f9bfe76a19eaa4af1c3f6ccd237cdb0e-d.jpg,,
15553698,"Projekt-Controlling in Forschung und Entwicklung: Grundsätze, Methoden, Verfahren, Anwendungsbeispiele aus der Nachrichtentechnik",, ,,Josef E. Riedl  (auth.),1990,,Springer Berlin Heidelberg,,"XII, 236 S. 61 Abb., 51 Tab.",0,German,,,,"978-3-540-51963-8,978-3-642-47589-4",,,,,,,10.1007/978-3-642-47589-4,,,,0,,1,1,1,,,1,10241268,pdf,e5911885204a038d3eb2c5a070c831ef,,,A:\\compressed\\10.1007%2F978-3-642-47589-4.pdf,0,2000-01-01 01:00:00,2016-04-03 02:51:08,957000/e5911885204a038d3eb2c5a070c831ef-d.jpg,,
15553699,Ermüdungsverhalten von Fließpreßteilen aus Sintermetall,,Berichte aus dem Institut für Umformtechnik der Universität Stuttgart 110,,Dipl.-Ing. Bernd Hager  (auth.),1990,,Springer Berlin Heidelberg,,135 S.,0,German,,,,"978-3-540-53585-0,978-3-662-07111-3",,,,,,,10.1007/978-3-662-07111-3,,,,0,,1,1,1,,,1,4255874,pdf,5fd9062e46c8897502726969bcf7b72a,,,A:\\compressed\\10.1007%2F978-3-662-07111-3.pdf,0,2000-01-01 01:00:00,2016-04-03 02:51:08,957000/5fd9062e46c8897502726969bcf7b72a-d.jpg,,
15553700,"Mustererkennung 1990: 12. DAGM-Symposium Oberkochen-Aalen, 24.–26. September 1990. Proceedings",,Informatik-Fachberichte 254,,"Wolfgang Förstner  (auth.),  Rudolf E. Großkopf  (eds.)",1990,,Springer Berlin Heidelberg,,"XXI, 683 S.",0,German,,,,"978-3-540-53172-2,978-3-642-84305-1",,,,,,,10.1007/978-3-642-84305-1,,,,0,,1,1,1,,,1,28176162,pdf,aab776fcf32ec7fea489d01b363f6c36,,,A:\\compressed\\10.1007%2F978-3-642-84305-1.pdf,0,2000-01-01 01:00:00,2016-04-03 02:51:08,957000/aab776fcf32ec7fea489d01b363f6c36-d.jpg,,
15553701,CIM-Rahmenplanung,,Betriebs- und Wirtschaftsinformatik 39,,Dr. Udo Venitz  (auth.),1990,,Springer Berlin Heidelberg,,"XII, 265 S. 103 Abb., 11 Tab.",0,German,,,,"978-3-540-51910-2,978-3-642-75237-7",,,,,,,10.1007/978-3-642-75237-7,,,,0,,1,1,1,,,1,4861751,pdf,ee49707557ade81556cf6f5d2677858d,,,A:\\compressed\\10.1007%2F978-3-642-75237-7.pdf,0,2000-01-01 01:00:00,2016-04-03 02:51:08,957000/ee49707557ade81556cf6f5d2677858d-d.jpg,,
15553702,CIM Integration und Vernetzung: Chancen und Risiken einer Innovationsstrategie,, ,,"Ulrich Dienhart,  Dieter Gluch,  Michael Noack  (auth.),  Dipl.-Ing. Michael Noack,  Dipl.-Ing. Klaus Wegner,  Dipl.-Ing. Dieter Gluch,  Dipl.-Ing. Ulrich Dienhart  (eds.)",1990,,Springer Berlin Heidelberg,,"XIV, 227 S. 57 Abb.",0,German,,,,"978-3-642-93448-3,978-3-642-93447-6",,,,,,,10.1007/978-3-642-93447-6,,,,0,,1,1,1,,,1,5772874,pdf,532bbc28c9a2949784ab0116f2a29ad2,,,A:\\compressed\\10.1007%2F978-3-642-93447-6.pdf,0,2000-01-01 01:00:00,2016-04-03 02:51:08,957000/532bbc28c9a2949784ab0116f2a29ad2-d.jpg,,
15553703,Analyse digitaler Signale: Grundlagen und Anwendungen mathematischer Analysemethoden auf diskrete Zeitfolgen,,Aus dem Programm Nachrichtentechnik 38,,"Werner Lechner,  Norbert Lohl  (auth.),  Wolfgang Schneider  (eds.)",1990,,Vieweg+Teubner Verlag,,261S.,0,English,,,,"978-3-528-04727-6,978-3-322-89465-6",,,,,,,10.1007/978-3-322-89465-6,,,,0,,1,1,1,,,1,9886945,pdf,2cc3806e5721950ab38ea7929c2e1b03,,,A:\\compressed\\10.1007%2F978-3-322-89465-6.pdf,0,2000-01-01 01:00:00,2016-04-03 02:51:08,957000/2cc3806e5721950ab38ea7929c2e1b03-d.jpg,,
15553704,"Netzwerke, Signale und Systeme: Theorie kontinuierlicher und diskreter Signale und Systeme",,Springer-Lehrbuch ,,Dr.-Ing. Hans Wilhelm Schüßler  (auth.),1990,,Springer Berlin Heidelberg,,"XIV, 482 S.",0,German,,,,"978-3-540-52986-6,978-3-662-08932-3",,,,,,,10.1007/978-3-662-08932-3,,,"Die 1. Auflage erschien in der Reihe: Hochschultext2., neubearb. u. erw. Aufl.",0,,1,1,1,,,1,22126099,pdf,1c307f27910a4885a7561c200764a81e,,,A:\\compressed\\10.1007%2F978-3-662-08932-3.pdf,0,2000-01-01 01:00:00,2016-04-03 02:51:08,957000/1c307f27910a4885a7561c200764a81e-d.jpg,,
15553705,Wärmeübergang und Blasenbildung beim Behältersieden: Beeinflussung durch Heizflächeneigenschaften und durch Siedeverstärker,, ,,Wolfgang Leiner  (auth.),1990,,Deutscher Universitätsverlag,,347,0,German,,,,"978-3-8244-2010-0,978-3-663-14531-8",,,,,,,10.1007/978-3-663-14531-8,,,,0,,1,1,1,,,1,5336455,pdf,0e0b29fea6afe78bb8509d0832098f5a,,,A:\\compressed\\10.1007%2F978-3-663-14531-8.pdf,0,2000-01-01 01:00:00,2016-04-03 02:51:08,957000/0e0b29fea6afe78bb8509d0832098f5a-d.jpg,,
15553706,Flächenorientierte Termin- und Kapazitätsplanung bei innerbetrieblicher Baustellenfertigung,,IPA-IAO Forschung und Praxis 152,,Dipl.-Ing. Rolf Schlauch  (auth.),1990,,Springer Berlin Heidelberg,,130 S. 53 Abb.,0,German,,,,"978-3-540-53584-3,978-3-642-47843-7",,,,,,,10.1007/978-3-642-47843-7,,,,0,,1,1,1,,,1,3306480,pdf,fde43b4be8fc30cc8e2d6d1abbd5e119,,,A:\\compressed\\10.1007%2F978-3-642-47843-7.pdf,0,2000-01-01 01:00:00,2016-04-03 02:51:08,957000/fde43b4be8fc30cc8e2d6d1abbd5e119-d.jpg,,
15553707,Die Debatte um die Quantentheorie,,Facetten ,,Franco Selleri  (auth.),1990,3.Aufl.,Vieweg+Teubner Verlag,,"X, 212S.",0,German,,,,"978-3-322-90670-0,978-3-322-90669-4",,,,,,,10.1007/978-3-322-90669-4,,,,0,,1,1,1,,,1,5942709,pdf,a9a99c6b3495d56c225f4f6bb7e4f4e0,,,A:\\compressed\\10.1007%2F978-3-322-90669-4.pdf,0,2000-01-01 01:00:00,2016-04-03 02:51:08,957000/a9a99c6b3495d56c225f4f6bb7e4f4e0-d.jpg,,
15553708,Digitale Signalverarbeitung,,Viewegs Fachbücher der Technik ,,"Ad W. M. van den Enden,  Niek A. M. Verhoeckx  (auth.)",1990,,Vieweg+Teubner Verlag,,"XVIII, 364S. 262 Abb.. Mit 87 Übungsaufg. mit Lös.",0,German,,,,"978-3-528-03045-2,978-3-322-90683-0",,,,,,,10.1007/978-3-322-90683-0,,,,0,,1,1,1,,,1,12846654,pdf,e1669676771e84258ecd79ab9dadf5db,,,A:\\compressed\\10.1007%2F978-3-322-90683-0.pdf,0,2000-01-01 01:00:00,2016-04-03 02:51:08,957000/e1669676771e84258ecd79ab9dadf5db-d.jpg,,
15553709,Digitale Regelungsysteme: Grundlagen zum Systementwurf,, ,,Winfried Büttner  (auth.),1990,,Vieweg+Teubner Verlag,,205S.,0,German,,,,"978-3-528-03041-4,978-3-322-84129-2",,,,,,,10.1007/978-3-322-84129-2,,,,0,,1,1,1,,,1,4237544,pdf,39b322bc1c917f02cbe3bc369de5befa,,,A:\\compressed\\10.1007%2F978-3-322-84129-2.pdf,0,2000-01-01 01:00:00,2016-04-03 02:51:08,957000/39b322bc1c917f02cbe3bc369de5befa-d.jpg,,
15553710,"CIM im Mittelstand: Fachtagung, Saarbrücken, 14.–15. Februar 1990",, ,,"Prof. Dr. A.-W. Scheer  (auth.),  Professor Dr. August-Wilhelm Scheer  (eds.)",1990,,Springer Berlin Heidelberg,,"VIII, 270 S.",0,German,,,,"978-3-540-52340-6,978-3-642-75547-7",,,,,,,10.1007/978-3-642-75547-7,,,,0,,1,1,1,,,1,17402637,pdf,8ff7b2aa139058835988b74a5fb852d8,,,A:\\compressed\\10.1007%2F978-3-642-75547-7.pdf,0,2000-01-01 01:00:00,2016-04-03 02:51:08,957000/8ff7b2aa139058835988b74a5fb852d8-d.jpg,,
15553711,Spanlose Fertigung: Schneiden — Biegen — Ziehen,,Viewegs Fachbücher der Technik ,,"Dipl.-Ing. Erwin Semlinger,  Prof. Dr.-Ing. Waldemar Hellwig  (auth.)",1990,4. Aufl.,Vieweg+Teubner Verlag,,245S.,0,German,,,,"978-3-528-34042-1,978-3-322-88819-8",,,,,,,10.1007/978-3-322-88819-8,,,,0,,1,1,1,,,1,10870341,pdf,74e2ac837f4d58bb1116872992e4ddba,,,A:\\compressed\\10.1007%2F978-3-322-88819-8.pdf,0,2000-01-01 01:00:00,2016-04-03 02:51:08,957000/74e2ac837f4d58bb1116872992e4ddba-d.jpg,,
15553712,Symmetriebrechung und Wahrnehmung: Beispiele aus der Erfahrungswelt,,Symmetriebrechung und Wahrnehmung ,,Prof. Dr. Giuseppe Caglioti  (auth.),1990,,Vieweg+Teubner Verlag,,"X, 202S. Mit 41 Abb., 13 Taf.",0,German,,,,"978-3-322-85048-5,978-3-322-85047-8",,,,,,,10.1007/978-3-322-85047-8,,,,0,,1,1,1,,,1,7492264,pdf,7ad17b8b647289d24cbcfd0053adba48,,,A:\\compressed\\10.1007%2F978-3-322-85047-8.pdf,0,2000-01-01 01:00:00,2016-04-03 02:51:08,957000/7ad17b8b647289d24cbcfd0053adba48-d.jpg,,
15553713,Ein Jahrhundert Flugzeuge: Geschichte und Technik des Fliegens,,VDI-Buch ,,"Dipl-Ing., Dr.-Ing. E. h. mult. Ludwig Bölkow  (auth.),  Dipl-Ing., Dr.-Ing. E. h. mult. Ludwig Bölkow  (eds.)",1990,,Springer Berlin Heidelberg,,614,0,German,,,,"978-3-642-95776-5,978-3-642-95775-8",,,,,,,10.1007/978-3-642-95775-8,,,,0,,1,1,1,,,1,122846557,pdf,89e3c59fdae275d700df583d977a8f0d,,,A:\\compressed\\10.1007%2F978-3-642-95775-8.pdf,0,2000-01-01 01:00:00,2016-04-03 02:51:08,957000/89e3c59fdae275d700df583d977a8f0d-d.jpg,,
15553714,Ein Roboteraktions-planungssystem,,Informatik-Fachberichte 260,,Bernhard J. Frommherz  (auth.),1990,,Springer Berlin Heidelberg,,"XI, 134 S.",0,German,,,,"978-3-540-53401-3,978-3-642-51150-9",,,,,,,10.1007/978-3-642-51150-9,,,,0,,1,1,1,,,1,4128802,pdf,e5e7cb7eeefb3f607eea4d43b50fa33e,,,A:\\compressed\\10.1007%2F978-3-642-51150-9.pdf,0,2000-01-01 01:00:00,2016-04-03 02:51:08,957000/e5e7cb7eeefb3f607eea4d43b50fa33e-d.jpg,,
15553715,Maschinen- und Anlagendiagnostik: Für die zustandsbezogene Instandhaltung,, ,,"Prof. Dr. sc. techn. Adolf Sturm,  Hon.-Doz. Dr. sc. techn. Rudolf Förster  (auth.)",1990,,Vieweg+Teubner Verlag,,350S. 342 Abb.. Mit 67 Tafeln.,0,German,,,,"978-3-519-06333-9,978-3-322-99814-9",,,,,,,10.1007/978-3-322-99814-9,,,,0,,1,1,1,,,1,13927593,pdf,0a27b08afb46184b4698074f45844467,,,A:\\compressed\\10.1007%2F978-3-322-99814-9.pdf,0,2000-01-01 01:00:00,2016-04-03 02:51:08,957000/0a27b08afb46184b4698074f45844467-d.jpg,,
15553716,Ein Planungsverfahren zur Erkennung und Bewältigung von Material- und Kapazitätsengpässen bei mehrstufiger Linienfertigung,,IPA-IAO — Forschung und Praxis 150,,Dipl.-Wirtsch.-Ing. Ralf-Michael Fuchs  (auth.),1990,,Springer Berlin Heidelberg,,176 S. 65 Abb.,0,German,,,,"978-3-540-53271-2,978-3-642-47942-7",,,,,,,10.1007/978-3-642-47942-7,,,,0,,1,1,1,,,1,3559821,pdf,72baee1da16603b26b93d2d129d9c703,,,A:\\compressed\\10.1007%2F978-3-642-47942-7.pdf,0,2000-01-01 01:00:00,2016-04-03 02:51:08,957000/72baee1da16603b26b93d2d129d9c703-d.jpg,,
15553717,Struktur der Materie,, ,,"Prof. E. Grimsehl,  Prof. Dr. A. Lösche  (auth.)",1990,,Vieweg+Teubner Verlag,,619,0,German,,,,"978-3-663-01453-9,978-3-663-01452-2",,,,,,,10.1007/978-3-663-01452-2,,,,0,,1,1,1,,,1,41064597,pdf,cf113a0d7c9d3eb66c29d97d5823e7d3,,,A:\\compressed\\10.1007%2F978-3-663-01452-2.pdf,0,2000-01-01 01:00:00,2016-04-03 02:51:08,957000/cf113a0d7c9d3eb66c29d97d5823e7d3-d.jpg,,
15553718,Isaac Newton,,"Biographie hervorragender Naturwissenschaftler, Techniker und Mediziner 27",,Prof. Dr. sc. nat. Hans Wußing  (auth.),1990,4Aufl.,Vieweg+Teubner Verlag,,134S.,0,German,,,,"978-3-322-00752-0,978-3-322-89821-0",,,,,,,10.1007/978-3-322-89821-0,,,,0,,1,1,1,,,1,5413655,pdf,152f581f7619477a0b5a4e7ff5ae79d2,,,A:\\compressed\\10.1007%2F978-3-322-89821-0.pdf,0,2000-01-01 01:00:00,2016-04-03 02:51:08,957000/152f581f7619477a0b5a4e7ff5ae79d2-d.jpg,,
15553719,Elektromagnetische Feldtheorie für Ingenieure und Physiker,,Springer-Lehrbuch ,,Prof. Dr. rer. nat. Günther Lehner  (auth.),1990,,Springer Berlin Heidelberg,,"XXII, 572 S.",0,German,,,,"978-3-540-52319-2,978-3-662-21859-4",,,,,,,10.1007/978-3-662-21859-4,,,,0,,1,1,1,,,1,14053629,pdf,e20e798e9bc500a6a4e1ca8b92a7fa09,,,A:\\compressed\\10.1007%2F978-3-662-21859-4.pdf,0,2000-01-01 01:00:00,2016-04-03 02:51:08,957000/e20e798e9bc500a6a4e1ca8b92a7fa09-d.jpg,,
15553720,Computer in der Schule 3: Materialien für den Mathematik-und Informatikunterricht,, ,,"Klaus-D. Graf  (auth.),  Klaus-D. Graf  (eds.)",1990,,Vieweg+Teubner Verlag,,1990,0,German,,,,"978-3-519-02532-0,978-3-322-92129-1",,,,,,,10.1007/978-3-322-92129-1,,,,0,,1,1,1,,,1,5646314,pdf,075478328ed04fb9d9161ce3e7687c1b,,,A:\\compressed\\10.1007%2F978-3-322-92129-1.pdf,0,2000-01-01 01:00:00,2016-04-03 02:51:08,957000/075478328ed04fb9d9161ce3e7687c1b-d.jpg,,
15553721,Code-Wechsel: Texte im Medienvergleich,, ,,"Ernest W. B. Hess-Lüttich  (auth.),  Ernest W. B. Hess-Lüttich,  Roland Posner  (eds.)",1990,,VS Verlag für Sozialwissenschaften,,300 S.,0,German,,,,"978-3-531-12220-5,978-3-322-89575-2",,,,,,,10.1007/978-3-322-89575-2,,,,0,,1,1,1,,,1,10435852,pdf,3fb9fdecc91213f8ab59bbdcf5ab5671,,,A:\\compressed\\10.1007%2F978-3-322-89575-2.pdf,0,2000-01-01 01:00:00,2016-04-03 02:51:08,957000/3fb9fdecc91213f8ab59bbdcf5ab5671-d.jpg,,
15553722,Selbstorganisation: Aspekte einer wissenschaftlichen Revolution,,"Wissenschaftstheorie, Wissenschaft und Philosophie 29",,"Dietrich v. Engelhardt  (auth.),  Wolfgang Krohn,  Günter Küppers  (eds.)",1990,,Vieweg+Teubner Verlag,,"VI, 332S.",0,German,,,,"978-3-322-86546-5,978-3-322-86545-8",,,,,,,10.1007/978-3-322-86545-8,,,,0,,1,1,1,,,1,25144992,pdf,15c07b522767fcac283f6d02d0a06461,,,A:\\compressed\\10.1007%2F978-3-322-86545-8.pdf,0,2000-01-01 01:00:00,2016-04-03 02:51:08,957000/15c07b522767fcac283f6d02d0a06461-d.jpg,,
15553723,"Lehrbuch der Hochfrequenztechnik: Erster Band: Hochfrequenzfilter, Leitungen, Antennen",, ,,"Dr.-Ing. habil., Dr.-Ing. e. h. Otto Zinke,  Dr.-Ing. Heinrich Brunswig  (auth.),  Dr.-Ing. habil., Dr.-Ing. e. h. Otto Zinke,  Dr.-Ing. Anton Vlcek  (eds.)",1990,"4., neubearb. Aufl.",Springer Berlin Heidelberg,,"XVI, 449 S.",0,German,,,,"978-3-540-51421-3,978-3-662-00777-8",,,,,,,10.1007/978-3-662-00777-8,,,,0,,1,1,1,,,1,21048303,pdf,1c1670718c98764624911925415f2add,,,A:\\compressed\\10.1007%2F978-3-662-00777-8.pdf,0,2000-01-01 01:00:00,2016-04-03 02:51:08,957000/1c1670718c98764624911925415f2add-d.jpg,,
15553724,Lichtwellenleiter für die optische Nachrichtenübertragung: Grundlagen und Eigenschaften eines modernen Übertragungsmediums,,Nachrichtentechnik 16,,Dr.Ing. Siegfried Geckeler  (auth.),1990,"3., überarb. Aufl.",Springer Berlin Heidelberg,,"X, 327 S. 154 Abb.",0,German,,,,"978-3-540-51727-6,978-3-642-83951-1",,,,,,,10.1007/978-3-642-83951-1,,,,0,,1,1,1,,,1,18719139,pdf,535b6aca99b00483299710f135e8e999,,,A:\\compressed\\10.1007%2F978-3-642-83951-1.pdf,0,2000-01-01 01:00:00,2016-04-03 02:51:08,957000/535b6aca99b00483299710f135e8e999-d.jpg,,
15553725,Optimale Datenintegration bei rechnerintegrierter Produktion,,fir+iaw Forschung für die Praxis 29,,Dipl.-Inform. Eva Köhl  (auth.),1990,,Springer Berlin Heidelberg,,"VIII, 144 S. 61 Abb.",0,German,,,,"978-3-540-52756-5,978-3-642-84233-7",,,,,,,10.1007/978-3-642-84233-7,,,,0,,1,1,1,,,1,10873261,pdf,bb93517137f2fd012e7ac3d97b50aae0,,,A:\\compressed\\10.1007%2F978-3-642-84233-7.pdf,0,2000-01-01 01:00:00,2016-04-03 02:51:08,957000/bb93517137f2fd012e7ac3d97b50aae0-d.jpg,,
15553726,Numerische Algorithmen in Softwaresystemen: — unter besonderer Berücksichtigung der NAG-Bibliothek,, ,,Prof. Dr. rer. nat. Norbert Köckler  (auth.),1990,,Vieweg+Teubner Verlag,,"XV, 395S.",0,German,,,,"978-3-519-02963-2,978-3-322-82980-1",,,,,,,10.1007/978-3-322-82980-1,,,,0,,1,1,1,,,1,20568362,pdf,3b511b6a93234fb6979f0996f2ad8888,,,A:\\compressed\\10.1007%2F978-3-322-82980-1.pdf,0,2000-01-01 01:00:00,2016-04-03 02:51:08,957000/3b511b6a93234fb6979f0996f2ad8888-d.jpg,,
15553727,Anwendungen und Perspektiven der Lasertechnik,,Rheinisch-Westfälische Akademie der Wissenschaften N 380,,"Gerd Herziger,  Manfred Weck  (auth.)",1990,,VS Verlag für Sozialwissenschaften,,72 S.,0,German,,,,"978-3-531-08380-3,978-3-322-85371-4",,,,,,,10.1007/978-3-322-85371-4,,,,0,,1,1,1,,,1,1758500,pdf,46b0e9fbe36cb3b8e8053f2de8b0b2fb,,,A:\\compressed\\10.1007%2F978-3-322-85371-4.pdf,0,2000-01-01 01:00:00,2016-04-03 02:51:08,957000/46b0e9fbe36cb3b8e8053f2de8b0b2fb-d.jpg,,
15553728,Techniken und Methoden der modernen Medizin: Ästhetische Gesichtschirurgie Bildgebende Verfahren Computer helfen operieren Endoskopie Gewebeklebung Herztransplantation Menschenverlängerung Nierensteinentfernung Schlaflabor,, ,,"Prof. Dr. Gerfried Giebel  (auth.),  Dr. J. Odar  (eds.)",1990,,Steinkopff,,192 S. 189 größtenteils farbige Abb.,0,German,,,,"978-3-642-85387-6,978-3-642-85386-9",,,,,,,10.1007/978-3-642-85386-9,,,,0,,1,1,1,,,1,11983055,pdf,dce13ac8fdbf7557fd0ecc4d38191cac,,,A:\\compressed\\10.1007%2F978-3-642-85386-9.pdf,0,2000-01-01 01:00:00,2016-04-03 02:51:08,957000/dce13ac8fdbf7557fd0ecc4d38191cac-d.jpg,,
15553729,Höhere Mathematik 1: Differential- und Integralrechnung Vektor- und Matrizenrechnung,,Springer-Lehrbuch ,,"Professor Dr. Kurt Meyberg,  Dr. Peter Vachenauer  (auth.)",1990,,Springer Berlin Heidelberg,,"XIV, 519 S. 438 Abb.",0,German,,,,"978-3-540-51798-6,978-3-642-97214-0",,,,,,,10.1007/978-3-642-97214-0,,,,0,,1,1,1,,,1,10719221,pdf,e06a671a50ad226dcd0197d5ba197aca,,,A:\\compressed\\10.1007%2F978-3-642-97214-0.pdf,0,2000-01-01 01:00:00,2016-04-03 02:51:08,957000/e06a671a50ad226dcd0197d5ba197aca-d.jpg,,
15553730,"Mikroprozessortechnik: Systemaufbau, Funktionsabläufe, Programmierung",, ,,"Dr.-Ing. Thomas Flik,  Professor Dr.-Ing. Hans Liebig  (auth.)",1990,,Springer Berlin Heidelberg,,"XI, 366 S.",0,German,,,,"978-3-540-52394-9,978-3-662-08758-9",,,,,,,10.1007/978-3-662-08758-9,,,"Ursprünglich erschienen unter dem Titel: Flik/Liebig, 16-Bit-Mikroprozessorsysteme3., völlig neubearb. u. erweit. Aufl.",0,,1,1,1,,,1,13947364,pdf,b7e752a60f7543b86ba69b4cbc777f6d,,,A:\\compressed\\10.1007%2F978-3-662-08758-9.pdf,0,2000-01-01 01:00:00,2016-04-03 02:51:08,957000/b7e752a60f7543b86ba69b4cbc777f6d-d.jpg,,
15553731,Leistungselektronik: Einführung. Grundlagen. Überblick,, ,,Professor Dr.-Ing. Manfred Meyer  (auth.),1990,,Springer Berlin Heidelberg,,"XX, 349 S.",0,German,,,,"978-3-540-52460-1,978-3-642-87348-5",,,,,,,10.1007/978-3-642-87348-5,,,,0,,1,1,1,,,1,10375140,pdf,386bfbd5ee9edaf2ab35952b8032a3b1,,,A:\\compressed\\10.1007%2F978-3-642-87348-5.pdf,0,2000-01-01 01:00:00,2016-04-03 02:51:08,957000/386bfbd5ee9edaf2ab35952b8032a3b1-d.jpg,,
15553732,Elektromagnetische Verträglichkeit,, ,,Prof. Dr.-Ing. Adolf J. Schwab  (auth.),1990,,Springer Berlin Heidelberg,,448,0,German,,,,"978-3-662-21861-7,978-3-662-21860-0",,,,,,,10.1007/978-3-662-21860-0,,,,0,,1,1,1,,,1,24690146,pdf,a05179f8ca6dc60c8cfb6571465b9460,,,A:\\compressed\\10.1007%2F978-3-662-21860-0.pdf,0,2000-01-01 01:00:00,2016-04-03 02:51:08,957000/a05179f8ca6dc60c8cfb6571465b9460-d.jpg,,
15553733,Laser/Optoelektronik in der Technik / Laser/Optoelectronics in Engineering: Vorträge des 9. Internationalen Kongresses / Proceedings of the 9th International Congress,, ,,"W. Mückenheim  (auth.),  Dr. rer. nat. Wilhelm Waidelich  (eds.)",1990,,Springer Berlin Heidelberg,,"XXXII, 978 S. 758 Abb.",0,German,,,,"978-3-540-51433-6,978-3-642-48372-1",,,,,,,10.1007/978-3-642-48372-1,,,,0,,1,1,1,,,1,42905677,pdf,ffb384851b283357d364fc1ce0cecf52,,,A:\\compressed\\10.1007%2F978-3-642-48372-1.pdf,0,2000-01-01 01:00:00,2016-04-03 02:51:08,957000/ffb384851b283357d364fc1ce0cecf52-d.jpg,,
15553734,Umformtechnik: Handbuch für Industrie und Wissenschaft,, ,,"K. Lange  (auth.),  Dr.-Ing. Dr. h. c. Kurt Lange  (eds.)",1990,,Springer Berlin Heidelberg,,652,0,German,,,,"978-3-662-10687-7,978-3-662-10686-0",,,,,,,10.1007/978-3-662-10686-0,,,,0,,1,1,1,,,1,23815717,pdf,704c3fb46d8472852bdd222ce37d480e,,,A:\\compressed\\10.1007%2F978-3-662-10686-0.pdf,0,2000-01-01 01:00:00,2016-04-03 02:51:08,957000/704c3fb46d8472852bdd222ce37d480e-d.jpg,,
15553735,Künstliche Intelligenz und Simulation in der Unternehmung: Wissensbasierte Systeme im Dienste des Managements,,Informatik und Unternehmensführung ,,Dr. sc.techn. Sigrid D. Unseld  (auth.),1990,,Vieweg+Teubner Verlag,,174 S.,0,German,,,,"978-3-519-02180-3,978-3-322-99836-1",,,,,,,10.1007/978-3-322-99836-1,,,,0,,1,1,1,,,1,7212601,pdf,6ddce99fc8cc86b515348f958f828368,,,A:\\compressed\\10.1007%2F978-3-322-99836-1.pdf,0,2000-01-01 01:00:00,2016-04-03 02:51:08,957000/6ddce99fc8cc86b515348f958f828368-d.jpg,,
15553736,"Stickstoffoxide und Luftreinhaltung: Grundlagen, Emissionen, Transmission, Immissionen, Wirkungen",, ,,"Prof. Dr.-Ing., Dipl.-Ing., Dipl.-Wirtsch.-Ing. Jörgen Kolar  (auth.)",1990,,Springer Berlin Heidelberg,,"XIV, 293 S. 67 Abb., 102 Tab.",0,German,,,,"978-3-540-50935-6,978-3-642-93418-6",,,,,,,10.1007/978-3-642-93418-6,,,,0,,1,1,1,,,1,6239146,pdf,86d40c2271f72d4dbf68c8a3e9939b01,,,A:\\compressed\\10.1007%2F978-3-642-93418-6.pdf,0,2000-01-01 01:00:00,2016-04-03 02:51:08,957000/86d40c2271f72d4dbf68c8a3e9939b01-d.jpg,,
15553737,Ozon — Sonnenbrille der Erde,,Kleine Naturwissenschaftliche Bibliothek 70,,Dr. rer. nat. Uwe Feister  (auth.),1990,,Vieweg+Teubner Verlag,,156 S.,0,German,,,,"978-3-322-00763-6,978-3-322-96430-4",,,,,,,10.1007/978-3-322-96430-4,,,,0,,1,1,1,,,1,5108490,pdf,d2ccb9107b0462e4b527c24f975dcb71,,,A:\\compressed\\10.1007%2F978-3-322-96430-4.pdf,0,2000-01-01 01:00:00,2016-04-03 02:51:08,957000/d2ccb9107b0462e4b527c24f975dcb71-d.jpg,,
15553738,Lehrbuch der Analysis Teil 1,,Mathematische Leitfäden ,,Dr. rer. nat. Harro Heuser  (auth.),1990,11Aufl.,Vieweg+Teubner Verlag,,644 S.,0,German,,,,"978-3-519-42231-0,978-3-322-94022-3",,,,,,,10.1007/978-3-322-94022-3,,,,0,,1,1,1,,,1,15748963,pdf,4dc5f29a9cf713cf4b99b640ad18272b,,,A:\\compressed\\10.1007%2F978-3-322-94022-3.pdf,0,2000-01-01 01:00:00,2016-04-03 02:51:08,957000/4dc5f29a9cf713cf4b99b640ad18272b-d.jpg,,
15553739,Wärmeleitung,,Wärme- und Stoffübertragung ,,"Prof. Dr.-Ing. Ulrich Grigull,  Dr.-Ing. Heinrich Sandner  (auth.)",1990,2. Aufl.,Springer Berlin Heidelberg,,"XI, 163 S. 52 Abb.",0,German,,,,"978-3-540-52315-4,978-3-642-84132-3",,,,,,,10.1007/978-3-642-84132-3,,,,0,,1,1,1,,,1,6706387,pdf,0e5d8fb9a48505fcba15d1c95a32e6bf,,,A:\\compressed\\10.1007%2F978-3-642-84132-3.pdf,0,2000-01-01 01:00:00,2016-04-03 02:51:08,957000/0e5d8fb9a48505fcba15d1c95a32e6bf-d.jpg,,
15553740,Untersuchungen über den optisch-physiologischen Eindruck der Oberflächenstruktur von Lackfilmen,,IPA-IAO — Forschung und Praxis 144,,Dipl.-Phys. Horst Schene  (auth.),1990,,Springer Berlin Heidelberg,,149 S. 106 Abb.,0,German,,,,"978-3-540-52226-3,978-3-642-47940-3",,,,,,,10.1007/978-3-642-47940-3,,,,0,,1,1,1,,,1,2043838,pdf,578201d60109d0a5b5aab9fb150079f4,,,A:\\compressed\\10.1007%2F978-3-642-47940-3.pdf,0,2000-01-01 01:00:00,2016-04-03 02:51:08,957000/578201d60109d0a5b5aab9fb150079f4-d.jpg,,
15553741,Analyse von Petri-Netz-Modellen,,Leitfäden und Monographien der Informatik ,,Prof. Dr. rer. nat. habil. Peter H. Starke  (auth.),1990,,Vieweg+Teubner Verlag,,253 S.,0,German,,,,"978-3-519-02244-2,978-3-663-09262-9",,,,,,,10.1007/978-3-663-09262-9,,,,0,,1,1,1,,,1,8264617,pdf,776cf269cb9ce2162ebd162d6cc85b09,,,A:\\compressed\\10.1007%2F978-3-663-09262-9.pdf,0,2000-01-01 01:00:00,2016-04-03 02:51:08,957000/776cf269cb9ce2162ebd162d6cc85b09-d.jpg,,
15553742,Elektrodynamik: Einführung für Physiker und Ingenieure,, ,,"Akad. Oberrat Dipl.-Phys. Roland Kröger,  Prof. Dr.-Ing. Rolf Unbehauen  (auth.)",1990,Softcover reprint of the original 2nd ed. 1990,Vieweg+Teubner Verlag,,423,0,German,,,,"978-3-519-13031-4,978-3-663-01292-4",,,,,,,10.1007/978-3-663-01292-4,,,,0,,1,1,1,,,1,14095079,pdf,fb9199510cd232b2f8eb7408e33a1d4d,,,A:\\compressed\\10.1007%2F978-3-663-01292-4.pdf,0,2000-01-01 01:00:00,2016-04-03 02:51:08,957000/fb9199510cd232b2f8eb7408e33a1d4d-d.jpg,,
15553743,Statik der Seilkonstruktionen: Theorie und Zahlenbeispiele,, ,,Dr.-Ing. habil. Szymon Pałkowski  (auth.),1990,,Springer Berlin Heidelberg,,"X, 108 S. 74 Abb.",0,German,,,,"978-3-540-51125-0,978-3-642-52319-9",,,,,,,10.1007/978-3-642-52319-9,,,,0,,1,1,1,,,1,3146882,pdf,be3349115c1475c861be7cc4df2175fc,,,A:\\compressed\\10.1007%2F978-3-642-52319-9.pdf,0,2000-01-01 01:00:00,2016-04-03 02:51:08,957000/be3349115c1475c861be7cc4df2175fc-d.jpg,,
15553744,Numerische Mathematik für Ingenieure und Physiker: Band 2: Numerische Methoden der Analysis,, ,,"Prof. Dr. rer. nat. Willi Törnig,  Prof. Dr. rer. nat. Peter Spellucci  (auth.)",1990,"2., überarb. u. erg. Aufl.",Springer Berlin Heidelberg,,"XIV, 474 S.",0,German,,,,"978-3-540-51891-4,978-3-642-87672-1",,,,,,,10.1007/978-3-642-87672-1,,,,0,,1,1,1,,,1,13872608,pdf,db99797a1bb52e305bfb44dda0119ca0,,,A:\\compressed\\10.1007%2F978-3-642-87672-1.pdf,0,2000-01-01 01:00:00,2016-04-03 02:51:08,957000/db99797a1bb52e305bfb44dda0119ca0-d.jpg,,
15553745,Strategische Absatzmarktplanung: Kunden- und Wettbewerbsanalyse für Logistikunternehmen,,"Logistik in Industrie, Handel und Dienstleistungen ",,Dipl.-Kfm. Werner A. Zöllner  (auth.),1990,,Springer Berlin Heidelberg,,"XV, 323 S. 60 Abb.",0,German,,,,"978-3-540-52864-7,978-3-642-84252-8",,,,,,,10.1007/978-3-642-84252-8,,,,0,,1,1,1,,,1,12010677,pdf,5b753991022d3e5ff50b8c5394233e15,,,A:\\compressed\\10.1007%2F978-3-642-84252-8.pdf,0,2000-01-01 01:00:00,2016-04-03 02:51:08,957000/5b753991022d3e5ff50b8c5394233e15-d.jpg,,
15553746,Technik und Religion,,Technik und Kultur 2,,"Ansgar Stöcklein  (auth.),  Ansgar Stöcklein,  Mohammed Rassem  (eds.)",1990,,Springer Berlin Heidelberg,,402,0,German,,,,"978-3-642-95785-7,978-3-642-95784-0",,,,,,,10.1007/978-3-642-95784-0,,,,0,,1,1,1,,,1,11398593,pdf,44d49c40e2c0a39ce8db78f5cd79febf,,,A:\\compressed\\10.1007%2F978-3-642-95784-0.pdf,0,2000-01-01 01:00:00,2016-04-03 02:51:08,957000/44d49c40e2c0a39ce8db78f5cd79febf-d.jpg,,
15553747,Statistische Methoden 2: Planung und Auswertung,, ,,Prof. Dr. rer. nat. Lothar Sachs  (auth.),1990,,Springer Berlin Heidelberg,,"XX, 274 S. 1 Abb., 48 Tab., 21 Übersichten.",0,German,,,,"978-3-540-52025-2,978-3-642-61507-8",,,,,,,10.1007/978-3-642-61507-8,,,,0,,1,1,1,,,1,16218185,pdf,e04b0fe5c64c7c622d36984342ce567c,,,A:\\compressed\\10.1007%2F978-3-642-61507-8.pdf,0,2000-01-01 01:00:00,2016-04-03 02:51:08,957000/e04b0fe5c64c7c622d36984342ce567c-d.jpg,,
15553748,Einführung in die Mathematik für Informatiker: Band 2,, ,,"Univ.-Prof. Dr. phil. Gerd Baron,  Univ.-Doz. Mag. rer. nat. Dr. phil. Peter Kirschenhofer  (auth.)",1990,,Springer Vienna,,"VIII, 217 S. 28 Abb.",0,German,,,,"978-3-211-82101-5,978-3-7091-3322-4",,,,,,,10.1007/978-3-7091-3322-4,,,,0,,1,1,1,,,1,4279715,pdf,f9e44b9e192d61a113aa297f72bbfdf6,,,A:\\compressed\\10.1007%2F978-3-7091-3322-4.pdf,0,2000-01-01 01:00:00,2016-04-03 02:51:08,957000/f9e44b9e192d61a113aa297f72bbfdf6-d.jpg,,
15553749,Petri-Netze für Ingenieure: Modellbildung und Analyse diskret gesteuerter Systeme,, ,,Dr.-Ing. Dirk Abel  (auth.),1990,,Springer Berlin Heidelberg,,"VIII, 130 S. 55 Abb.",0,German,,,,"978-3-642-95603-4,978-3-642-95602-7",,,,,,,10.1007/978-3-642-95602-7,,,,0,,1,1,1,,,1,3346037,pdf,e90709c7cf65898167bb7ea621a56e0e,,,A:\\compressed\\10.1007%2F978-3-642-95602-7.pdf,0,2000-01-01 01:00:00,2016-04-03 02:51:08,957000/e90709c7cf65898167bb7ea621a56e0e-d.jpg,,
15553750,Technik und Philosophie,,Technik und Kultur 1,,"Friedrich Rapp  (auth.),  Friedrich Rapp  (eds.)",1990,,Springer Berlin Heidelberg,,347,0,German,,,,"978-3-642-95782-6,978-3-642-95781-9",,,,,,,10.1007/978-3-642-95781-9,,,,0,,1,1,1,,,1,9896522,pdf,030594fabe044879ee126fa4dd1da294,,,A:\\compressed\\10.1007%2F978-3-642-95781-9.pdf,0,2000-01-01 01:00:00,2016-04-03 02:51:08,957000/030594fabe044879ee126fa4dd1da294-d.jpg,,
15553751,Handbuch des Wissenschaftstransfers,, ,,"Hermann Josef Schuster  (auth.),  Dr. jur. Hermann Josef Schuster  (eds.)",1990,,Springer Berlin Heidelberg,,825,0,German,,,,"978-3-642-93441-4,978-3-642-93440-7",,,,,,,10.1007/978-3-642-93440-7,,,,0,,1,1,1,,,1,18777418,pdf,4e836e456d3ad8692e2d5b595e867d06,,,A:\\compressed\\10.1007%2F978-3-642-93440-7.pdf,0,2000-01-01 01:00:00,2016-04-03 02:51:08,957000/4e836e456d3ad8692e2d5b595e867d06-d.jpg,,
15553752,Brennstoffzellen,,VDI-Buch ,,"H. Wendt,  V. Plzak  (auth.),  Prof. Dr. Hartmut Wendt,  Dr.-Ing. Vojtech Plzak  (eds.)",1990,,Springer Berlin Heidelberg,,"VIII, 188 S. 94 Abb., 11 Tab.",0,German,,,,"978-3-540-62111-9,978-3-662-00874-4",,,,,,,10.1007/978-3-662-00874-4,,,,0,,1,1,1,,,1,4766648,pdf,deb1a4e8f8958d52c51efc2258987fe8,,,A:\\compressed\\10.1007%2F978-3-662-00874-4.pdf,0,2000-01-01 01:00:00,2016-04-03 02:51:08,957000/deb1a4e8f8958d52c51efc2258987fe8-d.jpg,,
15553753,Strategische Unternehmungsführung und F&E-Management: Qualifikationen für Führungskräfte,, ,,"Prof. Dr. Jürgen Berthel,  Dipl.-Kffr. Sabine Herzhoff,  Dipl.-Kfm. Gereon Schmitz  (auth.)",1990,,Springer Berlin Heidelberg,,"X, 274 S. 11 Abb., 16 Tab.",0,German,,,,"978-3-540-52405-2,978-3-642-75585-9",,,,,,,10.1007/978-3-642-75585-9,,,,0,,1,1,1,,,1,13214077,pdf,0900f62e47e4d37dad905c96ff6a8681,,,A:\\compressed\\10.1007%2F978-3-642-75585-9.pdf,0,2000-01-01 01:00:00,2016-04-03 02:51:08,957000/0900f62e47e4d37dad905c96ff6a8681-d.jpg,,
15553754,Finite Elemente Programme für Platten und Schalen,, ,,"E. Hinton  (auth.),  E. Hinton,  D. R. J. Owen,  Dr.-Ing. Gerhard Krause  (eds.)",1990,,Springer Berlin Heidelberg,,"XV, 368 S. 73 Abb.",0,German,,,,"978-3-540-51546-3,978-3-642-50182-1",,,,,,,10.1007/978-3-642-50182-1,,,"Englische Originalausgabe erschien 1984 bei Pineridge Press Ltd., Swansea, UK",0,,1,1,1,,,1,17894976,pdf,b2aa25e06841bf92870efbc21faaac7c,,,A:\\compressed\\10.1007%2F978-3-642-50182-1.pdf,0,2000-01-01 01:00:00,2016-04-03 02:51:08,957000/b2aa25e06841bf92870efbc21faaac7c-d.jpg,,
15553755,Der Lebenssinn der Industriegesellschaft: Über die moralische Verfassung der wissenschaftlich-technischen Zivilisation,,Edition Sel-Stiftung ,,Prof. Dr. Hermann Lübbe  (auth.),1990,,Springer Berlin Heidelberg,,"X, 224 S.",0,German,,,,"978-3-540-52695-7,978-3-642-97265-2",,,,,,,10.1007/978-3-642-97265-2,,,,0,,1,1,1,,,1,4138550,pdf,f4e5bbfc64ea7b5a829c56f43d06cfc3,,,A:\\compressed\\10.1007%2F978-3-642-97265-2.pdf,0,2000-01-01 01:00:00,2016-04-03 02:51:08,957000/f4e5bbfc64ea7b5a829c56f43d06cfc3-d.jpg,,
15553756,"Konstruieren mit 3D-CAD-Systemen: Grundlagen, Arbeitstechnik, Anwendungen",, ,,Dr.-Ing. Dr. h.c. Gerhard Pahl  (auth.),1990,,Springer Berlin Heidelberg,,"X, 270 S. 170 Abb.",0,German,,,,"978-3-540-52234-8,978-3-642-47593-1",,,,,,,10.1007/978-3-642-47593-1,,,,0,,1,1,1,,,1,9980515,pdf,5ed5900c83298d47d05227271dcb4113,,,A:\\compressed\\10.1007%2F978-3-642-47593-1.pdf,0,2000-01-01 01:00:00,2016-04-03 02:51:08,957000/5ed5900c83298d47d05227271dcb4113-d.jpg,,
15553757,"Metallkunde für das Maschinenwesen: Band I, Aufbau und Eigenschaften metallischer Werkstoffe",, ,,Dr.-Ing. Karlheinz G. Schmitt-Thomas  (auth.),1990,"2., überarb. Aufl.",Springer Berlin Heidelberg,,"X, 254 S. 250 Abb.",0,German,,,,"978-3-540-51913-3,978-3-642-93451-3",,,,,,,10.1007/978-3-642-93451-3,,,,0,,1,1,1,,,1,6943150,pdf,ba8f1a5ba1019a8d62cfea3d2a9b85ab,,,A:\\compressed\\10.1007%2F978-3-642-93451-3.pdf,0,2000-01-01 01:00:00,2016-04-03 02:51:08,957000/ba8f1a5ba1019a8d62cfea3d2a9b85ab-d.jpg,,
15553758,Diskrete Orthogonaltransformationen: Algorithmen und Flußgraphen für die Signalverarbeitung,, ,,"Prof. Dr.-Ing. Philipp W. Besslich,  Dipl.-Ing. Tian Lu  (auth.)",1990,,Springer Berlin Heidelberg,,"XV, 312 S.",0,German,,,,"978-3-540-52151-8,978-3-642-48933-4",,,,,,,10.1007/978-3-642-48933-4,,,,0,,1,1,1,,,1,10400472,pdf,5bc13ee775fd8abc5f519c535fe5814e,,,A:\\compressed\\10.1007%2F978-3-642-48933-4.pdf,0,2000-01-01 01:00:00,2016-04-03 02:51:08,957000/5bc13ee775fd8abc5f519c535fe5814e-d.jpg,,
15553759,Schallbewertung: Grundlagen der Lärmforschung,, ,,Professor Dr. August Schick  (auth.),1990,,Springer Berlin Heidelberg,,"X, 192 S. 82 Abb.",0,German,,,,"978-3-540-52922-4,978-3-642-50267-5",,,,,,,10.1007/978-3-642-50267-5,,,,0,,1,1,1,,,1,9608597,pdf,24243b2184655e039e13d958b483bd28,,,A:\\compressed\\10.1007%2F978-3-642-50267-5.pdf,0,2000-01-01 01:00:00,2016-04-03 02:51:08,957000/24243b2184655e039e13d958b483bd28-d.jpg,,
15553760,Informatik. PC-orientierte informationstechnische Grundbildung: Lösungsheft,, ,,Ekkehard Kaier  (auth.),1990,2.Aufl.,Vieweg+Teubner Verlag,,72 S.,0,German,,,,"978-3-528-14677-1,978-3-322-93932-6",,,,,,,10.1007/978-3-322-93932-6,,,,0,,1,1,1,,,1,1379770,pdf,189a3c124e704dda6c754fbfe2fd9be9,,,A:\\compressed\\10.1007%2F978-3-322-93932-6.pdf,0,2000-01-01 01:00:00,2016-04-03 02:51:08,957000/189a3c124e704dda6c754fbfe2fd9be9-d.jpg,,
15553761,Vom NMR-Spektrum zur Strukturformel Organischer Verbindungen: Ein kurzes Praktikum der NMR-Spektroskopie,,Teubner Studienbücher Chemie ,,Prof. Dr. rer. nat. Eberhard Breitmaier  (auth.),1990,,Vieweg+Teubner Verlag,,"X, 260 S.",0,German,,,,"978-3-519-03506-0,978-3-322-99585-8",,,,,,,10.1007/978-3-322-99585-8,,,,0,,1,1,1,,,1,8705498,pdf,2c71b33d1f300b45542cbd3490509938,,,A:\\compressed\\10.1007%2F978-3-322-99585-8.pdf,0,2000-01-01 01:00:00,2016-04-03 02:51:08,957000/2c71b33d1f300b45542cbd3490509938-d.jpg,,
15553762,"Elektrische Motorausrüstung: Starter, Generator, Batterie und ihr Zusammenwirken im Kfz-Bordnetz",, ,,Gerhard Henneberger  (auth.),1990,,Vieweg+Teubner Verlag,,108S.,0,German,,,,"978-3-528-04764-1,978-3-322-84365-4",,,,,,,10.1007/978-3-322-84365-4,,,,0,,1,1,1,,,1,3217979,pdf,24570288720fd5cf4df5d91809716024,,,A:\\compressed\\10.1007%2F978-3-322-84365-4.pdf,0,2000-01-01 01:00:00,2016-04-03 02:51:08,957000/24570288720fd5cf4df5d91809716024-d.jpg,,
15553763,"Begriffswelt der Feldtheorie: Elektromagnetische Felder Maxwellsche Gleichungen grad, rot, div etc. Finite Elemente Differenzenverfahren Ersatzladungsverfahren Monte Carlo Methode",, ,,Prof. Dr.-Ing. Adolf J. Schwab  (auth.),1990,"3., überarb. u. erw. Aufl.",Springer Berlin Heidelberg,,"XII, 228 S.",0,German,,,,"978-3-540-52726-8,978-3-662-06012-4",,,,,,,10.1007/978-3-662-06012-4,,,,0,,1,1,1,,,1,6616623,pdf,a97c4b4ff3dc1c51c2ae1f302256eaa0,,,A:\\compressed\\10.1007%2F978-3-662-06012-4.pdf,0,2000-01-01 01:00:00,2016-04-03 02:51:08,957000/a97c4b4ff3dc1c51c2ae1f302256eaa0-d.jpg,,
15553764,Bausteine für die Fabrik der Zukunft: Eine Einführung in die rechnerintegrierte Produktion (CIM),,CIM-Fachmann ,,"Prof. Dr.-Ing. Ludolf Cronjäger  (auth.),  Prof. Dr.-Ing. Ludolf Cronjäger  (eds.)",1990,,Springer Berlin Heidelberg,,"Koproduktion mit dem TÜV Rheinland, KölnIV, 188 S.",0,German,,,,"978-3-540-53239-2,978-3-662-00436-4",,,,,,,10.1007/978-3-662-00436-4,,,,0,,1,1,1,,,1,9047362,pdf,274df07f119e778355c5e5b5e60ec2e5,,,A:\\compressed\\10.1007%2F978-3-662-00436-4.pdf,0,2000-01-01 01:00:00,2016-04-03 02:51:08,957000/274df07f119e778355c5e5b5e60ec2e5-d.jpg,,
15553765,"ISDN — Das diensteintegrierende digitale Nachrichtennetz: Konzept, Verfahren, Systeme",,,,Peter Bocker,1990,3. Auflage,Springer Berlin Heidelberg,,268,0,German,,,0,"978-3-662-08031-3,978-3-662-08030-6",,,,,,,10.1007/978-3-662-08030-6,,,,0,,1,1,1,,,1,7044570,pdf,af150b625dd9bb516db6c5acd9d8fe79,,,A:/compressed/10.1007%2F978-3-662-08030-6.pdf,0,2000-01-01 01:00:00,2016-04-03 02:51:08,957000/af150b625dd9bb516db6c5acd9d8fe79-d.jpg,,
15553766,Abschätzung von Bahnfehlern in Robotersystemen,,Fortschritte der Robotik ,,Dr.-Ing. Geroge H. Holling  (auth.),1990,,Vieweg+Teubner Verlag,,148S.,0,German,,,,"978-3-528-06359-7,978-3-322-88809-9",,,,,,,10.1007/978-3-322-88809-9,,,,0,,1,1,1,,,1,3311879,pdf,146d3dffc9960d536f9fbdc9c8adeafe,,,A:\\compressed\\10.1007%2F978-3-322-88809-9.pdf,0,2000-01-01 01:00:00,2016-04-03 02:51:08,957000/146d3dffc9960d536f9fbdc9c8adeafe-d.jpg,,
15553767,Weiterentwicklung des Torsionsversuches in Theorie und Praxis,,Berichte aus dem Institut für Umformtechnik der Universität Stuttgart 107,,Dipl.-Ing Andreas Gräber  (auth.),1990,,Springer Berlin Heidelberg,,159 S.,0,German,,,,"978-3-540-52817-3,978-3-662-10889-5",,,,,,,10.1007/978-3-662-10889-5,,,,0,,1,1,1,,,1,3627739,pdf,3f7697114b01059a04795f8a811a9413,,,A:\\compressed\\10.1007%2F978-3-662-10889-5.pdf,0,2000-01-01 01:00:00,2016-04-03 02:51:08,957000/3f7697114b01059a04795f8a811a9413-d.jpg,,
15553768,Zuverlässigkeit im Maschinenbau: Ermittlung von Bauteil- und System-Zuverlässigkeiten,, ,,"Dr.-Ing. Bernd Bertsche,  Dr.-Ing. Gisbert Lechner  (auth.)",1990,,Springer Berlin Heidelberg,,"XI, 188 S.",0,German,,,,"978-3-540-52888-3,978-3-662-11006-5",,,,,,,10.1007/978-3-662-11006-5,,,,0,,1,1,1,,,1,8007512,pdf,18457a9734f989295c30844c31474475,,,A:\\compressed\\10.1007%2F978-3-662-11006-5.pdf,0,2000-01-01 01:00:00,2016-04-03 02:51:08,957000/18457a9734f989295c30844c31474475-d.jpg,,
15553769,Höhere Mathematik für Ingenieure: Band IV Vektoranalysis und Funktionentheorie,,Teubner-Ingenieurmathematik ,,"Prof. Dr. rer. nat. Herbert Haf,  Prof. Dr. rer. nat. Friedrich Wille,  Klemens Burg  (auth.)",1990,"2., durchgesehene Aufl.",Vieweg+Teubner Verlag,,"XVI, 588 S. Mit zahlr. Beisp. u. 157 Übungen mit Lös.",0,German,,,,"978-3-519-12958-5,978-3-663-10317-2",,,,,,,10.1007/978-3-663-10317-2,,,,0,,1,1,1,,,1,13972766,pdf,114596e95eae9f12f66d2110594e1be0,,,A:\\compressed\\10.1007%2F978-3-663-10317-2.pdf,0,2000-01-01 01:00:00,2016-04-03 02:51:08,957000/114596e95eae9f12f66d2110594e1be0-d.jpg,,
15553770,Elektrotechnik 1: Grundlagenlehrbuch. Felder und einfache Stromkreise,,Springer-Lehrbuch ,,Dr.-Ing. habil. Reinhold Paul  (auth.),1990,,Springer Berlin Heidelberg,,"XVIII, 404 S.",0,German,,,,"978-3-540-51412-1,978-3-662-21863-1",,,,,,,10.1007/978-3-662-21863-1,,,"Ursprünglich monographisch erschienen2., neubearb. u. erw. Aufl.",0,,1,1,1,,,1,10965414,pdf,23af203b756ffd773e054f47c8924108,,,A:\\compressed\\10.1007%2F978-3-662-21863-1.pdf,0,2000-01-01 01:00:00,2016-04-03 02:51:08,957000/23af203b756ffd773e054f47c8924108-d.jpg,,
15553771,Ermittlung der Fließkurven und der Anisotropie-Eigenschaften metallischer Werkstoffe im Rastegaev-Stauchversuch,,Berichte aus dem Institut für Umformtechnik der Universität Stuttgart 109,,Dipl.-Ing. Thomas Friedrich Oberländer  (auth.),1990,,Springer Berlin Heidelberg,,179 S.,0,German,,,,"978-3-540-53154-8,978-3-662-07106-9",,,,,,,10.1007/978-3-662-07106-9,,,,0,,1,1,1,,,1,6752547,pdf,3df3bc275aa76fb9f8c6d6f4417d66be,,,A:\\compressed\\10.1007%2F978-3-662-07106-9.pdf,0,2000-01-01 01:00:00,2016-04-03 02:51:08,957000/3df3bc275aa76fb9f8c6d6f4417d66be-d.jpg,,
15553772,Praktische Baustatik: Teil 2,, ,,"Professor Dipl.-Ing. Walter Wagner,  Professor Dipl.-Ing. Gerhard Erlhof  (auth.)",1990,,Vieweg+Teubner Verlag,,13Aufl. 1990,0,German,,,,"978-3-519-35202-0,978-3-322-94084-1",,,,,,,10.1007/978-3-322-94084-1,,,,0,,1,1,1,,,1,16461268,pdf,ce05da496c9f2df1ba02e230f153daf1,,,A:\\compressed\\10.1007%2F978-3-322-94084-1.pdf,0,2000-01-01 01:00:00,2016-04-03 02:51:08,957000/ce05da496c9f2df1ba02e230f153daf1-d.jpg,,
15553773,Operations Research: Eine Einführung,, ,,Prof. Dr. Dr. Theodor Ellinger  (auth.),1990,3. Aufl.,Springer Berlin Heidelberg,,"X, 269 S. 97 Abb.",0,German,,,,"978-3-540-52433-5,978-3-642-97249-2",,,,,,,10.1007/978-3-642-97249-2,,,,0,,1,1,1,,,1,6051960,pdf,cdacceabc1dc0f431464c4a6e22b6acc,,,A:\\compressed\\10.1007%2F978-3-642-97249-2.pdf,0,2000-01-01 01:00:00,2016-04-03 02:51:08,957000/cdacceabc1dc0f431464c4a6e22b6acc-d.jpg,,
15553774,Simulation in der Regelungstechnik,,Fachberichte Simulation 12,,"G. Lappus,  G. Schmidt  (auth.),  Prof. Dr. techn. K. H. Fasol,  Dr.-Ing. K. Diekmann  (eds.)",1990,,Springer Berlin Heidelberg,,"XII, 495 S.",0,German,,,,"978-3-540-52942-2,978-3-642-84261-0",,,,,,,10.1007/978-3-642-84261-0,,,,0,,1,1,1,,,1,11023921,pdf,2e95ed1076b2ace1adf1feb8f82fe420,,,A:\\compressed\\10.1007%2F978-3-642-84261-0.pdf,0,2000-01-01 01:00:00,2016-04-03 02:51:08,957000/2e95ed1076b2ace1adf1feb8f82fe420-d.jpg,,
15553775,Vorlesungen über Technische Akustik,,Hochschultext ,,"Dr.-Ing. Lothar Cremer,  Dr.-Ing. Matthias Hubert  (auth.)",1990,4. Aufl.,Springer Berlin Heidelberg,,"XV, 342 S.",0,German,,,,"978-3-540-52480-9,978-3-662-22602-5",,,,,,,10.1007/978-3-662-22602-5,,,,0,,1,1,1,,,1,8488432,pdf,72f7229ad6ed89e596f5c0ce32c36701,,,A:\\compressed\\10.1007%2F978-3-662-22602-5.pdf,0,2000-01-01 01:00:00,2016-04-03 02:51:08,957000/72f7229ad6ed89e596f5c0ce32c36701-d.jpg,,
15553776,Technisches Zeichnen,, ,,"Oberingenieur Paul Böttcher,  Ing. Hans Werner Geschke  (auth.),  Oberingenieur Paul Böttcher,  Ing. Hans Werner Geschke,  Dipl.-Ing. Wedo Heller,  Studiendirektor Wolfgang Wehr  (eds.)",1990,"21, neubearb., erw. Aufl.",Vieweg+Teubner Verlag,,"372S. 1029 Abb.. Mit 243 Beispiele, 253 Übungsaufgaben.",0,German,,,,"978-3-519-16725-9,978-3-322-92664-7",,,,,,,10.1007/978-3-322-92664-7,,,,0,,1,1,1,,,1,15543606,pdf,029fe707cd065338d4e013d68f5731e9,,,A:\\compressed\\10.1007%2F978-3-322-92664-7.pdf,0,2000-01-01 01:00:00,2016-04-03 02:51:08,957000/029fe707cd065338d4e013d68f5731e9-d.jpg,,
15553777,CAM-Handbuch,,Informatik-Handbücher ,,"U. Rembold,  A. Bien,  L. Fehrle,  H. Fischer,  K. Hörmann,  H. Köning,  K. Mally  (auth.),  Prof.Dr.-Ing. U. Rembold,  Dipl.-Ing. A. Bien,  Dr. Ludwig Fehrle,  Dipl.-Inform. Herbert Fischer,  Dr. Klaus Hörmann,  Dr.-Ing. H. Köning,  Dipl.-Inform Klaus Mally,  Dipl.-Ing. Klaus Rohmer  (eds.)",1990,,Springer Berlin Heidelberg,,"XIII, 430 S. 158 Abb.",0,German,,,,"978-3-642-74839-4,978-3-642-74838-7",,,,,,,10.1007/978-3-642-74838-7,,,,0,,1,1,1,,,1,18208535,pdf,26b5e4f7adda610304e42c34d7088021,,,A:\\compressed\\10.1007%2F978-3-642-74838-7.pdf,0,2000-01-01 01:00:00,2016-04-03 02:51:08,957000/26b5e4f7adda610304e42c34d7088021-d.jpg,,
15553778,Numerische Methoden,,"Mathematik für Ingenieure und Naturwissenschaftler, Ökonomen und Landwirte ",,"Dr. rer. nat. habil. Dieter Oelschlägel,  Dr. sc. nat. Wolf-Gert Matthäus  (auth.)",1990,4Aufl.,Vieweg+Teubner Verlag,,96S.,0,German,,,,"978-3-322-00803-9,978-3-322-96433-5",,,,,,,10.1007/978-3-322-96433-5,,,,0,,1,1,1,,,1,3377144,pdf,61df146d50974157ce9bf595add7cc8e,,,A:\\compressed\\10.1007%2F978-3-322-96433-5.pdf,0,2000-01-01 01:00:00,2016-04-03 02:51:08,957000/61df146d50974157ce9bf595add7cc8e-d.jpg,,
15553779,Laser/Optoelektronik in der Medizin / Laser/Optoelectronics in Medicine: Vorträge des 9. Internationalen Kongresses / Proceedings of the 9th International Congress,, ,,"K. Dinstl,  A. Tuchmann  (auth.),  Dr. rer. nat. Wilhelm Waidelich,  Dr. med. Raphaela Waidelich  (eds.)",1990,,Springer Berlin Heidelberg,,"XXV, 497 S. 313 Abb.",0,German,,,,"978-3-540-51434-3,978-3-642-93435-3",,,,,,,10.1007/978-3-642-93435-3,,,,0,,1,1,1,,,1,25250596,pdf,28ecdf4f050fb045930ac20c86a970ea,,,A:\\compressed\\10.1007%2F978-3-642-93435-3.pdf,0,2000-01-01 01:00:00,2016-04-03 02:51:08,957000/28ecdf4f050fb045930ac20c86a970ea-d.jpg,,
15553780,TopSpeed Modula-2 von A..Z: Ein alphabetisches Nachschlagewerk zur Programmiersprache mit Beispielen und Querverweisen,, ,,Anton Liebetrau  (auth.),1990,,Vieweg+Teubner Verlag,,"VIII, 608S.",0,English,,,,"978-3-322-83042-5,978-3-322-83041-8",,,,,,,10.1007/978-3-322-83041-8,,,,0,,1,1,1,,,1,34075941,pdf,aa056ee5d2e1eebb616ec2f3c10412a3,,,A:\\compressed\\10.1007%2F978-3-322-83041-8.pdf,0,2000-01-01 01:00:00,2016-04-03 02:51:08,957000/aa056ee5d2e1eebb616ec2f3c10412a3-d.jpg,,
15553781,Praktischer Übersetzerbau,, ,,"Prof. Dr. rer. nat. Ernst-Erich Doberkat,  Dr. rer. nat. Dietmar Fox  (auth.)",1990,,Vieweg+Teubner Verlag,,"II, 142 S.",0,German,,,,"978-3-519-02288-6,978-3-322-94714-7",,,,,,,10.1007/978-3-322-94714-7,,,,0,,1,1,1,,,1,3171580,pdf,f435a06797167e3590652ee27a445624,,,A:\\compressed\\10.1007%2F978-3-322-94714-7.pdf,0,2000-01-01 01:00:00,2016-04-03 02:51:08,957000/f435a06797167e3590652ee27a445624-d.jpg,,
15553782,Numerische Strömungsmechanik: Inkompressible Strömungen mit komplexen Berandungen,, ,,Dr.-Ing. habil. Bernhard Ernst Schönung  (auth.),1990,,Springer Berlin Heidelberg,,"XIII, 308 S. 101 Abb.",0,German,,,,"978-3-540-53137-1,978-3-642-87675-2",,,,,,,10.1007/978-3-642-87675-2,,,,0,,1,1,1,,,1,14047061,pdf,0545f946013407dfbfa6a2d400b19ae2,,,A:\\compressed\\10.1007%2F978-3-642-87675-2.pdf,0,2000-01-01 01:00:00,2016-04-03 02:51:08,957000/0545f946013407dfbfa6a2d400b19ae2-d.jpg,,
15553783,"Fertigungstechnik: Verfahren, Maschinen, Vorrichtungen Grundlagen zur Berechnung und Konstruktion",, ,,Prof. Dr.-Ing. Božina Perović  (auth.),1990,,Springer Berlin Heidelberg,,"XIV, 371 S. 287 Abb., 48 Tab.",0,German,,,,"978-3-540-51870-9,978-3-642-84009-8",,,,,,,10.1007/978-3-642-84009-8,,,,0,,1,1,1,,,1,9238507,pdf,77dc4ef27354fa9bea7ec1a75f41d8d8,,,A:\\compressed\\10.1007%2F978-3-642-84009-8.pdf,0,2000-01-01 01:00:00,2016-04-03 02:51:08,957000/77dc4ef27354fa9bea7ec1a75f41d8d8-d.jpg,,
15553784,Einflußgrößen auf den Werkzeugbruch beim Voll-Vorwärts-Fließpressen,,Berichte aus dem Institut für Umformtechnik der Universität Stuttgart 106,,Dipl.-Ing. Arndt Hettig  (auth.),1990,,Springer Berlin Heidelberg,,167 S.,0,German,,,,"978-3-540-52816-6,978-3-662-11615-9",,,,,,,10.1007/978-3-662-11615-9,,,,0,,1,1,1,,,1,4961908,pdf,b62fe811e66e1f92a86578b7cb446514,,,A:\\compressed\\10.1007%2F978-3-662-11615-9.pdf,0,2000-01-01 01:00:00,2016-04-03 02:51:08,957000/b62fe811e66e1f92a86578b7cb446514-d.jpg,,
15553785,FEM: Grundlagen und Anwendungen der Finite-Elemente-Methode,, ,,Bernd Klein  (auth.),1990,,Vieweg+Teubner Verlag,,327S.,0,German,,,,"978-3-528-05125-9,978-3-322-85604-3",,,,,,,10.1007/978-3-322-85604-3,,,,0,,1,1,1,,,1,9922436,pdf,940dec727faf1d979cec60d91a9239e4,,,A:\\compressed\\10.1007%2F978-3-322-85604-3.pdf,0,2000-01-01 01:00:00,2016-04-03 02:51:08,957000/940dec727faf1d979cec60d91a9239e4-d.jpg,,
15553786,Vom Problem zum Programm: Eine Einführung in die Informatik,,Leitfäden und Monographien der Informatik ,,Prof. Dr. rer. nat. Herbert Klaeren  (auth.),1990,,Vieweg+Teubner Verlag,,1990,0,German,,,,"978-3-519-02242-8,978-3-322-92141-3",,,,,,,10.1007/978-3-322-92141-3,,,,0,,1,1,1,,,1,3623188,pdf,c5a864f33a2f7a1401f13a42502e8c1f,,,A:\\compressed\\10.1007%2F978-3-322-92141-3.pdf,0,2000-01-01 01:00:00,2016-04-03 02:51:08,957000/c5a864f33a2f7a1401f13a42502e8c1f-d.jpg,,
15553787,Mathematik für Physiker: Grundkurs,,Teubner Studienbücher Physik ,,"Dr. rer. nat. Helmut Fischer,  Prof. Dr. rer. nat. Helmut Kaul  (auth.)",1990,2.Aufl.,Vieweg+Teubner Verlag,,584 S.,0,German,,,,"978-3-519-12079-7,978-3-322-94057-5",,,,,,,10.1007/978-3-322-94057-5,,,,0,,1,1,1,,,1,21592776,pdf,27d5cc1dda22a85bbc522b48299a94ef,,,A:\\compressed\\10.1007%2F978-3-322-94057-5.pdf,0,2000-01-01 01:00:00,2016-04-03 02:51:08,957000/27d5cc1dda22a85bbc522b48299a94ef-d.jpg,,
15553788,PPS beim Einsatz flexibler Fertigungssysteme: Voraussetzungen und Gestaltungshinweise für eine effiziente Auftragsabwicklung,,fir + iaw Forschung für die Praxis 30,,Dipl.-lng. Klaus Hirt  (auth.),1990,,Springer Berlin Heidelberg,,"III, 231 S.",0,German,,,,"978-3-540-52757-2,978-3-642-84234-4",,,,,,,10.1007/978-3-642-84234-4,,,,0,,1,1,1,,,1,9921146,pdf,7163e442d174085790e4843e5401b591,,,A:\\compressed\\10.1007%2F978-3-642-84234-4.pdf,0,2000-01-01 01:00:00,2016-04-03 02:51:08,957000/7163e442d174085790e4843e5401b591-d.jpg,,
15553789,Digitalrechner Grundlagen und Anwendungen: Technische Informatik 1,, ,,Walter Ameling  (auth.),1990,,Vieweg+Teubner Verlag,,"XII, 300S. 68 Abb..",0,German,,,,"978-3-528-06372-6,978-3-322-83105-7",,,,,,,10.1007/978-3-322-83105-7,,,,0,,1,1,1,,,1,21624124,pdf,089030bd66b5a88baa32493aaa558a5a,,,A:\\compressed\\10.1007%2F978-3-322-83105-7.pdf,0,2000-01-01 01:00:00,2016-04-03 02:51:08,957000/089030bd66b5a88baa32493aaa558a5a-d.jpg,,
15553790,"Handbuch der Bauphysik: Berechnungs- und Konstruktionsunterlagen für Schallschutz, Raumakustik, Wärmeschutz, Feuchteschutz",, ,,"Hans W. Bobran Dipl.-Ing.,  Ingrid Bobran Dipl.-Ing.  (auth.)",1990,6. Aufl.,Vieweg+Teubner Verlag,,344S.,0,German,,,,"978-3-528-48650-1,978-3-322-83741-7",,,,,,,10.1007/978-3-322-83741-7,,,,0,,1,1,1,,,1,21509430,pdf,991141ea54b18c3ea4a913048077e9fb,,,A:\\compressed\\10.1007%2F978-3-322-83741-7.pdf,0,2000-01-01 01:00:00,2016-04-03 02:51:08,957000/991141ea54b18c3ea4a913048077e9fb-d.jpg,,
15553791,Ferdinand Graf von Zeppelin,, ,,"Dr. Michael Bélafi  (auth.),  D. Goetz,  I. Jahn,  H. Remane,  E. Wächtler,  H. Wußing  (eds.)",1990,3.Aufl.,Vieweg+Teubner Verlag,,144 S.,0,English,,,,"978-3-322-00402-4,978-3-663-10058-4",,,,,,,10.1007/978-3-663-10058-4,,,,0,,1,1,1,,,1,6629458,pdf,a0676242c281381147e6ff25ba603ebb,,,A:\\compressed\\10.1007%2F978-3-663-10058-4.pdf,0,2000-01-01 01:00:00,2016-04-03 02:51:08,957000/a0676242c281381147e6ff25ba603ebb-d.jpg,,
15553792,Modellbildung kinematischer Strukturen als Komponente der Montageplanung,,iwb Forschungsberichte 30,,Dipl.-Ing. Alois Tauber  (auth.),1990,,Springer Berlin Heidelberg,,"VIII, 179 S.",0,German,,,,"978-3-540-52911-8,978-3-662-08794-7",,,,,,,10.1007/978-3-662-08794-7,,,,0,,1,1,1,,,1,5264391,pdf,cbcd243b28212915ce3fac81c42b5ab7,,,A:\\compressed\\10.1007%2F978-3-662-08794-7.pdf,0,2000-01-01 01:00:00,2016-04-03 02:51:08,957000/cbcd243b28212915ce3fac81c42b5ab7-d.jpg,,
15553793,Biotechnologie für Ingenieure: Grundlagen · Verfahren Aufgaben · Perspektiven,, ,,Marinus Meiners  (auth.),1990,,Vieweg+Teubner Verlag,,352S.,0,German,,,,"978-3-528-04547-0,978-3-322-83720-2",,,,,,,10.1007/978-3-322-83720-2,,,,0,,1,1,1,,,1,14007173,pdf,d03211f3b509fd96337dd0bdb10e5ece,,,A:\\compressed\\10.1007%2F978-3-322-83720-2.pdf,0,2000-01-01 01:00:00,2016-04-03 02:51:08,957000/d03211f3b509fd96337dd0bdb10e5ece-d.jpg,,
15553794,Mathematische Grundlagen der Elektrotechnik,, ,,Hans Jörg Dirschmid  (auth.),1990,,Vieweg+Teubner Verlag,,1346,0,German,,,,"978-3-322-83229-0,978-3-322-83228-3",,,,,,,10.1007/978-3-322-83228-3,,,,0,,1,1,1,,,1,31945164,pdf,f96edc2de8a24a69792933934011ecdf,,,A:\\compressed\\10.1007%2F978-3-322-83228-3.pdf,0,2000-01-01 01:00:00,2016-04-03 02:51:08,957000/f96edc2de8a24a69792933934011ecdf-d.jpg,,
15553795,Einführung in die digitale Signalverarbeitung,, ,,Professor Dr.-Ing. Hermann Götz  (auth.),1990,,Vieweg+Teubner Verlag,,1990,0,German,,,,"978-3-519-00117-1,978-3-322-91129-2",,,,,,,10.1007/978-3-322-91129-2,,,,0,,1,1,1,,,1,6959684,pdf,6732c94dd1ecd6ccc4398b39c54340de,,,A:\\compressed\\10.1007%2F978-3-322-91129-2.pdf,0,2000-01-01 01:00:00,2016-04-03 02:51:08,957000/6732c94dd1ecd6ccc4398b39c54340de-d.jpg,,
15553796,Problemlösungsmethoden in Expertensystemen,,Studienreihe Informatik ,,Frank Puppe  (auth.),1990,,Springer Berlin Heidelberg,,"XI, 257 S. 89 Abb.",0,German,,,,"978-3-540-53231-6,978-3-642-76133-1",,,,,,,10.1007/978-3-642-76133-1,,,,0,,1,1,1,,,1,9640545,pdf,d1b72968771a428ba2babb8362802d08,,,A:\\compressed\\10.1007%2F978-3-642-76133-1.pdf,0,2000-01-01 01:00:00,2016-04-03 02:51:08,957000/d1b72968771a428ba2babb8362802d08-d.jpg,,
15553797,"Forschung und Entwicklung für die Telekommunikation — Internationaler Vergleich mit zehn Ländern —: Band II: Italien, Spanien, Süd-Korea, Niederlande, Schweden, Bundesrepublik Deutschland und abschließende Bewertung",,Schriftenreihe des Wissenschaftlichen Instituts für Kommunikationsdienste 10,,"Edelgard Gruber  (auth.),  Dr. Hariolf Grupp,  Dr. Thomas Schnöring  (eds.)",1991,,Springer Berlin Heidelberg,,"XI, 519 S. 138 Abb., 101 Tab.",0,German,,,,"978-3-540-53548-5,978-3-642-46728-8",,,,,,,10.1007/978-3-642-46728-8,,,,0,,1,1,1,,,1,18662392,pdf,67abdaaa35ebcfd763270ab4b9140285,,,A:\\compressed\\10.1007%2F978-3-642-46728-8.pdf,0,2000-01-01 01:00:00,2016-04-03 02:51:08,957000/67abdaaa35ebcfd763270ab4b9140285-d.jpg,,
15553798,Analyse und Neuordnung der Fabrik,,CIM-Fachmann ,,"Prof. Dr.-Ing. Dr.-Ing. E.h. Hans-Peter Wiendahl  (auth.),  Prof. Dr.-Ing. Dr.-Ing. E.h. Hans-Peter Wiendahl  (eds.)",1991,,Springer Berlin Heidelberg,,"Koproduktion mit dem Verlag TÜV-RheinlandXIV, 176 S.",0,German,,,,"978-3-540-53245-3,978-3-642-95630-0",,,,,,,10.1007/978-3-642-95630-0,,,,0,,1,1,1,,,1,6012156,pdf,ccbb26fa780a3bb58ed3ae12190b22ac,,,A:\\compressed\\10.1007%2F978-3-642-95630-0.pdf,0,2000-01-01 01:00:00,2016-04-03 02:51:08,957000/ccbb26fa780a3bb58ed3ae12190b22ac-d.jpg,,
15553799,Statistische Signale: Grundlagen und Anwendungen,, ,,Dr.-Ing. Eberhard Hänsler  (auth.),1991,,Springer Berlin Heidelberg,,"X, 356 S.",0,German,,,,"978-3-540-54064-9,978-3-662-10048-6",,,,,,,10.1007/978-3-662-10048-6,,,,0,,1,1,1,,,1,9980871,pdf,6fdc9b02a47dea9e2e14af168ffde6d0,,,A:\\compressed\\10.1007%2F978-3-662-10048-6.pdf,0,2000-01-01 01:00:00,2016-04-03 02:51:08,957000/6fdc9b02a47dea9e2e14af168ffde6d0-d.jpg,,
15553800,SPSS/PC+ für Einsteiger,,MikroComputer-Praxis ,,Deziderio àonje  (auth.),1991,,Vieweg+Teubner Verlag,,247,0,German,,,,"978-3-519-02660-0,978-3-322-94680-5",,,,,,,10.1007/978-3-322-94680-5,,,,0,,1,1,1,,,1,4511405,pdf,3eb67459dc21021b9b36ee7e98b0e977,,,A:\\compressed\\10.1007%2F978-3-322-94680-5.pdf,0,2000-01-01 01:00:00,2016-04-03 02:51:08,957000/3eb67459dc21021b9b36ee7e98b0e977-d.jpg,,
15553801,16/32 bit-Mikroprozessorsysteme,, ,,Dr.-Ing. Manfred Rübel  (auth.),1991,,Vieweg+Teubner Verlag,,"VIII, 426S. 278 Abb..",0,German,,,,"978-3-519-06129-8,978-3-322-91228-2",,,,,,,10.1007/978-3-322-91228-2,,,,0,,1,1,1,,,1,10168567,pdf,fab3e4be18b25d427cbfdae8acb84fdb,,,A:\\compressed\\10.1007%2F978-3-322-91228-2.pdf,0,2000-01-01 01:00:00,2016-04-03 02:51:08,957000/fab3e4be18b25d427cbfdae8acb84fdb-d.jpg,,
15553802,"Technische Verbrennungssysteme: Grundlagen, Modellbildung, Simulation",, ,,Dr.-Ing. Klaus Görner  (auth.),1991,,Springer Berlin Heidelberg,,"XVII, 499 S. 225 Abb., 75 Tab.",0,German,,,,"978-3-540-53947-6,978-3-642-84488-1",,,,,,,10.1007/978-3-642-84488-1,,,,0,,1,1,1,,,1,42459311,pdf,dd3acbce9ec21eecb0b499fb0a15bb91,,,A:\\compressed\\10.1007%2F978-3-642-84488-1.pdf,0,2000-01-01 01:00:00,2016-04-03 02:51:08,957000/dd3acbce9ec21eecb0b499fb0a15bb91-d.jpg,,
15553803,Grundlagen des maschinellen Beweisens: Eine Einführung für Informatiker und Mathematiker,, ,,"Dieter Hofbauer,  Ralf-Detlef Kutsche  (auth.)",1991,"2., verb. Aufl.",Vieweg+Teubner Verlag,,"IX, 174 S.",0,German,,,,"978-3-528-14718-1,978-3-663-07681-0",,,,,,,10.1007/978-3-663-07681-0,,,,0,,1,1,1,,,1,5592825,pdf,22d31f2a2b5d42c15050d131a3bc68f3,,,A:\\compressed\\10.1007%2F978-3-663-07681-0.pdf,0,2000-01-01 01:00:00,2016-04-03 02:51:08,957000/22d31f2a2b5d42c15050d131a3bc68f3-d.jpg,,
15553804,"Flugtriebwerke: Grundlagen, Systeme, Komponenten",,Hochschultext ,,Prof. Dr.-Ing. Alfred Urlaub  (auth.),1991,,Springer Berlin Heidelberg,,"VIII, 328 S. 160 Abb.",0,German,,,,"978-3-540-53864-6,978-3-642-97322-2",,,,,,,10.1007/978-3-642-97322-2,,,,0,,1,1,1,,,1,8954286,pdf,6c5ae3ef39b0082422ad2b0c1929a7e5,,,A:\\compressed\\10.1007%2F978-3-642-97322-2.pdf,0,2000-01-01 01:00:00,2016-04-03 02:51:08,957000/6c5ae3ef39b0082422ad2b0c1929a7e5-d.jpg,,
15553805,Stahlhochbau: Teil 1,, ,,Dipl.-Ing. Albrecht Thiele  (auth.),1991,,Vieweg+Teubner Verlag,,21Aufl. 1991,0,German,,,,"978-3-322-93880-0,978-3-322-93879-4",,,,,,,10.1007/978-3-322-93879-4,,,,0,,1,1,1,,,1,7284542,pdf,12134b4a51ef210beb6f1aa8c3d7cd12,,,A:\\compressed\\10.1007%2F978-3-322-93879-4.pdf,0,2000-01-01 01:00:00,2016-04-03 02:51:08,957000/12134b4a51ef210beb6f1aa8c3d7cd12-d.jpg,,
15553806,3D-Echtzeitkollisionsschutz für Drehmaschinen,,iwb Forschungsberichte 35,,Dipl.-Ing. Otto Moser  (auth.),1991,,Springer Berlin Heidelberg,,"V, 169 S.",0,German,,,,"978-3-540-54076-2,978-3-662-21588-3",,,,,,,10.1007/978-3-662-21588-3,,,,0,,1,1,1,,,1,5076203,pdf,4a3e0644854c833f8e2c90cd54238ea7,,,A:\\compressed\\10.1007%2F978-3-662-21588-3.pdf,0,2000-01-01 01:00:00,2016-04-03 02:51:08,957000/4a3e0644854c833f8e2c90cd54238ea7-d.jpg,,
15553807,Ingenieur-Mechanik: Technische Mechanik für Studium und Praxis,,VDI-Buch ,,Prof. Dr. rer. sec. Dipl.-Ing. Heinz Dieter Motz  (auth.),1991,,Springer Berlin Heidelberg,,"VIII, 405 S. 869 Abb., 38 Tab.",0,German,,,,"978-3-642-95762-8,978-3-642-95761-1",,,,,,,10.1007/978-3-642-95761-1,,,,0,,1,1,1,,,1,12966865,pdf,4295b97cd51ee5bbba7835cd13bc9a1a,,,A:\\compressed\\10.1007%2F978-3-642-95761-1.pdf,0,2000-01-01 01:00:00,2016-04-03 02:51:08,957000/4295b97cd51ee5bbba7835cd13bc9a1a-d.jpg,,
15553808,Risiko und Sicherheit technischer Systeme: Auf der Suche nach neuen Ansätzen,,Monte Verit` ,,"Jörg Schneider  (auth.),  Prof. Jörg Schneider  (eds.)",1991,,Birkhäuser Basel,,275,0,German,,,,"978-3-0348-7207-2,978-3-0348-7206-5",,,,,,,10.1007/978-3-0348-7206-5,,,,0,,1,1,1,,,1,13212077,pdf,24a773ae239c040514aa04c437a8ad7c,,,A:\\compressed\\10.1007%2F978-3-0348-7206-5.pdf,0,2000-01-01 01:00:00,2016-04-03 02:51:08,957000/24a773ae239c040514aa04c437a8ad7c-d.jpg,,
15553809,Technikfolgenforschung und Technikfolgenabschätzung: Tagung des Bundesministers für Forschung und Technologie 22. bis 24. Oktober 1990,, ,,"Heinz Riesenhuber  (auth.),  Prof. Dr. Dr. h.c. mult. Horst Albach,  Dr. Ing. Diethard Schade,  Prof. Dr. Dr.-Ing. E.h. Hansjörg Sinn  (eds.)",1991,,Springer Berlin Heidelberg,,"XV, 501 S.",0,German,,,,"978-3-642-93498-8,978-3-642-93497-1",,,,,,,10.1007/978-3-642-93497-1,,,,0,,1,1,1,,,1,20176759,pdf,39ffa92cb31b144618a29f46be0c76a6,,,A:\\compressed\\10.1007%2F978-3-642-93497-1.pdf,0,2000-01-01 01:00:00,2016-04-03 02:51:08,957000/39ffa92cb31b144618a29f46be0c76a6-d.jpg,,
15553810,Informatik-Projektentwicklung,,Leitfäden der Angewandten Informatik ,,Dr. sc. math. Carl August Zehnder  (auth.),1991,2.Aufl.,Vieweg+Teubner Verlag,,"II, 309 S.",0,German,,,,"978-3-519-12479-5,978-3-322-93999-9",,,,,,,10.1007/978-3-322-93999-9,,,,0,,1,1,1,,,1,8929240,pdf,8832272f8f1e0950e90d24234dc805bd,,,A:\\compressed\\10.1007%2F978-3-322-93999-9.pdf,0,2000-01-01 01:00:00,2016-04-03 02:51:08,957000/8832272f8f1e0950e90d24234dc805bd-d.jpg,,
15553811,Gefährden Magnetfelder die Gesundheit?: Vorgelegt in der Sitzung vom 4. Mai 1991,,Sitzungsberichte der Heidelberger Akademie der Wissenschaften 1991 / 4,,Prof. Dr. med. Dr. med. h.c. Hans Schaefer  (auth.),1991,,Springer Berlin Heidelberg,,"105 S. 4 Abb., 19 Tab.",0,German,,,,"978-3-540-54284-1,978-3-642-48090-4",,,,,,,10.1007/978-3-642-48090-4,,,,0,,1,1,1,,,1,2046250,pdf,d117329ce0cb8c10f9f47920040c64a5,,,A:\\compressed\\10.1007%2F978-3-642-48090-4.pdf,0,2000-01-01 01:00:00,2016-04-03 02:51:08,957000/d117329ce0cb8c10f9f47920040c64a5-d.jpg,,
15553812,Physik für Hochschulanfänger,,Teubner Studienbücher Physik ,,Prof. Dr. phil. nat. Horst Wegener  (auth.),1991,3.Aufl.,Vieweg+Teubner Verlag,,"XII, 498S.",0,German,,,,"978-3-519-23053-3,978-3-322-89192-1",,,,,,,10.1007/978-3-322-89192-1,,,,0,,1,1,1,,,1,19075473,pdf,80100e2cdca724f958b02e7094098a28,,,A:\\compressed\\10.1007%2F978-3-322-89192-1.pdf,0,2000-01-01 01:00:00,2016-04-03 02:51:08,957000/80100e2cdca724f958b02e7094098a28-d.jpg,,
15553813,3D-grafisch-interaktive Arbeitsplanung — ein Ansatz zur Aufhebung der Arbeitsteilung,,iwb Forschungsberichte 40,,Dipl.-Ing. Thomas Koepfer  (auth.),1991,,Springer Berlin Heidelberg,,"IV, 130 S.",0,German,,,,"978-3-540-54436-4,978-3-662-05548-9",,,,,,,10.1007/978-3-662-05548-9,,,,0,,1,1,1,,,1,6821650,pdf,461c73d1d4cf4c46f07e63ad67b3341f,,,A:\\compressed\\10.1007%2F978-3-662-05548-9.pdf,0,2000-01-01 01:00:00,2016-04-03 02:51:08,957000/461c73d1d4cf4c46f07e63ad67b3341f-d.jpg,,
15553814,"Rheinisch-Westfälische Akademie der Wissenschaften: Natur-, Ingenieur- und Wirtschaftswissenschaften",, ,,Bernd Höfflinger  (auth.),1991,,VS Verlag für Sozialwissenschaften,,55S.,0,German,,,,"978-3-531-08386-5,978-3-322-85989-1",,,,,,,10.1007/978-3-322-85989-1,,,,0,,1,1,1,,,1,1919046,pdf,5bfa61c48cb8517b4ccc79a63bbe77fb,,,A:\\compressed\\10.1007%2F978-3-322-85989-1.pdf,0,2000-01-01 01:00:00,2016-04-03 02:51:08,957000/5bfa61c48cb8517b4ccc79a63bbe77fb-d.jpg,,
15553815,Mathematischer Einführungskurs für die Physik,,Teubner Studienbücher Physik ,,Dr. rer. nat. Siegfried Großmann  (auth.),1991,,Vieweg+Teubner Verlag,,6Aufl. 1991,0,German,,,,"978-3-519-03074-4,978-3-322-92734-7",,,,,,,10.1007/978-3-322-92734-7,,,,0,,1,1,1,,,1,10878922,pdf,83a3ae18f46dd9650658e16cf52211ec,,,A:\\compressed\\10.1007%2F978-3-322-92734-7.pdf,0,2000-01-01 01:00:00,2016-04-03 02:51:08,957000/83a3ae18f46dd9650658e16cf52211ec-d.jpg,,
15553816,Einführung in die Wissensrepräsentation: Netzartige und schema-basierte Repräsentationsformate,,Leitfäden der angewandten Informatik ,,Dr. rer. soc. Ulrich Reimer  (auth.),1991,Softcover reprint of the original 1st ed. 1991,Vieweg+Teubner Verlag,,"X, 313S.",0,German,,,,"978-3-519-02241-1,978-3-663-05970-7",,,,,,,10.1007/978-3-663-05970-7,,,,0,,1,1,1,,,1,10588195,pdf,4def53bc4ed8ae3cbad3a610afebf994,,,A:\\compressed\\10.1007%2F978-3-663-05970-7.pdf,0,2000-01-01 01:00:00,2016-04-03 02:51:08,957000/4def53bc4ed8ae3cbad3a610afebf994-d.jpg,,
15553817,Grundlagen der Halbleiter-Elektronik,,Halbleiter-Elektronik 1,,Dr. techn. Rudolf Müller  (auth.),1991,"6., durchges. Aufl.",Springer Berlin Heidelberg,,205 S.,0,German,,,,"978-3-540-53200-2,978-3-662-07580-7",,,,,,,10.1007/978-3-662-07580-7,,,,0,,1,1,1,,,1,7015149,pdf,b9ea551ef6f3bbdd9201e2ed2ede60fe,,,A:\\compressed\\10.1007%2F978-3-662-07580-7.pdf,0,2000-01-01 01:00:00,2016-04-03 02:51:08,957000/b9ea551ef6f3bbdd9201e2ed2ede60fe-d.jpg,,
15553818,Industrielle Energieversorgung als betriebswirtschaftliches Planungsproblem,,Physica-Schriften zur Betriebswirtschaft 32,,Dr. Markus Funk  (auth.),1991,,Physica-Verlag HD,,Ein Physica Verlag Heidelberg Produkt,0,German,,,,"978-3-7908-0520-8,978-3-642-99759-4",,,,,,,10.1007/978-3-642-99759-4,,,,0,,1,1,1,,,1,32362297,pdf,c118b2b19c123da3f8b33e1cafd93d60,,,A:\\compressed\\10.1007%2F978-3-642-99759-4.pdf,0,2000-01-01 01:00:00,2016-04-03 02:51:08,957000/c118b2b19c123da3f8b33e1cafd93d60-d.jpg,,
15553819,"Kommunikation in verteilten Systemen: Grundlagen, Anwendungen, Betrieb GI/ITG-Fachtagung, Mannheim, 20.–22. Februar 1991, Proceedings",,Informatik-Fachberichte 267,,"Oswald Fundneider  (auth.),  Wolfgang Effelsberg,  Hans W. Meuer,  Günter Müller  (eds.)",1991,,Springer Berlin Heidelberg,,"X, 589 S.",0,German,,,,"978-3-540-53721-2,978-3-642-76462-2",,,,,,,10.1007/978-3-642-76462-2,,,,0,,1,1,1,,,1,25156760,pdf,4de64d0c888afb52ea41101c44ff7893,,,A:\\compressed\\10.1007%2F978-3-642-76462-2.pdf,0,2000-01-01 01:00:00,2016-04-03 02:51:08,957000/4de64d0c888afb52ea41101c44ff7893-d.jpg,,
15553820,Systemtechnik: Ingenieurwissenschaftliche Methodik zur interdisziplinären Systementwicklung,, ,,Dr.-Ing. Michael Bruns  (auth.),1991,,Springer Berlin Heidelberg,,"VIII, 122 S. 87 Abb.",0,German,,,,"978-3-540-53467-9,978-3-642-95646-1",,,,,,,10.1007/978-3-642-95646-1,,,,0,,1,1,1,,,1,5825145,pdf,d1f41d51352c39beaef7748d33578dd8,,,A:\\compressed\\10.1007%2F978-3-642-95646-1.pdf,0,2000-01-01 01:00:00,2016-04-03 02:51:08,957000/d1f41d51352c39beaef7748d33578dd8-d.jpg,,
15553821,Elektrotechnik: Lehr- und Arbeitsbuch,, ,,Dieter Zastrow  (auth.),1991,11. Aufl.,Vieweg+Teubner Verlag,,432S.,0,German,,,,"978-3-528-14034-2,978-3-322-85554-1",,,,,,,10.1007/978-3-322-85554-1,,,,0,,1,1,1,,,1,14810877,pdf,ee6ec8eccf75d75b563d1ca1c6ed534d,,,A:\\compressed\\10.1007%2F978-3-322-85554-1.pdf,0,2000-01-01 01:00:00,2016-04-03 02:51:08,957000/ee6ec8eccf75d75b563d1ca1c6ed534d-d.jpg,,
15553822,Informatik-Sicherheitsmanagement: Eine Herausforderung für die Unternehmensführung,,Informatik und Unternehmensführung ,,Christine Strauß  (auth.),1991,,Vieweg+Teubner Verlag,,280 S.,0,German,,,,"978-3-519-02186-5,978-3-322-94696-6",,,,,,,10.1007/978-3-322-94696-6,,,,0,,1,1,1,,,1,7906160,pdf,bfc4522131561f29f8acb86ab24fa5c9,,,A:\\compressed\\10.1007%2F978-3-322-94696-6.pdf,0,2000-01-01 01:00:00,2016-04-03 02:51:08,957000/bfc4522131561f29f8acb86ab24fa5c9-d.jpg,,
15553823,Aktive Fahrwerkstechnik,,Fortschritte der Fahrzeugtechnik 10,,"U. Weltin,  G. Feurer  (auth.),  Henning Wallentowitz  (eds.)",1991,,Vieweg+Teubner Verlag,,"VII, 285 S.",0,German,,,,"978-3-663-00007-5,978-3-663-00156-0",,,,,,,10.1007/978-3-663-00156-0,,,,0,,1,1,1,,,1,9429976,pdf,e1c7d3c2ebcf37bd0ba242097ee7c201,,,A:\\compressed\\10.1007%2F978-3-663-00156-0.pdf,0,2000-01-01 01:00:00,2016-04-03 02:51:08,957000/e1c7d3c2ebcf37bd0ba242097ee7c201-d.jpg,,
15553824,Pneumatische Steuerungstechnik,,Teubner Studienskripten (TSS) ,,Dipl.-Ing. Rudolf Haug  (auth.),1991,"2., neubearb. erw. Aufl.",Vieweg+Teubner Verlag,,"XI, 307S. 224 Abb..",0,German,,,,"978-3-519-10081-2,978-3-322-96746-6",,,,,,,10.1007/978-3-322-96746-6,,,,0,,1,1,1,,,1,8480345,pdf,c6ddf37c0095c113faa1967f397cbe5c,,,A:\\compressed\\10.1007%2F978-3-322-96746-6.pdf,0,2000-01-01 01:00:00,2016-04-03 02:51:08,957000/c6ddf37c0095c113faa1967f397cbe5c-d.jpg,,
15553825,Handbuch Baubetrieb: Organisation — Betrieb — Maschinen,,VDI-Buch ,,Prof. Dr.-Ing. Günter Kühn  (auth.),1991,,Springer Berlin Heidelberg,,338,0,English,,,,"978-3-642-63501-4,978-3-642-58196-0",,,,,,,10.1007/978-3-642-58196-0,,,,0,,1,1,1,,,1,18661431,pdf,a3fe59daea49f754dd7761eaf5b410d7,,,A:\\compressed\\10.1007%2F978-3-642-58196-0.pdf,0,2000-01-01 01:00:00,2016-04-03 02:51:08,957000/a3fe59daea49f754dd7761eaf5b410d7-d.jpg,,
15553826,"Glasfaser bis ins Haus / Fiber to the Home: Vorträge des am 14./15. November 1990 in München abgehaltenen Kongresses / Proceedings of a Congress Held in Munich, November 14/15, 1990",,Telecommunications 16,,"E. Witte  (auth.),  Prof. Dr.-Ing. Dr.-Ing. E. h. Wolfgang Kaiser  (eds.)",1991,,Springer Berlin Heidelberg,,"VIII, 419 S. (in Deutsch und Englisch). 296 Abb.",0,German,,,,"978-3-540-53724-3,978-3-642-95654-6",,,,,,,10.1007/978-3-642-95654-6,,,,0,,1,1,1,,,1,10622171,pdf,ba842c34cb9f69c4decbce22ab2934d3,,,A:\\compressed\\10.1007%2F978-3-642-95654-6.pdf,0,2000-01-01 01:00:00,2016-04-03 02:51:08,957000/ba842c34cb9f69c4decbce22ab2934d3-d.jpg,,
15553827,Digitale Bildverarbeitung,, ,,Priv. Doz. Dr. rer. nat. habil Bernd Jähne  (auth.),1991,"2., vollständig neubearb. Aufl.",Springer Berlin Heidelberg,,"XII, 337 S.",0,German,,,,"978-3-540-53768-7,978-3-662-06734-5",,,,,,,10.1007/978-3-662-06734-5,,,,0,,1,1,1,,,1,12028828,pdf,ae74ab425ac47844030edd21d3aefe5f,,,A:\\compressed\\10.1007%2F978-3-662-06734-5.pdf,0,2000-01-01 01:00:00,2016-04-03 02:51:08,957000/ae74ab425ac47844030edd21d3aefe5f-d.jpg,,
15553828,Chemisches Praktikum für Mediziner,,Teubner Studienbücher Chemie ,,"Prof. Dr. phil. Hans Günter Aurich,  Dr. rer. nat. Peter Rinze  (auth.)",1991,2.Aufl.,Vieweg+Teubner Verlag,,"XVI, 224 S.",0,German,,,,"978-3-519-13513-5,978-3-322-92686-9",,,,,,,10.1007/978-3-322-92686-9,,,,0,,1,1,1,,,1,5881944,pdf,8e89617c578992e621f74d0ec834c28e,,,A:\\compressed\\10.1007%2F978-3-322-92686-9.pdf,0,2000-01-01 01:00:00,2016-04-03 02:51:08,957000/8e89617c578992e621f74d0ec834c28e-d.jpg,,
15553829,Optische Meßverfahren der Wärme- und Stoffübertragung,,Wärme- und Stoffübertragung ,,"Prof. Dr.-Ing. Ulrich Grigull,  Prof. Dr.-Ing. Franz Mayinger,  Dr.-Ing. Werner Hauf  (auth.)",1991,,Springer Berlin Heidelberg,,"X, 246 S.",0,German,,,,"978-3-540-53073-2,978-3-662-09125-8",,,,,,,10.1007/978-3-662-09125-8,,,,0,,1,1,1,,,1,7655584,pdf,9c7b753e2df8084ccd1c4e2d7f78541f,,,A:\\compressed\\10.1007%2F978-3-662-09125-8.pdf,0,2000-01-01 01:00:00,2016-04-03 02:51:08,957000/9c7b753e2df8084ccd1c4e2d7f78541f-d.jpg,,
15553830,Theorie und Simulation von Leitbahnen: Signalverhalten auf Leitungssystemen in der Mikroelektronik,, ,,Dr.-Ing. Hartmut Grabinski  (auth.),1991,,Springer Berlin Heidelberg,,"X, 249 S. 86 Abb.",0,German,,,,"978-3-540-53957-5,978-3-642-47599-3",,,,,,,10.1007/978-3-642-47599-3,,,,0,,1,1,1,,,1,6592545,pdf,8d340d5d377fc63d1ab275ab127be811,,,A:\\compressed\\10.1007%2F978-3-642-47599-3.pdf,0,2000-01-01 01:00:00,2016-04-03 02:51:08,957000/8d340d5d377fc63d1ab275ab127be811-d.jpg,,
15553831,Simulation in CIM,,CIM-Fachmann ,,"Prof. Dr.-Ing. Manfred Weck  (auth.),  Prof. Dr.-Ing. Manfred Weck  (eds.)",1991,,Springer Berlin Heidelberg,,"Verlag TÜV RheinlandXVI, 194 S.",0,German,,,,"978-3-540-53249-1,978-3-642-95633-1",,,,,,,10.1007/978-3-642-95633-1,,,,0,,1,1,1,,,1,9321977,pdf,826aabb20af0aa506ed3c0dd640f9d84,,,A:\\compressed\\10.1007%2F978-3-642-95633-1.pdf,0,2000-01-01 01:00:00,2016-04-03 02:51:08,957000/826aabb20af0aa506ed3c0dd640f9d84-d.jpg,,
15553832,"Meß- Steuerungs- Regelungstechnik: Formeln, Daten und Begriffe",, ,,Thomas Krist  (auth.),1991,5Aufl.,Vieweg+Teubner Verlag,,320S. 526 Abb..,0,German,,,,"978-3-528-04974-4,978-3-322-87222-7",,,,,,,10.1007/978-3-322-87222-7,,,,0,,1,1,1,,,1,10916756,pdf,e87b1da90a1e397af231a64a76988c2f,,,A:\\compressed\\10.1007%2F978-3-322-87222-7.pdf,0,2000-01-01 01:00:00,2016-04-03 02:51:08,957000/e87b1da90a1e397af231a64a76988c2f-d.jpg,,
15553833,Kapazitätsplanung bei moderner Fließfertigung,,Schriften zur Quantitativen Betriebswirtschaftslehre 2,,"Prof. Dr. Christoph Schneeweiß,  Dipl.-Wirtsch.-Inf. Volkmar Söhner  (auth.)",1991,,Physica-Verlag HD,,Ein Physica Verlag Heidelberg Produkt,0,German,,,,"978-3-7908-0576-5,978-3-662-12136-8",,,,,,,10.1007/978-3-662-12136-8,,,,0,,1,1,1,,,1,3205064,pdf,352eb99064a80da5b2217f8bb0750179,,,A:\\compressed\\10.1007%2F978-3-662-12136-8.pdf,0,2000-01-01 01:00:00,2016-04-03 02:51:08,957000/352eb99064a80da5b2217f8bb0750179-d.jpg,,
15553834,Energie- und Umweltpolitik,, ,,Helga Steeg  (auth.),1991,,Vieweg+Teubner Verlag,,211S.,0,German,,,,"978-3-528-06408-2,978-3-322-84104-9",,,,,,,10.1007/978-3-322-84104-9,,,,0,,1,1,1,,,1,13522463,pdf,c82bea90d109a618714c50b0a7e8a1ac,,,A:\\compressed\\10.1007%2F978-3-322-84104-9.pdf,0,2000-01-01 01:00:00,2016-04-03 02:51:08,957000/c82bea90d109a618714c50b0a7e8a1ac-d.jpg,,
15553835,Anwenderorientierte Dezentralisierung von PPS-Systemen,,Forschung für die Praxis 39,,"Dipl.-Ing., Dipl.-Wirt.-Ing. Götz-Andreas Kemmner  (auth.)",1991,,Springer Berlin Heidelberg,,"XXXVII, 175 S. 101 Abb.",0,German,,,,"978-3-540-54117-2,978-3-642-84523-9",,,,,,,10.1007/978-3-642-84523-9,,,,0,,1,1,1,,,1,10578227,pdf,347aed2ee037eb332a6dac50e9e25251,,,A:\\compressed\\10.1007%2F978-3-642-84523-9.pdf,0,2000-01-01 01:00:00,2016-04-03 02:51:08,957000/347aed2ee037eb332a6dac50e9e25251-d.jpg,,
15553836,Systemtheorie,,Informationstechnik ,,Prof. Dr.-Ing. Norbert Fliege  (auth.),1991,,Vieweg+Teubner Verlag,,"XV, 403S. 135 Abb..",0,German,,,,"978-3-663-05934-9,978-3-663-05933-2",,,,,,,10.1007/978-3-663-05933-2,,,,0,,1,1,1,,,1,13323174,pdf,a85d48c073154b679e2a4c0acf2a47d1,,,A:\\compressed\\10.1007%2F978-3-663-05933-2.pdf,0,2000-01-01 01:00:00,2016-04-03 02:51:08,957000/a85d48c073154b679e2a4c0acf2a47d1-d.jpg,,
15553837,Optimierungsmethoden des Operations Research: Band 2: Optimierung in Graphen,, ,,"Dr. Ernst-Peter Beisel,  Dr. Manfred Mendel  (auth.)",1991,,Vieweg+Teubner Verlag,,"X, 218S.",0,German,,,,"978-3-528-06307-8,978-3-322-93952-4",,,,,,,10.1007/978-3-322-93952-4,,,,0,,1,1,1,,,1,6870520,pdf,2886be53ff4733ad626100b0fcf0b4aa,,,A:\\compressed\\10.1007%2F978-3-322-93952-4.pdf,0,2000-01-01 01:00:00,2016-04-03 02:51:08,957000/2886be53ff4733ad626100b0fcf0b4aa-d.jpg,,
15553838,CIM-orientiertes Rechnungswesen: Bausteine zu einem System Controlling,,VDI-Buch ,,"Prof. Dr. Hans Siegwart,  Dr. Fredy Raas  (auth.)",1991,,Springer Berlin Heidelberg,,"XXII, 324 S. 130 Abb.",0,German,,,,"978-3-540-62319-9,978-3-642-95806-9",,,,,,,10.1007/978-3-642-95806-9,,,,0,,1,1,1,,,1,11019888,pdf,ffcc4f6e8a035ed2d66fb20f9db4223c,,,A:\\compressed\\10.1007%2F978-3-642-95806-9.pdf,0,2000-01-01 01:00:00,2016-04-03 02:51:08,957000/ffcc4f6e8a035ed2d66fb20f9db4223c-d.jpg,,
15553839,Bediengeräte zur 3D-Bewegungsführung: Ein Beitrag zur effizienten Roboterprogrammierung,,Fortschritte der Robotik 9,,Hans-Georg Lauffs  (auth.),1991,,Vieweg+Teubner Verlag,,114S.,0,German,,,,"978-3-528-06439-6,978-3-322-88811-2",,,,,,,10.1007/978-3-322-88811-2,,,,0,,1,1,1,,,1,8181892,pdf,da3da538750b54ac390cb89371cf247d,,,A:\\compressed\\10.1007%2F978-3-322-88811-2.pdf,0,2000-01-01 01:00:00,2016-04-03 02:51:08,957000/da3da538750b54ac390cb89371cf247d-d.jpg,,
15553840,Halbleiter,,Werkstoffe und Bauelemente der Elektrotechnik ,,Dr. Hanno Schaumburg  (auth.),1991,,Vieweg+Teubner Verlag,,"XII, 614S. 683 Abb..",0,German,,,,"978-3-322-84850-5,978-3-322-84849-9",,,,,,,10.1007/978-3-322-84849-9,,,,0,,1,1,1,,,1,16881707,pdf,4d9c5a65cdd3a474e913aac7d8289a18,,,A:\\compressed\\10.1007%2F978-3-322-84849-9.pdf,0,2000-01-01 01:00:00,2016-04-03 02:51:08,957000/4d9c5a65cdd3a474e913aac7d8289a18-d.jpg,,
15553841,C++ für Programmierer: Eine umfassende und effiziente Anleitung,, ,,"Falko Bause,  Wolfgang Tölle  (auth.)",1991,2.Aufl.,Vieweg+Teubner Verlag,,"X, 286S.",0,German,92,,,"978-3-528-15110-2,978-3-322-91987-8",,,,,,,10.1007/978-3-322-91987-8,,,,0,,1,1,1,,,1,5820466,pdf,c5fbe523d2329d82f939879175ff7326,,,A:\\compressed\\10.1007%2F978-3-322-91987-8.pdf,0,2000-01-01 01:00:00,2016-04-03 02:51:08,957000/c5fbe523d2329d82f939879175ff7326-d.jpg,,
15553842,EDV/CAD für die Bautechnik,, ,,Studienrat Harald Kuhr  (auth.),1991,,Vieweg+Teubner Verlag,,"256S. Mit 332 Bildern und Tabellen, 167 Beispielen, 238 Übungen und 281 Aufgaben.",0,German,,,,"978-3-519-05620-1,978-3-322-82989-4",,,,,,,10.1007/978-3-322-82989-4,,,,0,,1,1,1,,,1,13371622,pdf,3047183276a3e98d74d256c82bbdcc56,,,A:\\compressed\\10.1007%2F978-3-322-82989-4.pdf,0,2000-01-01 01:00:00,2016-04-03 02:51:08,957000/3047183276a3e98d74d256c82bbdcc56-d.jpg,,
15553843,Malerfachrechnen,, ,,"Studiendirektor Emil Jakubowski,  Oberstudiendirektor Wolfgang Imhof,  Studiendirektor Helmuth Heid,  Fachlehrer Jürgen Reith  (auth.)",1991,"3., neubearb. und erw. Aufl.",Vieweg+Teubner Verlag,,204S. 262 Abb.. Mit 183 Beispielen und 1189 Aufgaben.,0,German,,,,"978-3-519-25908-4,978-3-322-92729-3",,,,,,,10.1007/978-3-322-92729-3,,,,0,,1,1,1,,,1,11698700,pdf,e81ee755b4edac35c5a0d9d3d96ab107,,,A:\\compressed\\10.1007%2F978-3-322-92729-3.pdf,0,2000-01-01 01:00:00,2016-04-03 02:51:08,957000/e81ee755b4edac35c5a0d9d3d96ab107-d.jpg,,
15553844,Technische Strömungslehre: Band 2: Anwendungen,, ,,"Dr. Ing. Bruno Eck  (auth.),  Dr. rer. nat. Rolf Ermshaus  (eds.)",1991,"9., überarb. Aufl.",Springer Berlin Heidelberg,,"XII, 223 S. 294 Abb.",0,German,,,,"978-3-540-53426-6,978-3-642-88362-0",,,,,,,10.1007/978-3-642-88362-0,,,,0,,1,1,1,,,1,10114213,pdf,2308357ab92794b16cbd4aecdebc17bf,,,A:\\compressed\\10.1007%2F978-3-642-88362-0.pdf,0,2000-01-01 01:00:00,2016-04-03 02:51:08,957000/2308357ab92794b16cbd4aecdebc17bf-d.jpg,,
15553845,CIM-Handbuch: Wirtschaftlichkeit durch Integration,, ,,"Uwe W. Geitner  (auth.),  Professor Dr.-Ing. Dr. oec. Uwe W. Geitner  (eds.)",1991,2. Aufl.,Vieweg+Teubner Verlag,,718S.,0,German,,,,"978-3-528-04522-7,978-3-322-83531-4",,,,,,,10.1007/978-3-322-83531-4,,,,0,,1,1,1,,,1,16552516,pdf,e6428aa11090a34bb444d30f0402ee34,,,A:\\compressed\\10.1007%2F978-3-322-83531-4.pdf,0,2000-01-01 01:00:00,2016-04-03 02:51:08,957000/e6428aa11090a34bb444d30f0402ee34-d.jpg,,
15553846,Unternehmensführung und Informationssystem: Der Ansatz des St. Galler Informationssystem-Managements,,Informatik und Unternehmensführung ,,"Prof. Dr. rer. pol. Hubert Österle,  Dr. oec. HSG Walter Brenner,  Dipl.-Kfm. Konrad Hilbers  (auth.)",1991,,Vieweg+Teubner Verlag,,396,0,German,,,,"978-3-322-94695-9,978-3-322-94694-2",,,,,,,10.1007/978-3-322-94694-2,,,,0,,1,1,1,,,1,13696758,pdf,1cbbb42b653462d9f50ce2f165ed18cf,,,A:\\compressed\\10.1007%2F978-3-322-94694-2.pdf,0,2000-01-01 01:00:00,2016-04-03 02:51:08,957000/1cbbb42b653462d9f50ce2f165ed18cf-d.jpg,,
15553847,Simulation als betriebliche Entscheidungshilfe: Band 2,,Fachberichte Simulation 15,,"Jörg Biethahn  (auth.),  Prof. Dr. Jörg Biethahn,  Prof. Dr. Wilhelm Hummeltenberg,  Prof. Dr. Bernd Schmidt  (eds.)",1991,,Springer Berlin Heidelberg,,"XIII, 238 S. 35 Abb.",0,German,,,,"978-3-540-53289-7,978-3-642-88183-1",,,,,,,10.1007/978-3-642-88183-1,,,,0,,1,1,1,,,1,8786964,pdf,c88cd659053d70808af359296873e40f,,,A:\\compressed\\10.1007%2F978-3-642-88183-1.pdf,0,2000-01-01 01:00:00,2016-04-03 02:51:08,957000/c88cd659053d70808af359296873e40f-d.jpg,,
15553848,Molecular Modelling für Anwender: Anwendung von Kraftfeld- und MO-Methoden in der organischen Chemie,,Teubner Studienbücher Chemie ,,Dr. sc. nat. Roland W. Kunz  (auth.),1991,,Vieweg+Teubner Verlag,,245 S.,0,German,,,,"978-3-519-03511-4,978-3-322-94723-9",,,,,,,10.1007/978-3-322-94723-9,,,,0,,1,1,1,,,1,9849965,pdf,494d9c16564ebe08312dc4e6b11fea36,,,A:\\compressed\\10.1007%2F978-3-322-94723-9.pdf,0,2000-01-01 01:00:00,2016-04-03 02:51:08,957000/494d9c16564ebe08312dc4e6b11fea36-d.jpg,,
15553849,Numerische Mathematik,,Grundwissen Mathematik 7,,"Günther Hämmerlin,  Karl-Heinz Hoffmann  (auth.)",1991,2. Aufl.,Springer Berlin Heidelberg,,"XIV, 449 S. 72 Abb.",0,German,,,,"978-3-540-53539-3,978-3-642-97301-7",,,,,,,10.1007/978-3-642-97301-7,,,,0,,1,1,1,,,1,21312828,pdf,917e641026783c71ef7e9cdf6fb75a57,,,A:\\compressed\\10.1007%2F978-3-642-97301-7.pdf,0,2000-01-01 01:00:00,2016-04-03 02:51:08,957000/917e641026783c71ef7e9cdf6fb75a57-d.jpg,,
15553850,Berechnung von Gleichstromschaltungen,,Teubner Studienskripten (TSS) ,,Prof. Dr.-Ing. P. Vaske  (auth.),1991,5Aufl.,Vieweg+Teubner Verlag,,132S. 108 Abb.. Mit 116 Beispielen.,0,German,,,,"978-3-519-40050-9,978-3-322-91787-4",,,,,,,10.1007/978-3-322-91787-4,,,,0,,1,1,1,,,1,2751479,pdf,3da34afb4a07ee51ced9eabee4ed2b56,,,A:\\compressed\\10.1007%2F978-3-322-91787-4.pdf,0,2000-01-01 01:00:00,2016-04-03 02:51:08,957000/3da34afb4a07ee51ced9eabee4ed2b56-d.jpg,,
15553851,Informationssysteme und Datenschutz im Krankenhaus: Strategische Informationsplanung — Informationsrechtliche Aspekte — Konkrete Vorschläge,,DuD-Fachbeiträge ,,Hans-Jürgen Seelos  (auth.),1991,,Vieweg+Teubner Verlag,,"XVI, 140S.",0,German,,,,"978-3-528-05185-3,978-3-322-90912-1",,,,,,,10.1007/978-3-322-90912-1,,,,0,,1,1,1,,,1,6878053,pdf,44a8855b65235592fb1b6ae07d877119,,,A:\\compressed\\10.1007%2F978-3-322-90912-1.pdf,0,2000-01-01 01:00:00,2016-04-03 02:51:08,957000/44a8855b65235592fb1b6ae07d877119-d.jpg,,
15553852,Einführung in die Ölhydraulik,,Teubner Studienbücher Maschinenbau ,,Prof. Dr.-Ing. Dr.-Ing. E. h. Hans Jürgen Matthies  (auth.),1991,"3., durchges. Aufl.",Vieweg+Teubner Verlag,,272 S. Mit 17 Tafeln.,0,German,,,,"978-3-519-26318-0,978-3-322-96797-8",,,,,,,10.1007/978-3-322-96797-8,,,,0,,1,1,1,,,1,10660595,pdf,1d472b71c846bf38fbca04b014d566a4,,,A:\\compressed\\10.1007%2F978-3-322-96797-8.pdf,0,2000-01-01 01:00:00,2016-04-03 02:51:08,957000/1d472b71c846bf38fbca04b014d566a4-d.jpg,,
15553853,"Einleitung in die analytische Mechanik: Vorlesung, gehalten in Göttingen 1886/87",,Teubner-Archiv zur Mathematik 15,,"Felix Klein  (auth.),  E. Dietzel,  M. Geisler  (eds.)",1991,,Vieweg+Teubner Verlag,,157 S.,0,German,,,,"978-3-8154-2013-3,978-3-322-92385-1",,,,,,,10.1007/978-3-322-92385-1,,,,0,,1,1,1,,,1,3592648,pdf,3a161252567706ea4a142e3b6bddab13,,,A:\\compressed\\10.1007%2F978-3-322-92385-1.pdf,0,2000-01-01 01:00:00,2016-04-03 02:51:08,957000/3a161252567706ea4a142e3b6bddab13-d.jpg,,
15553854,Von CIM zur Unternehmensintegration: Anwendungs- und Integrationsmodelle für rechnergestützte Informationssysteme in der Fertigungsindustrie,, ,,Dipl.-Wirtsch.-Ing. Gert Lang  (auth.),1991,,Physica-Verlag HD,,Ein Physica Verlag Heidelberg Produkt,0,German,,,,"978-3-642-93632-6,978-3-642-93631-9",,,,,,,10.1007/978-3-642-93631-9,,,,0,,1,1,1,,,1,7076426,pdf,592a562ff6da03523b3d472d3c565457,,,A:\\compressed\\10.1007%2F978-3-642-93631-9.pdf,0,2000-01-01 01:00:00,2016-04-03 02:51:08,957000/592a562ff6da03523b3d472d3c565457-d.jpg,,
15553855,Leistung und Weg: Zur Geschichte des MAN Nutzfahrzeugbaus,, ,,Hellmut Droscha  (auth.),1991,,Springer Berlin Heidelberg,,566,0,German,,,,"978-3-642-93491-9,978-3-642-93490-2",,,,,,,10.1007/978-3-642-93490-2,,,,0,,1,1,1,,,1,26939027,pdf,5790bdf5eb2f108aca6d12e7e0a0a4b2,,,A:\\compressed\\10.1007%2F978-3-642-93490-2.pdf,0,2000-01-01 01:00:00,2016-04-03 02:51:08,957000/5790bdf5eb2f108aca6d12e7e0a0a4b2-d.jpg,,
15553856,Nachrichtenverarbeitung Entwurf von Schaltwerken mit Mikroprozessoren,,Teubner Studienskripten (TSS) ,,Prof. Dipl.-Ing. Wilhelm Nüchel  (auth.),1991,"3., überarb. Aufl.",Vieweg+Teubner Verlag,,173S. 152 Abb.. Mit 9 Tafeln und 46 Beispiele.,0,English,,,,"978-3-519-20053-6,978-3-322-94133-6",,,,,,,10.1007/978-3-322-94133-6,,,,0,,1,1,1,,,1,2150674,pdf,8815eba025f0386cad5f8e94c6978253,,,A:\\compressed\\10.1007%2F978-3-322-94133-6.pdf,0,2000-01-01 01:00:00,2016-04-03 02:51:08,957000/8815eba025f0386cad5f8e94c6978253-d.jpg,,
15553857,"Angewandte Elektrische Meßtechnik: Grundlagen, Sensorik, Meßverarbeitung",,Aus dem Programm Messen — Steuern — Regeln ,,"Albert Haug,  Franz Haug  (auth.)",1991,,Vieweg+Teubner Verlag,,298,0,German,,,,"978-3-528-04567-8,978-3-322-85367-7",,,,,,,10.1007/978-3-322-85367-7,,,,0,,1,1,1,,,1,10915803,pdf,0c0db6ebbc270bd1f150faeb20701302,,,A:\\compressed\\10.1007%2F978-3-322-85367-7.pdf,0,2000-01-01 01:00:00,2016-04-03 02:51:08,957000/0c0db6ebbc270bd1f150faeb20701302-d.jpg,,
15553858,Lasertechnik in der Medizin: Grundlagen·Systeme·Anwendungen,,Laser in Technik und Forschung ,,"Prof. Dr. Jürgen Eichler,  Prof. Dr. med. Dr. rer. nat. Theo Seiler  (auth.)",1991,,Springer Berlin Heidelberg,,"XV, 332 S.",0,German,,,,"978-3-540-52675-9,978-3-662-08272-0",,,,,,,10.1007/978-3-662-08272-0,,,,0,,1,1,1,,,1,15031994,pdf,bc993ee5dae21603730b6a2b604db2e4,,,A:\\compressed\\10.1007%2F978-3-662-08272-0.pdf,0,2000-01-01 01:00:00,2016-04-03 02:51:08,957000/bc993ee5dae21603730b6a2b604db2e4-d.jpg,,
15553859,Lokale Rechnernetze: Einführung und praktische Beispiele,,VDI-Verlag ,,Dr.-Ing. Bernd Lindemann  (auth.),1991,,Springer Berlin Heidelberg,,"263 S. 66 Abb., 6 Tab.",0,German,,,,"978-3-642-95829-8,978-3-642-95828-1",,,,,,,10.1007/978-3-642-95828-1,,,,0,,1,1,1,,,1,4594031,pdf,340b5750a53871cda529e31dcf0382c1,,,A:\\compressed\\10.1007%2F978-3-642-95828-1.pdf,0,2000-01-01 01:00:00,2016-04-03 02:51:08,957000/340b5750a53871cda529e31dcf0382c1-d.jpg,,
15553860,"Methodisches Konstruieren: Grundlagen, Methodik, praktische Beispiele",,Konstruktionsbücher 27,,Dr.-Ing. Wolf Georg Rodenacker  (auth.),1991,"4., überarb. Aufl.",Springer Berlin Heidelberg,,"XIV, 336 S. 224 Abb.",0,German,,,,"978-3-540-53977-3,978-3-642-87484-0",,,,,,,10.1007/978-3-642-87484-0,,,,0,,1,1,1,,,1,8060606,pdf,1cf72e1c55fe3765a8132c601eb6156a,,,A:\\compressed\\10.1007%2F978-3-642-87484-0.pdf,0,2000-01-01 01:00:00,2016-04-03 02:51:08,957000/1cf72e1c55fe3765a8132c601eb6156a-d.jpg,,
15553861,Systemtheorie der Klinischen Psychologie: Beiträge zu ausgewählten Problemstellungen,,"Wissenschaftstheorie, Wissenschaft und Philosophie 33",,PD Dr. Günter Schiepek  (auth.),1991,,Vieweg+Teubner Verlag,,"XVI, 429S.",0,German,,,,"978-3-322-90555-0,978-3-322-90554-3",,,,,,,10.1007/978-3-322-90554-3,,,,0,,1,1,1,,,1,22134068,pdf,fb83676ce7c2468e43bf9a440b08300c,,,A:\\compressed\\10.1007%2F978-3-322-90554-3.pdf,0,2000-01-01 01:00:00,2016-04-03 02:51:08,957000/fb83676ce7c2468e43bf9a440b08300c-d.jpg,,
15553862,Mathematik für Informatiker 2,,Leitfäden und Monographien der Informatik ,,"Prof. Dr. rer. nat. Karl-Heinz Kiyek,  Dr. rer. nat. Friedrich Schwarz  (auth.)",1991,,Vieweg+Teubner Verlag,,"X, 463 S.",0,German,,,,"978-3-519-02278-7,978-3-322-93089-7",,,,,,,10.1007/978-3-322-93089-7,,,,0,,1,1,1,,,1,16389034,pdf,f3077d055590e46a73fd0259dffb1479,,,A:\\compressed\\10.1007%2F978-3-322-93089-7.pdf,0,2000-01-01 01:00:00,2016-04-03 02:51:08,957000/f3077d055590e46a73fd0259dffb1479-d.jpg,,
15553863,Stochastische Grundlagen nachrichtentechnischer Signale,, ,,"Univ.-Prof. Dipl.-Ing. Dr. techn. Hans Weinrichter,  Univ.-Ass. Dipl.-Ing. Dr. techn. Franz Hlawatsch  (auth.)",1991,,Springer Vienna,,"VIII, 169 S. 61 Abb.",0,German,,,,"978-3-211-82303-3,978-3-7091-9177-4",,,,,,,10.1007/978-3-7091-9177-4,,,,0,,1,1,1,,,1,2740846,pdf,ca650220b71f39e3ccbd276ff50d13bd,,,A:\\compressed\\10.1007%2F978-3-7091-9177-4.pdf,0,2000-01-01 01:00:00,2016-04-03 02:51:08,957000/ca650220b71f39e3ccbd276ff50d13bd-d.jpg,,
15553864,"Telekommunikation und multimediale Anwendungen der Informatik: GI-21. Jahrestagung, Darmstadt, 14.–18. Oktober 1991",,Informatik-Fachberichte 293,,"James D. Foley  (auth.),  José L. Encarnação  (eds.)",1991,,Springer Berlin Heidelberg,,"XII, 710 S.",0,German,,,,"978-3-540-54755-6,978-3-642-77060-9",,,,,,,10.1007/978-3-642-77060-9,,,,0,,1,1,1,,,1,38611813,pdf,22b2f8c7f16f52d15a3340534cb91192,,,A:\\compressed\\10.1007%2F978-3-642-77060-9.pdf,0,2000-01-01 01:00:00,2016-04-03 02:51:08,957000/22b2f8c7f16f52d15a3340534cb91192-d.jpg,,
15553865,Oberflächenphysik des Festkörpers,,Teubner Studienbücher Physik ,,"Prof. Dr. rer. nat. Martin Henzler,  Prof. Dr. rer. nat. Wolfgang Göpel  (auth.)",1991,,Vieweg+Teubner Verlag,,645 S.,0,German,,,,"978-3-519-03047-8,978-3-322-96696-4",,,,,,,10.1007/978-3-322-96696-4,,,,0,,1,1,1,,,1,25421998,pdf,9333eb704a52e1af2491db9f23e036d3,,,A:\\compressed\\10.1007%2F978-3-322-96696-4.pdf,0,2000-01-01 01:00:00,2016-04-03 02:51:08,957000/9333eb704a52e1af2491db9f23e036d3-d.jpg,,
15553866,"Netzwerke, Signale und Systeme: Systemtheorie linearer elektrischer Netzwerke",,Springer-Lehrbuch ,,Dr.-Ing. Hans Wilhelm Schüßler  (auth.),1991,"3., überarb. Aufl.",Springer Berlin Heidelberg,,"XIV, 482 S. 251 Abb.",0,German,,,,"978-3-540-53791-5,978-3-642-87583-0",,,,,,,10.1007/978-3-642-87583-0,,,,0,,1,1,1,,,1,16557719,pdf,2434ea2c6b05517a851225bf13ae809a,,,A:\\compressed\\10.1007%2F978-3-642-87583-0.pdf,0,2000-01-01 01:00:00,2016-04-03 02:51:08,957000/2434ea2c6b05517a851225bf13ae809a-d.jpg,,
15553867,Physikalisch-chemisches Rechnen: mit einer Einführung in die höhere Mathematik,, ,,"Dr. techn. Ing. Walter Wittenberger,  Dr. rer. nat. Werner Fritz  (auth.)",1991,,Springer Vienna,,479,0,German,,,,"978-3-7091-9133-0,978-3-7091-9132-3",,,,,,,10.1007/978-3-7091-9132-3,,,,0,,1,1,1,,,1,16157966,pdf,b9a7a5de130b4c515ae19c606deb7d0e,,,A:\\compressed\\10.1007%2F978-3-7091-9132-3.pdf,0,2000-01-01 01:00:00,2016-04-03 02:51:08,957000/b9a7a5de130b4c515ae19c606deb7d0e-d.jpg,,
15553868,Auftragsabwicklung im Maschinen- und Anlagebau,,VDI-Buch ,,(auth.),1991,,Springer Berlin Heidelberg,,"X, 225 S. 48 Abb.",0,German,,,,"978-3-540-62254-3,978-3-642-95783-3",,,,,,,10.1007/978-3-642-95783-3,,,,0,,1,1,1,,,1,11206753,pdf,182b320b5c227a14ec5149f924410e1c,,,A:\\compressed\\10.1007%2F978-3-642-95783-3.pdf,0,2000-01-01 01:00:00,2016-04-03 02:51:08,957000/182b320b5c227a14ec5149f924410e1c-d.jpg,,
15553869,Forming Techniques — for the Self-Reliant Potter,, ,,"Henrik Norsker,  James Danisch  (auth.)",1991,,Vieweg+Teubner Verlag,,195,0,English,,,,"978-3-528-02061-3,978-3-663-06867-9",,,,,,,10.1007/978-3-663-06867-9,,,,0,,1,1,1,,,1,8706113,pdf,cf8d335b293813b3b0858eeb0ed03594,,,A:\\compressed\\10.1007%2F978-3-663-06867-9.pdf,0,2000-01-01 01:00:00,2016-04-03 02:51:08,957000/cf8d335b293813b3b0858eeb0ed03594-d.jpg,,
15553870,Software-Ergonomie ’91: Benutzerorientierte Software-Entwicklung,,Berichte des German Chapter of the ACM ,,"Prof. Dr. Horst Oberquelle  (auth.),  Dr. David Ackermann,  Prof. Dr. Eberhard Ulich  (eds.)",1991,,Vieweg+Teubner Verlag,,"IV, 383S.",0,German,,,,"978-3-519-02674-7,978-3-322-94654-6",,,,,,,10.1007/978-3-322-94654-6,,,,0,,1,1,1,,,1,10719537,pdf,d85f36ec4421a84c34f90c27f2e9842b,,,A:\\compressed\\10.1007%2F978-3-322-94654-6.pdf,0,2000-01-01 01:00:00,2016-04-03 02:51:08,957000/d85f36ec4421a84c34f90c27f2e9842b-d.jpg,,
15553871,Technikfolgenabschätzung in der Telekommunikation,,Schriftenreihe des Wissenschaftlichen Instituts für Kommunikationsdienste 12,,"Detlef Garbe,  Klaus Lange  (auth.),  Dr. Detlef Garbe,  Dr. Klaus Lange  (eds.)",1991,,Springer Berlin Heidelberg,,"XII, 254 S. 21 Abb.",0,German,,,,"978-3-540-54175-2,978-3-642-46748-6",,,,,,,10.1007/978-3-642-46748-6,,,,0,,1,1,1,,,1,9845697,pdf,ce555c9022efff3db5c4c66683184995,,,A:\\compressed\\10.1007%2F978-3-642-46748-6.pdf,0,2000-01-01 01:00:00,2016-04-03 02:51:08,957000/ce555c9022efff3db5c4c66683184995-d.jpg,,
15553872,"Stahlkunde für Ingenieure: Gefüge, Eigenschaften, Anwendungen",, ,,o. Prof. Dr.-Ing. Hans Berns  (auth.),1991,,Springer Berlin Heidelberg,,"XI, 274 S.",0,German,,,,"978-3-540-54557-6,978-3-662-10012-7",,,,,,,10.1007/978-3-662-10012-7,,,,0,,1,1,1,,,1,8461633,pdf,94a023a54cbb2a389b4c90184506c741,,,A:\\compressed\\10.1007%2F978-3-662-10012-7.pdf,0,2000-01-01 01:00:00,2016-04-03 02:51:08,957000/94a023a54cbb2a389b4c90184506c741-d.jpg,,
15553873,Hütte: Die Grundlagen der Ingenieurwissenschaften,,Hütte ,,"P. Ruge,  M. Wermuth  (auth.),  Professor Dr.-Ing. Horst Czichos,  Dipl.-Ing. Ulrich Kluge  (eds.)",1991,,Springer Berlin Heidelberg,,1448,0,German,,,,"978-3-662-12031-6,978-3-662-12030-9",,,,,,,10.1007/978-3-662-12030-9,,,,0,,1,1,1,,,1,57791639,pdf,701370f1aca126674a8576a9bc475572,,,A:\\compressed\\10.1007%2F978-3-662-12030-9.pdf,0,2000-01-01 01:00:00,2016-04-03 02:51:08,957000/701370f1aca126674a8576a9bc475572-d.jpg,,
15553874,Einführung in die funktionale Programmierung mit Miranda,, ,,Dipl.-Inform. Ralf Thomas Walter Hinze  (auth.),1991,,Vieweg+Teubner Verlag,,1991,0,German,,,,"978-3-519-02287-9,978-3-322-93090-3",,,,,,,10.1007/978-3-322-93090-3,,,,0,,1,1,1,,,1,10323914,pdf,deac0e0235c97a8730b08a9ff56c6380,,,A:\\compressed\\10.1007%2F978-3-322-93090-3.pdf,0,2000-01-01 01:00:00,2016-04-03 02:51:08,957000/deac0e0235c97a8730b08a9ff56c6380-d.jpg,,
15553875,Effektiv Starten mit Turbo Pascal 6.0,, ,,Axel Kotulla  (auth.),1991,,Vieweg+Teubner Verlag,,"X, 232S.",0,English,,,,"978-3-528-05169-3,978-3-322-83045-6",,,,,,,10.1007/978-3-322-83045-6,,,,0,,1,1,1,,,1,18578128,pdf,849aed1b94dfaae1d372f2f7f6766ddd,,,A:\\compressed\\10.1007%2F978-3-322-83045-6.pdf,0,2000-01-01 01:00:00,2016-04-03 02:51:08,957000/849aed1b94dfaae1d372f2f7f6766ddd-d.jpg,,
15553876,Konnektionismus: Von neuronalen Netzwerken zu einer „natürlichen“ KI,,Leitfäden der angewandten Informatik ,,Dipl.-Ing. Dr. Georg Dorffner  (auth.),1991,,Vieweg+Teubner Verlag,,"XV, 448 S.",0,German,,,,"978-3-519-02455-2,978-3-322-94665-2",,,,,,,10.1007/978-3-322-94665-2,,,,0,,1,1,1,,,1,15412250,pdf,2dd14567e7b8a7471fbce228e28e9604,,,A:\\compressed\\10.1007%2F978-3-322-94665-2.pdf,0,2000-01-01 01:00:00,2016-04-03 02:51:08,957000/2dd14567e7b8a7471fbce228e28e9604-d.jpg,,
15553877,Mathe!: Begegnungen eines Wissenschaftlers mit Schülern,,Aus dem Programm Mathematik ,,Professor Serge Lang  (auth.),1991,,Vieweg+Teubner Verlag,,"VII, 134S.",0,German,,,,"978-3-528-08942-9,978-3-322-83189-7",,,,,,,10.1007/978-3-322-83189-7,,,,0,,1,1,1,,,1,10872992,pdf,c808dfb526741ba41938a3553a8bcb8f,,,A:\\compressed\\10.1007%2F978-3-322-83189-7.pdf,0,2000-01-01 01:00:00,2016-04-03 02:51:08,957000/c808dfb526741ba41938a3553a8bcb8f-d.jpg,,
15553878,Qualität von PPS-Systemen: Ein Verfahren zur Analyse des Informationsgehaltes,,fir+iaw Forschung für die Praxis 41,,Dipl.-Ing. Friedrich Freiherr von Loeffelholz  (auth.),1991,,Springer Berlin Heidelberg,,"IX, 161 S. 50 Abb.",0,German,,,,"978-3-540-54181-3,978-3-642-84540-6",,,,,,,10.1007/978-3-642-84540-6,,,,0,,1,1,1,,,1,3718734,pdf,ab2b7805bbd96da7f94ad68cf33e018a,,,A:\\compressed\\10.1007%2F978-3-642-84540-6.pdf,0,2000-01-01 01:00:00,2016-04-03 02:51:08,957000/ab2b7805bbd96da7f94ad68cf33e018a-d.jpg,,
15553879,Integrationspfad Qualität,,CIM-Fachmann ,,"Prof. Dr.-Ing. Engelbert Westkämper  (auth.),  Prof. Dr.-Ing. Engelbert Westkämper  (eds.)",1991,,Springer Berlin Heidelberg,,"Koproduktion mit dem Verlag TÜV-Rheinland, KölnXIV, 211 S.",0,German,,,,"978-3-540-53247-7,978-3-642-48798-9",,,,,,,10.1007/978-3-642-48798-9,,,,0,,1,1,1,,,1,7232141,pdf,1326fe2ae5a58f96d8a48417161b3389,,,A:\\compressed\\10.1007%2F978-3-642-48798-9.pdf,0,2000-01-01 01:00:00,2016-04-03 02:51:08,957000/1326fe2ae5a58f96d8a48417161b3389-d.jpg,,
15553880,VM/CMS — Virtuelle Maschinen: Praxis und Faszination eines Betriebssystems,, ,,"Achim Kolacki,  Helmut Drieger  (auth.),  Achim Kolacki,  Helmut Drieger  (eds.)",1991,,Vieweg+Teubner Verlag,,321,0,German,,,,"978-3-663-11764-3,978-3-663-11763-6",,,,,,,10.1007/978-3-663-11763-6,,,,0,,1,1,1,,,1,9650450,pdf,d9be2519461168fc74e7a17afc2e1445,,,A:\\compressed\\10.1007%2F978-3-663-11763-6.pdf,0,2000-01-01 01:00:00,2016-04-03 02:51:08,957000/d9be2519461168fc74e7a17afc2e1445-d.jpg,,
15553881,Von PPS zu CIM,,CIM-Fachmann ,,"Dr.-Ing. K. Hirt  (auth.),  Prof. Dr.-Ing. Christian Nedeß  (eds.)",1991,,Springer Berlin Heidelberg,,"Koproduktion mit dem Verlag TÜV-RheinlandXV, 224 S.",0,German,,,,"978-3-540-53237-8,978-3-642-48176-5",,,,,,,10.1007/978-3-642-48176-5,,,,0,,1,1,1,,,1,4712143,pdf,6686b42021a43587dfa92d6990cbc0f1,,,A:\\compressed\\10.1007%2F978-3-642-48176-5.pdf,0,2000-01-01 01:00:00,2016-04-03 02:51:08,957000/6686b42021a43587dfa92d6990cbc0f1-d.jpg,,
15553882,Oberflächen- und Dünnschicht-Technologie: Teil II: Oberflächenmodifikation durch Teilchen und Quanten,,WFT Werkstoff-Forschung und -Technik 6,,Dr. René A. Haefer  (auth.),1991,,Springer Berlin Heidelberg,,"XV, 286 S. 120 Abb., 12 Tab.",0,German,,,,"978-3-540-53012-1,978-3-642-87679-0",,,,,,,10.1007/978-3-642-87679-0,,,,0,,1,1,1,,,1,20504493,pdf,5af7f97ead28b254b8913e2b9f6ddbdb,,,A:\\compressed\\10.1007%2F978-3-642-87679-0.pdf,0,2000-01-01 01:00:00,2016-04-03 02:51:08,957000/5af7f97ead28b254b8913e2b9f6ddbdb-d.jpg,,
15553883,Ganzheitliche Produktionsplanung und -steuerung: Konzepte für Produktionsunternehmen mit kombinierter kundenanonymer und kundenbezogener Auftragsabwicklung,,fir+iaw Forschung für die Praxis 33,,Dipl.-Ing. Winfried Büdenbender  (auth.),1991,,Springer Berlin Heidelberg,,"VII, 182 S. 58 Abb.",0,German,,,,"978-3-540-53642-0,978-3-642-84417-1",,,,,,,10.1007/978-3-642-84417-1,,,,0,,1,1,1,,,1,13324532,pdf,6dea3375a234b26cd70bd2a13fa0a254,,,A:\\compressed\\10.1007%2F978-3-642-84417-1.pdf,0,2000-01-01 01:00:00,2016-04-03 02:51:08,957000/6dea3375a234b26cd70bd2a13fa0a254-d.jpg,,
15553884,Luftverkehr: Eine ökonomische Einführung,, ,,Prof. Dr. Wilhelm Pompl  (auth.),1991,"2., aktualisierte u. erw. Aufl.",Springer Berlin Heidelberg,,"XXII, 342 S.",0,German,,,,"978-3-540-54673-3,978-3-662-08429-8",,,,,,,10.1007/978-3-662-08429-8,,,,0,,1,1,1,,,1,13840212,pdf,f0b0db9b411110a869af6509cb41e33b,,,A:\\compressed\\10.1007%2F978-3-662-08429-8.pdf,0,2000-01-01 01:00:00,2016-04-03 02:51:08,957000/f0b0db9b411110a869af6509cb41e33b-d.jpg,,
15553885,Prozeßtechnologie: Fertigungsverfahren für integrierte MOS-Schaltungen,,Mikroelektronik ,,"Dr. rer. nat. Günter Schumicki,  Dr.-Ing. Peter Seegebrecht  (auth.)",1991,,Springer Berlin Heidelberg,,"XVI, 500 S.",0,German,,,,"978-3-540-17670-1,978-3-662-09540-9",,,,,,,10.1007/978-3-662-09540-9,,,,0,,1,1,1,,,1,26464945,pdf,423f364102a77104b7ca8716b62e6c92,,,A:\\compressed\\10.1007%2F978-3-662-09540-9.pdf,0,2000-01-01 01:00:00,2016-04-03 02:51:08,957000/423f364102a77104b7ca8716b62e6c92-d.jpg,,
15553886,Management von Rechnernetzen,,Leitfäden der angewandten Informatik ,,Prof. Dr. sc. oec. Klaus Garbe  (auth.),1991,,Vieweg+Teubner Verlag,,"XIV, 406 S.",0,German,,,,"978-3-519-02418-7,978-3-322-92145-1",,,,,,,10.1007/978-3-322-92145-1,,,,0,,1,1,1,,,1,14340784,pdf,c68fbb5423d1bd2d1eb7ca64566b2857,,,A:\\compressed\\10.1007%2F978-3-322-92145-1.pdf,0,2000-01-01 01:00:00,2016-04-03 02:51:08,957000/c68fbb5423d1bd2d1eb7ca64566b2857-d.jpg,,
15553887,Rationelle Energieverwendung durch Wärmerückgewinnung,,Umwelt und Ökonomie 3,,Dr. Helmuth-M. Groscurth  (auth.),1991,,Physica-Verlag HD,,Ein Physica Verlag Heidelberg Produkt,0,German,,,,"978-3-7908-0552-9,978-3-642-51553-8",,,,,,,10.1007/978-3-642-51553-8,,,,0,,1,1,1,,,1,7048506,pdf,befb01f235caabb9499322d72018349d,,,A:\\compressed\\10.1007%2F978-3-642-51553-8.pdf,0,2000-01-01 01:00:00,2016-04-03 02:51:08,957000/befb01f235caabb9499322d72018349d-d.jpg,,
15553888,Limit Theorems and Some Applications in Statistical Physics,,TEUBNER-TEXTE zur Mathematik 123,,Boris Nahapetian  (auth.),1991,,Vieweg+Teubner Verlag,,"I, 244 S.",0,English,,,,"978-3-322-93433-8,978-3-322-93432-1",,,,,,,10.1007/978-3-322-93432-1,,,,0,,1,1,1,,,1,7742397,pdf,74974263fc0a42bcca6c0e77d9288652,,,A:\\compressed\\10.1007%2F978-3-322-93432-1.pdf,0,2000-01-01 01:00:00,2016-04-03 02:51:08,957000/74974263fc0a42bcca6c0e77d9288652-d.jpg,,
15553889,Ausgleichsvorgänge bei elektrischen Antrieben: Grundlagen zur analytischen und numerischen Berechnung,, ,,Prof. Dr.-Ing. Hans-Otto Seinsch  (auth.),1991,,Vieweg+Teubner Verlag,,160 S.,0,German,,,,"978-3-519-06136-6,978-3-663-01398-3",,,,,,,10.1007/978-3-663-01398-3,,,,0,,1,1,1,,,1,5315353,pdf,e4b5142f70d09d773825cc02850d3bab,,,A:\\compressed\\10.1007%2F978-3-663-01398-3.pdf,0,2000-01-01 01:00:00,2016-04-03 02:51:08,957000/e4b5142f70d09d773825cc02850d3bab-d.jpg,,
15553890,DISKOVER II Ganzheitliche Bestimmung von Sicherheitsbeständen,,Fir + iaw Forschung für die Praxis 40,,"Dipl.-Ing., Dipl.-Wirt.-Ing. Helmut Abels  (auth.)",1991,,Springer Berlin Heidelberg,,"VIII, 110 S. 34 Abb.",0,German,,,,"978-3-540-54289-6,978-3-642-84551-2",,,,,,,10.1007/978-3-642-84551-2,,,,0,,1,1,1,,,1,7989940,pdf,d51b13eee6665259ba0fcacb3f991607,,,A:\\compressed\\10.1007%2F978-3-642-84551-2.pdf,0,2000-01-01 01:00:00,2016-04-03 02:51:08,957000/d51b13eee6665259ba0fcacb3f991607-d.jpg,,
15553891,Praktische Baustatik: Teil 2,, ,,"Professor Dipl.-Ing. Walter Wagner,  Professor Dipl.-Ing. Gerhard Erlhof  (auth.)",1991,14Aufl.,Vieweg+Teubner Verlag,,472 S.,0,German,,,,"978-3-519-45202-7,978-3-663-07663-6",,,,,,,10.1007/978-3-663-07663-6,,,,0,,1,1,1,,,1,13264783,pdf,b7e54fc7fb2a4c67071c818ebe9099fb,,,A:\\compressed\\10.1007%2F978-3-663-07663-6.pdf,0,2000-01-01 01:00:00,2016-04-03 02:51:08,957000/b7e54fc7fb2a4c67071c818ebe9099fb-d.jpg,,
15553892,Elektrotechnik für Informatiker: Eine Einführung,, ,,Univ.-Prof. Dipl.-Ing. Dr. Franz Seifert  (auth.),1991,,Springer Vienna,,260,0,German,,,,"978-3-211-82266-1,978-3-7091-7576-7",,,,,,,10.1007/978-3-7091-7576-7,,,,0,,1,1,1,,,1,24847533,pdf,88747d78274e2fc811c97c34665c4702,,,A:\\compressed\\10.1007%2F978-3-7091-7576-7.pdf,0,2000-01-01 01:00:00,2016-04-03 02:51:08,957000/88747d78274e2fc811c97c34665c4702-d.jpg,,
15553893,Digitale Kommunikationstechnik I: Netze — Dienste — Informationstheorie — Codierung,,Moderne Kommunikationstechnik ,,Firoz Kaderali  (auth.),1991,,Vieweg+Teubner Verlag,,"VIII, 264S. 193 Abb.. Mit 52 Aufg. mit Lös.",0,German,,,,"978-3-528-04710-8,978-3-322-86596-0",,,,,,,10.1007/978-3-322-86596-0,,,,0,,1,1,1,,,1,7208357,pdf,36d6f44d8b5a9c818bac5998926e053f,,,A:\\compressed\\10.1007%2F978-3-322-86596-0.pdf,0,2000-01-01 01:00:00,2016-04-03 02:51:08,957000/36d6f44d8b5a9c818bac5998926e053f-d.jpg,,
15553894,Elektrische Energieversorgung,, ,,"Klaus Heuck,  Klaus-Dieter Dettmann  (auth.)",1991,2. Aufl.,Vieweg+Teubner Verlag,,438S.,0,German,,,,"978-3-528-18547-3,978-3-322-83619-9",,,,,,,10.1007/978-3-322-83619-9,,,,0,,1,1,1,,,1,18362048,pdf,4237cb30f45493d2e3d82492b085bb94,,,A:\\compressed\\10.1007%2F978-3-322-83619-9.pdf,0,2000-01-01 01:00:00,2016-04-03 02:51:08,957000/4237cb30f45493d2e3d82492b085bb94-d.jpg,,
15553895,PSpice: Eine Einführung,,Teubner-Studienskripten Elektrotechnik ,,"Harun Duyan,  Guido Hahnloser,  Dirk H. Traeger  (auth.)",1991,,Vieweg+Teubner Verlag,,"XIII, 191 S.",0,German,,,,"978-3-519-00143-0,978-3-322-96635-3",,,,,,,10.1007/978-3-322-96635-3,,,,0,,1,1,1,,,1,4895693,pdf,e628ab7fe4b61c1b4b90290ca74d1a52,,,A:\\compressed\\10.1007%2F978-3-322-96635-3.pdf,0,2000-01-01 01:00:00,2016-04-03 02:51:08,957000/e628ab7fe4b61c1b4b90290ca74d1a52-d.jpg,,
15553896,Datenbankzugriff in offenen Rechnernetzen,,Informationstechnik und Datenverarbeitung ,,Stefan Pappe  (auth.),1991,,Springer Berlin Heidelberg,,"IX, 205 S. 69 Abb.",0,German,,,,"978-3-540-53232-3,978-3-642-76134-8",,,,,,,10.1007/978-3-642-76134-8,,,,0,,1,1,1,,,1,10199269,pdf,5d52324ffeeb59235b75aa3ba3f2d7ce,,,A:\\compressed\\10.1007%2F978-3-642-76134-8.pdf,0,2000-01-01 01:00:00,2016-04-03 02:51:08,957000/5d52324ffeeb59235b75aa3ba3f2d7ce-d.jpg,,
15553897,Bänderstruktur und Stromtransport,,Halbleiter-Elektronik 3,,"Prof. Dr. rer. nat. Dr. Ing. h. c. Walter Heywang,  Dipl.-lng., Dr. phil. Hans Wolfgang Pötzl  (auth.)",1991,"2., überarb. u. erw. Aufl.",Springer Berlin Heidelberg,,312 S. 128 Abb.,0,German,,,,"978-3-540-53388-7,978-3-642-84337-2",,,,,,,10.1007/978-3-642-84337-2,,,,0,,1,1,1,,,1,10687462,pdf,9505c89a44fe4dd5feee3b2f59cb4516,,,A:\\compressed\\10.1007%2F978-3-642-84337-2.pdf,0,2000-01-01 01:00:00,2016-04-03 02:51:08,957000/9505c89a44fe4dd5feee3b2f59cb4516-d.jpg,,
15553898,Betriebssysteme: Grundkonzepte und Modellvorstellungen,,Leitfäden der angewandten Informatik ,,Prof. Dr. rer. nat. Fridolin Hofmann  (auth.),1991,2.Aufl.,Vieweg+Teubner Verlag,,280 S.,0,German,,,,"978-3-519-12474-0,978-3-322-93998-2",,,,,,,10.1007/978-3-322-93998-2,,,,0,,1,1,1,,,1,7374936,pdf,43eeb56dbdb16c1ee0c5eb0358a9e361,,,A:\\compressed\\10.1007%2F978-3-322-93998-2.pdf,0,2000-01-01 01:00:00,2016-04-03 02:51:08,957000/43eeb56dbdb16c1ee0c5eb0358a9e361-d.jpg,,
15553899,Neuronale Netze: Eine Einführung in die Neuroinformatik,,Leitfäden und Monographien der Informatik ,,Dr. rer. nat. Rüdiger Brause  (auth.),1991,,Vieweg+Teubner Verlag,,293 S.,0,German,,,,"978-3-519-02247-3,978-3-322-92118-5",,,,,,,10.1007/978-3-322-92118-5,,,,0,,1,1,1,,,1,12687211,pdf,fe82764aa7f7078535efeb2403162b9a,,,A:\\compressed\\10.1007%2F978-3-322-92118-5.pdf,0,2000-01-01 01:00:00,2016-04-03 02:51:08,957000/fe82764aa7f7078535efeb2403162b9a-d.jpg,,
15553900,dBASE IV: Programmieranleitung für die Arbeit mit einem Relationalen Datenbanksystem,, ,,Wolf-Michael Kähler  (auth.),1991,,Vieweg+Teubner Verlag,,398,0,German,,,,"978-3-528-24679-2,978-3-322-83222-1",,,,,,,10.1007/978-3-322-83222-1,,,,0,,1,1,1,,,1,14176586,pdf,85e7ef6537d5f24961f0bc4708cf7610,,,A:\\compressed\\10.1007%2F978-3-322-83222-1.pdf,0,2000-01-01 01:00:00,2016-04-03 02:51:08,957000/85e7ef6537d5f24961f0bc4708cf7610-d.jpg,,
15553901,Biomedizinische Technik 1991: Betrachtungen zur Situation eines multidisziplinären Fachgebietes,, ,,o. Univ.-Prof. Dr.-Ing. Helmut Hutten  (auth.),1991,,Springer Berlin Heidelberg,,"IV, 111 S.",0,German,,,,"978-3-540-54419-7,978-3-662-06110-7",,,,,,,10.1007/978-3-662-06110-7,,,,0,,1,1,1,,,1,3212930,pdf,182e1de5ab776c0d65ec0f5885548ae3,,,A:\\compressed\\10.1007%2F978-3-662-06110-7.pdf,0,2000-01-01 01:00:00,2016-04-03 02:51:08,957000/182e1de5ab776c0d65ec0f5885548ae3-d.jpg,,
15553902,Elektro-Fachkunde 2: Energietechnik,, ,,"Hille,  Schneider,  Großmann,  Lensch  (auth.)",1991,"3., neubearb. und erw. Aufl.",Vieweg+Teubner Verlag,,"492S. 620 Abb.. Mit 58 Versuchen, 97 Beispielen und 534 Übungsaufgaben. Dreifarbig.",0,German,,,,"978-3-519-26806-2,978-3-322-87209-8",,,,,,,10.1007/978-3-322-87209-8,,,,0,,1,1,1,,,1,61604897,pdf,66040d42125e9a69b3cb7a9743c85c3b,,,A:\\compressed\\10.1007%2F978-3-322-87209-8.pdf,0,2000-01-01 01:00:00,2016-04-03 02:51:08,957000/66040d42125e9a69b3cb7a9743c85c3b-d.jpg,,
15553903,"Digitale Kommunikationsnetze: Prinzipien, Einrichtungen, Systeme",, ,,Dipl.-Ing. Peter R. Gerke  (auth.),1991,,Springer Berlin Heidelberg,,"X, 386 S. 256 Abb.",0,German,,,,"978-3-642-93459-9,978-3-642-93458-2",,,,,,,10.1007/978-3-642-93458-2,,,"Völlige Neubearbeitung und Erweiterung des 1982 unter dem Titel \Neue Kommunikationsnetze\"" erschienenen Werkes""",0,,1,1,1,,,1,12673283,pdf,d465db33c15a060b79135cb78260873c,,,A:\\compressed\\10.1007%2F978-3-642-93458-2.pdf,0,2000-01-01 01:00:00,2016-04-03 02:51:08,957000/d465db33c15a060b79135cb78260873c-d.jpg,,
15553904,Verifikation digitaler Systeme: Eine Einführung in den Entwurf korrekter digitaler Systeme,,Leitfäden und Monographien der Informatik ,,Dr.-Ing. habil Hans Eveking  (auth.),1991,,Vieweg+Teubner Verlag,,"XII, 308 S.",0,German,,,,"978-3-519-02249-7,978-3-322-94684-3",,,,,,,10.1007/978-3-322-94684-3,,,,0,,1,1,1,,,1,10985202,pdf,b50148a9a44a1b78f8edb5c7e8d89d5b,,,A:\\compressed\\10.1007%2F978-3-322-94684-3.pdf,0,2000-01-01 01:00:00,2016-04-03 02:51:08,957000/b50148a9a44a1b78f8edb5c7e8d89d5b-d.jpg,,
15553905,"Arbeitsblätter Kraftfahrzeug Technik: Technologie, Technische Mathematik, Arbeitsplanung",, ,,"Dipl.-Ing. (FH) Wilfried Staudt,  Dipl.-Ing. (FH) Dieter Moos  (auth.)",1991,,Vieweg+Teubner Verlag,,"II, 130 S.",0,German,,,,"978-3-528-04913-3,978-3-322-96368-0",,,,,,,10.1007/978-3-322-96368-0,,,,0,,1,1,1,,,1,6962433,pdf,fb3351aafe6dafa063fb416ae2d3424a,,,A:\\compressed\\10.1007%2F978-3-322-96368-0.pdf,0,2000-01-01 01:00:00,2016-04-03 02:51:08,957000/fb3351aafe6dafa063fb416ae2d3424a-d.jpg,,
15553906,Programmieren in PROLOG: Eine umfassende und praxisgerechte Einführung,, ,,"Peter Bothner,  Wolf-Michael Kähler  (auth.)",1991,,Vieweg+Teubner Verlag,,"XII, 366S.",0,German,,,,"978-3-528-05158-7,978-3-322-87223-4",,,,,,,10.1007/978-3-322-87223-4,,,,0,,1,1,1,,,1,12968878,pdf,a1aaa9dd5d119d0f0c2e35905ff1738b,,,A:\\compressed\\10.1007%2F978-3-322-87223-4.pdf,0,2000-01-01 01:00:00,2016-04-03 02:51:08,957000/a1aaa9dd5d119d0f0c2e35905ff1738b-d.jpg,,
15553907,Systematische Planung komplexer Produktionssysteme,,iwb Forschungsberichte 31,,Dipl.-lng. Andreas Jäger  (auth.),1991,,Springer Berlin Heidelberg,,"XII, 144 S. 75 Abb.",0,German,,,,"978-3-540-53021-3,978-3-642-48030-0",,,,,,,10.1007/978-3-642-48030-0,,,,0,,1,1,1,,,1,5290492,pdf,37fa518e6f1c99077591e64b4a92ed58,,,A:\\compressed\\10.1007%2F978-3-642-48030-0.pdf,0,2000-01-01 01:00:00,2016-04-03 02:51:08,957000/37fa518e6f1c99077591e64b4a92ed58-d.jpg,,
15553908,Physikalisches Praktikum für Naturwissenschaftler und Ingenieure,,VDI-Buch ,,"Jürgen Becker,  Prof. H.-J. Jodl  (auth.)",1991,,Springer Berlin Heidelberg,,"VII, 185 S. 232 Abb.",0,German,,,,"978-3-540-62327-4,978-3-642-95807-6",,,,,,,10.1007/978-3-642-95807-6,,,,0,,1,1,1,,,1,5418219,pdf,4d71a2c1fab8ab42905bab247f757d15,,,A:\\compressed\\10.1007%2F978-3-642-95807-6.pdf,0,2000-01-01 01:00:00,2016-04-03 02:51:08,957000/4d71a2c1fab8ab42905bab247f757d15-d.jpg,,
15553909,Schlüsseltechnologie-Industrien: Standortverhalten und Einfluß auf den regionalen Strukturwandel in den USA und in Kanada,, ,,Dr. rer. nat. Harald Bathelt  (auth.),1991,,Springer Berlin Heidelberg,,"XXVIII, 419 S. 48 Abb., 15 Karten, 66 Tab.",0,German,,,,"978-3-642-76782-1,978-3-642-76781-4",,,,,,,10.1007/978-3-642-76781-4,,,,0,,1,1,1,,,1,15772351,pdf,fcbd28054e0af705f50117535c6d6d52,,,A:\\compressed\\10.1007%2F978-3-642-76781-4.pdf,0,2000-01-01 01:00:00,2016-04-03 02:51:08,957000/fcbd28054e0af705f50117535c6d6d52-d.jpg,,
15553910,Zerbricht die Wirklichkeit ?,, ,,O. Univ.-Prof. Dr. techn. habil. Gerhard Fasching  (auth.),1991,,Springer Vienna,,"IX, 129 S. 12 Abb.",0,German,,,,"978-3-211-82322-4,978-3-7091-9194-1",,,,,,,10.1007/978-3-7091-9194-1,,,,0,,1,1,1,,,1,2392371,pdf,7e9869179c7f3779c70913d6dc35d781,,,A:\\compressed\\10.1007%2F978-3-7091-9194-1.pdf,0,2000-01-01 01:00:00,2016-04-03 02:51:08,957000/7e9869179c7f3779c70913d6dc35d781-d.jpg,,
15553911,Hochintegrierte Schaltungen: Prüfgerechter Entwurf und Test,, ,,Hans-Joachim Wunderlich  (auth.),1991,,Springer Berlin Heidelberg,,"XIII, 560 S. 391 Abb., 52 Tab.",0,German,,,,"978-3-540-53456-3,978-3-642-76289-5",,,,,,,10.1007/978-3-642-76289-5,,,,0,,1,1,1,,,1,20903890,pdf,aed1b52fdf04ede55e122dc7584f1f7d,,,A:\\compressed\\10.1007%2F978-3-642-76289-5.pdf,0,2000-01-01 01:00:00,2016-04-03 02:51:08,957000/aed1b52fdf04ede55e122dc7584f1f7d-d.jpg,,
15553912,Bauelemente der Halbleiter-Elektronik,,Halbleiter-Elektronik 2,,Dr.techn. Rudolf Müller  (auth.),1991,"4., überarb. Aufl.",Springer Berlin Heidelberg,,328 S. 320 Abb.,0,German,,,,"978-3-540-54489-0,978-3-642-84591-8",,,,,,,10.1007/978-3-642-84591-8,,,,0,,1,1,1,,,1,12176758,pdf,06d77f8f6f4dd0b4ed0256967b8ebbd8,,,A:\\compressed\\10.1007%2F978-3-642-84591-8.pdf,0,2000-01-01 01:00:00,2016-04-03 02:51:08,957000/06d77f8f6f4dd0b4ed0256967b8ebbd8-d.jpg,,
15553913,Elektrotechnik im Maschinenbau,, ,,Horst Krämer  (auth.),1991,"3., völlig überarb. Aufl.",Vieweg+Teubner Verlag,,"XVI, 320S. 589 Abb..",0,English,,,,"978-3-528-24074-5,978-3-322-90354-9",,,,,,,10.1007/978-3-322-90354-9,,,,0,,1,1,1,,,1,13722765,pdf,c3101d5a72d5b207977f263492788450,,,A:\\compressed\\10.1007%2F978-3-322-90354-9.pdf,0,2000-01-01 01:00:00,2016-04-03 02:51:08,957000/c3101d5a72d5b207977f263492788450-d.jpg,,
15553914,Computergestützte Gruppenarbeit (CSCW),,Berichte des German Chapter of the ACM ,,"Jürgen Friedrich,  Karl-Heinz Rödiger  (auth.),  Prof. Dr. Jürgen Friedrich,  Dr. Karl-Heinz Rödiger  (eds.)",1991,,Vieweg+Teubner Verlag,,316S.,0,German,,,,"978-3-519-02675-4,978-3-322-92140-6",,,,,,,10.1007/978-3-322-92140-6,,,,0,,1,1,1,,,1,13940481,pdf,edf0db915b050e9e6052dc9dc7420241,,,A:\\compressed\\10.1007%2F978-3-322-92140-6.pdf,0,2000-01-01 01:00:00,2016-04-03 02:51:08,957000/edf0db915b050e9e6052dc9dc7420241-d.jpg,,
15553915,Technik und Wissenschaft,,Technik und Kultur ,,"Alwin Diemer,  Gert König  (auth.),  Armin Hermann,  Charlotte Schönbeck  (eds.)",1991,,Springer Berlin Heidelberg,,531,0,German,,,,"978-3-642-95787-1,978-3-642-95786-4",,,,,,,10.1007/978-3-642-95786-4,,,,0,,1,1,1,,,1,17278433,pdf,730bce477f6bbeb7c631654fa28360af,,,A:\\compressed\\10.1007%2F978-3-642-95786-4.pdf,0,2000-01-01 01:00:00,2016-04-03 02:51:08,957000/730bce477f6bbeb7c631654fa28360af-d.jpg,,
15553916,Den Wettbewerb im Energiesektor planen: Least-Cost Planning: Ein neues Konzept zur Optimierung von Energiedienstleistungen,, ,,"Prof. Dr. P. Hennicke  (auth.),  Prof. Dr. Peter Hennicke  (eds.)",1991,,Springer Berlin Heidelberg,,"XVI, 438 S. 31 Abb., 36 Tab.",0,German,,,,"978-3-540-54157-8,978-3-642-76701-2",,,,,,,10.1007/978-3-642-76701-2,,,,0,,1,1,1,,,1,19938627,pdf,483ac743dcd1ca1d1acb2df01c4cdcfc,,,A:\\compressed\\10.1007%2F978-3-642-76701-2.pdf,0,2000-01-01 01:00:00,2016-04-03 02:51:08,957000/483ac743dcd1ca1d1acb2df01c4cdcfc-d.jpg,,
15553917,Multisensordatenverarbeitung in der Robotik,,Informatik-Fachberichte 268,,Jörg Raczkowsky  (auth.),1991,,Springer Berlin Heidelberg,,"X, 168 S.",0,German,,,,"978-3-540-53745-8,978-3-642-76476-9",,,,,,,10.1007/978-3-642-76476-9,,,,0,,1,1,1,,,1,7218048,pdf,1021c0ccd3c3db3500d0b3472613e797,,,A:\\compressed\\10.1007%2F978-3-642-76476-9.pdf,0,2000-01-01 01:00:00,2016-04-03 02:51:08,957000/1021c0ccd3c3db3500d0b3472613e797-d.jpg,,
15553918,Reaktion und Mechanismus in der organischen Chemie,,Teubner Studienbücher Chemie ,,Prof. Dr. rer. nat. Siegfried Hauptmann  (auth.),1991,,Vieweg+Teubner Verlag,,"II, 227S.",0,German,,,,"978-3-519-03515-2,978-3-322-94724-6",,,,,,,10.1007/978-3-322-94724-6,,,,0,,1,1,1,,,1,4313851,pdf,e558ae48a321645b07c4362f19a769f5,,,A:\\compressed\\10.1007%2F978-3-322-94724-6.pdf,0,2000-01-01 01:00:00,2016-04-03 02:51:08,957000/e558ae48a321645b07c4362f19a769f5-d.jpg,,
15553919,Funksignalanalyse,,Teubner Studienskripten Soziologie ,,Priv.-Doz. Dr. rer. nat. habil. Friedrich Jondral  (auth.),1991,,Vieweg+Teubner Verlag,,201S. 106 Abb..,0,German,,,,"978-3-519-06132-8,978-3-322-84851-2",,,,,,,10.1007/978-3-322-84851-2,,,,0,,1,1,1,,,1,4378914,pdf,9f3d34b501790fc3baf6892659187cf3,,,A:\\compressed\\10.1007%2F978-3-322-84851-2.pdf,0,2000-01-01 01:00:00,2016-04-03 02:51:08,957000/9f3d34b501790fc3baf6892659187cf3-d.jpg,,
15553920,"Prozeßautomatisierung: Aufgabenstellung, Realisierung und Anwendungsbeispiele",,Leitfäden der angewandten Informatik ,,"Dr.-Ing. Gunter Bolch,  Dipl.-Inform. Martina-Maria Vollath  (auth.)",1991,,Vieweg+Teubner Verlag,,216 S.,0,German,,,,"978-3-519-02499-6,978-3-322-92752-1",,,,,,,10.1007/978-3-322-92752-1,,,,0,,1,1,1,,,1,5349155,pdf,0465083b0c2ac769ee672953c0d32616,,,A:\\compressed\\10.1007%2F978-3-322-92752-1.pdf,0,2000-01-01 01:00:00,2016-04-03 02:51:08,957000/0465083b0c2ac769ee672953c0d32616-d.jpg,,
15553921,Vom Problem zum Programm: Eine Einführung in die Informatik,,Leitfäden und Monographien der Informatik ,,Prof. Dr. rer. nat. Herbert Klaeren  (auth.),1991,"2., neubearbeitete und erweiterte Aufl.",Vieweg+Teubner Verlag,,240S.,0,German,,,,"978-3-519-12242-5,978-3-322-93993-7",,,,,,,10.1007/978-3-322-93993-7,,,,0,,1,1,1,,,1,9550591,pdf,8263a8669f763d4fc479489c16fed81d,,,A:\\compressed\\10.1007%2F978-3-322-93993-7.pdf,0,2000-01-01 01:00:00,2016-04-03 02:51:08,957000/8263a8669f763d4fc479489c16fed81d-d.jpg,,
15553922,"Automatische Fahrzeuggetriebe: Grundlagen, Bauformen, Eigenschaften, Besonderheiten",, ,,Dr.-Ing. habil. Hans Joachim Förster  (auth.),1991,,Springer Berlin Heidelberg,,"XXVI, 529 S. 593 Abb., 24 Tab.",0,German,,,,"978-3-642-84119-4,978-3-642-84118-7",,,,,,,10.1007/978-3-642-84118-7,,,,0,,1,1,1,,,1,15461268,pdf,3a7a146937fe959d6c706811b413f0a9,,,A:\\compressed\\10.1007%2F978-3-642-84118-7.pdf,0,2000-01-01 01:00:00,2016-04-03 02:51:08,957000/3a7a146937fe959d6c706811b413f0a9-d.jpg,,
15553923,"Flexible, realzeitfähige Kollisionsvermeidung in Mehrroboter-Systemen",,Informatik-Fachberichte 277,,Ulrich Borgolte  (auth.),1991,,Springer Berlin Heidelberg,,"XIII, 105 S.",0,German,,,,"978-3-540-54363-3,978-3-642-76832-3",,,,,,,10.1007/978-3-642-76832-3,,,,0,,1,1,1,,,1,5335539,pdf,427da2f4e4c4be075c069f4d21674383,,,A:\\compressed\\10.1007%2F978-3-642-76832-3.pdf,0,2000-01-01 01:00:00,2016-04-03 02:51:08,957000/427da2f4e4c4be075c069f4d21674383-d.jpg,,
15553924,System-Engineering für Realzeitsysteme: Bericht über das Verbundprojekt PROSYT,, ,,"Hartwig Steusloff  (auth.),  Hartwig Steusloff,  Thomas Batz  (eds.)",1991,,Springer Berlin Heidelberg,,"XVII, 421 S. 170 Abb.",0,German,,,,"978-3-540-53184-5,978-3-642-51661-0",,,,,,,10.1007/978-3-642-51661-0,,,,0,,1,1,1,,,1,16271427,pdf,f9c4ad07d0582d1cf2f62effdd9b4d61,,,A:\\compressed\\10.1007%2F978-3-642-51661-0.pdf,0,2000-01-01 01:00:00,2016-04-03 02:51:08,957000/f9c4ad07d0582d1cf2f62effdd9b4d61-d.jpg,,
15553925,Beispiele und Aufgaben zur Regelungstechnik,,Teubner Studienskripten (TSS) ,,Dipl.-Phys. T. Ebel  (auth.),1991,"4, überarb. Aufl.",Vieweg+Teubner Verlag,,"167S. 126 Abb.. Mit 21 Beispiele, 58 Aufgaben und Lösungen.",0,German,,,,"978-3-519-30070-0,978-3-322-92725-5",,,,,,,10.1007/978-3-322-92725-5,,,,0,,1,1,1,,,1,2632971,pdf,2e7fbf1f1b1be596d1ac33f11eff1862,,,A:\\compressed\\10.1007%2F978-3-322-92725-5.pdf,0,2000-01-01 01:00:00,2016-04-03 02:51:08,957000/2e7fbf1f1b1be596d1ac33f11eff1862-d.jpg,,
15553926,Einführung in die Ölhydraulik,, ,,Dr.-Ing. Hans Jürgen Matthies  (auth.),1991,,Vieweg+Teubner Verlag,,2.Aufl. 1991,0,German,,,,"978-3-519-16318-3,978-3-322-94107-7",,,,,,,10.1007/978-3-322-94107-7,,,,0,,1,1,1,,,1,8438044,pdf,601f5b784167371c813e48aadb324e02,,,A:\\compressed\\10.1007%2F978-3-322-94107-7.pdf,0,2000-01-01 01:00:00,2016-04-03 02:51:08,957000/601f5b784167371c813e48aadb324e02-d.jpg,,
15553927,Weitverkehrstechnik: Nachrichtenübertragung über große Entfernungen,, ,,"Klaus Kief  (auth.),  Wolfgang Schneider  (eds.)",1991,,Vieweg+Teubner Verlag,,250S.,0,German,,,,"978-3-528-04674-3,978-3-322-86417-8",,,,,,,10.1007/978-3-322-86417-8,,,,0,,1,1,1,,,1,5332265,pdf,7fbb46005ee42569254fcd8c4b855758,,,A:\\compressed\\10.1007%2F978-3-322-86417-8.pdf,0,2000-01-01 01:00:00,2016-04-03 02:51:08,957000/7fbb46005ee42569254fcd8c4b855758-d.jpg,,
15553928,Bioanorganishe Chemie: Zur Funktion chemischer Elemente in Lebensprozessen,,Teubner Studienbücher Chemie ,,"Prof. Dr. phil. nat. Wolfgang Kaim,  Brigitte Schwederski Ph. D.  (auth.)",1991,,Vieweg+Teubner Verlag,,"XII, 453 S.",0,German,,,,"978-3-519-03505-3,978-3-322-94722-2",,,,,,,10.1007/978-3-322-94722-2,,,,0,,1,1,1,,,1,13360907,pdf,1376ce02cc7e80b0571fe1734c797780,,,A:\\compressed\\10.1007%2F978-3-322-94722-2.pdf,0,2000-01-01 01:00:00,2016-04-03 02:51:08,957000/1376ce02cc7e80b0571fe1734c797780-d.jpg,,
15553929,"Mikrorechner-Systeme: Mikroprozessoren, Speicher, Peripherie",,Springer-Lehrbuch ,,Dr. Helmut Bähring  (auth.),1991,,Springer Berlin Heidelberg,,"XX, 658 S. 407 Abb., 54 Tab.",0,German,,,,"978-3-540-53489-1,978-3-642-97300-0",,,,,,,10.1007/978-3-642-97300-0,,,,0,,1,1,1,,,1,74948144,pdf,5e8dad3e4ccc92cab6cac675a0ba32ce,,,A:\\compressed\\10.1007%2F978-3-642-97300-0.pdf,0,2000-01-01 01:00:00,2016-04-03 02:51:08,957000/5e8dad3e4ccc92cab6cac675a0ba32ce-d.jpg,,
15553930,"Aufgaben zu Technische Mechanik 1–3: Statik, Elastostatik, Kinetik",,Springer-Lehrbuch ,,"Prof. Dr. Werner Hauger,  Prof. Dr. Dr. h. c. Horst Lippmann,  Dr. Volker Mannl  (auth.)",1991,,Springer Berlin Heidelberg,,"VIII, 296 S.",0,German,,,,"978-3-540-53722-9,978-3-662-21654-5",,,,,,,10.1007/978-3-662-21654-5,,,,0,,1,1,1,,,1,7440950,pdf,22c893b94019a0d6cbd8d7224be98998,,,A:\\compressed\\10.1007%2F978-3-662-21654-5.pdf,0,2000-01-01 01:00:00,2016-04-03 02:51:08,957000/22c893b94019a0d6cbd8d7224be98998-d.jpg,,
15553931,Strömungsmaschinen,, ,,"Carl Pfleiderer,  Dr.-Ing. Hartwig Petermann  (auth.)",1991,,Springer Berlin Heidelberg,,596,0,German,,,,"978-3-662-10102-5,978-3-662-10101-8",,,,,,,10.1007/978-3-662-10101-8,,,,0,,1,1,1,,,1,22543567,pdf,17487a6a10e7c3bf53dd99171762d400,,,A:\\compressed\\10.1007%2F978-3-662-10101-8.pdf,0,2000-01-01 01:00:00,2016-04-03 02:51:08,957000/17487a6a10e7c3bf53dd99171762d400-d.jpg,,
15553932,Spracheingabe zur Programmierung von Schweißrobotern,,fir + iaw Forschung fü die Praxis 36,,Dipl.-Ing. Birgit Scherff  (auth.),1991,,Springer Berlin Heidelberg,,"IX, 150 S. 54 Abb., 6 Tab.",0,German,,,,"978-3-540-53953-7,978-3-642-95658-4",,,,,,,10.1007/978-3-642-95658-4,,,,0,,1,1,1,,,1,5151022,pdf,3263781a760b3addbff4c0fd921ff332,,,A:\\compressed\\10.1007%2F978-3-642-95658-4.pdf,0,2000-01-01 01:00:00,2016-04-03 02:51:08,957000/3263781a760b3addbff4c0fd921ff332-d.jpg,,
15553933,"Schutztechnik in Elektroenergiesystemen: Grundlagen, Stand der Technik Neuentwicklungen",, ,,"Dr. techn. Dipl.-Ing. Helmut Ungrad,  Dr.-Ing. habit. Willibald Winkler,  Dr.-Ing. habit. Andrzej Wiszniewski  (auth.)",1991,,Springer Berlin Heidelberg,,"XII, 406 S.",0,German,,,,"978-3-540-53385-6,978-3-662-09832-5",,,,,,,10.1007/978-3-662-09832-5,,,,0,,1,1,1,,,1,12909378,pdf,19dc0fb56a633bd621dfe26b6eb5bd0d,,,A:\\compressed\\10.1007%2F978-3-662-09832-5.pdf,0,2000-01-01 01:00:00,2016-04-03 02:51:08,957000/19dc0fb56a633bd621dfe26b6eb5bd0d-d.jpg,,
15553934,Mikromechanik: Einführung in Technologie und Anwendungen,,Angewandte Physik ,,Dr. rer. nat. Stephanus Büttgenbach  (auth.),1991,,Vieweg+Teubner Verlag,,240 S.,0,German,,,,"978-3-519-03071-3,978-3-322-92135-2",,,,,,,10.1007/978-3-322-92135-2,,,,0,,1,1,1,,,1,4836733,pdf,e279aa19d643f47c3f9f950629be9ebf,,,A:\\compressed\\10.1007%2F978-3-322-92135-2.pdf,0,2000-01-01 01:00:00,2016-04-03 02:51:08,957000/e279aa19d643f47c3f9f950629be9ebf-d.jpg,,
15553935,Robotersimulation,, ,,"Dieter W. Wloka  (auth.),  Dr.-Ing. Dieter W. Wloka  (eds.)",1991,,Springer Berlin Heidelberg,,"VII, 328 S. 133 Abb.",0,German,,,,"978-3-540-53828-8,978-3-662-00839-3",,,,,,,10.1007/978-3-662-00839-3,,,,0,,1,1,1,,,1,14674474,pdf,0514cba2de3d5cab73b3053c01a78e6d,,,A:\\compressed\\10.1007%2F978-3-662-00839-3.pdf,0,2000-01-01 01:00:00,2016-04-03 02:51:08,957000/0514cba2de3d5cab73b3053c01a78e6d-d.jpg,,
15553936,"Medizinische Elektronik: Eine Einführung für Studierende der Ingenieurwissenschaften, Physik, Medizin und Biologie",, ,,Prof. Dr. Joseph Eichmeier  (auth.),1991,"2., völlig neubearb. u. erw. Aufl.",Springer Berlin Heidelberg,,"XIII, 297 S.",0,German,,,,"978-3-540-53387-0,978-3-662-08623-0",,,,,,,10.1007/978-3-662-08623-0,,,,0,,1,1,1,,,1,9856912,pdf,0e6c44396c693b3dae5423baa9f9e0f6,,,A:\\compressed\\10.1007%2F978-3-662-08623-0.pdf,0,2000-01-01 01:00:00,2016-04-03 02:51:08,958000/0e6c44396c693b3dae5423baa9f9e0f6-d.jpg,,
15553937,Übungen zur Technischen Strömungslehre,, ,,"Prof. Dr. rer. nat. Ernst Becker,  Prof. Dr.-Ing. Eckart Piltz  (auth.)",1991,,Vieweg+Teubner Verlag,,4Aufl. 1991,0,German,,,,"978-3-519-33024-0,978-3-322-91794-2",,,,,,,10.1007/978-3-322-91794-2,,,,0,,1,1,1,,,1,4085364,pdf,31709878b7ce04fcf38b06bf0c023a5e,,,A:\\compressed\\10.1007%2F978-3-322-91794-2.pdf,0,2000-01-01 01:00:00,2016-04-03 02:51:08,958000/31709878b7ce04fcf38b06bf0c023a5e-d.jpg,,
15553938,Lehrbuch der Analysis: Teil 2,,Mathematische Leitfäden ,,Dr. rer. nat. Harro Heuser  (auth.),1991,9Aufl.,Vieweg+Teubner Verlag,,740 S.,0,German,,,,"978-3-519-32232-0,978-3-322-94097-1",,,,,,,10.1007/978-3-322-94097-1,,,,0,,1,1,1,,,1,14052792,pdf,63c650aa38183c5cd259da5a8cb8dfe2,,,A:\\compressed\\10.1007%2F978-3-322-94097-1.pdf,0,2000-01-01 01:00:00,2016-04-03 02:51:08,958000/63c650aa38183c5cd259da5a8cb8dfe2-d.jpg,,
15553939,Strömungsmechanik,,Springer-Lehrbuch ,,"Prof. Dr.-Ing., Dr. techn. E. h. Jürgen Zierep,  Prof. Dr.-Ing. habil. Karl Bühler  (auth.)",1991,,Springer Berlin Heidelberg,,"IX, 224 S. 120 Abb.",0,German,,,,"978-3-540-53827-1,978-3-642-88296-8",,,,,,,10.1007/978-3-642-88296-8,,,,0,,1,1,1,,,1,7866910,pdf,dd96ca68f960817164c7ecadc99ecd59,,,A:\\compressed\\10.1007%2F978-3-642-88296-8.pdf,0,2000-01-01 01:00:00,2016-04-03 02:51:08,958000/dd96ca68f960817164c7ecadc99ecd59-d.jpg,,
15553940,Regelungstechnik,,Teubner Studienskripten (TSS) ,,Prof. Dipl.-Phys. Tjark Ebel  (auth.),1991,"6, überarb. Aufl.",Vieweg+Teubner Verlag,,215S. 106 Abb.. Mit 40 Beispiele.,0,German,,,,"978-3-519-00142-3,978-3-322-84790-4",,,,,,,10.1007/978-3-322-84790-4,,,,0,,1,1,1,,,1,2484919,pdf,30d2a0ea98b8454d59e398a73c955ae8,,,A:\\compressed\\10.1007%2F978-3-322-84790-4.pdf,0,2000-01-01 01:00:00,2016-04-03 02:51:08,958000/30d2a0ea98b8454d59e398a73c955ae8-d.jpg,,
15553941,"Silicium und Silicone: Über steinzeitliche Werkzeuge, antike Töpfereien, moderne Keramik, Computer, Werkstoffe für die Raumfahrt, und wie es dazu kam",, ,,Professor Eugene George Rochow  (auth.),1991,,Springer Berlin Heidelberg,,"XII, 210 S.",0,German,,,,"978-3-540-52927-9,978-3-662-09896-7",,,,,,,10.1007/978-3-662-09896-7,,,,0,,1,1,1,,,1,5611895,pdf,50ef41a411b4bb55a4c385289faaead2,,,A:\\compressed\\10.1007%2F978-3-662-09896-7.pdf,0,2000-01-01 01:00:00,2016-04-03 02:51:08,958000/50ef41a411b4bb55a4c385289faaead2-d.jpg,,
15553942,Freeform Tools in CAD Systems: A Comparison,, ,,"Pierre Moreau,  Olivier Bellart  (auth.),  Prof. Dr. rer. nat. Josef Hoschek  (eds.)",1991,,Vieweg+Teubner Verlag,,280,0,English,,,,"978-3-322-86774-2,978-3-322-86773-5",,,,,,,10.1007/978-3-322-86773-5,,,,0,,1,1,1,,,1,8129307,pdf,d56e114831d5c297480494b465e3cb37,,,A:\\compressed\\10.1007%2F978-3-322-86773-5.pdf,0,2000-01-01 01:00:00,2016-04-03 02:51:08,958000/d56e114831d5c297480494b465e3cb37-d.jpg,,
15553943,Methoden der digitalen Bildsignalverarbeitung,, ,,Piero Zamperoni  (auth.),1991,"2., überarb. Aufl.",Vieweg+Teubner Verlag,,"VIII, 264S. 146 Abb..",0,German,,,,"978-3-528-13365-8,978-3-322-87269-2",,,,,,,10.1007/978-3-322-87269-2,,,,0,,1,1,1,,,1,8719088,pdf,2b41070f01a2ce5a3803a12d2ef6693d,,,A:\\compressed\\10.1007%2F978-3-322-87269-2.pdf,0,2000-01-01 01:00:00,2016-04-03 02:51:08,958000/2b41070f01a2ce5a3803a12d2ef6693d-d.jpg,,
15553944,Die Modularität der Wissenschaft: Konzeptuelle und soziale Prinzipien linguistischer Erkenntnis,,Wissenschaftstheorie Wissenschaft und Philosophie ,,Dr. András Kertész  (auth.),1991,,Vieweg+Teubner Verlag,,236,0,German,,,,"978-3-322-88968-3,978-3-322-88967-6",,,,,,,10.1007/978-3-322-88967-6,,,,0,,1,1,1,,,1,10087968,pdf,9dd3b4fbca12a551971d9401e6acaade,,,A:\\compressed\\10.1007%2F978-3-322-88967-6.pdf,0,2000-01-01 01:00:00,2016-04-03 02:51:08,958000/9dd3b4fbca12a551971d9401e6acaade-d.jpg,,
15553945,Fotorealistische Computeranimation,, ,,"Heinrich Müller,  Wolfgang Leister,  Achim Stößer  (auth.)",1991,,Springer Berlin Heidelberg,,"IX, 387 S. 182 z.Tl. farb. Abb.",0,German,,,,"978-3-642-76136-2,978-3-642-76135-5",,,,,,,10.1007/978-3-642-76135-5,,,,0,,1,1,1,,,1,12193318,pdf,c78918dd5acb677add00e1fd0b93b76e,,,A:\\compressed\\10.1007%2F978-3-642-76135-5.pdf,0,2000-01-01 01:00:00,2016-04-03 02:51:08,958000/c78918dd5acb677add00e1fd0b93b76e-d.jpg,,
15553946,"Maschinen- und Konstruktionselemente: Band II Verbindungselemente, elastische Elemente, Achsen und Wellen, Dichtungstechnik",,Hochschultext ,,"Dr.-lng. Waldemar Steinhilper,  Dr.-lng. Rudolf Röper  (auth.)",1991,"2., überarb. Aufl.",Springer Berlin Heidelberg,,"XIV, 609 S.",0,German,,,,"978-3-540-53395-5,978-3-662-08508-0",,,,,,,10.1007/978-3-662-08508-0,,,,0,,1,1,1,,,1,23446302,pdf,873d52844071d44fc3932bedddd80adb,,,A:\\compressed\\10.1007%2F978-3-662-08508-0.pdf,0,2000-01-01 01:00:00,2016-04-03 02:51:08,958000/873d52844071d44fc3932bedddd80adb-d.jpg,,
15553947,Maschinenbau für Elektrotechniker: Teil 2,, ,,Prof. Dipl.-Ing. Dr. Hans G. Steger  (auth.),1991,,Vieweg+Teubner Verlag,,"192S. Mit 313 Bildern und Tabellen, 101 Beispielen und Versuchen sowie 123 Aufgaben. Zweifarbig.",0,German,,,,"978-3-519-06735-1,978-3-322-92776-7",,,,,,,10.1007/978-3-322-92776-7,,,,0,,1,1,1,,,1,11030266,pdf,95a21b93236126d1be49090777655116,,,A:\\compressed\\10.1007%2F978-3-322-92776-7.pdf,0,2000-01-01 01:00:00,2016-04-03 02:51:08,958000/95a21b93236126d1be49090777655116-d.jpg,,
15553948,"Digitale Signalverarbeitung: Grundlagen, Theorie, Anwendungen in der Automatisierungstechnik",,Hochschultext ,,Prof. Dr. rer. nat. Heinz Kronmüller  (auth.),1991,,Springer Berlin Heidelberg,,"XII, 525 S. 178 Abb.",0,German,,,,"978-3-540-54128-8,978-3-642-86423-0",,,,,,,10.1007/978-3-642-86423-0,,,,0,,1,1,1,,,1,13093398,pdf,c38a7c496c35b733bfa879584b30c0ac,,,A:\\compressed\\10.1007%2F978-3-642-86423-0.pdf,0,2000-01-01 01:00:00,2016-04-03 02:51:08,958000/c38a7c496c35b733bfa879584b30c0ac-d.jpg,,
15553949,Energieversorgung— Dienstleistung für rationelle Energienutzung: VDE/VDI/GFPE-Tagung in Schliersee am 2./3. Mai 1991,,FfE-Schriftenreihe der Forschungsstelle für Energiewirtschaft · 20,,H. Schaefer  (auth.),1991,,Springer Berlin Heidelberg,,"VI, 209 S.",0,German,,,,"978-3-540-53692-5,978-3-642-95653-9",,,,,,,10.1007/978-3-642-95653-9,,,,0,,1,1,1,,,1,8701879,pdf,ca0cdd72dbd882c897973f95821916f7,,,A:\\compressed\\10.1007%2F978-3-642-95653-9.pdf,0,2000-01-01 01:00:00,2016-04-03 02:51:08,958000/ca0cdd72dbd882c897973f95821916f7-d.jpg,,
15553950,Rhetorik für den Ingenieur,,VDI-Buch ,,Gerd Ammelburg  (auth.),1991,"Ursprünglich erschienen beim VDI-Verlag, Düsseldorf5. Aufl.",Springer Berlin Heidelberg,,"XI, 180 S.",0,German,,,,"978-3-540-62139-3,978-3-662-00872-0",,,,,,,10.1007/978-3-662-00872-0,,,,0,,1,1,1,,,1,3722274,pdf,35733c11e3a8b4f88813d4cae1a7d692,,,A:\\compressed\\10.1007%2F978-3-662-00872-0.pdf,0,2000-01-01 01:00:00,2016-04-03 02:51:08,958000/35733c11e3a8b4f88813d4cae1a7d692-d.jpg,,
15553951,Elektromagnetische Verträglichkeit,, ,,Prof. Dr.-Ing. Adolf J. Schwab  (auth.),1991,,Springer Berlin Heidelberg,,463,0,German,,,,"978-3-662-06983-7,978-3-662-06982-0",,,,,,,10.1007/978-3-662-06982-0,,,,0,,1,1,1,,,1,20038247,pdf,d69456f8c6e804af2570d98f56c1e5ca,,,A:\\compressed\\10.1007%2F978-3-662-06982-0.pdf,0,2000-01-01 01:00:00,2016-04-03 02:51:08,958000/d69456f8c6e804af2570d98f56c1e5ca-d.jpg,,
15553952,Architektour: Bauen in Stuttgart Seit 1900,, ,,"Gert Kähler  (auth.),  Gert Kähler  (eds.)",1991,,Vieweg+Teubner Verlag,,269S.,0,German,,,,"978-3-528-08723-4,978-3-322-83912-1",,,,,,,10.1007/978-3-322-83912-1,,,,0,,1,1,1,,,1,14922660,pdf,f2b37607aaa15fc896c775a3cf6671c9,,,A:\\compressed\\10.1007%2F978-3-322-83912-1.pdf,0,2000-01-01 01:00:00,2016-04-03 02:51:08,958000/f2b37607aaa15fc896c775a3cf6671c9-d.jpg,,
15553953,Expertensysteme in CIM,,CIM-Fachmann ,,"Prof. Dr.-Ing. Günter Warnecke  (auth.),  Prof. Dr.-Ing. Günter Warnecke  (eds.)",1991,,Springer Berlin Heidelberg,,"Koproduktion mit dem TÜV RheinlandXIV, 199 S.",0,German,,,,"978-3-540-53248-4,978-3-642-95632-4",,,,,,,10.1007/978-3-642-95632-4,,,,0,,1,1,1,,,1,9586014,pdf,a212c11df5b05b021dfe16746ce870a2,,,A:\\compressed\\10.1007%2F978-3-642-95632-4.pdf,0,2000-01-01 01:00:00,2016-04-03 02:51:08,958000/a212c11df5b05b021dfe16746ce870a2-d.jpg,,
15553954,Technische Mechanik für Ingenieure: Band 1: Statik,,Aus dem Programm Grundgebiete des Maschinenbaus ,,Joachim Berger  (auth.),1991,,Vieweg+Teubner Verlag,,"XII, 363S. 396 Abb.. Mit zahlreichen Beisp.",0,German,,,,"978-3-528-04670-5,978-3-322-89864-7",,,,,,,10.1007/978-3-322-89864-7,,,,0,,1,1,1,,,1,8189882,pdf,66f48c30a7050b697c6b20ee3ba181ae,,,A:\\compressed\\10.1007%2F978-3-322-89864-7.pdf,0,2000-01-01 01:00:00,2016-04-03 02:51:08,958000/66f48c30a7050b697c6b20ee3ba181ae-d.jpg,,
15553955,Arbeiten mit MS-DOS QBasic: Das optimale Benutzerhandbuch von Microsoft für das neue MS-DOS BASIC,, ,,"Michael Halvorson,  David Rygmyr  (auth.)",1991,,Vieweg+Teubner Verlag,,"XIV, 511S.",0,German,,,,"978-3-528-05164-8,978-3-322-87224-1",,,,,,,10.1007/978-3-322-87224-1,,,,0,,1,1,1,,,1,21676537,pdf,dbabd09386e3f9a331524977cfc4afcd,,,A:\\compressed\\10.1007%2F978-3-322-87224-1.pdf,0,2000-01-01 01:00:00,2016-04-03 02:51:08,958000/dbabd09386e3f9a331524977cfc4afcd-d.jpg,,
15553956,Gebäudeplanung und Betrieb: Einfluß der Gebäudeplanung auf die Wirtschaftlichkeit von Betrieben,,Praxis der Bauwirtschaft ,,Wolfdietrich Kalusche  (auth.),1991,,Springer Berlin Heidelberg,,"XI, 196 S. 28 Abb.",0,German,,,,"978-3-642-93457-5,978-3-642-93456-8",,,,,,,10.1007/978-3-642-93456-8,,,,0,,1,1,1,,,1,4860926,pdf,8ee3164ac267fe41ee4810652da40276,,,A:\\compressed\\10.1007%2F978-3-642-93456-8.pdf,0,2000-01-01 01:00:00,2016-04-03 02:51:08,958000/8ee3164ac267fe41ee4810652da40276-d.jpg,,
15553957,Simulationssystem für Fertigungsprozesse mit Stückgutcharakter: Ein gegenstandsorientiertes System mit parametrisierter Netzwerkmodellierung,,IPA-IAO — Forschung und Praxis 154,,"Dipl.-Ing., M. Sc. Bernd-Dietmar Becker  (auth.)",1991,,Springer Berlin Heidelberg,,"162 S. 48 Abb., 47 Tab.",0,German,,,,"978-3-540-53847-9,978-3-642-47943-4",,,,,,,10.1007/978-3-642-47943-4,,,,0,,1,1,1,,,1,3043177,pdf,e7db15bd1008d2f985c245b8f92b21f7,,,A:\\compressed\\10.1007%2F978-3-642-47943-4.pdf,0,2000-01-01 01:00:00,2016-04-03 02:51:08,958000/e7db15bd1008d2f985c245b8f92b21f7-d.jpg,,
15553958,Einführung in die CIM-Praxis: Rechnerintegrierte Produktion,,Studium und Praxis ,,"o. Prof. Dr.-Ing. Dr. h.c. Hans Grabowski  (auth.),  Dr.-Ing. E.h. Gerhard Neipp,  Prof. Dr.-Ing. Hans-J. Stracke  (eds.)",1991,,Springer Berlin Heidelberg,,"XIV, 265 S. 191 Abb., 2 Tab.",0,German,,,,"978-3-642-95809-0,978-3-642-95808-3",,,,,,,10.1007/978-3-642-95808-3,,,,0,,1,1,1,,,1,11729895,pdf,57a64a7e4c0939f172cbd7acc727df95,,,A:\\compressed\\10.1007%2F978-3-642-95808-3.pdf,0,2000-01-01 01:00:00,2016-04-03 02:51:08,958000/57a64a7e4c0939f172cbd7acc727df95-d.jpg,,
15553959,Grundkurs Mathematik für Ingenieure,, ,,Dr. rer. nat. Karl Graf Finck von Finckenstein  (auth.),1991,3. Aufl.,Vieweg+Teubner Verlag,,"VIII, 466 S.",0,German,,,,"978-3-519-22961-2,978-3-322-80158-6",,,,,,,10.1007/978-3-322-80158-6,,,,0,,1,1,1,,,1,25424890,pdf,933441dae2cb91ddbd516c9fe73c46d2,,,A:\\compressed\\10.1007%2F978-3-322-80158-6.pdf,0,2000-01-01 01:00:00,2016-04-03 02:51:08,958000/933441dae2cb91ddbd516c9fe73c46d2-d.jpg,,
15553960,Halbleiter-Technologie,,Halbleiter-Elektronik 4,,"Dr.-Ing. Ingolf Ruge,  Dr.-Ing. Hermann Mader  (auth.)",1991,"3., völlig neubearb. und erw. Aufl.",Springer Berlin Heidelberg,,"XVIII, 287 S. 199 Abb.",0,German,,,,"978-3-540-53873-8,978-3-642-58235-6",,,,,,,10.1007/978-3-642-58235-6,,,,0,,1,1,1,,,1,4219042,pdf,dca9a6b956fda0c96ca6f89f9751cc23,,,A:\\compressed\\10.1007%2F978-3-642-58235-6.pdf,0,2000-01-01 01:00:00,2016-04-03 02:51:08,958000/dca9a6b956fda0c96ca6f89f9751cc23-d.jpg,,
15553961,Laseroptische 3D-Konturerfassung: Modellierung und systemtheoretische Beschreibung eines Sensorsystems,,Fortschritte der Robotik 8,,Bernhard Bundschuh  (auth.),1991,,Vieweg+Teubner Verlag,,192S.,0,German,,,,"978-3-528-06427-3,978-3-322-88810-5",,,,,,,10.1007/978-3-322-88810-5,,,,0,,1,1,1,,,1,4848478,pdf,868452c220891a6cb8cbd033df62cfe0,,,A:\\compressed\\10.1007%2F978-3-322-88810-5.pdf,0,2000-01-01 01:00:00,2016-04-03 02:51:08,958000/868452c220891a6cb8cbd033df62cfe0-d.jpg,,
15553962,DISKOVER Neuartiges Dispositionsverfahren zur Bestandsreduzierung,,fir+iaw Forschung für die Praxis 37,,Dipl.-Math. Ralph-Jürgen Huhndorf  (auth.),1991,,Springer Berlin Heidelberg,,"X, 132 S. 80 Abb.",0,German,,,,"978-3-540-54007-6,978-3-642-84501-7",,,,,,,10.1007/978-3-642-84501-7,,,,0,,1,1,1,,,1,3233760,pdf,ae7430b2eabd9ddcbba7a5452aa10d1b,,,A:\\compressed\\10.1007%2F978-3-642-84501-7.pdf,0,2000-01-01 01:00:00,2016-04-03 02:51:08,958000/ae7430b2eabd9ddcbba7a5452aa10d1b-d.jpg,,
15553963,"Meridiane, ihre Punkte und Indikationen",,Wissenschaftliche Akupunktur und Aurikulomedizin 4,,"Frank R. Bahr,  Hans Zeitler  (auth.)",1991,3.Aufl.,Vieweg+Teubner Verlag,,"VI, 201 S. Mit 14 Abb.",0,German,,,,"978-3-528-27950-9,978-3-322-91522-1",,,,,,,10.1007/978-3-322-91522-1,,,,0,,1,1,1,,,1,12926481,pdf,f40bd204bec6acac743ad73816857c73,,,A:\\compressed\\10.1007%2F978-3-322-91522-1.pdf,0,2000-01-01 01:00:00,2016-04-03 02:51:08,958000/f40bd204bec6acac743ad73816857c73-d.jpg,,
15553964,"Risikokontroversen: Konzepte, Konflikte, Kommunikation",, ,,"Peter M. Wiedemann,  Bernd Rohrmann,  Helmut Jungermann  (auth.),  Prof. Dr. Helmut Jungermann,  Prof. Dr. Bernd Rohrmann,  Dr. Peter M. Wiedemann  (eds.)",1991,,Springer Berlin Heidelberg,,"VI, 396 S. 35 Abb.",0,German,,,,"978-3-540-54309-1,978-3-642-84557-4",,,,,,,10.1007/978-3-642-84557-4,,,,0,,1,1,1,,,1,12036121,pdf,8870dc993493ff71aa02456689ff05dd,,,A:\\compressed\\10.1007%2F978-3-642-84557-4.pdf,0,2000-01-01 01:00:00,2016-04-03 02:51:08,958000/8870dc993493ff71aa02456689ff05dd-d.jpg,,
15553965,Le Corbusiers Wege: Wie das Zauberwerk in Gang gesetzt wird,,Bauwelt Fundamente ,,Elisabeth Blum  (auth.),1991,"2., durchges. Aufl.",Vieweg+Teubner Verlag,,162S. Mit 83 Abb.,0,German,,,,"978-3-528-18773-6,978-3-322-96922-4",,,,,,,10.1007/978-3-322-96922-4,,,,0,,1,1,1,,,1,4028074,pdf,f377221977c58f133406f043905ef711,,,A:\\compressed\\10.1007%2F978-3-322-96922-4.pdf,0,2000-01-01 01:00:00,2016-04-03 02:51:08,958000/f377221977c58f133406f043905ef711-d.jpg,,
15553966,"Netzwerke, Signale und Systeme: Band 2 Theorie kontinuierlicher und diskreter Signale und Systeme",,Springer-Lehrbuch ,,Dr.-Ing. Hans Wilhelm Schüßler  (auth.),1991,"3., überarb. u. erw. Aufl.",Springer Berlin Heidelberg,,"XIV, 489 S. 200 Abb.",0,German,,,,"978-3-540-54513-2,978-3-642-87584-7",,,,,,,10.1007/978-3-642-87584-7,,,,0,,1,1,1,,,1,12994308,pdf,91e6a789c9ad04f547d9a99a3a5690bb,,,A:\\compressed\\10.1007%2F978-3-642-87584-7.pdf,0,2000-01-01 01:00:00,2016-04-03 02:51:08,958000/91e6a789c9ad04f547d9a99a3a5690bb-d.jpg,,
15553967,Biomedizinische Technik 4: Technische Sondergebiete,, ,,"Heinz Gundlach,  Dieter Kurz,  Ortwin Müller  (auth.),  Professor Dr.-Ing. Helmut Hutten  (eds.)",1991,,Springer Berlin Heidelberg,,"Koproduktion mit Verlag TÜV Rheinland, KölnXVI, 375 S. 223 Abb.",0,German,,,,"978-3-642-84182-8,978-3-642-84181-1",,,,,,,10.1007/978-3-642-84181-1,,,,0,,1,1,1,,,1,9655694,pdf,989a4dfc1a18b379c9a9ca9a6b2aaf20,,,A:\\compressed\\10.1007%2F978-3-642-84181-1.pdf,0,2000-01-01 01:00:00,2016-04-03 02:51:08,958000/989a4dfc1a18b379c9a9ca9a6b2aaf20-d.jpg,,
15553968,Datenübertragung: Eine Einführung,,Hochschultext ,,Dr.-Ing. Kristian Kroschel  (auth.),1991,,Springer Berlin Heidelberg,,"XI, 328 S.",0,German,,,,"978-3-540-53746-5,978-3-642-86097-3",,,,,,,10.1007/978-3-642-86097-3,,,,0,,1,1,1,,,1,9031638,pdf,13a6a062dd701476f12151709d33b06d,,,A:\\compressed\\10.1007%2F978-3-642-86097-3.pdf,0,2000-01-01 01:00:00,2016-04-03 02:51:08,958000/13a6a062dd701476f12151709d33b06d-d.jpg,,
15553969,Automobil-Meßtechnik: Band A: Akustik,, ,,Prof.Dr. rer. nat. Horst Klingenberg  (auth.),1991,2. Aufl.,Springer Berlin Heidelberg,,"XXI, 264 S. 232 Abb.",0,German,,,,"978-3-642-84446-1,978-3-642-84445-4",,,,,,,10.1007/978-3-642-84445-4,,,,0,,1,1,1,,,1,12953120,pdf,b6b5f6e11a537f4a187d3a1b6bdadb63,,,A:\\compressed\\10.1007%2F978-3-642-84445-4.pdf,0,2000-01-01 01:00:00,2016-04-03 02:51:08,958000/b6b5f6e11a537f4a187d3a1b6bdadb63-d.jpg,,
15553970,Produktionsforum ’91 Produktionsmanagement: Vorgehensweisen und Praxisbeispiele zum Chancenmanagement in den 90er Jahren,,IPA-IAO — Forschung und Praxis 20,,"Univ.-Prof. Dr.-Ing. habil. H.-J. Bullinger  (auth.),  Dr.-Ing. habil. H.-J. Bullinger  (eds.)",1991,,Springer Berlin Heidelberg,,473 S.,0,German,,,,"978-3-540-53693-2,978-3-662-09469-3",,,,,,,10.1007/978-3-662-09469-3,,,,0,,1,1,1,,,1,22589186,pdf,4f6c45e837248acedfd26d698cdffb73,,,A:\\compressed\\10.1007%2F978-3-662-09469-3.pdf,0,2000-01-01 01:00:00,2016-04-03 02:51:08,958000/4f6c45e837248acedfd26d698cdffb73-d.jpg,,
15553971,"Technologische Gestaltbildung: Herstellung von Geometrie-, Stoff- und Zustandseigenschaften feinwerktechnischer Bauteile",,Hochschultext ,,Dipl.-Ing. Artur Jung  (auth.),1991,,Springer Berlin Heidelberg,,"VIII, 216 S. 175 Abb.",0,German,,,,"978-3-540-54453-1,978-3-642-84589-5",,,,,,,10.1007/978-3-642-84589-5,,,,0,,1,1,1,,,1,15064337,pdf,e3b04b1fdd237932632b07ebb8aa10b6,,,A:\\compressed\\10.1007%2F978-3-642-84589-5.pdf,0,2000-01-01 01:00:00,2016-04-03 02:51:08,958000/e3b04b1fdd237932632b07ebb8aa10b6-d.jpg,,
15553972,"Microsoft Publisher, Einsteigen leichtgemacht",, ,,"Dagmar Sieberichs,  Hans-Joachim Krüger  (auth.)",1992,,Vieweg+Teubner Verlag,,"X, 253S.",0,German,,,,"978-3-528-05225-6,978-3-322-83049-4",,,,,,,10.1007/978-3-322-83049-4,,,,0,,1,1,1,,,1,13837613,pdf,9c27faf5dcf1a5911ee6bedd1fc9bb85,,,A:\\compressed\\10.1007%2F978-3-322-83049-4.pdf,0,2000-01-01 01:00:00,2016-04-03 02:51:08,958000/9c27faf5dcf1a5911ee6bedd1fc9bb85-d.jpg,,
15553973,Optische Computer,, ,,Fumio Inaba  (auth.),1992,,Springer Berlin Heidelberg,,"Japanische Originalausgabe erschienen bei Ohmsha Ltd., Tokyo, 1985VIII, 315 S. 208 Abb.",0,German,,,,"978-3-662-01139-3,978-3-662-01138-6",,,,,,,10.1007/978-3-662-01138-6,,,,0,,1,1,1,,,1,9384582,pdf,3a9df74982a791e1157ac3ce67b53965,,,A:\\compressed\\10.1007%2F978-3-662-01138-6.pdf,0,2000-01-01 01:00:00,2016-04-03 02:51:08,958000/3a9df74982a791e1157ac3ce67b53965-d.jpg,,
15553974,Toleranzausgleichssysteme für Industrieroboter am Beispiel des feinwerktechnischen Bolzen-Loch-Problems,,IPA-IAO Forschung und Praxis 161,,Dipl.-Ing. Uwe Schweigert  (auth.),1992,,Springer Berlin Heidelberg,,119 S. 61 Abb.,0,German,,,,"978-3-540-55228-4,978-3-642-47948-9",,,,,,,10.1007/978-3-642-47948-9,,,,0,,1,1,1,,,1,4263490,pdf,366bf233a1af16591c0358bc9644e35e,,,A:\\compressed\\10.1007%2F978-3-642-47948-9.pdf,0,2000-01-01 01:00:00,2016-04-03 02:51:08,958000/366bf233a1af16591c0358bc9644e35e-d.jpg,,
15553975,100 Grafik-Rezepte für Turbo Pascal unter Windows: Programmiertips mit Pfiff für Einsteiger und Fortgeschrittene,, ,,Norbert Hoffmann  (auth.),1992,,Vieweg+Teubner Verlag,,"X, 136S.",0,German,87,,,"978-3-528-05286-7,978-3-322-83060-9",,,,,,,10.1007/978-3-322-83060-9,,,,0,,1,1,1,,,1,8393439,pdf,f7abe993959479f653dd6f74dca97b44,,,A:\\compressed\\10.1007%2F978-3-322-83060-9.pdf,0,2000-01-01 01:00:00,2016-04-03 02:51:08,958000/f7abe993959479f653dd6f74dca97b44-d.jpg,,
15553976,"Informatik- Anwendungsentwicklung — Praxiserfahrungen: Probleme, Lösungen und Erfahrungen bei Einführung und Einsatz von CASE",,Informatik und Unternehmensführung ,,"Prof. Dr. Kurt Bauknecht  (auth.),  Prof. Dr. Kurt Bauknecht  (eds.)",1992,,Vieweg+Teubner Verlag,,320 S.,0,German,,,,"978-3-519-02187-2,978-3-322-93102-3",,,,,,,10.1007/978-3-322-93102-3,,,,0,,1,1,1,,,1,4778489,pdf,b0e434c08d266d65f230f3107aedee95,,,A:\\compressed\\10.1007%2F978-3-322-93102-3.pdf,0,2000-01-01 01:00:00,2016-04-03 02:51:08,958000/b0e434c08d266d65f230f3107aedee95-d.jpg,,
15553977,Physik,,Springer-Lehrbuch ,,Prof. Dr.-Ing. Heinz Niedrig  (auth.),1992,,Springer Berlin Heidelberg,,"XII, 521 S.",0,German,,,,"978-3-540-54470-8,978-3-642-87838-1",,,,,,,10.1007/978-3-642-87838-1,,,,0,,1,1,1,,,1,14370547,pdf,e4439008840f02f424570c7068ab9345,,,A:\\compressed\\10.1007%2F978-3-642-87838-1.pdf,0,2000-01-01 01:00:00,2016-04-03 02:51:08,958000/e4439008840f02f424570c7068ab9345-d.jpg,,
15553978,"Wörterbuch der Elektronik, Datentechnik und Telekommunikation: Deutsch-Englisch / German-English / Dictionary of Electronics, Computing and Telecommunications",,,,Vittorio Ferretti,1992,,Springer Berlin Heidelberg,,636,0,"German, English",,,0,"978-3-642-97846-3,978-3-642-97845-6",,,,,,,10.1007/978-3-642-97845-6,,,,0,,1,1,1,,,1,38556410,pdf,1a020f8b103a9b25904ca0c498d8f44a,,,A:/compressed/10.1007%2F978-3-642-97845-6.pdf,0,2000-01-01 01:00:00,2016-04-03 02:51:08,958000/1a020f8b103a9b25904ca0c498d8f44a-d.jpg,,
15553979,"Wissensbasierte Systeme: Architektur, Entwicklung, Echtzeitanwendungen — Eine praxisgerechte Einführung",,Artificial Intelligence / Künstliche Intelligenz ,,"Doris Altenkrüger,  Winfried Büttner  (auth.)",1992,,Vieweg+Teubner Verlag,,"VIII, 275S.",0,German,,,,"978-3-528-05244-7,978-3-322-86811-4",,,,,,,10.1007/978-3-322-86811-4,,,,0,,1,1,1,,,1,13799349,pdf,2bd912d6eb60413f19baed7e0899e394,,,A:\\compressed\\10.1007%2F978-3-322-86811-4.pdf,0,2000-01-01 01:00:00,2016-04-03 02:51:08,958000/2bd912d6eb60413f19baed7e0899e394-d.jpg,,
15553980,"Baubetrieb 2: Bauablauf, Kosten, Störungen",,Springer-Lehrbuch,,Hermann Bauer,1992,,Springer Berlin Heidelberg,,288,0,German,,,0,"978-3-540-54338-1,978-3-662-05989-0",,,,,,,10.1007/978-3-662-05989-0,,,,0,,1,1,1,,,1,8779173,pdf,c241bdc8d1cee498a3de4d34bade24e1,,,A:/compressed/10.1007%2F978-3-662-05989-0.pdf,0,2000-01-01 01:00:00,2016-04-03 02:51:08,958000/c241bdc8d1cee498a3de4d34bade24e1-d.jpg,,
15553981,Werkstoffkunde und Werkstoffprüfung,, ,,Wolfgang Weißbach  (auth.),1992,10. Aufl.,Vieweg+Teubner Verlag,,373S.,0,German,,,,"978-3-528-74019-1,978-3-322-86421-5",,,,,,,10.1007/978-3-322-86421-5,,,,0,,1,1,1,,,1,21637482,pdf,c0529d0cd487ae713f9b477344aea60f,,,A:\\compressed\\10.1007%2F978-3-322-86421-5.pdf,0,2000-01-01 01:00:00,2016-04-03 02:51:08,958000/c0529d0cd487ae713f9b477344aea60f-d.jpg,,
15553982,"Handbuch der Sicherheitstechnik: Freigeländesicherung, Zutrittskontrolle, Einbruch- und Überfallmeldetechnik",, ,,"Josef Walter Steindl  (auth.),  Dipl. Ing. Georg Walz  (eds.)",1992,,Springer Berlin Heidelberg,,"XVIII, 390 S. 255 Abb.",0,German,,,,"978-3-642-95684-3,978-3-642-95683-6",,,,,,,10.1007/978-3-642-95683-6,,,,0,,1,1,1,,,1,10517181,pdf,adbc434b0816d2f352ed29750e1b21cb,,,A:\\compressed\\10.1007%2F978-3-642-95683-6.pdf,0,2000-01-01 01:00:00,2016-04-03 02:51:08,958000/adbc434b0816d2f352ed29750e1b21cb-d.jpg,,
15553983,Skriptum Informatik: — eine konventionelle Einführung,, ,,"Prof. Dr. Hans-Jürgen Appelrath,  Prof. Dr. Jochen Ludewig  (auth.)",1992,,Vieweg+Teubner Verlag,,2.Aufl. 1992,0,German,,,,"978-3-519-12153-4,978-3-322-91172-8",,,,,,,10.1007/978-3-322-91172-8,,,,0,,1,1,1,,,1,13712085,pdf,377b11849d85c43863e816543c88403d,,,A:\\compressed\\10.1007%2F978-3-322-91172-8.pdf,0,2000-01-01 01:00:00,2016-04-03 02:51:08,958000/377b11849d85c43863e816543c88403d-d.jpg,,
15553984,Numerische Mathematik für Informatiker,,Mathematik für Informatiker ,,Prof. Dr. Franz Locher  (auth.),1992,,Springer Berlin Heidelberg,,"X, 401 S. 138 Abb.",0,German,,,,"978-3-540-54679-5,978-3-642-97367-3",,,,,,,10.1007/978-3-642-97367-3,,,,0,,1,1,1,,,1,17900436,pdf,77eed5fda1d0dd4e8e6978e46b9df914,,,A:\\compressed\\10.1007%2F978-3-642-97367-3.pdf,0,2000-01-01 01:00:00,2016-04-03 02:51:08,958000/77eed5fda1d0dd4e8e6978e46b9df914-d.jpg,,
15553985,Elektronische Halbleiterbauelemente,,Teubner-Studienskripten ,,Prof. Dr.-Ing. habil. Reinhold Paul  (auth.),1992,"3., durchgesehene Aufl.",Vieweg+Teubner Verlag,,530S. Mit 277 Bildern und 30 Tafeln.,0,German,,,,"978-3-519-20112-0,978-3-322-84881-9",,,,,,,10.1007/978-3-322-84881-9,,,,0,,1,1,1,,,1,15323642,pdf,92dfb55628d110457af66374a87af72d,,,A:\\compressed\\10.1007%2F978-3-322-84881-9.pdf,0,2000-01-01 01:00:00,2016-04-03 02:51:08,958000/92dfb55628d110457af66374a87af72d-d.jpg,,
15553986,Optische Resonatoren: Grundlagen · Eigenschaften Optimierung,,Laser in Technik und Forschung ,,"Dr. Norman Hodgson,  Prof. Dr. Horst Weber  (auth.)",1992,,Springer Berlin Heidelberg,,"XI, 393 S. 312 Abb.",0,German,,,,"978-3-540-54404-3,978-3-642-84576-5",,,,,,,10.1007/978-3-642-84576-5,,,,0,,1,1,1,,,1,17044534,pdf,eb05eae924798a0b8e832ebc7619f5bd,,,A:\\compressed\\10.1007%2F978-3-642-84576-5.pdf,0,2000-01-01 01:00:00,2016-04-03 02:51:08,958000/eb05eae924798a0b8e832ebc7619f5bd-d.jpg,,
15553987,"Strahlenphysik, Dosimetrie und Strahlenschutz: Band 1 Grundlagen",, ,,"Dr. rer. nat. Hanno Krieger,  Dr. rer. nat. Wolfgang Petzold  (auth.)",1992,,Vieweg+Teubner Verlag,,3.Aufl. 1992,0,German,,,,"978-3-519-23052-6,978-3-322-94129-9",,,,,,,10.1007/978-3-322-94129-9,,,,0,,1,1,1,,,1,17600814,pdf,fd4f99d63fecec896fd9d633a10bd26d,,,A:\\compressed\\10.1007%2F978-3-322-94129-9.pdf,0,2000-01-01 01:00:00,2016-04-03 02:51:08,958000/fd4f99d63fecec896fd9d633a10bd26d-d.jpg,,
15553988,Elektropneumatische und elektrohydraulische Steuerungen,,"Aus dem Programm Meß-, Steuerungs- und Regelungstechnik ",,"Dipl.-Ing. Ernst Kauffmann,  Dipl.-Ing. Erich Herion,  Harri Locher  (auth.),  Dipl.-Ing Kurt Mayer VDI  (eds.)",1992,,Vieweg+Teubner Verlag,,"VIII, 143S. 177 Abb..",0,German,,,,"978-3-528-04360-5,978-3-322-84913-7",,,,,,,10.1007/978-3-322-84913-7,,,,0,,1,1,1,,,1,5109673,pdf,3b0d1ff3dde2b0bb7688b617b3369d49,,,A:\\compressed\\10.1007%2F978-3-322-84913-7.pdf,0,2000-01-01 01:00:00,2016-04-03 02:51:08,958000/3b0d1ff3dde2b0bb7688b617b3369d49-d.jpg,,
15553989,"Wirtschaftlichkeit von Software-Entwicklung und -Einsatz: Investitionssicherung, Produktivität, Qualität",,Berichte des German Chapter of the ACM ,,"Ernest Wallmüller  (auth.),  Prof. Dr. Franz Schweiggert  (eds.)",1992,,Vieweg+Teubner Verlag,,472S.,0,German,,,,"978-3-519-02677-8,978-3-322-86776-6",,,,,,,10.1007/978-3-322-86776-6,,,,0,,1,1,1,,,1,7847329,pdf,c984c0efe8da66a401973ccb73c33a00,,,A:\\compressed\\10.1007%2F978-3-322-86776-6.pdf,0,2000-01-01 01:00:00,2016-04-03 02:51:08,958000/c984c0efe8da66a401973ccb73c33a00-d.jpg,,
15553990,Hydraulik der Gerinne und Gerinnebauwerke,, ,,Prof. Dr.-Ing. Eduard Naudascher  (auth.),1992,"2., verb. Aufl.",Springer Vienna,,"XIV, 352 S. 281 Abb.",0,German,,,,"978-3-211-82366-8,978-3-7091-9222-1",,,,,,,10.1007/978-3-7091-9222-1,,,,0,,1,1,1,,,1,28986274,pdf,769c719550317dd7172d91c9395b1716,,,A:\\compressed\\10.1007%2F978-3-7091-9222-1.pdf,0,2000-01-01 01:00:00,2016-04-03 02:51:08,958000/769c719550317dd7172d91c9395b1716-d.jpg,,
15553991,Schweißtechnik: Verfahren und Werkstoffe,, ,,Hans J. Fahrenwaldt  (auth.),1992,2. Aufl.,Vieweg+Teubner Verlag,,233S.,0,German,,,,"978-3-528-14478-4,978-3-322-86207-5",,,,,,,10.1007/978-3-322-86207-5,,,,0,,1,1,1,,,1,9267415,pdf,08cc234f1a2d5fb7508b2ae3ffab3bc5,,,A:\\compressed\\10.1007%2F978-3-322-86207-5.pdf,0,2000-01-01 01:00:00,2016-04-03 02:51:08,958000/08cc234f1a2d5fb7508b2ae3ffab3bc5-d.jpg,,
15553992,Schweißen und Löten mit Festkörperlasern,, ,,"Prof. Dr.-Ing. Lutz Dorn,  Dipl.-Ing. Helmut Grutzeck,  Obering. Dr.-Ing. Seifollah Jafari  (auth.)",1992,,Springer Berlin Heidelberg,,"X, 246 S. 115 Abb.",0,German,,,,"978-3-642-84788-2,978-3-642-84787-5",,,,,,,10.1007/978-3-642-84787-5,,,,0,,1,1,1,,,1,11022453,pdf,e9ad8d669c57705346313b7e37855098,,,A:\\compressed\\10.1007%2F978-3-642-84787-5.pdf,0,2000-01-01 01:00:00,2016-04-03 02:51:08,958000/e9ad8d669c57705346313b7e37855098-d.jpg,,
15553993,Thermodynamik: Band 1: Einstoffsysteme. Grundlagen und technische Anwendungen,,Springer-Lehrbuch ,,"Dr.-Ing. Karl Stephan,  Dr.-Ing. Franz Mayinger  (auth.)",1992,Ursprünglich monographisch erschienen14. Aufl.,Springer Berlin Heidelberg,,"XVIII, 513 S.",0,German,,,,"978-3-540-55648-0,978-3-662-22541-7",,,,,,,10.1007/978-3-662-22541-7,,,,0,,1,1,1,,,1,15937316,pdf,18e8de738bb002dc8f98b24b0ed1e49c,,,A:\\compressed\\10.1007%2F978-3-662-22541-7.pdf,0,2000-01-01 01:00:00,2016-04-03 02:51:08,958000/18e8de738bb002dc8f98b24b0ed1e49c-d.jpg,,
15553994,Aufgaben zum Skriptum Informatik,, ,,"André Spiegel,  Prof. Dr. Jochen Ludewig,  Prof. Dr. Hans-Jürgen Appelrath  (auth.)",1992,,Vieweg+Teubner Verlag,,1992,0,English,,,,"978-3-519-02155-1,978-3-322-94691-1",,,,,,,10.1007/978-3-322-94691-1,,,,0,,1,1,1,,,1,4972335,pdf,83eb981626ed050c505e74f040aa0365,,,A:\\compressed\\10.1007%2F978-3-322-94691-1.pdf,0,2000-01-01 01:00:00,2016-04-03 02:51:08,958000/83eb981626ed050c505e74f040aa0365-d.jpg,,
15553995,Computersicherheit: Eine Einführung,, ,,Rolf Oppliger  (auth.),1992,,Vieweg+Teubner Verlag,,"IV, 153S.",0,German,,,,"978-3-528-05296-6,978-3-322-87230-2",,,,,,,10.1007/978-3-322-87230-2,,,,0,,1,1,1,,,1,2299928,pdf,2cfd296478ef2fd13d946585646e26ea,,,A:\\compressed\\10.1007%2F978-3-322-87230-2.pdf,0,2000-01-01 01:00:00,2016-04-03 02:51:08,958000/2cfd296478ef2fd13d946585646e26ea-d.jpg,,
15553996,Technischer Lehrgang Ventile: Schäden und ihre Ursachen,, ,,(auth.),1992,,Vieweg+Teubner Verlag,,39S.,0,German,,,,"978-3-528-04836-5,978-3-322-86808-4",,,,,,,10.1007/978-3-322-86808-4,,,,0,,1,1,1,,,1,3080956,pdf,38f476863a04004436b2e41f1364e986,,,A:\\compressed\\10.1007%2F978-3-322-86808-4.pdf,0,2000-01-01 01:00:00,2016-04-03 02:51:08,958000/38f476863a04004436b2e41f1364e986-d.jpg,,
15553997,Algebra: Anwendungsorientierte Mathematik,,Springer-Lehrbuch ,,Professor Dr. Gert Böhme  (auth.),1992,7. Aufl.,Springer Berlin Heidelberg,,"XVI, 464 S. 245 Abb.",0,German,,,,"978-3-540-55016-7,978-3-642-85526-9",,,,,,,10.1007/978-3-642-85526-9,,,,0,,1,1,1,,,1,13444852,pdf,18d291d30a59c702184720fd80bb29b4,,,A:\\compressed\\10.1007%2F978-3-642-85526-9.pdf,0,2000-01-01 01:00:00,2016-04-03 02:51:08,958000/18d291d30a59c702184720fd80bb29b4-d.jpg,,
15553998,Softwareentwicklung nach Maß: Schätzen · Messen · Bewerten,, ,,Reiner Dumke  (auth.),1992,,Vieweg+Teubner Verlag,,"XVIII, 243S.",0,German,,,,"978-3-322-83051-7,978-3-322-83050-0",,,,,,,10.1007/978-3-322-83050-0,,,,0,,1,1,1,,,1,20240227,pdf,f45510f51268ca3c8a3afc9e49458236,,,A:\\compressed\\10.1007%2F978-3-322-83050-0.pdf,0,2000-01-01 01:00:00,2016-04-03 02:51:08,958000/f45510f51268ca3c8a3afc9e49458236-d.jpg,,
15553999,Simulation in Anästhesie und Intensivmedizin,,Fachberichte Simulation 16,,"E. Rügheimer  (auth.),  Dipl.-Ing. Dr. Anton Obermayer  (eds.)",1992,,Springer Berlin Heidelberg,,"VIII, 196 S. 61 Abb., 7 Tab.",0,German,,,,"978-3-540-54660-3,978-3-642-51090-8",,,,,,,10.1007/978-3-642-51090-8,,,,0,,1,1,1,,,1,6648819,pdf,c37be49de597cdc80c92f37a7b26ee98,,,A:\\compressed\\10.1007%2F978-3-642-51090-8.pdf,0,2000-01-01 01:00:00,2016-04-03 02:51:08,958000/c37be49de597cdc80c92f37a7b26ee98-d.jpg,,
15554000,Technische Mechanik: Aufgaben und Lösungen,, ,,"Univ.-Doz. Dipl.-Ing. Dr. techn. Peter Lugner,  O. Univ.-Prof. Mag. rer. nat. Dr. phil. Kurt Desoyer,  Dipl.-Ing. Dr. techn. Anton Novak  (auth.)",1992,"4., verb. Aufl.",Springer Vienna,,"VIII, 215 S. 305 Abb.",0,German,,,,"978-3-211-82332-3,978-3-7091-7661-0",,,,,,,10.1007/978-3-7091-7661-0,,,,0,,1,1,1,,,1,16310519,pdf,39e306d90352d5a8732584f27a655402,,,A:\\compressed\\10.1007%2F978-3-7091-7661-0.pdf,0,2000-01-01 01:00:00,2016-04-03 02:51:08,958000/39e306d90352d5a8732584f27a655402-d.jpg,,
15554001,Trelliscodierung: Grundlagen und Anwendungen in der digitalen Übertragungstechnik,,Nachrichtentechnik 21,,Prof. Dr. Johannes Huber  (auth.),1992,,Springer Berlin Heidelberg,,"XIV, 308 S. 159 Abb., 13 Tab.",0,German,,,,"978-3-540-55792-0,978-3-642-50984-1",,,,,,,10.1007/978-3-642-50984-1,,,,0,,1,1,1,,,1,10084953,pdf,c8d58d98909929162ce6d75ba712e320,,,A:\\compressed\\10.1007%2F978-3-642-50984-1.pdf,0,2000-01-01 01:00:00,2016-04-03 02:51:08,958000/c8d58d98909929162ce6d75ba712e320-d.jpg,,
15554002,Systematik zur Entwicklung eines modularen Programmbaukastens für robotergeführte Klebeprozesse,,iwb Forschungsberichte 44,,Dipl.-Ing. Markus Petry  (auth.),1992,,Springer Berlin Heidelberg,,"V, 137 S.",0,German,,,,"978-3-540-55374-8,978-3-662-10193-3",,,,,,,10.1007/978-3-662-10193-3,,,,0,,1,1,1,,,1,7641976,pdf,8f12b4f1af334bdfed03babaad5cd299,,,A:\\compressed\\10.1007%2F978-3-662-10193-3.pdf,0,2000-01-01 01:00:00,2016-04-03 02:51:08,958000/8f12b4f1af334bdfed03babaad5cd299-d.jpg,,
15554003,Das Bewußtsein: Multidimensionale Entwürfe,,Wiener Studien zur Wissenschaftstheorie 4,,"Erhard Oeser  (auth.),  Prof. Dr. Giselher Guttmann,  Prof. Dr. Gerhard Langer  (eds.)",1992,,Springer Vienna,,489 S. 28 Abb.,0,German,,,,"978-3-211-82361-3,978-3-7091-9219-1",,,,,,,10.1007/978-3-7091-9219-1,,,Die Bände 1-3 sind im Verlag der Österreichischen Staatsdruckerei - Edition S erschienen,0,,1,1,1,,,1,30637303,pdf,1ea2627efaabb2e3dae965a8b96e75da,,,A:\\compressed\\10.1007%2F978-3-7091-9219-1.pdf,0,2000-01-01 01:00:00,2016-04-03 02:51:08,958000/1ea2627efaabb2e3dae965a8b96e75da-d.jpg,,
15554004,"Parallelität und Transputer: Von den Grundlagen zur Anwendung: Occam und Transputer, Concurrent Prolog, Linda",, ,,Volker Penner  (auth.),1992,,Vieweg+Teubner Verlag,,"XVI, 200S.",0,German,,,,"978-3-528-05207-2,978-3-322-84924-3",,,,,,,10.1007/978-3-322-84924-3,,,,0,,1,1,1,,,1,9928126,pdf,6f1cd6f1d5a2611ada3b64024895bca6,,,A:\\compressed\\10.1007%2F978-3-322-84924-3.pdf,0,2000-01-01 01:00:00,2016-04-03 02:51:08,958000/6f1cd6f1d5a2611ada3b64024895bca6-d.jpg,,
15554005,Erstellung eines 3D-Simulationssystems zur Reduzierung von Rüstzeiten bei der NC-Bearbeitung,,iwb Forschungsberichte 48,,Dr.-Ing. Norbert Schrüfer  (auth.),1992,,Springer Berlin Heidelberg,,"VII, 159 S.",0,German,,,,"978-3-540-55431-8,978-3-662-07123-6",,,,,,,10.1007/978-3-662-07123-6,,,,0,,1,1,1,,,1,5554305,pdf,2957728cbbde7fe5c952d1935d6df36f,,,A:\\compressed\\10.1007%2F978-3-662-07123-6.pdf,0,2000-01-01 01:00:00,2016-04-03 02:51:08,958000/2957728cbbde7fe5c952d1935d6df36f-d.jpg,,
15554006,Werkstoffkunde für Ingenieure,,Viewegs Fachbücher der Technik ,,"Reinhold Laska,  Christian Felsch  (auth.)",1992,"3., verb. Aufl.",Vieweg+Teubner Verlag,,"X, 322 S. Mit 230 Abb.",0,German,,,,"978-3-528-24173-5,978-3-663-07833-3",,,,,,,10.1007/978-3-663-07833-3,,,,0,,1,1,1,,,1,11213552,pdf,67028ec4ec2c1195e326e2fda978b5d2,,,A:\\compressed\\10.1007%2F978-3-663-07833-3.pdf,0,2000-01-01 01:00:00,2016-04-03 02:51:08,958000/67028ec4ec2c1195e326e2fda978b5d2-d.jpg,,
15554007,"Solarthermische Kraftwerke für den Mittelmeerraum: Band 1: Gesamtübersicht, Marktpotential und CO2-Reduktion",, ,,"Dr.-Ing., Dipl.-kfm. Helmut Klaiß  (auth.),  Dr.-Ing., Dipl.-kfm. Helmut Klaiß,  Dipl.-Wirtsch.-Ing. Frithjof Staiß  (eds.)",1992,,Springer Berlin Heidelberg,,"XV, 522 S.",0,German,,,,"978-3-540-55664-0,978-3-642-84798-1",,,,,,,10.1007/978-3-642-84798-1,,,,0,,1,1,1,,,1,7244705,pdf,b0888e87999425a24d1950bef6247c82,,,A:\\compressed\\10.1007%2F978-3-642-84798-1.pdf,0,2000-01-01 01:00:00,2016-04-03 02:51:08,958000/b0888e87999425a24d1950bef6247c82-d.jpg,,
15554008,Vieweg Software-Trainer Word für Windows 2.0,, ,,"Michael Schwessinger,  Thomas Schürmann,  Karin Süßer  (auth.)",1992,,Vieweg+Teubner Verlag,,971,0,German,,,,"978-3-322-96370-3,978-3-322-96369-7",,,,,,,10.1007/978-3-322-96369-7,,,,0,,1,1,1,,,1,26633624,pdf,7ca1030379f1ac3ead20e28cce397940,,,A:\\compressed\\10.1007%2F978-3-322-96369-7.pdf,0,2000-01-01 01:00:00,2016-04-03 02:51:08,958000/7ca1030379f1ac3ead20e28cce397940-d.jpg,,
15554009,UNIX™ Das Betriebssystem und die Shells: Eine grundlegende Einführung,, ,,Klaus Kannemann M. Sc.  (auth.),1992,,Vieweg+Teubner Verlag,,"XVI, 471S.",0,German,,,,"978-3-322-83048-7,978-3-322-83047-0",,,,,,,10.1007/978-3-322-83047-0,,,,0,,1,1,1,,,1,24419149,pdf,51ddadc5b490e3617eddbc71658efe01,,,A:\\compressed\\10.1007%2F978-3-322-83047-0.pdf,0,2000-01-01 01:00:00,2016-04-03 02:51:08,958000/51ddadc5b490e3617eddbc71658efe01-d.jpg,,
15554010,Ein Beitrag zur Planung und Optimierung der Verfahrensteilung in der Fertigung,,IPA-IAO Forschung und Praxis 159,,Dipl.Ing. Hans-Peter Roth  (auth.),1992,,Springer Berlin Heidelberg,,130 S. 50 Abb.,0,German,,,,"978-3-540-55113-3,978-3-642-47946-5",,,,,,,10.1007/978-3-642-47946-5,,,,0,,1,1,1,,,1,3271282,pdf,f12ef0fe80b3f10632d4b3409cc1bd71,,,A:\\compressed\\10.1007%2F978-3-642-47946-5.pdf,0,2000-01-01 01:00:00,2016-04-03 02:51:08,958000/f12ef0fe80b3f10632d4b3409cc1bd71-d.jpg,,
15554011,Digitale Signalverarbeitung: Band I: Analyse diskreter Signale und Systeme,, ,,Dr.-Ing. Hans Wilhelm Schüßler  (auth.),1992,,Springer Berlin Heidelberg,,350,0,English,,,,"978-3-662-21822-8,978-3-662-21821-1",,,,,,,10.1007/978-3-662-21821-1,,,,0,,1,1,1,,,1,8316523,pdf,154d209fe5426aa10ea15390c0b99c62,,,A:\\compressed\\10.1007%2F978-3-662-21821-1.pdf,0,2000-01-01 01:00:00,2016-04-03 02:51:08,958000/154d209fe5426aa10ea15390c0b99c62-d.jpg,,
15554012,"Studien-Arbeiten: ein Leitfaden zur Vorbereitung, Durchführung und Betreuung von Studien-, Diplom- und Doktorarbeiten am Beispiel Informatik",, ,,"Marcus Deininger,  Horst Lichter,  Prof. Dr. Jochen Ludewig,  Kurt Schneider  (auth.)",1992,,Vieweg+Teubner Verlag,,2.Aufl. 1992,0,German,,,,"978-3-519-12156-5,978-3-322-99375-5",,,,,,,10.1007/978-3-322-99375-5,,,,0,,1,1,1,,,1,1610482,pdf,748f7454b5c2c6250b8627ae653db514,,,A:\\compressed\\10.1007%2F978-3-322-99375-5.pdf,0,2000-01-01 01:00:00,2016-04-03 02:51:08,958000/748f7454b5c2c6250b8627ae653db514-d.jpg,,
15554013,Bahnbau,,Teubner Studienskripten 113,,Dr.-Ing. Volker Matthews  (auth.),1992,2.Aufl.,Vieweg+Teubner Verlag,,232 S.,0,German,,,,"978-3-519-10113-0,978-3-322-91848-2",,,,,,,10.1007/978-3-322-91848-2,,,,0,,1,1,1,,,1,6024651,pdf,db15d49f1a98954cdabec66ac2c5c207,,,A:\\compressed\\10.1007%2F978-3-322-91848-2.pdf,0,2000-01-01 01:00:00,2016-04-03 02:51:08,958000/db15d49f1a98954cdabec66ac2c5c207-d.jpg,,
15554014,Handsteuersystem für die Bewegungsführung,,Fortschritte der Robotik 14,,Dr.-Ing. Ralph Gruber  (auth.),1992,,Vieweg+Teubner Verlag,,134S.,0,German,,,,"978-3-528-06478-5,978-3-322-88813-6",,,,,,,10.1007/978-3-322-88813-6,,,,0,,1,1,1,,,1,5065960,pdf,202abcdd4745e0e968795ff4d414b9a7,,,A:\\compressed\\10.1007%2F978-3-322-88813-6.pdf,0,2000-01-01 01:00:00,2016-04-03 02:51:08,958000/202abcdd4745e0e968795ff4d414b9a7-d.jpg,,
15554015,Handbuch der Lichtplanung,, ,,"Rüdiger Ganslandt,  Harald Hofmann  (auth.)",1992,,Vieweg+Teubner Verlag,,289S.,0,German,,,,"978-3-322-90450-8,978-3-322-90449-2",,,,,,,10.1007/978-3-322-90449-2,,,,0,,1,1,1,,,1,17358690,pdf,121d8df24e0fa7270383786dcbfa7301,,,A:\\compressed\\10.1007%2F978-3-322-90449-2.pdf,0,2000-01-01 01:00:00,2016-04-03 02:51:08,958000/121d8df24e0fa7270383786dcbfa7301-d.jpg,,
15554016,Kurzes Lehrbuch der Physik,,Springer-Lehrbuch ,,"Herbert A. Stuart,  Professor Dr. Gerhard Klages  (auth.)",1992,"13., verb. Aufl.",Springer Berlin Heidelberg,,"XIII, 309 S.",0,German,,,,"978-3-540-54887-4,978-3-662-08231-7",,,,,,,10.1007/978-3-662-08231-7,,,,0,,1,1,1,,,1,9232090,pdf,6bf2dace5f6be6ca7eb187476f2331d7,,,A:\\compressed\\10.1007%2F978-3-662-08231-7.pdf,0,2000-01-01 01:00:00,2016-04-03 02:51:08,958000/6bf2dace5f6be6ca7eb187476f2331d7-d.jpg,,
15554017,Abwicklung von Blechkörpern,, ,,"Alfred Böge  (auth.),  Alfred Böge  (eds.)",1992,,Vieweg+Teubner Verlag,,135,0,German,,,,"978-3-528-05124-2,978-3-322-91757-7",,,,,,,10.1007/978-3-322-91757-7,,,,0,,1,1,1,,,1,6858277,pdf,3c95397bc01249ae16ac028ac3b397b9,,,A:\\compressed\\10.1007%2F978-3-322-91757-7.pdf,0,2000-01-01 01:00:00,2016-04-03 02:51:08,958000/3c95397bc01249ae16ac028ac3b397b9-d.jpg,,
15554018,Lasergerechte Konstruktion und Fertigung: Stand der Technik und Potentiale,,VDI-Buch ,,"(auth.),  Prof.Dr.h.c.Dipl.-Wirt.Ing.Dr.-Ing. W. Eversheim  (eds.)",1992,,Springer Berlin Heidelberg,,"XII, 246 S. 132 Abb., 3 Tab.",0,German,,,,"978-3-540-62311-3,978-3-642-95801-4",,,,,,,10.1007/978-3-642-95801-4,,,,0,,1,1,1,,,1,8453378,pdf,b81ae0874aa04a948112e0ca1b0c9dfa,,,A:\\compressed\\10.1007%2F978-3-642-95801-4.pdf,0,2000-01-01 01:00:00,2016-04-03 02:51:08,958000/b81ae0874aa04a948112e0ca1b0c9dfa-d.jpg,,
15554019,Nukleare Festkörperphysik: Kernphysikalische Meßmethoden und ihre Anwendungen,, ,,"Prof. Dr. rer. nat. Günter Schatz,  Prof. Dr. rer. nat. Alois Weidinger  (auth.)",1992,,Vieweg+Teubner Verlag,,2.Aufl. 1992,0,German,,,,"978-3-519-13079-6,978-3-322-93989-0",,,,,,,10.1007/978-3-322-93989-0,,,,0,,1,1,1,,,1,7221387,pdf,bc998d3b95f9ac742ad29707f0aa2c96,,,A:\\compressed\\10.1007%2F978-3-322-93989-0.pdf,0,2000-01-01 01:00:00,2016-04-03 02:51:08,958000/bc998d3b95f9ac742ad29707f0aa2c96-d.jpg,,
15554020,"Diffusion in Metallen: Grundlagen, Theorie, Vorgänge in Reinmetallen und Legierungen",,WFT Werkstoff-Forschung und -Technik 10,,"Professor Dr. Theodor Heumann,  Professor Dr. Helmut Mehrer  (auth.)",1992,,Springer Berlin Heidelberg,,"XIII, 310 S. 174 Abb.",0,German,,,,"978-3-540-55379-3,978-3-642-86413-1",,,,,,,10.1007/978-3-642-86413-1,,,,0,,1,1,1,,,1,13104234,pdf,7e9b19c0c5cdaaf018dee16c145a0e67,,,A:\\compressed\\10.1007%2F978-3-642-86413-1.pdf,0,2000-01-01 01:00:00,2016-04-03 02:51:08,958000/7e9b19c0c5cdaaf018dee16c145a0e67-d.jpg,,
15554021,Adam Ries,,Einblicke in die Wissenschaft: Wissenschaftsgeschichte ,,Prof. Dr. rer. nat. habil. Hans Wußing  (auth.),1992,2.Aufl.,Vieweg+Teubner Verlag,,124S.,0,German,,,,"978-3-8154-2500-8,978-3-322-91381-4",,,,,,,10.1007/978-3-322-91381-4,,,,0,,1,1,1,,,1,2762334,pdf,900a21cd7902204781e38d300a995e3d,,,A:\\compressed\\10.1007%2F978-3-322-91381-4.pdf,0,2000-01-01 01:00:00,2016-04-03 02:51:08,958000/900a21cd7902204781e38d300a995e3d-d.jpg,,
15554022,Höhere Mathematik für Ingenieure: Band II: Lineare Algebra,, ,,"Prof. Dr. rer. nat. Friedrich Wille,  Prof. Dr. rer. nat. Herbert Haf,  Prof. Dr. rer. nat. Klemens Burg  (auth.)",1992,"3., durchgesehene Aufl.",Vieweg+Teubner Verlag,,"XVI, 398S. Mit 124 Bildern, zahlr. Beispielen und 151 Übungen, zum Teil Lösungen.",0,German,,,,"978-3-519-22956-8,978-3-322-92692-0",,,,,,,10.1007/978-3-322-92692-0,,,,0,,1,1,1,,,1,15218184,pdf,90c40d88769f7c066ba0d9e16579eef7,,,A:\\compressed\\10.1007%2F978-3-322-92692-0.pdf,0,2000-01-01 01:00:00,2016-04-03 02:51:08,958000/90c40d88769f7c066ba0d9e16579eef7-d.jpg,,
15554023,Numerische Mathematik,, ,,Dr. sc. math. Hans Rudolf Schwarz  (auth.),1992,,Vieweg+Teubner Verlag,,3.Aufl. 1992,0,German,,,,"978-3-519-22960-5,978-3-322-94127-5",,,,,,,10.1007/978-3-322-94127-5,,,,0,,1,1,1,,,1,10037146,pdf,42fa516d8534322932f17c1617474f2f,,,A:\\compressed\\10.1007%2F978-3-322-94127-5.pdf,0,2000-01-01 01:00:00,2016-04-03 02:51:08,958000/42fa516d8534322932f17c1617474f2f-d.jpg,,
15554024,Regelung mechanisch steifer Direktantriebe für Werkzeugmaschinen,,ISW Forschung und Praxis 92,,Werner Philipp  (auth.),1992,,Springer Berlin Heidelberg,,130 S.,0,German,,,,"978-3-540-55434-9,978-3-662-09718-2",,,,,,,10.1007/978-3-662-09718-2,,,,0,,1,1,1,,,1,3493839,pdf,42f9f551058c32722af18a7e4768ec4b,,,A:\\compressed\\10.1007%2F978-3-662-09718-2.pdf,0,2000-01-01 01:00:00,2016-04-03 02:51:08,958000/42f9f551058c32722af18a7e4768ec4b-d.jpg,,
15554025,Grundlagen und Anwendungen der Maxwellschen Theorie II: Ein Repetitorium,,B.I.-Hochschultaschenbuch ,,Prof. Dr. Ingo Wolff  (auth.),1992,,Springer Berlin Heidelberg,,353 S.,0,German,,,,"978-3-540-62179-9,978-3-642-48822-1",,,,,,,10.1007/978-3-642-48822-1,,,"Ursprünglich erschienen beim VDI-Verlag, Düsseldorf2., überarb. u. erw. Aufl.",0,,1,1,1,,,1,3904622,pdf,c8d6fc01fb046109d8a66e8d55fa2a88,,,A:\\compressed\\10.1007%2F978-3-642-48822-1.pdf,0,2000-01-01 01:00:00,2016-04-03 02:51:08,958000/c8d6fc01fb046109d8a66e8d55fa2a88-d.jpg,,
15554026,Protocol engineering: A rule based approach,, ,,Jürgen M. Schneider  (auth.),1992,,Vieweg+Teubner Verlag,,249S.,0,English,,,,"978-3-528-05243-0,978-3-322-83979-4",,,,,,,10.1007/978-3-322-83979-4,,,,0,,1,1,1,,,1,8076564,pdf,3de4359d721abacb0e8ad9754b3a23a5,,,A:\\compressed\\10.1007%2F978-3-322-83979-4.pdf,0,2000-01-01 01:00:00,2016-04-03 02:51:08,958000/3de4359d721abacb0e8ad9754b3a23a5-d.jpg,,
15554027,Verschleißminderung an Werkzeugen der Kaltmassivumformung durch Ionenstrahltechniken,,Berichte aus dem Institut für Umformtechnik der Universität Stuttgart 115,,Dipl.-Phys. Christian Weist  (auth.),1992,,Springer Berlin Heidelberg,,169 S.,0,German,,,,"978-3-540-55453-0,978-3-662-10781-2",,,,,,,10.1007/978-3-662-10781-2,,,,0,,1,1,1,,,1,5267160,pdf,c863d4aa3e5fee166ed924af3223592b,,,A:\\compressed\\10.1007%2F978-3-662-10781-2.pdf,0,2000-01-01 01:00:00,2016-04-03 02:51:08,958000/c863d4aa3e5fee166ed924af3223592b-d.jpg,,
15554028,Handbuch Spannungs Messpraxis: Experimentelle Ermittlung Mechanischer Spannungen,, ,,"Prof. Dr.-Ing. Arnold Peiter  (auth.),  Prof. Dr.-Ing. Arnold Peiter  (eds.)",1992,,Vieweg+Teubner Verlag,,"XII, 378S. 237 Abb.. Mit 237 Abb. und 13 Tab.",0,German,,,,"978-3-322-83109-5,978-3-322-83108-8",,,,,,,10.1007/978-3-322-83108-8,,,,0,,1,1,1,,,1,19436373,pdf,d4d21ccad5ce2a3a15adb1f03aa6e030,,,A:\\compressed\\10.1007%2F978-3-322-83108-8.pdf,0,2000-01-01 01:00:00,2016-04-03 02:51:08,958000/d4d21ccad5ce2a3a15adb1f03aa6e030-d.jpg,,
15554029,Fertigungsleitsysteme: Organisatorische und informationstechnische Leitlinien,, ,,Dr.-Ing. Werner Leodolter  (auth.),1992,,Vieweg+Teubner Verlag,,216S. 33 Abb..,0,German,,,,"978-3-519-06343-8,978-3-322-94039-1",,,,,,,10.1007/978-3-322-94039-1,,,,0,,1,1,1,,,1,5529837,pdf,b618c492584c2eaff0cb543bfd2321ea,,,A:\\compressed\\10.1007%2F978-3-322-94039-1.pdf,0,2000-01-01 01:00:00,2016-04-03 02:51:08,958000/b618c492584c2eaff0cb543bfd2321ea-d.jpg,,
15554030,C unter UNIX: Eine grundlegende Einführung für Programmierer Unter Berücksichtigung des ANSI-Standards,, ,,Klaus Kannemann M. Sc.  (auth.),1992,,Vieweg+Teubner Verlag,,"XII, 500S.",0,German,,,,"978-3-322-83056-2,978-3-322-83055-5",,,,,,,10.1007/978-3-322-83055-5,,,,0,,1,1,1,,,1,27933444,pdf,2cfbfcf43e114ea262c2cdecbe2a3a69,,,A:\\compressed\\10.1007%2F978-3-322-83055-5.pdf,0,2000-01-01 01:00:00,2016-04-03 02:51:08,958000/2cfbfcf43e114ea262c2cdecbe2a3a69-d.jpg,,
15554031,Vorrichtungen: Rationelle Planung und Konstruktion,,VDI-Buch ,,(auth.),1992,,Springer Berlin Heidelberg,,583,0,German,,,,"978-3-642-51855-3,978-3-642-51854-6",,,,,,,10.1007/978-3-642-51854-6,,,,0,,1,1,1,,,1,38743755,pdf,c4960d66b6db4b405d84dec5eb71ed6c,,,A:\\compressed\\10.1007%2F978-3-642-51854-6.pdf,0,2000-01-01 01:00:00,2016-04-03 02:51:08,958000/c4960d66b6db4b405d84dec5eb71ed6c-d.jpg,,
15554032,Prüfmaschinen und Prüfanlagen: Hilfsmittel der zerstörenden Materialprüfung,, ,,Dr. sc. techn. Theodor H. Erismann  (auth.),1992,,Springer Berlin Heidelberg,,"X, 275 S. 193 Abb.",0,German,,,,"978-3-642-50224-8,978-3-642-50223-1",,,,,,,10.1007/978-3-642-50223-1,,,,0,,1,1,1,,,1,11119267,pdf,20aaf5671eeda086ebd771109e5b7703,,,A:\\compressed\\10.1007%2F978-3-642-50223-1.pdf,0,2000-01-01 01:00:00,2016-04-03 02:51:08,958000/20aaf5671eeda086ebd771109e5b7703-d.jpg,,
15554033,Einführung in die Wahrscheinlichkeitsrechnung und Statistik für Ingenieure,, ,,Prof. Hubert Weber  (auth.),1992,3.Aufl.,Vieweg+Teubner Verlag,,418S.,0,German,,,,"978-3-519-02983-0,978-3-322-96693-3",,,,,,,10.1007/978-3-322-96693-3,,,,0,,1,1,1,,,1,14324651,pdf,9d446a380fc8d6d2a5ea25d9fd711cb6,,,A:\\compressed\\10.1007%2F978-3-322-96693-3.pdf,0,2000-01-01 01:00:00,2016-04-03 02:51:08,958000/9d446a380fc8d6d2a5ea25d9fd711cb6-d.jpg,,
15554034,Vermessungskunde: Fachgebiete Architektur — Bauingenieurwesen — Vermessungswesen. Teil 1,, ,,Dr.-Ing. Volker Matthews  (auth.),1992,,Vieweg+Teubner Verlag,,27Aufl. 1992,0,German,,,,"978-3-519-05252-4,978-3-322-94742-0",,,,,,,10.1007/978-3-322-94742-0,,,,0,,1,1,1,,,1,6941072,pdf,1de724f36f011cbbeb85b480cc3db617,,,A:\\compressed\\10.1007%2F978-3-322-94742-0.pdf,0,2000-01-01 01:00:00,2016-04-03 02:51:08,958000/1de724f36f011cbbeb85b480cc3db617-d.jpg,,
15554035,Methodik zur Planung der automatischen Montage von nicht formstabilen Bauteilen,,iwb Forschungsberichte 43,,Dipl.-Ing. Jürgen Hoßmann  (auth.),1992,,Springer Berlin Heidelberg,,"V, 166 S.",0,German,,,,"978-3-540-55220-8,978-3-662-08720-6",,,,,,,10.1007/978-3-662-08720-6,,,,0,,1,1,1,,,1,4566703,pdf,0c9e10034766119f2df03ae833a449d5,,,A:\\compressed\\10.1007%2F978-3-662-08720-6.pdf,0,2000-01-01 01:00:00,2016-04-03 02:51:08,958000/0c9e10034766119f2df03ae833a449d5-d.jpg,,
15554036,AutoCAD-Aufbaukurs: Lehr- und Übungsbuch,, ,,"Hans-Georg Harnisch,  Jörg Neuberger  (auth.)",1992,"2., überarb. und erw. Aufl.",Vieweg+Teubner Verlag,,"VIII, 280S. 126 Abb.. Mit 94 Beisp. und 53 Aufg. mit Lös.",0,German,,,,"978-3-528-14784-6,978-3-322-83199-6",,,,,,,10.1007/978-3-322-83199-6,,,,0,,1,1,1,,,1,19749846,pdf,d31e8c6c09efe51c632d107ed28c1e3f,,,A:\\compressed\\10.1007%2F978-3-322-83199-6.pdf,0,2000-01-01 01:00:00,2016-04-03 02:51:08,958000/d31e8c6c09efe51c632d107ed28c1e3f-d.jpg,,
15554037,Technischer Lehrgang Motorkraftstoffe,, ,,A. G. Esso  (auth.),1992,,Vieweg+Teubner Verlag,,32S.,0,German,,,,"978-3-528-04834-1,978-3-322-86806-0",,,,,,,10.1007/978-3-322-86806-0,,,,0,,1,1,1,,,1,5869019,pdf,c0c3a2c5c512b62efa2635f92e67bef7,,,A:\\compressed\\10.1007%2F978-3-322-86806-0.pdf,0,2000-01-01 01:00:00,2016-04-03 02:51:08,958000/c0c3a2c5c512b62efa2635f92e67bef7-d.jpg,,
15554038,Steuerung der Konfiguration Eines Redundanten Manipulators,,Fortschritte der Robotik ,,Angelika Höfer promovierte  (auth.),1992,,Vieweg+Teubner Verlag,,111S.,0,English,,,,"978-3-528-06516-4,978-3-322-87815-1",,,,,,,10.1007/978-3-322-87815-1,,,,0,,1,1,1,,,1,3347609,pdf,ace50dc74fe4a00b16762a77aa622845,,,A:\\compressed\\10.1007%2F978-3-322-87815-1.pdf,0,2000-01-01 01:00:00,2016-04-03 02:51:08,958000/ace50dc74fe4a00b16762a77aa622845-d.jpg,,
