18639217,,,,,,,,,,,0,,,,,,,,,,,,,,,,0,,,,,,,,8774856,djvu,142059746dd575d920f0edf4dc575de3,,,N:\\libgen djvu ocr\\130000\\db60b578f49f7a3221945826f2d31252-ocr.djvu,0,2000-01-01 01:00:00,2016-04-03 02:51:08,,,
18639218,,,,,,,,,,,0,,,,,,,,,,,,,,,,0,,,,,,,,5266455,djvu,1326e791448a6f6adb02dbd8250a80af,,,N:\\libgen djvu ocr\\130000\\154579b386404cd1b04a6390e6d7a6db-ocr.djvu,0,2000-01-01 01:00:00,2016-04-03 02:51:08,,,
18639219,,,,,,,,,,,0,,,,,,,,,,,,,,,,0,,,,,,,,5196190,djvu,35e9b57f6400979089b4283f806fefc3,,,N:\\libgen djvu ocr\\130000\\726f7bfc2af90dbcd4d63380d20f7253-ocr.djvu,0,2000-01-01 01:00:00,2016-04-03 02:51:08,,,
18639220,,,,,,,,,,,0,,,,,,,,,,,,,,,,0,,,,,,,,3975174,djvu,588e2db5753b1ee0ce8abae7748169b0,,,N:\\libgen djvu ocr\\130000\\4a308fcdee1e90f391555fe46079cf5d-ocr.djvu,0,2000-01-01 01:00:00,2016-04-03 02:51:08,,,
18639221,,,,,,,,,,,0,,,,,,,,,,,,,,,,0,,,,,,,,5406840,djvu,7cd695607a34efbbef143554cbe1cf88,,,N:\\libgen djvu ocr\\130000\\340f88814ba3256f8f799279374eeea3-ocr.djvu,0,2000-01-01 01:00:00,2016-04-03 02:51:08,,,
18639222,,,,,,,,,,,0,,,,,,,,,,,,,,,,0,,,,,,,,5612439,djvu,cf989c4d8a81f3aa245fb517e9af87ea,,,N:\\libgen djvu ocr\\882000\\b5ede487b21ff0cf715edd70dcf8db27-ocr.djvu,0,2000-01-01 01:00:00,2016-04-03 02:51:08,,,
18639223,,,,,,,,,,,0,,,,,,,,,,,,,,,,0,,,,,,,,7151457,djvu,9a54de91572cf8e6c76ac733653926b7,,,N:\\libgen djvu ocr\\130000\\b13ccbf2fbb74de78a1f77cff23bdf8d-ocr.djvu,0,2000-01-01 01:00:00,2016-04-03 02:51:08,,,
18639224,,,,,,,,,,,0,,,,,,,,,,,,,,,,0,,,,,,,,3753986,djvu,5e4b52226aeb7dad9189d170fa46f86f,,,N:\\libgen djvu ocr\\130000\\45027199322d69843876a9afc74feb32-ocr.djvu,0,2000-01-01 01:00:00,2016-04-03 02:51:08,,,
18639225,,,,,,,,,,,0,,,,,,,,,,,,,,,,0,,,,,,,,2762415,djvu,1d0ada40e044ac2b722c3cce4c07815f,,,N:\\libgen djvu ocr\\130000\\7f67f9dd50a971de990906a31f3a2cdb-ocr.djvu,0,2000-01-01 01:00:00,2016-04-03 02:51:08,,,
18639226,,,,,,,,,,,0,,,,,,,,,,,,,,,,0,,,,,,,,3798681,djvu,890ef0ec788a841412c9ed3dc0aaaa37,,,N:\\libgen djvu ocr\\130000\\0cc054f416543614406326f120680cc8-ocr.djvu,0,2000-01-01 01:00:00,2016-04-03 02:51:08,,,
18639227,,,,,,,,,,,0,,,,,,,,,,,,,,,,0,,,,,,,,7056594,djvu,85787f89ac240322f2bc301452ad7551,,,N:\\libgen djvu ocr\\130000\\d3111073325c5d47dda69d67ce651e76-ocr.djvu,0,2000-01-01 01:00:00,2016-04-03 02:51:08,,,
18639228,,,,,,,,,,,0,,,,,,,,,,,,,,,,0,,,,,,,,14653030,djvu,87f0d47152f83b5d2fd407fa07e53e19,,,N:\\libgen djvu ocr\\130000\\549234316d7ea521fec204eb7e7e5386-ocr.djvu,0,2000-01-01 01:00:00,2016-04-03 02:51:08,,,
18639229,,,,,,,,,,,0,,,,,,,,,,,,,,,,0,,,,,,,,401382,djvu,0f649eae25f4e2833e17d8c36b4dca61,,,N:\\libgen djvu ocr\\130000\\6c300f0ef193ed08306826c541ad3991-ocr.djvu,0,2000-01-01 01:00:00,2016-04-03 02:51:08,,,
18639230,,,,,,,,,,,0,,,,,,,,,,,,,,,,0,,,,,,,,2680304,djvu,d173d533dae3b62e8bae09a7e71650d4,,,N:\\libgen djvu ocr\\130000\\2dccb923d9329eba6557b76ae271fe21-ocr.djvu,0,2000-01-01 01:00:00,2016-04-03 02:51:08,,,
18639231,,,,,,,,,,,0,,,,,,,,,,,,,,,,0,,,,,,,,1038555,djvu,631f545ed5f8d581ee8ec10e243d29f7,,,N:\\libgen djvu ocr\\130000\\f4dd6dee617701c528b70ebf79694373-ocr.djvu,0,2000-01-01 01:00:00,2016-04-03 02:51:08,,,
18639232,,,,,,,,,,,0,,,,,,,,,,,,,,,,0,,,,,,,,498286,djvu,b77174c8ad40455eb51be241c9c6d14d,,,N:\\libgen djvu ocr\\130000\\3c3c8d675b79cf2ff3540540a18c8678-ocr.djvu,0,2000-01-01 01:00:00,2016-04-03 02:51:08,,,
18639233,,,,,,,,,,,0,,,,,,,,,,,,,,,,0,,,,,,,,142989,djvu,634464dca9c0063286981bffcbcf22cb,,,N:\\libgen djvu ocr\\130000\\727a3532a6d1fe306c058361b1e7b0b6-ocr.djvu,0,2000-01-01 01:00:00,2016-04-03 02:51:08,,,
18639234,,,,,,,,,,,0,,,,,,,,,,,,,,,,0,,,,,,,,5136112,djvu,ba70e9243636ddbf61c66baafb1cfcb5,,,N:\\libgen djvu ocr\\130000\\5a11d68f2098d3efa04fac8e9c78fcc2-ocr.djvu,0,2000-01-01 01:00:00,2016-04-03 02:51:08,,,
18639235,,,,,,,,,,,0,,,,,,,,,,,,,,,,0,,,,,,,,2966038,djvu,4e68d90303c213a70ef2020776968b09,,,N:\\libgen djvu ocr\\130000\\b4bc973d138b80ff2542d7cc9f1c5b68-ocr.djvu,0,2000-01-01 01:00:00,2016-04-03 02:51:08,,,
18639236,,,,,,,,,,,0,,,,,,,,,,,,,,,,0,,,,,,,,19259323,djvu,b2dc339d8a122721768d6d734574fd15,,,N:\\libgen djvu ocr\\130000\\10bad298b888ee197299c8831d753ffd-ocr.djvu,0,2000-01-01 01:00:00,2016-04-03 02:51:08,,,
18639237,,,,,,,,,,,0,,,,,,,,,,,,,,,,0,,,,,,,,2662370,djvu,8517624dd9c1080bfe75a0a421df229a,,,N:\\libgen djvu ocr\\130000\\ea5c6a278bafd256bba8dc2723788d53-ocr.djvu,0,2000-01-01 01:00:00,2016-04-03 02:51:08,,,
18639238,,,,,,,,,,,0,,,,,,,,,,,,,,,,0,,,,,,,,8961069,djvu,cae6549419252f423629e3e85fbbbb79,,,N:\\libgen djvu ocr\\130000\\6323f6d39c76985892fe568b115b5a39-ocr.djvu,0,2000-01-01 01:00:00,2016-04-03 02:51:08,,,
18639239,,,,,,,,,,,0,,,,,,,,,,,,,,,,0,,,,,,,,3991267,djvu,dcdef6e185bb1d245f889ace1d3024d9,,,N:\\libgen djvu ocr\\130000\\ea43781fc746cdfbf77eb98af4d85d8f-ocr.djvu,0,2000-01-01 01:00:00,2016-04-03 02:51:08,,,
18639240,,,,,,,,,,,0,,,,,,,,,,,,,,,,0,,,,,,,,2545136,djvu,e5ecd501864591bb27e44c8fafe6d822,,,N:\\libgen djvu ocr\\130000\\a4a255991e64f43b97fbb06adc5f6172-ocr.djvu,0,2000-01-01 01:00:00,2016-04-03 02:51:08,,,
18639241,,,,,,,,,,,0,,,,,,,,,,,,,,,,0,,,,,,,,10155845,djvu,2b6b6349f23f2c3e290020c63d16a964,,,N:\\libgen djvu ocr\\130000\\378bd90ae901d77b14d1bb5f1abcf21d-ocr.djvu,0,2000-01-01 01:00:00,2016-04-03 02:51:08,,,
18639242,,,,,,,,,,,0,,,,,,,,,,,,,,,,0,,,,,,,,2004229,djvu,f929b758418143422103b9b56de9a1d7,,,N:\\libgen djvu ocr\\130000\\d928bf29d14ed36c1e971e78fa6f6a58-ocr.djvu,0,2000-01-01 01:00:00,2016-04-03 02:51:08,,,
18639243,,,,,,,,,,,0,,,,,,,,,,,,,,,,0,,,,,,,,3788884,djvu,4f4c5c91608e8da61780e86543388e78,,,N:\\libgen djvu ocr\\130000\\4961e93148ca179ef32f53e74c15430e-ocr.djvu,0,2000-01-01 01:00:00,2016-04-03 02:51:08,,,
18639244,,,,,,,,,,,0,,,,,,,,,,,,,,,,0,,,,,,,,7987504,djvu,f89a81241d89931d0581412bdd7e18f5,,,N:\\libgen djvu ocr\\130000\\d25fed67fd151707cf8b571032fcdc65-ocr.djvu,0,2000-01-01 01:00:00,2016-04-03 02:51:08,,,
18639245,,,,,,,,,,,0,,,,,,,,,,,,,,,,0,,,,,,,,6007639,djvu,f1ed024b86ac2f16d1372e794155b834,,,N:\\libgen djvu ocr\\130000\\abb4714ab1478e1264d6297c933ce8e4-ocr.djvu,0,2000-01-01 01:00:00,2016-04-03 02:51:08,,,
18639246,,,,,,,,,,,0,,,,,,,,,,,,,,,,0,,,,,,,,7459187,djvu,71f4bd44d1c3ed83e0c5e1ecdaf0d4a9,,,N:\\libgen djvu ocr\\130000\\eccea7b588cde1deab1a608cf39ad49d-ocr.djvu,0,2000-01-01 01:00:00,2016-04-03 02:51:08,,,
18639247,,,,,,,,,,,0,,,,,,,,,,,,,,,,0,,,,,,,,8451312,djvu,f267858426d00f3e332145842ef0dc2e,,,N:\\libgen djvu ocr\\130000\\97401329ba8cf949bb8dea494416e3cd-ocr.djvu,0,2000-01-01 01:00:00,2016-04-03 02:51:08,,,
18639248,,,,,,,,,,,0,,,,,,,,,,,,,,,,0,,,,,,,,7039941,djvu,f5a47f7a6461c922f1482195f67bc2ac,,,N:\\libgen djvu ocr\\130000\\a99c9c40100b3dd4d832eb8014533389-ocr.djvu,0,2000-01-01 01:00:00,2016-04-03 02:51:08,,,
18639249,,,,,,,,,,,0,,,,,,,,,,,,,,,,0,,,,,,,,4707027,djvu,ecb962089e8bf0e6b6d737762cdc8136,,,N:\\libgen djvu ocr\\130000\\72b2eb8d7fa76637ff90c2d661d11b3b-ocr.djvu,0,2000-01-01 01:00:00,2016-04-03 02:51:08,,,
18639250,,,,,,,,,,,0,,,,,,,,,,,,,,,,0,,,,,,,,8818858,djvu,f70543bf90d2cb5fd0bdf822a2da754d,,,N:\\libgen djvu ocr\\130000\\799a597e8c0d4139a287f1aa823512e3-ocr.djvu,0,2000-01-01 01:00:00,2016-04-03 02:51:08,,,
18639251,,,,,,,,,,,0,,,,,,,,,,,,,,,,0,,,,,,,,3646530,djvu,6ca53d9ef3110dfc9fbbbf2198e357e7,,,N:\\libgen djvu ocr\\130000\\24e89e9d29e01943c5117b91809fd3ac-ocr.djvu,0,2000-01-01 01:00:00,2016-04-03 02:51:08,,,
18639252,,,,,,,,,,,0,,,,,,,,,,,,,,,,0,,,,,,,,3348246,djvu,e93e2b93f8f0f314a59d29e0f829b466,,,N:\\libgen djvu ocr\\130000\\6ac47e48cf830715ca07a56fd1e61df4-ocr.djvu,0,2000-01-01 01:00:00,2016-04-03 02:51:08,,,
18639253,,,,,,,,,,,0,,,,,,,,,,,,,,,,0,,,,,,,,4880961,djvu,133e03d5c05b5c29b766904e3941ba15,,,N:\\libgen djvu ocr\\130000\\24025d8cd6c9fa200e75ae25d3c54498-ocr.djvu,0,2000-01-01 01:00:00,2016-04-03 02:51:08,,,
18639254,,,,,,,,,,,0,,,,,,,,,,,,,,,,0,,,,,,,,3337019,djvu,e3e525359ebfc1cbf38bd71e550837df,,,N:\\libgen djvu ocr\\130000\\d8250130889029f470e0c6c2ffafa456-ocr.djvu,0,2000-01-01 01:00:00,2016-04-03 02:51:08,,,
18639255,,,,,,,,,,,0,,,,,,,,,,,,,,,,0,,,,,,,,30964734,djvu,f2b6b71947ef11972fd71f542aef2bc5,,,N:\\libgen djvu ocr\\130000\\48c09eca04be6981c9a9f170a5a9d841-ocr.djvu,0,2000-01-01 01:00:00,2016-04-03 02:51:08,,,
18639256,,,,,,,,,,,0,,,,,,,,,,,,,,,,0,,,,,,,,33626516,djvu,d97f13f833138bb7db248668c5035819,,,N:\\libgen djvu ocr\\130000\\0ebfe5e179cadd2e2592d6e65ddcc474-ocr.djvu,0,2000-01-01 01:00:00,2016-04-03 02:51:08,,,
18639257,,,,,,,,,,,0,,,,,,,,,,,,,,,,0,,,,,,,,15455610,djvu,465f78bc29b90c4212b24928ca4574f6,,,N:\\libgen djvu ocr\\130000\\a970a4de4cb2fcbbce6d64186d282b18-ocr.djvu,0,2000-01-01 01:00:00,2016-04-03 02:51:08,,,
18639258,,,,,,,,,,,0,,,,,,,,,,,,,,,,0,,,,,,,,9330159,djvu,37fd02fbd8e47c72352e7c8cc14ba4f8,,,N:\\libgen djvu ocr\\130000\\46f12b5ab38180230a9f15489a5b06e9-ocr.djvu,0,2000-01-01 01:00:00,2016-04-03 02:51:08,,,
18639259,,,,,,,,,,,0,,,,,,,,,,,,,,,,0,,,,,,,,3633805,djvu,3490fdea1dfd5eaed3915b8bb0c7e954,,,N:\\libgen djvu ocr\\130000\\aa5f7a8272362809f9a43c3726e245f6-ocr.djvu,0,2000-01-01 01:00:00,2016-04-03 02:51:08,,,
18639260,,,,,,,,,,,0,,,,,,,,,,,,,,,,0,,,,,,,,4301195,djvu,1e9b0ac7773c2e6e879f18df18a603ab,,,N:\\libgen djvu ocr\\130000\\28e785a2f36d775e480ea22dcb5b5d5c-ocr.djvu,0,2000-01-01 01:00:00,2016-04-03 02:51:08,,,
18639261,,,,,,,,,,,0,,,,,,,,,,,,,,,,0,,,,,,,,9096179,djvu,e7e3c3c9729b1cc3cbb18d4947e4ca8d,,,N:\\libgen djvu ocr\\130000\\de169c5f52f76924877d998a31cd257b-ocr.djvu,0,2000-01-01 01:00:00,2016-04-03 02:51:08,,,
18639262,,,,,,,,,,,0,,,,,,,,,,,,,,,,0,,,,,,,,183460,djvu,da7d9d0ccb4c069fee9ac16b17fc614d,,,N:\\libgen djvu ocr\\130000\\a2a3622b506af306c2388a78bc910faf-ocr.djvu,0,2000-01-01 01:00:00,2016-04-03 02:51:08,,,
18639263,,,,,,,,,,,0,,,,,,,,,,,,,,,,0,,,,,,,,3612505,djvu,32d4a9e65f8eb188cb8e81c59b55bfbc,,,N:\\libgen djvu ocr\\130000\\99859127d86cef53188931fff85df24b-ocr.djvu,0,2000-01-01 01:00:00,2016-04-03 02:51:08,,,
18639264,,,,,,,,,,,0,,,,,,,,,,,,,,,,0,,,,,,,,4190567,djvu,432aab18558b5dc664f9326f49429ea0,,,N:\\libgen djvu ocr\\130000\\2d4e974ec2c7728fdb9fbf95b72b4c2a-ocr.djvu,0,2000-01-01 01:00:00,2016-04-03 02:51:08,,,
18639265,,,,,,,,,,,0,,,,,,,,,,,,,,,,0,,,,,,,,3774366,djvu,0d44e4e33c84f3671feba745f48f07e5,,,N:\\libgen djvu ocr\\130000\\ae13c2c6274673052942eed9e0c08bcb-ocr.djvu,0,2000-01-01 01:00:00,2016-04-03 02:51:08,,,
18639266,,,,,,,,,,,0,,,,,,,,,,,,,,,,0,,,,,,,,4481183,djvu,ff414593e4157136562f90e0f6765b48,,,N:\\libgen djvu ocr\\130000\\7272495a8ec0c3b2859012b69ebc8270-ocr.djvu,0,2000-01-01 01:00:00,2016-04-03 02:51:08,,,
18639267,,,,,,,,,,,0,,,,,,,,,,,,,,,,0,,,,,,,,2981874,djvu,70d29a211e728723a65f569d18a98f43,,,N:\\libgen djvu ocr\\130000\\8337e8c955bfdf7ba58937055f8223a8-ocr.djvu,0,2000-01-01 01:00:00,2016-04-03 02:51:08,,,
18639268,,,,,,,,,,,0,,,,,,,,,,,,,,,,0,,,,,,,,4263876,djvu,d1b30ef04fc5fa7e36db9db817a71be6,,,N:\\libgen djvu ocr\\130000\\d7640a5e6fb194a404a4d2abff3f9a87-ocr.djvu,0,2000-01-01 01:00:00,2016-04-03 02:51:08,,,
18639269,,,,,,,,,,,0,,,,,,,,,,,,,,,,0,,,,,,,,1548122,djvu,7e6d25a4f97b9c049ad1757217eee7a5,,,N:\\libgen djvu ocr\\130000\\11f340240b7e1e3473204f9f525f323e-ocr.djvu,0,2000-01-01 01:00:00,2016-04-03 02:51:08,,,
18639270,,,,,,,,,,,0,,,,,,,,,,,,,,,,0,,,,,,,,4581474,djvu,c8e10a7d3c48ada5180c4e37d68c4aad,,,N:\\libgen djvu ocr\\130000\\1ec5a3d2f174a143b988c6f8b9e2416a-ocr.djvu,0,2000-01-01 01:00:00,2016-04-03 02:51:08,,,
18639271,,,,,,,,,,,0,,,,,,,,,,,,,,,,0,,,,,,,,1455074,djvu,2dce64721cdc106a2fc08b66a31c0e2e,,,N:\\libgen djvu ocr\\130000\\4c5cd0a4d7edea846590cf7089f74405-ocr.djvu,0,2000-01-01 01:00:00,2016-04-03 02:51:08,,,
18639272,,,,,,,,,,,0,,,,,,,,,,,,,,,,0,,,,,,,,7310094,djvu,6b042d66dde90f92b60a04d56f234f78,,,N:\\libgen djvu ocr\\130000\\4d166f5a298a0e3c510d477e66075998-ocr.djvu,0,2000-01-01 01:00:00,2016-04-03 02:51:08,,,
18639273,,,,,,,,,,,0,,,,,,,,,,,,,,,,0,,,,,,,,4704621,djvu,b307e4bdac3623e20be2bc6c3468ae72,,,N:\\libgen djvu ocr\\130000\\bf434f51e6a57269adafbd4b756546d3-ocr.djvu,0,2000-01-01 01:00:00,2016-04-03 02:51:08,,,
18639274,,,,,,,,,,,0,,,,,,,,,,,,,,,,0,,,,,,,,12649299,djvu,c7f298ee546485e020d4995c073ce945,,,N:\\libgen djvu ocr\\130000\\1b62c4e53d076998dff9324c66e3623d-ocr.djvu,0,2000-01-01 01:00:00,2016-04-03 02:51:08,,,
18639275,,,,,,,,,,,0,,,,,,,,,,,,,,,,0,,,,,,,,10892295,djvu,fb49a1e6d5d0f466f513f00801861d0e,,,N:\\libgen djvu ocr\\130000\\19e29a78d0d910abc1eb2dcb72477d17-ocr.djvu,0,2000-01-01 01:00:00,2016-04-03 02:51:08,,,
18639276,,,,,,,,,,,0,,,,,,,,,,,,,,,,0,,,,,,,,3005619,djvu,10041cf6704f852bf9763cca6bc4f45a,,,N:\\libgen djvu ocr\\130000\\ac57c9dd415e7e15d566ca573c2ce5f9-ocr.djvu,0,2000-01-01 01:00:00,2016-04-03 02:51:08,,,
18639277,,,,,,,,,,,0,,,,,,,,,,,,,,,,0,,,,,,,,9358904,djvu,d5bd7e3b617498a12f49566076c8a408,,,N:\\libgen djvu ocr\\130000\\6de65d99f9c1a5edd3b33dff5e6db124-ocr.djvu,0,2000-01-01 01:00:00,2016-04-03 02:51:08,,,
18639278,,,,,,,,,,,0,,,,,,,,,,,,,,,,0,,,,,,,,6290409,djvu,f95433361f4b28b62dd9442dd448b33d,,,N:\\libgen djvu ocr\\130000\\b5fa6c693439d281a7712791986c0876-ocr.djvu,0,2000-01-01 01:00:00,2016-04-03 02:51:08,,,
18639279,,,,,,,,,,,0,,,,,,,,,,,,,,,,0,,,,,,,,425456,djvu,6face3c7e8d0b259607ff56a5fb39d05,,,N:\\libgen djvu ocr\\130000\\3a80310d89afccea9c82070b9624e655-ocr.djvu,0,2000-01-01 01:00:00,2016-04-03 02:51:08,,,
18639280,,,,,,,,,,,0,,,,,,,,,,,,,,,,0,,,,,,,,2048431,djvu,6b77b5077a7701a22fad73e9467d63f7,,,N:\\libgen djvu ocr\\130000\\c1e850feccdf740ba7c8afefb97c7492-ocr.djvu,0,2000-01-01 01:00:00,2016-04-03 02:51:08,,,
18639281,,,,,,,,,,,0,,,,,,,,,,,,,,,,0,,,,,,,,1497725,djvu,5424d92020733301cc35bdd8f7381a78,,,N:\\libgen djvu ocr\\130000\\70ff17f05dc5bed1d80b60a706aeb1f7-ocr.djvu,0,2000-01-01 01:00:00,2016-04-03 02:51:08,,,
18639282,,,,,,,,,,,0,,,,,,,,,,,,,,,,0,,,,,,,,3798622,djvu,50a1d4e77b8b8309bb400d012cfa13d7,,,N:\\libgen djvu ocr\\130000\\79237e30c4d4f82e56e63840aaae595a-ocr.djvu,0,2000-01-01 01:00:00,2016-04-03 02:51:08,,,
18639283,,,,,,,,,,,0,,,,,,,,,,,,,,,,0,,,,,,,,2851862,djvu,270d5dd035351898c8d8b5b10109f79f,,,N:\\libgen djvu ocr\\130000\\7f4f548f671327eb4058a5f9d5143acd-ocr.djvu,0,2000-01-01 01:00:00,2016-04-03 02:51:08,,,
18639284,,,,,,,,,,,0,,,,,,,,,,,,,,,,0,,,,,,,,4188058,djvu,c09fa1f7a5f821f4fb9180c2dc4b241f,,,N:\\libgen djvu ocr\\130000\\6a0ccf054772695a60717d1d283bd4a3-ocr.djvu,0,2000-01-01 01:00:00,2016-04-03 02:51:08,,,
18639285,,,,,,,,,,,0,,,,,,,,,,,,,,,,0,,,,,,,,1091080,djvu,3e7497d6a36a1e1224597ef88556a7b0,,,N:\\libgen djvu ocr\\130000\\4eb4b4137eba16b3a165d785eb9bc38a-ocr.djvu,0,2000-01-01 01:00:00,2016-04-03 02:51:08,,,
18639286,,,,,,,,,,,0,,,,,,,,,,,,,,,,0,,,,,,,,11456922,djvu,bf2fbcfbd338754d11a9f04eb7b1e08d,,,N:\\libgen djvu ocr\\130000\\e1794f88f6b2a861067aed772b4092f0-ocr.djvu,0,2000-01-01 01:00:00,2016-04-03 02:51:08,,,
18639287,,,,,,,,,,,0,,,,,,,,,,,,,,,,0,,,,,,,,11813003,djvu,50b22151d777b6d4bf57528e6728d415,,,N:\\libgen djvu ocr\\130000\\a22f21c53a5b65218db224ae98cbe617-ocr.djvu,0,2000-01-01 01:00:00,2016-04-03 02:51:08,,,
18639288,,,,,,,,,,,0,,,,,,,,,,,,,,,,0,,,,,,,,3785409,djvu,94094e6958bf251bb5468f71325e33fb,,,N:\\libgen djvu ocr\\130000\\f8543e2c24a354cd2c3480fdfaa81799-ocr.djvu,0,2000-01-01 01:00:00,2016-04-03 02:51:08,,,
18639289,,,,,,,,,,,0,,,,,,,,,,,,,,,,0,,,,,,,,4779234,djvu,5bfefde2c98a69f730986a1eb0cd7560,,,N:\\libgen djvu ocr\\130000\\0a0c3f93d9d01579e98a7c35e2b5ec51-ocr.djvu,0,2000-01-01 01:00:00,2016-04-03 02:51:08,,,
18639290,,,,,,,,,,,0,,,,,,,,,,,,,,,,0,,,,,,,,2903314,djvu,2d73ad0637a42cb9d9158833132aa2c0,,,N:\\libgen djvu ocr\\130000\\d06c3fe75311e143d2e6d8f87107f19e-ocr.djvu,0,2000-01-01 01:00:00,2016-04-03 02:51:08,,,
18639291,,,,,,,,,,,0,,,,,,,,,,,,,,,,0,,,,,,,,6567591,djvu,2fbe32b6121013ba7d69aa522e72e82d,,,N:\\libgen djvu ocr\\130000\\729ea747a41db905d30d382c847b2cfb-ocr.djvu,0,2000-01-01 01:00:00,2016-04-03 02:51:08,,,
18639292,,,,,,,,,,,0,,,,,,,,,,,,,,,,0,,,,,,,,3682447,djvu,a9f8443aa001922f278cd57288ff08b1,,,N:\\libgen djvu ocr\\130000\\a74ae8aa387d0399618c15f93b035b7a-ocr.djvu,0,2000-01-01 01:00:00,2016-04-03 02:51:08,,,
18639293,,,,,,,,,,,0,,,,,,,,,,,,,,,,0,,,,,,,,3667492,djvu,1a04d78ba906dfbd64091d0c9690fbbe,,,N:\\libgen djvu ocr\\130000\\44c613a3d9f11ec67eb56e2eb3111a92-ocr.djvu,0,2000-01-01 01:00:00,2016-04-03 02:51:08,,,
18639294,,,,,,,,,,,0,,,,,,,,,,,,,,,,0,,,,,,,,3605999,djvu,f3cd57af09ad471288dac0e00e80db65,,,N:\\libgen djvu ocr\\130000\\7674b25d0dae90c1339a2cc7d9c04b37-ocr.djvu,0,2000-01-01 01:00:00,2016-04-03 02:51:08,,,
18639295,,,,,,,,,,,0,,,,,,,,,,,,,,,,0,,,,,,,,2429379,djvu,36aae65f7269e2c1813d3af89d445c84,,,N:\\libgen djvu ocr\\130000\\36063d496502b7a991876394f29c0c3a-ocr.djvu,0,2000-01-01 01:00:00,2016-04-03 02:51:08,,,
18639296,,,,,,,,,,,0,,,,,,,,,,,,,,,,0,,,,,,,,13830000,djvu,89887b5871bcae0518c07ff5f529b735,,,N:\\libgen djvu ocr\\130000\\781ce54be4210bc9a88275244155d19a-ocr.djvu,0,2000-01-01 01:00:00,2016-04-03 02:51:08,,,
18639297,,,,,,,,,,,0,,,,,,,,,,,,,,,,0,,,,,,,,11454964,djvu,0568e62149eab9356155bc29118651f3,,,N:\\libgen djvu ocr\\130000\\649983825fe7291cf32210b950c81aca-ocr.djvu,0,2000-01-01 01:00:00,2016-04-03 02:51:08,,,
18639298,,,,,,,,,,,0,,,,,,,,,,,,,,,,0,,,,,,,,3084715,djvu,ed7244cbeca388eef0a7cbe37c1a1f88,,,N:\\libgen djvu ocr\\130000\\cf4b780454a0124eac7b4bcd76f23d81-ocr.djvu,0,2000-01-01 01:00:00,2016-04-03 02:51:08,,,
18639299,,,,,,,,,,,0,,,,,,,,,,,,,,,,0,,,,,,,,11505843,djvu,4fb7c69a41284ceeadbe0592d1bc221a,,,N:\\libgen djvu ocr\\130000\\2215b5c1e83167066b10c1dab9fb8dc6-ocr.djvu,0,2000-01-01 01:00:00,2016-04-03 02:51:08,,,
18639300,,,,,,,,,,,0,,,,,,,,,,,,,,,,0,,,,,,,,21036189,djvu,a80d07f71181778c99d7fd05128e9ae0,,,N:\\libgen djvu ocr\\130000\\f8c497856b9e32488545c484ac2f2618-ocr.djvu,0,2000-01-01 01:00:00,2016-04-03 02:51:08,,,
18639301,,,,,,,,,,,0,,,,,,,,,,,,,,,,0,,,,,,,,3102082,djvu,73eff3ee2ed5e85541d2f4d0dd49dc20,,,N:\\libgen djvu ocr\\130000\\61334e7b6078f0e174ce5abb15e02c65-ocr.djvu,0,2000-01-01 01:00:00,2016-04-03 02:51:08,,,
18639302,,,,,,,,,,,0,,,,,,,,,,,,,,,,0,,,,,,,,1221949,djvu,80e4370dd3673478f1b7cce365c47889,,,N:\\libgen djvu ocr\\130000\\ffae6512b16c7f428c07e0961826506b-ocr.djvu,0,2000-01-01 01:00:00,2016-04-03 02:51:08,,,
18639303,,,,,,,,,,,0,,,,,,,,,,,,,,,,0,,,,,,,,5977039,djvu,aa3fe270bb1cf936178ea1ab79c0d78a,,,N:\\libgen djvu ocr\\130000\\ca16b2f374dbd3de5a787f7468ca97d0-ocr.djvu,0,2000-01-01 01:00:00,2016-04-03 02:51:08,,,
18639304,,,,,,,,,,,0,,,,,,,,,,,,,,,,0,,,,,,,,3421065,djvu,758e34ea394c2d9aba608d8d81cc673a,,,N:\\libgen djvu ocr\\130000\\c17c85fcc09c51de6de4cf7905b8f468-ocr.djvu,0,2000-01-01 01:00:00,2016-04-03 02:51:08,,,
18639305,,,,,,,,,,,0,,,,,,,,,,,,,,,,0,,,,,,,,11630853,djvu,cff2379269bdca97511d71e6d9ae0f48,,,N:\\libgen djvu ocr\\130000\\b8de1db370f9fb4509ecf67e6b305de1-ocr.djvu,0,2000-01-01 01:00:00,2016-04-03 02:51:08,,,
18639306,,,,,,,,,,,0,,,,,,,,,,,,,,,,0,,,,,,,,9478480,djvu,4729dac84a6cda0107c24b0885e5f035,,,N:\\libgen djvu ocr\\130000\\50872b347152bca7444e153efc7d0dae-ocr.djvu,0,2000-01-01 01:00:00,2016-04-03 02:51:08,,,
18639307,,,,,,,,,,,0,,,,,,,,,,,,,,,,0,,,,,,,,3259945,djvu,85076f05d99f4067bd35dfe6fb4f78dc,,,N:\\libgen djvu ocr\\130000\\a86e6ce7667ab8937998b1a4b5724fc2-ocr.djvu,0,2000-01-01 01:00:00,2016-04-03 02:51:08,,,
18639308,,,,,,,,,,,0,,,,,,,,,,,,,,,,0,,,,,,,,117428,djvu,ecf54d9f6d41892692763fe3591e2b49,,,N:\\libgen djvu ocr\\130000\\f8d2141e9dc397e96bbcad5f5e5634e5-ocr.djvu,0,2000-01-01 01:00:00,2016-04-03 02:51:08,,,
18639309,,,,,,,,,,,0,,,,,,,,,,,,,,,,0,,,,,,,,4208093,djvu,2f73c8cfe506f0e058bcbfebfa5cfd68,,,N:\\libgen djvu ocr\\130000\\515d0cb77260fdf930126ccc87281004-ocr.djvu,0,2000-01-01 01:00:00,2016-04-03 02:51:08,,,
18639310,,,,,,,,,,,0,,,,,,,,,,,,,,,,0,,,,,,,,7961852,djvu,3a054ae52456b13c452d26c67b4e6dd2,,,N:\\libgen djvu ocr\\130000\\afc34c0e506f4a380102d19298f9ea0f-ocr.djvu,0,2000-01-01 01:00:00,2016-04-03 02:51:08,,,
18639311,,,,,,,,,,,0,,,,,,,,,,,,,,,,0,,,,,,,,5225293,djvu,d556b411e73c3dc1dc7cd5af3f802ac2,,,N:\\libgen djvu ocr\\130000\\928423dd4443308f7066b13076f61fc1-ocr.djvu,0,2000-01-01 01:00:00,2016-04-03 02:51:08,,,
18639312,,,,,,,,,,,0,,,,,,,,,,,,,,,,0,,,,,,,,3795070,djvu,5ac3636b39dd49ac472164325e51ebfb,,,N:\\libgen djvu ocr\\130000\\167cb01aba3d692de7186888254e9d15-ocr.djvu,0,2000-01-01 01:00:00,2016-04-03 02:51:08,,,
18639313,,,,,,,,,,,0,,,,,,,,,,,,,,,,0,,,,,,,,13469491,djvu,a316abfd6fddc0e1f06ed3c2fe37fb35,,,N:\\libgen djvu ocr\\130000\\eb159cb2ccbc801a61716fb45320a770-ocr.djvu,0,2000-01-01 01:00:00,2016-04-03 02:51:08,,,
18639314,,,,,,,,,,,0,,,,,,,,,,,,,,,,0,,,,,,,,3842115,djvu,b9b524cf8e4d26f6417b65dce7cbc8d4,,,N:\\libgen djvu ocr\\130000\\f8ceb23d122e9e9f0966f9d17e79f63c-ocr.djvu,0,2000-01-01 01:00:00,2016-04-03 02:51:08,,,
18639315,,,,,,,,,,,0,,,,,,,,,,,,,,,,0,,,,,,,,1710207,djvu,d159f3cbcf76aad8a2b845723bbd6ee3,,,N:\\libgen djvu ocr\\130000\\2670256e21549447ca475a100885942f-ocr.djvu,0,2000-01-01 01:00:00,2016-04-03 02:51:08,,,
18639316,,,,,,,,,,,0,,,,,,,,,,,,,,,,0,,,,,,,,121257,djvu,0ae5f575659bbcd2d456d3d6c2a34192,,,N:\\libgen djvu ocr\\130000\\34dd6ca380c6fb9deb1c21c8e9ec9df2-ocr.djvu,0,2000-01-01 01:00:00,2016-04-03 02:51:08,,,
18639317,,,,,,,,,,,0,,,,,,,,,,,,,,,,0,,,,,,,,4239221,djvu,4f89cb68249457ddbf682bb5048e500b,,,N:\\libgen djvu ocr\\130000\\880517c18cc72bc4c156d209ba69f4cd-ocr.djvu,0,2000-01-01 01:00:00,2016-04-03 02:51:08,,,
18639318,,,,,,,,,,,0,,,,,,,,,,,,,,,,0,,,,,,,,3053284,djvu,6887a1ff337667e7b732db4366451da4,,,N:\\libgen djvu ocr\\130000\\7a4911f3a201a338d8cd3edb4e95475c-ocr.djvu,0,2000-01-01 01:00:00,2016-04-03 02:51:08,,,
18639319,,,,,,,,,,,0,,,,,,,,,,,,,,,,0,,,,,,,,612611,djvu,1d1f5e5bce0776787d7f1f4bd3785ff0,,,N:\\libgen djvu ocr\\130000\\49c36a67d036f11c825ddabbf99a2848-ocr.djvu,0,2000-01-01 01:00:00,2016-04-03 02:51:08,,,
18639320,,,,,,,,,,,0,,,,,,,,,,,,,,,,0,,,,,,,,7197632,djvu,130ae38a9ec70fec7dc80479f282a95e,,,N:\\libgen djvu ocr\\130000\\b08c2cb2182c3e4f47d5076c8c82a77e-ocr.djvu,0,2000-01-01 01:00:00,2016-04-03 02:51:08,,,
18639321,,,,,,,,,,,0,,,,,,,,,,,,,,,,0,,,,,,,,4633323,djvu,5178713ff8c7e05a2678646ad2784994,,,N:\\libgen djvu ocr\\130000\\d23062ca21bf6e7c46e438760fabd7f1-ocr.djvu,0,2000-01-01 01:00:00,2016-04-03 02:51:08,,,
18639322,,,,,,,,,,,0,,,,,,,,,,,,,,,,0,,,,,,,,773423,djvu,3b27f667f30cfcb59de74df57a5137d9,,,N:\\libgen djvu ocr\\130000\\7bd751077826e94b5f1c3cd32eaf98ea-ocr.djvu,0,2000-01-01 01:00:00,2016-04-03 02:51:08,,,
18639323,,,,,,,,,,,0,,,,,,,,,,,,,,,,0,,,,,,,,15282128,djvu,24db5022c9ac6cfc6ca41719f125781e,,,N:\\libgen djvu ocr\\130000\\c96aa1e8ac1512bf281b1a3e06dea597-ocr.djvu,0,2000-01-01 01:00:00,2016-04-03 02:51:08,,,
18639324,,,,,,,,,,,0,,,,,,,,,,,,,,,,0,,,,,,,,4111308,djvu,c85903aeb14de6e0b0a850032bbd9f55,,,N:\\libgen djvu ocr\\130000\\7d2efa619504bef631b8fcc4a941e940-ocr.djvu,0,2000-01-01 01:00:00,2016-04-03 02:51:08,,,
18639325,,,,,,,,,,,0,,,,,,,,,,,,,,,,0,,,,,,,,3976472,djvu,9186c111f34f9a54fe68996e7529f01a,,,N:\\libgen djvu ocr\\130000\\d7146cb1cd2f6c4c1f357f81020acd79-ocr.djvu,0,2000-01-01 01:00:00,2016-04-03 02:51:08,,,
18639326,,,,,,,,,,,0,,,,,,,,,,,,,,,,0,,,,,,,,10279908,djvu,308d29dadc4a9a812998f8b6b816a4ac,,,N:\\libgen djvu ocr\\130000\\9be175f7038a4a169597cc484ceb589f-ocr.djvu,0,2000-01-01 01:00:00,2016-04-03 02:51:08,,,
18639327,,,,,,,,,,,0,,,,,,,,,,,,,,,,0,,,,,,,,21718753,djvu,9895d1eb49a4558f4cf8f895030698ae,,,N:\\libgen djvu ocr\\130000\\85f568b662e513badf073e1593d08794-ocr.djvu,0,2000-01-01 01:00:00,2016-04-03 02:51:08,,,
18639328,,,,,,,,,,,0,,,,,,,,,,,,,,,,0,,,,,,,,4339461,djvu,fcae43583275aaea27b02bffa0271ffd,,,N:\\libgen djvu ocr\\130000\\f575c1f89e6667d5240ec590c1565e24-ocr.djvu,0,2000-01-01 01:00:00,2016-04-03 02:51:08,,,
18639329,,,,,,,,,,,0,,,,,,,,,,,,,,,,0,,,,,,,,6785935,djvu,01c5e6c8d6de14ade5929839bf7336e5,,,N:\\libgen djvu ocr\\130000\\e041e48d319283dfefa483b0ef3e1b49-ocr.djvu,0,2000-01-01 01:00:00,2016-04-03 02:51:08,,,
18639330,,,,,,,,,,,0,,,,,,,,,,,,,,,,0,,,,,,,,7100096,djvu,293c6012070e6412c2ae710b245c3660,,,N:\\libgen djvu ocr\\130000\\d5ed74bfb454c081c4f65935a1eb0b11-ocr.djvu,0,2000-01-01 01:00:00,2016-04-03 02:51:08,,,
18639331,,,,,,,,,,,0,,,,,,,,,,,,,,,,0,,,,,,,,6193318,djvu,287574ce01993634af22ae4d9311edac,,,N:\\libgen djvu ocr\\131000\\44282d8a86faf33efdc553094bb725ea-ocr.djvu,0,2000-01-01 01:00:00,2016-04-03 02:51:08,,,
18639332,,,,,,,,,,,0,,,,,,,,,,,,,,,,0,,,,,,,,2218418,djvu,19d93a4037cecc808f8758c06ca68b24,,,N:\\libgen djvu ocr\\131000\\ebe1049d9eee38bf81957547d673b573-ocr.djvu,0,2000-01-01 01:00:00,2016-04-03 02:51:08,,,
18639333,,,,,,,,,,,0,,,,,,,,,,,,,,,,0,,,,,,,,2218418,djvu,ce3c27c92e66316e39b88456e32aed47,,,N:\\libgen djvu ocr\\131000\\416b80e2c98f57cd70230393c0ed08dd-ocr.djvu,0,2000-01-01 01:00:00,2016-04-03 02:51:08,,,
18639334,,,,,,,,,,,0,,,,,,,,,,,,,,,,0,,,,,,,,3100770,djvu,11e9ad40357d824e940e2b80c0b63fd4,,,N:\\libgen djvu ocr\\131000\\4fb5c3c93211ffcba7ac9905a545cd55-ocr.djvu,0,2000-01-01 01:00:00,2016-04-03 02:51:08,,,
18639335,,,,,,,,,,,0,,,,,,,,,,,,,,,,0,,,,,,,,18971384,djvu,3183da6f0af8a293c337dea365a57272,,,N:\\libgen djvu ocr\\131000\\d7b5cf4059a17dbaa82e6174e7af5383-ocr.djvu,0,2000-01-01 01:00:00,2016-04-03 02:51:08,,,
18639336,,,,,,,,,,,0,,,,,,,,,,,,,,,,0,,,,,,,,1331841,djvu,edeb0e8f29e3b304900d8437f6fb49c0,,,N:\\libgen djvu ocr\\131000\\f25d975da22083091db9cf31dcc3dd12-ocr.djvu,0,2000-01-01 01:00:00,2016-04-03 02:51:08,,,
18639337,,,,,,,,,,,0,,,,,,,,,,,,,,,,0,,,,,,,,3596717,djvu,d2f77d583a60996d9631df9f664286a9,,,N:\\libgen djvu ocr\\131000\\0609c82400f4f16b523cce6871575e01-ocr.djvu,0,2000-01-01 01:00:00,2016-04-03 02:51:08,,,
18639338,,,,,,,,,,,0,,,,,,,,,,,,,,,,0,,,,,,,,2615226,djvu,3dd5ae5abfd82f92dda9ddfae214cc65,,,N:\\libgen djvu ocr\\131000\\bd400fde29884c1393780603889f0cbf-ocr.djvu,0,2000-01-01 01:00:00,2016-04-03 02:51:08,,,
18639339,,,,,,,,,,,0,,,,,,,,,,,,,,,,0,,,,,,,,1264254,djvu,b164c79a92e53d04f08ae30d361daa8a,,,N:\\libgen djvu ocr\\131000\\44825c6ae48bb2fab07709ebc2636f28-ocr.djvu,0,2000-01-01 01:00:00,2016-04-03 02:51:08,,,
18639340,,,,,,,,,,,0,,,,,,,,,,,,,,,,0,,,,,,,,4649009,djvu,86ce9bb99a0bc39a8f46d9f0be3df319,,,N:\\libgen djvu ocr\\131000\\de04fbc7a5ec69f3e67c0441ef3b30aa-ocr.djvu,0,2000-01-01 01:00:00,2016-04-03 02:51:08,,,
18639341,,,,,,,,,,,0,,,,,,,,,,,,,,,,0,,,,,,,,4817110,djvu,895769fc7cda57c461ae0f6e3939b88c,,,N:\\libgen djvu ocr\\131000\\7bd9120305e49fa39ba1d0a8d0a1a443-ocr.djvu,0,2000-01-01 01:00:00,2016-04-03 02:51:08,,,
18639342,,,,,,,,,,,0,,,,,,,,,,,,,,,,0,,,,,,,,7719267,djvu,326e02fa3375de414a6e7c842f85e408,,,N:\\libgen djvu ocr\\131000\\5f26ef35c67da8bb10e21a6bc4ff68b1-ocr.djvu,0,2000-01-01 01:00:00,2016-04-03 02:51:08,,,
18639343,,,,,,,,,,,0,,,,,,,,,,,,,,,,0,,,,,,,,5077494,djvu,8cbc51096b69a6c2b0120ba1758cbbfc,,,N:\\libgen djvu ocr\\131000\\4325f1614df96f9e06437988b84af514-ocr.djvu,0,2000-01-01 01:00:00,2016-04-03 02:51:08,,,
18639344,,,,,,,,,,,0,,,,,,,,,,,,,,,,0,,,,,,,,5800624,djvu,cf722804e6fe3c258fa70f2ea6973974,,,N:\\libgen djvu ocr\\131000\\53ce57d7e27f5fb80dc6287bd38c39bb-ocr.djvu,0,2000-01-01 01:00:00,2016-04-03 02:51:08,,,
18639345,,,,,,,,,,,0,,,,,,,,,,,,,,,,0,,,,,,,,10597129,djvu,bdbc60d02699f315765878cc76dbebac,,,N:\\libgen djvu ocr\\131000\\1a35ac1978ccd44d1fff026ad486d5b3-ocr.djvu,0,2000-01-01 01:00:00,2016-04-03 02:51:08,,,
18639346,,,,,,,,,,,0,,,,,,,,,,,,,,,,0,,,,,,,,9858770,djvu,c9a7f5b434ebb47531ec3bf85a19eb98,,,N:\\libgen djvu ocr\\131000\\3b38c56d176e37ae02ff773ce77a6d75-ocr.djvu,0,2000-01-01 01:00:00,2016-04-03 02:51:08,,,
18639347,,,,,,,,,,,0,,,,,,,,,,,,,,,,0,,,,,,,,3751162,djvu,5a8adc4017744e188552d71eb3a390a3,,,N:\\libgen djvu ocr\\131000\\1b23af57f536e41135112c45747b4bf2-ocr.djvu,0,2000-01-01 01:00:00,2016-04-03 02:51:08,,,
18639348,,,,,,,,,,,0,,,,,,,,,,,,,,,,0,,,,,,,,10335808,djvu,4525cfac8fc5c7a2d7dfb34a947760e6,,,N:\\libgen djvu ocr\\131000\\beffb65e32ceb0484e17c2bffb4c50cd-ocr.djvu,0,2000-01-01 01:00:00,2016-04-03 02:51:08,,,
18639349,,,,,,,,,,,0,,,,,,,,,,,,,,,,0,,,,,,,,5722124,djvu,ca8f214d7eb03a815bdc6fbac09807b8,,,N:\\libgen djvu ocr\\131000\\8592b19bbc2a102d41339dfa129ab6db-ocr.djvu,0,2000-01-01 01:00:00,2016-04-03 02:51:08,,,
18639350,,,,,,,,,,,0,,,,,,,,,,,,,,,,0,,,,,,,,3758977,djvu,df93f9a6d1c85ce9df4f5460350ceb3e,,,N:\\libgen djvu ocr\\131000\\3ef4f9707f466dca72220be77eb0ca9a-ocr.djvu,0,2000-01-01 01:00:00,2016-04-03 02:51:08,,,
18639351,,,,,,,,,,,0,,,,,,,,,,,,,,,,0,,,,,,,,1837396,djvu,6acd0d641e1f85874857f6dd6849f1a3,,,N:\\libgen djvu ocr\\131000\\5c62ca61e433ac7608a7e02670237b7c-ocr.djvu,0,2000-01-01 01:00:00,2016-04-03 02:51:08,,,
18639352,,,,,,,,,,,0,,,,,,,,,,,,,,,,0,,,,,,,,2953499,djvu,c7d831263fab6b791e1c1129647e8146,,,N:\\libgen djvu ocr\\131000\\79e04a0596cf4cbdcb15d75bb53ec63e-ocr.djvu,0,2000-01-01 01:00:00,2016-04-03 02:51:08,,,
18639353,,,,,,,,,,,0,,,,,,,,,,,,,,,,0,,,,,,,,12280980,djvu,8f52d5fc8d82757fd263b3f17a225918,,,N:\\libgen djvu ocr\\131000\\d6a9b8e41e6b2f17bc5203699f254f00-ocr.djvu,0,2000-01-01 01:00:00,2016-04-03 02:51:08,,,
18639354,,,,,,,,,,,0,,,,,,,,,,,,,,,,0,,,,,,,,5363084,djvu,a5a351424aa19c9d0886abdd708d33ad,,,N:\\libgen djvu ocr\\131000\\826a98a297f25fc66131f62d246bd3e7-ocr.djvu,0,2000-01-01 01:00:00,2016-04-03 02:51:08,,,
18639355,,,,,,,,,,,0,,,,,,,,,,,,,,,,0,,,,,,,,8772536,djvu,d4862e143819d82a4c5a9806b7c77d75,,,N:\\libgen djvu ocr\\131000\\a6f3b0762e83fa16cb29221f3b6fc986-ocr.djvu,0,2000-01-01 01:00:00,2016-04-03 02:51:08,,,
18639356,,,,,,,,,,,0,,,,,,,,,,,,,,,,0,,,,,,,,4530877,djvu,0b82ec4770650baa827f7814081bf9d7,,,N:\\libgen djvu ocr\\131000\\5c93bc67f10d4491ab244818efaf8dfb-ocr.djvu,0,2000-01-01 01:00:00,2016-04-03 02:51:08,,,
18639357,,,,,,,,,,,0,,,,,,,,,,,,,,,,0,,,,,,,,2851264,djvu,ee19aadbc663c0f5a378ab2c036e8d23,,,N:\\libgen djvu ocr\\131000\\e789dc44baa5d5735dd1d6d861721f16-ocr.djvu,0,2000-01-01 01:00:00,2016-04-03 02:51:08,,,
18639358,,,,,,,,,,,0,,,,,,,,,,,,,,,,0,,,,,,,,21792321,djvu,d52c4c87352535e5fec4ef9bbeb2a56f,,,N:\\libgen djvu ocr\\131000\\ed9d22039219b26394a09e2700d26ae3-ocr.djvu,0,2000-01-01 01:00:00,2016-04-03 02:51:08,,,
18639359,,,,,,,,,,,0,,,,,,,,,,,,,,,,0,,,,,,,,10337931,djvu,98dc1b3337b87b6d729f3b706a767c0c,,,N:\\libgen djvu ocr\\131000\\e4ca867456c2faf0cca68d3b21b61c3d-ocr.djvu,0,2000-01-01 01:00:00,2016-04-03 02:51:08,,,
18639360,,,,,,,,,,,0,,,,,,,,,,,,,,,,0,,,,,,,,315706,djvu,0a332069f68a8d8275598805f940a924,,,N:\\libgen djvu ocr\\131000\\7ca1f667c21007c10e97a2479e87abbd-ocr.djvu,0,2000-01-01 01:00:00,2016-04-03 02:51:08,,,
18639361,,,,,,,,,,,0,,,,,,,,,,,,,,,,0,,,,,,,,39233218,djvu,8c3820f63e3088cc031a2a26179c23a4,,,N:\\libgen djvu ocr\\131000\\4145e6f0cdd5a04b0b20be28e482de8b-ocr.djvu,0,2000-01-01 01:00:00,2016-04-03 02:51:08,,,
18639362,,,,,,,,,,,0,,,,,,,,,,,,,,,,0,,,,,,,,5009480,djvu,045f045e452e3d13ba05f9b7677cb785,,,N:\\libgen djvu ocr\\131000\\7d81f3da539013fdcf0d2be43db9a283-ocr.djvu,0,2000-01-01 01:00:00,2016-04-03 02:51:08,,,
18639363,,,,,,,,,,,0,,,,,,,,,,,,,,,,0,,,,,,,,12163764,djvu,72d3f24b63959323491c12e3dae07751,,,N:\\libgen djvu ocr\\131000\\91a9f270a9e16fc7b090a47890e23dc8-ocr.djvu,0,2000-01-01 01:00:00,2016-04-03 02:51:08,,,
18639364,,,,,,,,,,,0,,,,,,,,,,,,,,,,0,,,,,,,,1568339,djvu,994a5562a333aa80ed1523e02593508c,,,N:\\libgen djvu ocr\\131000\\25fe0daf6402203f89e86967e02973b5-ocr.djvu,0,2000-01-01 01:00:00,2016-04-03 02:51:08,,,
18639365,,,,,,,,,,,0,,,,,,,,,,,,,,,,0,,,,,,,,8963960,djvu,aa0aa9c83ea48461238562e4321a2cd4,,,N:\\libgen djvu ocr\\131000\\fe1c06d903acbc956bd1e8a59d0ad29a-ocr.djvu,0,2000-01-01 01:00:00,2016-04-03 02:51:08,,,
18639366,,,,,,,,,,,0,,,,,,,,,,,,,,,,0,,,,,,,,2457514,djvu,c56eaa4f77f67a48d18b37069d327c49,,,N:\\libgen djvu ocr\\131000\\418ac76b43337d61cd67aca8c31c8b16-ocr.djvu,0,2000-01-01 01:00:00,2016-04-03 02:51:08,,,
18639367,,,,,,,,,,,0,,,,,,,,,,,,,,,,0,,,,,,,,5037300,djvu,edb418c1995883610d9afdc3df4fb097,,,N:\\libgen djvu ocr\\131000\\e829c1e3e0591130203b8aed205dbda6-ocr.djvu,0,2000-01-01 01:00:00,2016-04-03 02:51:08,,,
18639368,,,,,,,,,,,0,,,,,,,,,,,,,,,,0,,,,,,,,556355,djvu,7ecdc486bc372cf0d99cf5eebf40c468,,,N:\\libgen djvu ocr\\131000\\d10cecb38355ee81049b5814ee0d554b-ocr.djvu,0,2000-01-01 01:00:00,2016-04-03 02:51:08,,,
18639369,,,,,,,,,,,0,,,,,,,,,,,,,,,,0,,,,,,,,1114658,djvu,b47cd3b4555628baa3e8d22980c98ec1,,,N:\\libgen djvu ocr\\131000\\cd2b22a64fe33bc95a943e2def0d0b5d-ocr.djvu,0,2000-01-01 01:00:00,2016-04-03 02:51:08,,,
18639370,,,,,,,,,,,0,,,,,,,,,,,,,,,,0,,,,,,,,3206092,djvu,f1a5fbc7cfba256d11e0810d6537ed8d,,,N:\\libgen djvu ocr\\131000\\cf131652d519d88b75345cf5a4f11dca-ocr.djvu,0,2000-01-01 01:00:00,2016-04-03 02:51:08,,,
18639371,,,,,,,,,,,0,,,,,,,,,,,,,,,,0,,,,,,,,4338358,djvu,4eaeb07faabd7832450d6fbf49616c4a,,,N:\\libgen djvu ocr\\131000\\ac9add7b2d1e72fb23a14d6cb927b4b5-ocr.djvu,0,2000-01-01 01:00:00,2016-04-03 02:51:08,,,
18639372,,,,,,,,,,,0,,,,,,,,,,,,,,,,0,,,,,,,,2203317,djvu,012085909b1a193faf1d305eb8131f7d,,,N:\\libgen djvu ocr\\131000\\c3591b6f209bd188939158d945697f58-ocr.djvu,0,2000-01-01 01:00:00,2016-04-03 02:51:08,,,
18639373,,,,,,,,,,,0,,,,,,,,,,,,,,,,0,,,,,,,,850996,djvu,74596df03391e18e529fc202951fbb4c,,,N:\\libgen djvu ocr\\131000\\7377eb0b3256c66200e8bc4e7e4b0fa2-ocr.djvu,0,2000-01-01 01:00:00,2016-04-03 02:51:08,,,
18639374,,,,,,,,,,,0,,,,,,,,,,,,,,,,0,,,,,,,,3227810,djvu,d8b1a8868d6804524b9535cffba15dd0,,,N:\\libgen djvu ocr\\131000\\384dc071c34bf86a6bbff012d1f339c8-ocr.djvu,0,2000-01-01 01:00:00,2016-04-03 02:51:08,,,
18639375,,,,,,,,,,,0,,,,,,,,,,,,,,,,0,,,,,,,,2049432,djvu,9c59050b9863ce18d03696fc85e3ac86,,,N:\\libgen djvu ocr\\131000\\37cf4e28c0f5506d3b56674773f4e3f9-ocr.djvu,0,2000-01-01 01:00:00,2016-04-03 02:51:08,,,
18639376,,,,,,,,,,,0,,,,,,,,,,,,,,,,0,,,,,,,,7321604,djvu,24325fec35309e0eb829bc24fa993b72,,,N:\\libgen djvu ocr\\131000\\3e329af9cdecfa964b05bc9707c9326e-ocr.djvu,0,2000-01-01 01:00:00,2016-04-03 02:51:08,,,
18639377,,,,,,,,,,,0,,,,,,,,,,,,,,,,0,,,,,,,,4811151,djvu,c6b499fb4b242edb8f2aad03cf7f4925,,,N:\\libgen djvu ocr\\131000\\c22cb9b8ec0566fdfb1d2470609c63fc-ocr.djvu,0,2000-01-01 01:00:00,2016-04-03 02:51:08,,,
18639378,,,,,,,,,,,0,,,,,,,,,,,,,,,,0,,,,,,,,2389558,djvu,8ec4a8e9a686bb6d0a4120622698392f,,,N:\\libgen djvu ocr\\131000\\1ba0849921a6d0975879110f0cad9d8e-ocr.djvu,0,2000-01-01 01:00:00,2016-04-03 02:51:08,,,
18639379,,,,,,,,,,,0,,,,,,,,,,,,,,,,0,,,,,,,,543953,djvu,b704896a42812bc1f64ae2408c800837,,,N:\\libgen djvu ocr\\131000\\e40287852ceb9637dc8f524ab4cb90dd-ocr.djvu,0,2000-01-01 01:00:00,2016-04-03 02:51:08,,,
18639380,,,,,,,,,,,0,,,,,,,,,,,,,,,,0,,,,,,,,4687254,djvu,bdb657a409b96919c63f883e0daa180d,,,N:\\libgen djvu ocr\\131000\\db9d9531df596bc85c132c4528753d8b-ocr.djvu,0,2000-01-01 01:00:00,2016-04-03 02:51:08,,,
18639381,,,,,,,,,,,0,,,,,,,,,,,,,,,,0,,,,,,,,12998637,djvu,e495f010c9551604bb67ff8c3f98b4f6,,,N:\\libgen djvu ocr\\131000\\ee8b110559dd01f5dee36c064a7ab4b8-ocr.djvu,0,2000-01-01 01:00:00,2016-04-03 02:51:08,,,
18639382,,,,,,,,,,,0,,,,,,,,,,,,,,,,0,,,,,,,,395656,djvu,753cc9f7cf348fce7eaefe4b70d8bf01,,,N:\\libgen djvu ocr\\131000\\1f7c6311f86def61b835343799829bcf-ocr.djvu,0,2000-01-01 01:00:00,2016-04-03 02:51:08,,,
18639383,,,,,,,,,,,0,,,,,,,,,,,,,,,,0,,,,,,,,2906180,djvu,016815c685567e765ea2187d22981322,,,N:\\libgen djvu ocr\\131000\\6eff04e11003e79c37088de31f08e6db-ocr.djvu,0,2000-01-01 01:00:00,2016-04-03 02:51:08,,,
18639384,,,,,,,,,,,0,,,,,,,,,,,,,,,,0,,,,,,,,3755274,djvu,4dd84722b877d6cd42dbd61a44bfb1b4,,,N:\\libgen djvu ocr\\131000\\c91795108642f56243589cdafbe7bf44-ocr.djvu,0,2000-01-01 01:00:00,2016-04-03 02:51:08,,,
18639385,,,,,,,,,,,0,,,,,,,,,,,,,,,,0,,,,,,,,9556388,djvu,a000d2cf5e5bc83c440bd742c562cf70,,,N:\\libgen djvu ocr\\131000\\e955d956bab0284a90b5f15c643cbd93-ocr.djvu,0,2000-01-01 01:00:00,2016-04-03 02:51:08,,,
18639386,,,,,,,,,,,0,,,,,,,,,,,,,,,,0,,,,,,,,2830028,djvu,4a3e5c2f3d1ffb30de7f29c23595d69a,,,N:\\libgen djvu ocr\\131000\\f0de56e766b3d64a489cb761468e80a7-ocr.djvu,0,2000-01-01 01:00:00,2016-04-03 02:51:08,,,
18639387,,,,,,,,,,,0,,,,,,,,,,,,,,,,0,,,,,,,,4018210,djvu,7a757d6a465aa97603bd639774e1905d,,,N:\\libgen djvu ocr\\131000\\6b7f2260d6d6edab38b91f645f9fc331-ocr.djvu,0,2000-01-01 01:00:00,2016-04-03 02:51:08,,,
18639388,,,,,,,,,,,0,,,,,,,,,,,,,,,,0,,,,,,,,6269836,djvu,145044a41d89933c944e29661c5bfaf3,,,N:\\libgen djvu ocr\\131000\\9794e2d6c58ff594078078911a338974-ocr.djvu,0,2000-01-01 01:00:00,2016-04-03 02:51:08,,,
18639389,,,,,,,,,,,0,,,,,,,,,,,,,,,,0,,,,,,,,200830,djvu,85e587b4f95ff4ace9cf951695af94f5,,,N:\\libgen djvu ocr\\131000\\f190d541e500ec24a1faaa2414ff5ba9-ocr.djvu,0,2000-01-01 01:00:00,2016-04-03 02:51:08,,,
18639390,,,,,,,,,,,0,,,,,,,,,,,,,,,,0,,,,,,,,4975264,djvu,f2cf59c06b08be17e2cac6219c7974f6,,,N:\\libgen djvu ocr\\131000\\9cf3837549fb00415dac9f63ce0160dc-ocr.djvu,0,2000-01-01 01:00:00,2016-04-03 02:51:08,,,
18639391,,,,,,,,,,,0,,,,,,,,,,,,,,,,0,,,,,,,,8188217,djvu,8979004aeae35cf99b7ce9f3c9e53acc,,,N:\\libgen djvu ocr\\131000\\9db5d9ca85587a4d3e72f7fbde1125c3-ocr.djvu,0,2000-01-01 01:00:00,2016-04-03 02:51:08,,,
18639392,,,,,,,,,,,0,,,,,,,,,,,,,,,,0,,,,,,,,4184217,djvu,d3c43a8df63c0e1a83742afa88c394ce,,,N:\\libgen djvu ocr\\131000\\b953f7b6176d4171b2ed6ec4da4b8811-ocr.djvu,0,2000-01-01 01:00:00,2016-04-03 02:51:08,,,
18639393,,,,,,,,,,,0,,,,,,,,,,,,,,,,0,,,,,,,,8757175,djvu,f7f72a892286adc87b250ee349fb9b7d,,,N:\\libgen djvu ocr\\131000\\b613d9380157d1ad1c5bf02c0ec647ea-ocr.djvu,0,2000-01-01 01:00:00,2016-04-03 02:51:08,,,
18639394,,,,,,,,,,,0,,,,,,,,,,,,,,,,0,,,,,,,,8606902,djvu,fbb8fa53a79d9a391eb30090b0305055,,,N:\\libgen djvu ocr\\131000\\aec3ec017ac67945304fe9e12c73b23a-ocr.djvu,0,2000-01-01 01:00:00,2016-04-03 02:51:08,,,
18639395,,,,,,,,,,,0,,,,,,,,,,,,,,,,0,,,,,,,,4693430,djvu,d18653a6b09766f901c8ad4f86bb13d4,,,N:\\libgen djvu ocr\\131000\\a68db8eb263379be24027787f3417fb1-ocr.djvu,0,2000-01-01 01:00:00,2016-04-03 02:51:08,,,
18639396,,,,,,,,,,,0,,,,,,,,,,,,,,,,0,,,,,,,,1937662,djvu,b57ca63234c9b28fcf9d250c9d9464cb,,,N:\\libgen djvu ocr\\131000\\3c7a69703ed1298dcfdda53e6e993082-ocr.djvu,0,2000-01-01 01:00:00,2016-04-03 02:51:08,,,
18639397,,,,,,,,,,,0,,,,,,,,,,,,,,,,0,,,,,,,,2664509,djvu,2be4ebd363a1827ce7b6b410706a0fd0,,,N:\\libgen djvu ocr\\131000\\6b8dd60ae723d9075787f2636631815e-ocr.djvu,0,2000-01-01 01:00:00,2016-04-03 02:51:08,,,
18639398,,,,,,,,,,,0,,,,,,,,,,,,,,,,0,,,,,,,,11293344,djvu,7c3d81f9d1fadf66e593488114882b1b,,,N:\\libgen djvu ocr\\131000\\ec9f5db8637c29205788c6acc8bb8b19-ocr.djvu,0,2000-01-01 01:00:00,2016-04-03 02:51:08,,,
18639399,,,,,,,,,,,0,,,,,,,,,,,,,,,,0,,,,,,,,9102018,djvu,d8e0e9a2373f9c82cb8c6c64071c79b4,,,N:\\libgen djvu ocr\\131000\\31777561536ed9cc43104300e1401264-ocr.djvu,0,2000-01-01 01:00:00,2016-04-03 02:51:08,,,
18639400,,,,,,,,,,,0,,,,,,,,,,,,,,,,0,,,,,,,,7072852,djvu,5e122deca7991c23c0c4a0e1c9e95830,,,N:\\libgen djvu ocr\\131000\\dd9f5a363f6886b7270b906f7627d4c2-ocr.djvu,0,2000-01-01 01:00:00,2016-04-03 02:51:08,,,
18639401,,,,,,,,,,,0,,,,,,,,,,,,,,,,0,,,,,,,,3307611,djvu,42de04cb6f756f997bef91a6c66d646b,,,N:\\libgen djvu ocr\\131000\\353aa4ad3c98a9376d5f325c20c85e34-ocr.djvu,0,2000-01-01 01:00:00,2016-04-03 02:51:08,,,
18639402,,,,,,,,,,,0,,,,,,,,,,,,,,,,0,,,,,,,,5556193,djvu,4e37e3729fdfd1398c01b24b3a1d5435,,,N:\\libgen djvu ocr\\131000\\d909bf97ba9e06b22172475eb43be12b-ocr.djvu,0,2000-01-01 01:00:00,2016-04-03 02:51:08,,,
18639403,,,,,,,,,,,0,,,,,,,,,,,,,,,,0,,,,,,,,6387760,djvu,e15c10e9dd8971b2b968a486d7022aa2,,,N:\\libgen djvu ocr\\131000\\f0bfcc3bb57b54adb73775e1ef3b12d0-ocr.djvu,0,2000-01-01 01:00:00,2016-04-03 02:51:08,,,
18639404,,,,,,,,,,,0,,,,,,,,,,,,,,,,0,,,,,,,,7756447,djvu,0b00b4fea8f19cdc1de6e26fcaa5ca92,,,N:\\libgen djvu ocr\\131000\\8f6b8c0a74107bddde3c073bc7d9fa3a-ocr.djvu,0,2000-01-01 01:00:00,2016-04-03 02:51:08,,,
18639405,,,,,,,,,,,0,,,,,,,,,,,,,,,,0,,,,,,,,1974729,djvu,fb455bd5d47e8b865060dba5a2cfe160,,,N:\\libgen djvu ocr\\131000\\1811218b82fabaedbdb624a29622f579-ocr.djvu,0,2000-01-01 01:00:00,2016-04-03 02:51:08,,,
18639406,,,,,,,,,,,0,,,,,,,,,,,,,,,,0,,,,,,,,967946,djvu,e02e989ab38bdd353b0953c1b3657d8b,,,N:\\libgen djvu ocr\\131000\\5f4da5379ce6084703b0a3100bfb3f70-ocr.djvu,0,2000-01-01 01:00:00,2016-04-03 02:51:08,,,
18639407,,,,,,,,,,,0,,,,,,,,,,,,,,,,0,,,,,,,,3410169,djvu,f31bb288f41fb54ad9314558b0585443,,,N:\\libgen djvu ocr\\131000\\e957113b91967d3ed516fc09907ed735-ocr.djvu,0,2000-01-01 01:00:00,2016-04-03 02:51:08,,,
18639408,,,,,,,,,,,0,,,,,,,,,,,,,,,,0,,,,,,,,10517828,djvu,910b5d1ae37aa5f95b253709fe257821,,,N:\\libgen djvu ocr\\131000\\c4d0673f5b7040a82e34aa503dd4635e-ocr.djvu,0,2000-01-01 01:00:00,2016-04-03 02:51:08,,,
18639409,,,,,,,,,,,0,,,,,,,,,,,,,,,,0,,,,,,,,11481755,djvu,a23c2c0b59136ed60fa8ec3993388d0f,,,N:\\libgen djvu ocr\\131000\\87fedb678a383b40ecac5892ead82d8b-ocr.djvu,0,2000-01-01 01:00:00,2016-04-03 02:51:08,,,
18639410,,,,,,,,,,,0,,,,,,,,,,,,,,,,0,,,,,,,,3926256,djvu,d8e3eb25d01a51135bfd81eedfbefa0d,,,N:\\libgen djvu ocr\\131000\\fef430ed5b9cb51b44e3b735acb508e6-ocr.djvu,0,2000-01-01 01:00:00,2016-04-03 02:51:08,,,
18639411,,,,,,,,,,,0,,,,,,,,,,,,,,,,0,,,,,,,,32447665,djvu,95d1fc6468cb2cb71ba84f45a8a76e3c,,,N:\\libgen djvu ocr\\131000\\a2f30dde59cf95d6a8b8adfd621d5dd8-ocr.djvu,0,2000-01-01 01:00:00,2016-04-03 02:51:08,,,
18639412,,,,,,,,,,,0,,,,,,,,,,,,,,,,0,,,,,,,,8836869,djvu,1cd0105f666dce78f18d9120b709485a,,,N:\\libgen djvu ocr\\131000\\fde3d00dc60f873c8e190e2bcc42407e-ocr.djvu,0,2000-01-01 01:00:00,2016-04-03 02:51:08,,,
18639413,,,,,,,,,,,0,,,,,,,,,,,,,,,,0,,,,,,,,3140138,djvu,07c8365e3fa1a35073008b7ef9f83818,,,N:\\libgen djvu ocr\\131000\\6c97739e6a9cba22e86e1439e9e1376d-ocr.djvu,0,2000-01-01 01:00:00,2016-04-03 02:51:08,,,
18639414,,,,,,,,,,,0,,,,,,,,,,,,,,,,0,,,,,,,,2996752,djvu,1a8fecb7a6885e43a3fbd93559560e4b,,,N:\\libgen djvu ocr\\131000\\110e8d5372792b986e58908304fc3813-ocr.djvu,0,2000-01-01 01:00:00,2016-04-03 02:51:08,,,
18639415,,,,,,,,,,,0,,,,,,,,,,,,,,,,0,,,,,,,,3776267,djvu,d586144030cf213e73de3f7b289b8b39,,,N:\\libgen djvu ocr\\131000\\6d285261ce40af0490569db131c43209-ocr.djvu,0,2000-01-01 01:00:00,2016-04-03 02:51:08,,,
18639416,,,,,,,,,,,0,,,,,,,,,,,,,,,,0,,,,,,,,9018280,djvu,0d4141b9092f62949820fdf71a491246,,,N:\\libgen djvu ocr\\131000\\fdbdfe02237ec32fc7faffd58bc88bee-ocr.djvu,0,2000-01-01 01:00:00,2016-04-03 02:51:08,,,
18639417,,,,,,,,,,,0,,,,,,,,,,,,,,,,0,,,,,,,,1827057,djvu,dfa010c594c9baba505b3a1d49ffaded,,,N:\\libgen djvu ocr\\131000\\2d36dbd9792ac32974a67982da272eb1-ocr.djvu,0,2000-01-01 01:00:00,2016-04-03 02:51:08,,,
18639418,,,,,,,,,,,0,,,,,,,,,,,,,,,,0,,,,,,,,2966391,djvu,dc8ec77f3297f84363ddf3379b7a0a82,,,N:\\libgen djvu ocr\\131000\\3927effa903c4dbddb7e5384eba701fd-ocr.djvu,0,2000-01-01 01:00:00,2016-04-03 02:51:08,,,
18639419,,,,,,,,,,,0,,,,,,,,,,,,,,,,0,,,,,,,,2081733,djvu,2aee868ba4d32d6d577bb2a87caa2bfd,,,N:\\libgen djvu ocr\\131000\\2e1fbd1a0f5afce784eb853dcbdc0b5c-ocr.djvu,0,2000-01-01 01:00:00,2016-04-03 02:51:08,,,
18639420,,,,,,,,,,,0,,,,,,,,,,,,,,,,0,,,,,,,,3256480,djvu,66b7ca8a2ad307d39245495ff408b542,,,N:\\libgen djvu ocr\\131000\\973eebc32ecf962747fd4e83ddd7ba00-ocr.djvu,0,2000-01-01 01:00:00,2016-04-03 02:51:08,,,
18639421,,,,,,,,,,,0,,,,,,,,,,,,,,,,0,,,,,,,,5146586,djvu,1f9e00003d533a963b57b062c28d0990,,,N:\\libgen djvu ocr\\131000\\4550fe144fa86a2a03be53d38da3df2a-ocr.djvu,0,2000-01-01 01:00:00,2016-04-03 02:51:08,,,
18639422,,,,,,,,,,,0,,,,,,,,,,,,,,,,0,,,,,,,,4362055,djvu,9d798d9207c26825aaec6394df4e1560,,,N:\\libgen djvu ocr\\131000\\6e7a37c03d53c532813c942fc41d356b-ocr.djvu,0,2000-01-01 01:00:00,2016-04-03 02:51:08,,,
18639423,,,,,,,,,,,0,,,,,,,,,,,,,,,,0,,,,,,,,10031949,djvu,a6a86c97f6ada4f17318d0e3d9a45e16,,,N:\\libgen djvu ocr\\131000\\9ad89168c13d8df6bc9a046f83802e47-ocr.djvu,0,2000-01-01 01:00:00,2016-04-03 02:51:08,,,
18639424,,,,,,,,,,,0,,,,,,,,,,,,,,,,0,,,,,,,,4371790,djvu,b62a7acef7970483817233b92e5fefee,,,N:\\libgen djvu ocr\\882000\\4501aa5847ada8fa5ef7c6c51ca1449f-ocr.djvu,0,2000-01-01 01:00:00,2016-04-03 02:51:08,,,
18639425,,,,,,,,,,,0,,,,,,,,,,,,,,,,0,,,,,,,,990954,djvu,2c1f9b376b75a64d12151007c979f0ae,,,N:\\libgen djvu ocr\\131000\\94da0808f0b2991ad2c7c04238aaaac1-ocr.djvu,0,2000-01-01 01:00:00,2016-04-03 02:51:08,,,
18639426,,,,,,,,,,,0,,,,,,,,,,,,,,,,0,,,,,,,,3871566,djvu,3096cc2a2a64cd6d2e5051d58e3e1e3f,,,N:\\libgen djvu ocr\\131000\\e5b87cf822b789d854cd10bf4ef72b00-ocr.djvu,0,2000-01-01 01:00:00,2016-04-03 02:51:08,,,
18639427,,,,,,,,,,,0,,,,,,,,,,,,,,,,0,,,,,,,,3098651,djvu,264490f42715a614ed6953559d5d1947,,,N:\\libgen djvu ocr\\131000\\dfd4a86f6ae00592e517d681e9bbf965-ocr.djvu,0,2000-01-01 01:00:00,2016-04-03 02:51:08,,,
18639428,,,,,,,,,,,0,,,,,,,,,,,,,,,,0,,,,,,,,36539558,djvu,7f95c479f9346dcc9444e897e6c1bbd9,,,N:\\libgen djvu ocr\\131000\\f1a43ca90127d2489ee13bc72eb6b7c2-ocr.djvu,0,2000-01-01 01:00:00,2016-04-03 02:51:08,,,
18639429,,,,,,,,,,,0,,,,,,,,,,,,,,,,0,,,,,,,,10717393,djvu,646c5dfced9995e2534ee1c85b129a87,,,N:\\libgen djvu ocr\\131000\\8a3cbf2d5e13b3c158dcf56febfa1388-ocr.djvu,0,2000-01-01 01:00:00,2016-04-03 02:51:08,,,
18639430,,,,,,,,,,,0,,,,,,,,,,,,,,,,0,,,,,,,,4343664,djvu,6cf0cacd5a97d1bcf07c97f6b92868cb,,,N:\\libgen djvu ocr\\131000\\2210b3c21f8225c2703cafeb7826ea4c-ocr.djvu,0,2000-01-01 01:00:00,2016-04-03 02:51:08,,,
18639431,,,,,,,,,,,0,,,,,,,,,,,,,,,,0,,,,,,,,143015,djvu,9d16c96c37d4d09c971ccd76aa153c13,,,N:\\libgen djvu ocr\\131000\\1c0701d24fec2bcbafd0851f864eb1ff-ocr.djvu,0,2000-01-01 01:00:00,2016-04-03 02:51:08,,,
18639432,,,,,,,,,,,0,,,,,,,,,,,,,,,,0,,,,,,,,8877704,djvu,1a23af87873528a3c73696afb9bed799,,,N:\\libgen djvu ocr\\131000\\f8b77bb1257a0fdecc04c8ecccd83398-ocr.djvu,0,2000-01-01 01:00:00,2016-04-03 02:51:08,,,
18639433,,,,,,,,,,,0,,,,,,,,,,,,,,,,0,,,,,,,,6066048,djvu,04c15b8c7a32327c06036ffbb0ea7f83,,,N:\\libgen djvu ocr\\131000\\b14b916c7200318ff057661ebe50aaf4-ocr.djvu,0,2000-01-01 01:00:00,2016-04-03 02:51:08,,,
18639434,,,,,,,,,,,0,,,,,,,,,,,,,,,,0,,,,,,,,8760230,djvu,13f38fccdf24db1b7f9c101c9eac2d44,,,N:\\libgen djvu ocr\\131000\\b77de76c1d315e1a53b445cd1a30e016-ocr.djvu,0,2000-01-01 01:00:00,2016-04-03 02:51:08,,,
18639435,,,,,,,,,,,0,,,,,,,,,,,,,,,,0,,,,,,,,10274715,djvu,b149cdfdd02e0c29f8689d80eb879135,,,N:\\libgen djvu ocr\\131000\\64e427fd0807b707c0351db9d9393d2e-ocr.djvu,0,2000-01-01 01:00:00,2016-04-03 02:51:08,,,
18639436,,,,,,,,,,,0,,,,,,,,,,,,,,,,0,,,,,,,,1404124,djvu,29c8da1e57f48928cbf0c07dc34bcdef,,,N:\\libgen djvu ocr\\131000\\63a11a3c49ec1e896d5604be4486b760-ocr.djvu,0,2000-01-01 01:00:00,2016-04-03 02:51:08,,,
18639437,,,,,,,,,,,0,,,,,,,,,,,,,,,,0,,,,,,,,5721302,djvu,dd0cd29a8e2019ba8e00ff7a0656bf52,,,N:\\libgen djvu ocr\\131000\\b39d113e7be7005420c3f7b5d9334d61-ocr.djvu,0,2000-01-01 01:00:00,2016-04-03 02:51:08,,,
18639438,,,,,,,,,,,0,,,,,,,,,,,,,,,,0,,,,,,,,9106647,djvu,ed834b51c24e201a8b5ee9e1f6d28f3c,,,N:\\libgen djvu ocr\\131000\\358e3c8b800dd4ac6a94ff1de7a34922-ocr.djvu,0,2000-01-01 01:00:00,2016-04-03 02:51:08,,,
18639439,,,,,,,,,,,0,,,,,,,,,,,,,,,,0,,,,,,,,1227453,djvu,cbdbffd4399113bcf8c9f04f08057bc3,,,N:\\libgen djvu ocr\\131000\\e5e1e4fa94906de4e4fc8a46904c3341-ocr.djvu,0,2000-01-01 01:00:00,2016-04-03 02:51:08,,,
18639440,,,,,,,,,,,0,,,,,,,,,,,,,,,,0,,,,,,,,1645654,djvu,af5aab8fa9ccc2d9d2bfb894ac68b5f1,,,N:\\libgen djvu ocr\\131000\\911ba56cb115f3e53908cb7379831f1c-ocr.djvu,0,2000-01-01 01:00:00,2016-04-03 02:51:08,,,
18639441,,,,,,,,,,,0,,,,,,,,,,,,,,,,0,,,,,,,,4267720,djvu,863c93b5491b2bcea6243fed032692b6,,,N:\\libgen djvu ocr\\131000\\673461b5e175c6e6d63518a3165d3301-ocr.djvu,0,2000-01-01 01:00:00,2016-04-03 02:51:08,,,
18639442,,,,,,,,,,,0,,,,,,,,,,,,,,,,0,,,,,,,,381602,djvu,aa4e5c5644d65f6e481a9fe9027c905d,,,N:\\libgen djvu ocr\\131000\\3d27f9bb44bccd1d18cfbc3dd70f80fa-ocr.djvu,0,2000-01-01 01:00:00,2016-04-03 02:51:08,,,
18639443,,,,,,,,,,,0,,,,,,,,,,,,,,,,0,,,,,,,,9875563,djvu,3eb54d1c0e1519070dc6acbf4404acc3,,,N:\\libgen djvu ocr\\131000\\302a10182b4f33c19d78ff25a5929ec5-ocr.djvu,0,2000-01-01 01:00:00,2016-04-03 02:51:08,,,
18639444,,,,,,,,,,,0,,,,,,,,,,,,,,,,0,,,,,,,,3861072,djvu,768889dfc92954a2063cc9de46f30584,,,N:\\libgen djvu ocr\\131000\\2ffd6dd0ee8452cd682aa00b4f54e2b6-ocr.djvu,0,2000-01-01 01:00:00,2016-04-03 02:51:08,,,
18639445,,,,,,,,,,,0,,,,,,,,,,,,,,,,0,,,,,,,,6006820,djvu,8d0961ba33a2b9d9d7d085c7f9f66828,,,N:\\libgen djvu ocr\\131000\\718847b86ec568ae6214bebf2f30786f-ocr.djvu,0,2000-01-01 01:00:00,2016-04-03 02:51:08,,,
18639446,,,,,,,,,,,0,,,,,,,,,,,,,,,,0,,,,,,,,5639204,djvu,f536cc1ab4226ee4509c3c15e8981ebc,,,N:\\libgen djvu ocr\\131000\\e214f266ae62bdd22dcea09d54dffa0d-ocr.djvu,0,2000-01-01 01:00:00,2016-04-03 02:51:08,,,
18639447,,,,,,,,,,,0,,,,,,,,,,,,,,,,0,,,,,,,,7335437,djvu,60b9e936c45919d0286e377ee2ba4c94,,,N:\\libgen djvu ocr\\131000\\276c59f28e4e2678e623bfa121f3ecca-ocr.djvu,0,2000-01-01 01:00:00,2016-04-03 02:51:08,,,
18639448,,,,,,,,,,,0,,,,,,,,,,,,,,,,0,,,,,,,,1778885,djvu,c279b94b5888cd38a1af2a596a71f76b,,,N:\\libgen djvu ocr\\131000\\44e39fac0d13705affa54ddc8a569ae0-ocr.djvu,0,2000-01-01 01:00:00,2016-04-03 02:51:08,,,
18639449,,,,,,,,,,,0,,,,,,,,,,,,,,,,0,,,,,,,,11161959,djvu,a06402271174f7e06f1d5842959180c9,,,N:\\libgen djvu ocr\\131000\\4ee278fff2a850feae0688c4364111bb-ocr.djvu,0,2000-01-01 01:00:00,2016-04-03 02:51:08,,,
18639450,,,,,,,,,,,0,,,,,,,,,,,,,,,,0,,,,,,,,5645054,djvu,eae6d1f98888d94386b6ecea514df54c,,,N:\\libgen djvu ocr\\131000\\a291332e028a8566047502b8422d4c64-ocr.djvu,0,2000-01-01 01:00:00,2016-04-03 02:51:08,,,
18639451,,,,,,,,,,,0,,,,,,,,,,,,,,,,0,,,,,,,,7508958,djvu,a9f052a9f9f73c723a2e6099fbeb5c70,,,N:\\libgen djvu ocr\\131000\\7529e1abe958c83a0eccbd47186d2ed4-ocr.djvu,0,2000-01-01 01:00:00,2016-04-03 02:51:08,,,
18639452,,,,,,,,,,,0,,,,,,,,,,,,,,,,0,,,,,,,,5059067,djvu,bc25a2dec707475698deaf97b7089f5d,,,N:\\libgen djvu ocr\\131000\\abf155f300de04259dd94c03012d6396-ocr.djvu,0,2000-01-01 01:00:00,2016-04-03 02:51:08,,,
18639453,,,,,,,,,,,0,,,,,,,,,,,,,,,,0,,,,,,,,3337261,djvu,6bb465f318fe35a35e60e2cfb7a9e24f,,,N:\\libgen djvu ocr\\131000\\63c2157b4b635d488a1e01b9c353b887-ocr.djvu,0,2000-01-01 01:00:00,2016-04-03 02:51:08,,,
18639454,,,,,,,,,,,0,,,,,,,,,,,,,,,,0,,,,,,,,7569702,djvu,1b7eb220aeec05e30786d65abc9de875,,,N:\\libgen djvu ocr\\131000\\1acaf11414b4c27827e9192b1774e144-ocr.djvu,0,2000-01-01 01:00:00,2016-04-03 02:51:08,,,
18639455,,,,,,,,,,,0,,,,,,,,,,,,,,,,0,,,,,,,,4316504,djvu,8302d24ca4043f6945b86ca7e71b7088,,,N:\\libgen djvu ocr\\131000\\a5c82ebb797463e77a1fe365a7f7e711-ocr.djvu,0,2000-01-01 01:00:00,2016-04-03 02:51:08,,,
18639456,,,,,,,,,,,0,,,,,,,,,,,,,,,,0,,,,,,,,13482974,djvu,b347f87b35da87260281c74c4ff7aedf,,,N:\\libgen djvu ocr\\131000\\01f4482bcd07e403b5d3a7bdc2302a72-ocr.djvu,0,2000-01-01 01:00:00,2016-04-03 02:51:08,,,
18639457,,,,,,,,,,,0,,,,,,,,,,,,,,,,0,,,,,,,,3207197,djvu,4c98dd7c71be9d1b033860ba7d3d2fe9,,,N:\\libgen djvu ocr\\131000\\c75e1e1e268fda9e8d2abd9f9afb9242-ocr.djvu,0,2000-01-01 01:00:00,2016-04-03 02:51:08,,,
18639458,,,,,,,,,,,0,,,,,,,,,,,,,,,,0,,,,,,,,7636818,djvu,f14b3d0e2e9aa7346373db331f162742,,,N:\\libgen djvu ocr\\131000\\2a57d63bb8eb23aa6396ea6ef4fc5852-ocr.djvu,0,2000-01-01 01:00:00,2016-04-03 02:51:08,,,
18639459,,,,,,,,,,,0,,,,,,,,,,,,,,,,0,,,,,,,,7633230,djvu,73936b5360ba110d170fc69053a11376,,,N:\\libgen djvu ocr\\131000\\be3c9314bd8346469cb20d9446ddfc40-ocr.djvu,0,2000-01-01 01:00:00,2016-04-03 02:51:08,,,
18639460,,,,,,,,,,,0,,,,,,,,,,,,,,,,0,,,,,,,,17529744,djvu,2d14b0edfa949837392f0df6f4a29beb,,,N:\\libgen djvu ocr\\131000\\5186eec5be24e6d6ae0949a53ce91d1a-ocr.djvu,0,2000-01-01 01:00:00,2016-04-03 02:51:08,,,
18639461,,,,,,,,,,,0,,,,,,,,,,,,,,,,0,,,,,,,,3984037,djvu,aaa043057f55c34c78be77417a709f5a,,,N:\\libgen djvu ocr\\131000\\27be198bb198900d863cd77a51617ad3-ocr.djvu,0,2000-01-01 01:00:00,2016-04-03 02:51:08,,,
18639462,,,,,,,,,,,0,,,,,,,,,,,,,,,,0,,,,,,,,18707329,djvu,833ff5ec7dd84ca61a255b65f2bc8c67,,,N:\\libgen djvu ocr\\131000\\70fe9b0b5914391e4300b2548ad8fa68-ocr.djvu,0,2000-01-01 01:00:00,2016-04-03 02:51:08,,,
18639463,,,,,,,,,,,0,,,,,,,,,,,,,,,,0,,,,,,,,10804790,djvu,5dc94a9cb3366bccf978fdb2535adc35,,,N:\\libgen djvu ocr\\131000\\686c7e83b3e502d83a50699dd95e1ded-ocr.djvu,0,2000-01-01 01:00:00,2016-04-03 02:51:08,,,
18639464,,,,,,,,,,,0,,,,,,,,,,,,,,,,0,,,,,,,,1291070,djvu,fdfa984dec2c0b8da174981f0ddcb158,,,N:\\libgen djvu ocr\\131000\\ed0964b84af25fa2706470c62d978070-ocr.djvu,0,2000-01-01 01:00:00,2016-04-03 02:51:08,,,
18639465,,,,,,,,,,,0,,,,,,,,,,,,,,,,0,,,,,,,,7048651,djvu,dd02deac4f58b36595ce64c44149441b,,,N:\\libgen djvu ocr\\131000\\98cd96855362ebbdf286c29e485e55dc-ocr.djvu,0,2000-01-01 01:00:00,2016-04-03 02:51:08,,,
18639466,,,,,,,,,,,0,,,,,,,,,,,,,,,,0,,,,,,,,6376457,djvu,b852ff0fae7b360efd26c774458ca6f9,,,N:\\libgen djvu ocr\\131000\\bcb72e9f60d4b184581136292774d23d-ocr.djvu,0,2000-01-01 01:00:00,2016-04-03 02:51:08,,,
18639467,,,,,,,,,,,0,,,,,,,,,,,,,,,,0,,,,,,,,20530124,djvu,898eea3a743495f5a9b8461a75b1e9a0,,,N:\\libgen djvu ocr\\131000\\4695a51e57933234361796a6f1bcfc65-ocr.djvu,0,2000-01-01 01:00:00,2016-04-03 02:51:08,,,
18639468,,,,,,,,,,,0,,,,,,,,,,,,,,,,0,,,,,,,,17239521,djvu,1d0c54ae293f53efde60233274934f62,,,N:\\libgen djvu ocr\\131000\\0f8a733aab23bd4eb8ac233367af751e-ocr.djvu,0,2000-01-01 01:00:00,2016-04-03 02:51:08,,,
18639469,,,,,,,,,,,0,,,,,,,,,,,,,,,,0,,,,,,,,6658157,djvu,95450c2e759f777f357cb11f05ed5a66,,,N:\\libgen djvu ocr\\131000\\7fda2f136f52f131de7597fb8c84ae0a-ocr.djvu,0,2000-01-01 01:00:00,2016-04-03 02:51:08,,,
18639470,,,,,,,,,,,0,,,,,,,,,,,,,,,,0,,,,,,,,5390137,djvu,f6ff11e71b26b5f22e69ccead0674159,,,N:\\libgen djvu ocr\\131000\\cc154ae8f93b6480b855e4541f8500db-ocr.djvu,0,2000-01-01 01:00:00,2016-04-03 02:51:08,,,
18639471,,,,,,,,,,,0,,,,,,,,,,,,,,,,0,,,,,,,,7424432,djvu,d5e0af719bab9941b99ad199363d0bbf,,,N:\\libgen djvu ocr\\131000\\0e5661b8393bf7051a3d86ab45d8fb1d-ocr.djvu,0,2000-01-01 01:00:00,2016-04-03 02:51:08,,,
18639472,,,,,,,,,,,0,,,,,,,,,,,,,,,,0,,,,,,,,4609724,djvu,f9a867827ad33066729da7fdbb3c3df6,,,N:\\libgen djvu ocr\\131000\\534e15fe25c005e97f14692ba5890ecd-ocr.djvu,0,2000-01-01 01:00:00,2016-04-03 02:51:08,,,
18639473,,,,,,,,,,,0,,,,,,,,,,,,,,,,0,,,,,,,,1751501,djvu,1afa0aea8774814f5bc1f6f973bb77a0,,,N:\\libgen djvu ocr\\131000\\4242c72e57e65322754a276967cfb84c-ocr.djvu,0,2000-01-01 01:00:00,2016-04-03 02:51:08,,,
18639474,,,,,,,,,,,0,,,,,,,,,,,,,,,,0,,,,,,,,7362034,djvu,80465ff852ef5e62e3ecd70f6a188ecd,,,N:\\libgen djvu ocr\\131000\\9f44639afe783e39ea05a0ced74bdd8d-ocr.djvu,0,2000-01-01 01:00:00,2016-04-03 02:51:08,,,
18639475,,,,,,,,,,,0,,,,,,,,,,,,,,,,0,,,,,,,,3512333,djvu,19070fc4920e86d03545aed17fde1f4f,,,N:\\libgen djvu ocr\\131000\\a8a3ab6e496d33b54e82c9eea7cb00be-ocr.djvu,0,2000-01-01 01:00:00,2016-04-03 02:51:08,,,
18639476,,,,,,,,,,,0,,,,,,,,,,,,,,,,0,,,,,,,,3413304,djvu,380da94c67711a708031e9475273e70c,,,N:\\libgen djvu ocr\\131000\\b40c2b488ff2c4b27ea7883f40b714b3-ocr.djvu,0,2000-01-01 01:00:00,2016-04-03 02:51:08,,,
18639477,,,,,,,,,,,0,,,,,,,,,,,,,,,,0,,,,,,,,4109394,djvu,db179c015a0bbc732dff3cdd64f47a5d,,,N:\\libgen djvu ocr\\131000\\a1e4569616b595661dcd796d0fc36448-ocr.djvu,0,2000-01-01 01:00:00,2016-04-03 02:51:08,,,
18639478,,,,,,,,,,,0,,,,,,,,,,,,,,,,0,,,,,,,,7659747,djvu,1956252c195c8a90cc09b86008ea92b1,,,N:\\libgen djvu ocr\\131000\\65ee86240068cb724093833da9f7b039-ocr.djvu,0,2000-01-01 01:00:00,2016-04-03 02:51:08,,,
18639479,,,,,,,,,,,0,,,,,,,,,,,,,,,,0,,,,,,,,1821489,djvu,d3a4c21e5a86ed9e46114f3e1e291b88,,,N:\\libgen djvu ocr\\131000\\7b0340b22a9d19e7a7054f11f6b8eaec-ocr.djvu,0,2000-01-01 01:00:00,2016-04-03 02:51:08,,,
18639480,,,,,,,,,,,0,,,,,,,,,,,,,,,,0,,,,,,,,7293323,djvu,d18214c6cc040182f750c73d96d1fa6b,,,N:\\libgen djvu ocr\\131000\\2650d6b7373c3701f4063593bf73f304-ocr.djvu,0,2000-01-01 01:00:00,2016-04-03 02:51:08,,,
18639481,,,,,,,,,,,0,,,,,,,,,,,,,,,,0,,,,,,,,3630504,djvu,5796f97d96776a76755d985b6dc96da0,,,N:\\libgen djvu ocr\\131000\\220476a98e6de1eb3423e4de3a7acff2-ocr.djvu,0,2000-01-01 01:00:00,2016-04-03 02:51:08,,,
18639482,,,,,,,,,,,0,,,,,,,,,,,,,,,,0,,,,,,,,13931958,djvu,a1bc98da9c8df7ce54a7a35f2f92ee10,,,N:\\libgen djvu ocr\\131000\\8ccd7da11e1dfb749a2fc071f4344eaa-ocr.djvu,0,2000-01-01 01:00:00,2016-04-03 02:51:08,,,
18639483,,,,,,,,,,,0,,,,,,,,,,,,,,,,0,,,,,,,,10080888,djvu,c93f3a1c786e514e7eee7a46b9255bd9,,,N:\\libgen djvu ocr\\131000\\a1b97a1b8a489f14ceb6377357097190-ocr.djvu,0,2000-01-01 01:00:00,2016-04-03 02:51:08,,,
18639484,,,,,,,,,,,0,,,,,,,,,,,,,,,,0,,,,,,,,6613080,djvu,ab77e7d6148b166282a0bce2efd79565,,,N:\\libgen djvu ocr\\131000\\edf68c6cd6189dd4838fdcd46b10ca5c-ocr.djvu,0,2000-01-01 01:00:00,2016-04-03 02:51:08,,,
18639485,,,,,,,,,,,0,,,,,,,,,,,,,,,,0,,,,,,,,7645343,djvu,dac4e0a1603cef5ae2c483ec6dbbf340,,,N:\\libgen djvu ocr\\131000\\e9fe68e635372cf5c4467f30c4a4dc97-ocr.djvu,0,2000-01-01 01:00:00,2016-04-03 02:51:08,,,
18639486,,,,,,,,,,,0,,,,,,,,,,,,,,,,0,,,,,,,,12182359,djvu,a6e1bf9ba4e67a95a84e702f2e0bf499,,,N:\\libgen djvu ocr\\882000\\64cca5e1e03e55f5d58f92b61ca6f349-ocr.djvu,0,2000-01-01 01:00:00,2016-04-03 02:51:08,,,
18639487,,,,,,,,,,,0,,,,,,,,,,,,,,,,0,,,,,,,,16635128,djvu,cd9f0422614bae81d0c1e51a5ba8bffb,,,N:\\libgen djvu ocr\\131000\\a17e7a1617a1461d32bd9bbfd0c8d171-ocr.djvu,0,2000-01-01 01:00:00,2016-04-03 02:51:08,,,
18639488,,,,,,,,,,,0,,,,,,,,,,,,,,,,0,,,,,,,,6421210,djvu,181e2fe891d9783097002dc524e26aa9,,,N:\\libgen djvu ocr\\131000\\bf6cd60006afa25072cdae31d9e5062d-ocr.djvu,0,2000-01-01 01:00:00,2016-04-03 02:51:08,,,
18639489,,,,,,,,,,,0,,,,,,,,,,,,,,,,0,,,,,,,,2882514,djvu,62cd90fb545762ca50a91c30926fed55,,,N:\\libgen djvu ocr\\131000\\7ae3f43b75a21ad1e5f358cfa3476be7-ocr.djvu,0,2000-01-01 01:00:00,2016-04-03 02:51:08,,,
18639490,,,,,,,,,,,0,,,,,,,,,,,,,,,,0,,,,,,,,3870188,djvu,e6aac90d5f26c1dea3fa2aa76a5b66e8,,,N:\\libgen djvu ocr\\131000\\d3e435851e0046d81cb6e32ca272f6d6-ocr.djvu,0,2000-01-01 01:00:00,2016-04-03 02:51:08,,,
18639491,,,,,,,,,,,0,,,,,,,,,,,,,,,,0,,,,,,,,869040,djvu,267c37b6a169e65002678ea9a0ecaa57,,,N:\\libgen djvu ocr\\131000\\b66a10db13569efb4188a7687398cd9e-ocr.djvu,0,2000-01-01 01:00:00,2016-04-03 02:51:08,,,
18639492,,,,,,,,,,,0,,,,,,,,,,,,,,,,0,,,,,,,,5129801,djvu,06d6c82837783632680b1b743e58ed22,,,N:\\libgen djvu ocr\\131000\\7a46f1e7ef73a54c83e5861d81c64f87-ocr.djvu,0,2000-01-01 01:00:00,2016-04-03 02:51:08,,,
18639493,,,,,,,,,,,0,,,,,,,,,,,,,,,,0,,,,,,,,2423917,djvu,fda337d4a99c78846ccc4101379f238b,,,N:\\libgen djvu ocr\\131000\\7e2cc99b43245cd579f13b699b33a4fa-ocr.djvu,0,2000-01-01 01:00:00,2016-04-03 02:51:08,,,
18639494,,,,,,,,,,,0,,,,,,,,,,,,,,,,0,,,,,,,,5823725,djvu,303175bcfc4aeba48b6afe67c6d3a49b,,,N:\\libgen djvu ocr\\131000\\4cdf08cddfbc23e6d3023da3960c1020-ocr.djvu,0,2000-01-01 01:00:00,2016-04-03 02:51:08,,,
18639495,,,,,,,,,,,0,,,,,,,,,,,,,,,,0,,,,,,,,2938119,djvu,91677dc4b8a4eb4736970d9bce6e782c,,,N:\\libgen djvu ocr\\131000\\65da374b421b5beb84600dfe3d13969e-ocr.djvu,0,2000-01-01 01:00:00,2016-04-03 02:51:08,,,
18639496,,,,,,,,,,,0,,,,,,,,,,,,,,,,0,,,,,,,,9805243,djvu,8c2245ca4a4cfc01dfb711b87ab990d2,,,N:\\libgen djvu ocr\\131000\\77a4988c0de1762e83fe00da7f7d0c44-ocr.djvu,0,2000-01-01 01:00:00,2016-04-03 02:51:08,,,
18639497,,,,,,,,,,,0,,,,,,,,,,,,,,,,0,,,,,,,,6008559,djvu,e00a8d8a38d8fb7b41180f86c52bc4ec,,,N:\\libgen djvu ocr\\131000\\ad5f7b98732a63685b697f6efe98b42c-ocr.djvu,0,2000-01-01 01:00:00,2016-04-03 02:51:08,,,
18639498,,,,,,,,,,,0,,,,,,,,,,,,,,,,0,,,,,,,,9774946,djvu,5bc530862a5dd9aac56ba0011d7d49fc,,,N:\\libgen djvu ocr\\131000\\290bfc0e4c29506fc2a826f78a9f9fc2-ocr.djvu,0,2000-01-01 01:00:00,2016-04-03 02:51:08,,,
18639499,,,,,,,,,,,0,,,,,,,,,,,,,,,,0,,,,,,,,2662539,djvu,b0086403e00adcfddffbaaba319e62b7,,,N:\\libgen djvu ocr\\131000\\6fbb7440841d3d7dcf3ae028e153b9c4-ocr.djvu,0,2000-01-01 01:00:00,2016-04-03 02:51:08,,,
18639500,,,,,,,,,,,0,,,,,,,,,,,,,,,,0,,,,,,,,3765030,djvu,152cea02b85aaace02fe00baa9cf58d7,,,N:\\libgen djvu ocr\\131000\\4625845d45ef5dd494d95bf60869501b-ocr.djvu,0,2000-01-01 01:00:00,2016-04-03 02:51:08,,,
18639501,,,,,,,,,,,0,,,,,,,,,,,,,,,,0,,,,,,,,2921522,djvu,3dab7c340a7692086acfa0eacb6f7c34,,,N:\\libgen djvu ocr\\131000\\567eb47a146f0d0ab1f344d6eab43656-ocr.djvu,0,2000-01-01 01:00:00,2016-04-03 02:51:08,,,
18639502,,,,,,,,,,,0,,,,,,,,,,,,,,,,0,,,,,,,,3078618,djvu,4eea9c3e9b300f92dd9c3041c93c81a0,,,N:\\libgen djvu ocr\\131000\\a21920c9c15675cad7071bf8e7f9993a-ocr.djvu,0,2000-01-01 01:00:00,2016-04-03 02:51:08,,,
18639503,,,,,,,,,,,0,,,,,,,,,,,,,,,,0,,,,,,,,10031635,djvu,f2aac60ac2330e1b77007fd7c4d7ef26,,,N:\\libgen djvu ocr\\131000\\e6e34904af4f323904c350297aef5b32-ocr.djvu,0,2000-01-01 01:00:00,2016-04-03 02:51:08,,,
18639504,,,,,,,,,,,0,,,,,,,,,,,,,,,,0,,,,,,,,11528031,djvu,f81ff1e305e57aa308c7da7d1a758b2f,,,N:\\libgen djvu ocr\\131000\\70491a7283ca3540dddce2de932120e0-ocr.djvu,0,2000-01-01 01:00:00,2016-04-03 02:51:08,,,
18639505,,,,,,,,,,,0,,,,,,,,,,,,,,,,0,,,,,,,,3348112,djvu,12de992469957fc4871b8c7fbc86e07a,,,N:\\libgen djvu ocr\\131000\\13b590f641f07cf49d59fd70d32588ef-ocr.djvu,0,2000-01-01 01:00:00,2016-04-03 02:51:08,,,
18639506,,,,,,,,,,,0,,,,,,,,,,,,,,,,0,,,,,,,,4025795,djvu,a5af293197ce69fe265eea2424064bb6,,,N:\\libgen djvu ocr\\131000\\fe8b704b0c76886a0fc0428f944dddab-ocr.djvu,0,2000-01-01 01:00:00,2016-04-03 02:51:08,,,
18639507,,,,,,,,,,,0,,,,,,,,,,,,,,,,0,,,,,,,,1611218,djvu,387448f9ff74f2e87c17dbc1d8da9a32,,,N:\\libgen djvu ocr\\131000\\9175ecad4d0d538066f6378640f1d480-ocr.djvu,0,2000-01-01 01:00:00,2016-04-03 02:51:08,,,
18639508,,,,,,,,,,,0,,,,,,,,,,,,,,,,0,,,,,,,,577575,djvu,60f210c2ca882aec702a01c4718aee7b,,,N:\\libgen djvu ocr\\131000\\ee9ef0f4fc6ac00ac11655d9a34a07eb-ocr.djvu,0,2000-01-01 01:00:00,2016-04-03 02:51:08,,,
18639509,,,,,,,,,,,0,,,,,,,,,,,,,,,,0,,,,,,,,6195245,djvu,936817a6f79742aaea109ed006967a2f,,,N:\\libgen djvu ocr\\131000\\1e75c4ba64c588591bf4b6304f435bf5-ocr.djvu,0,2000-01-01 01:00:00,2016-04-03 02:51:08,,,
18639510,,,,,,,,,,,0,,,,,,,,,,,,,,,,0,,,,,,,,3993533,djvu,36734678541f3ed9efe103bbc286fc84,,,N:\\libgen djvu ocr\\131000\\ee517c2a64bba731446fac60d6c3aed0-ocr.djvu,0,2000-01-01 01:00:00,2016-04-03 02:51:08,,,
18639511,,,,,,,,,,,0,,,,,,,,,,,,,,,,0,,,,,,,,1307281,djvu,4fcd4ea1d81de1baa7fdc9be786a54e4,,,N:\\libgen djvu ocr\\131000\\78013a34ee72df9be8957ecfd3388548-ocr.djvu,0,2000-01-01 01:00:00,2016-04-03 02:51:08,,,
18639512,,,,,,,,,,,0,,,,,,,,,,,,,,,,0,,,,,,,,266625,djvu,10301bbbb1b009b305024e9cbe2bc0e9,,,N:\\libgen djvu ocr\\131000\\64975ed04a3d26fb7c5bc0b591069c3e-ocr.djvu,0,2000-01-01 01:00:00,2016-04-03 02:51:08,,,
18639513,,,,,,,,,,,0,,,,,,,,,,,,,,,,0,,,,,,,,2548962,djvu,d36de91b0360ce482935f22272d6cee0,,,N:\\libgen djvu ocr\\131000\\3d2a32f4de3c541b726c24b0af937809-ocr.djvu,0,2000-01-01 01:00:00,2016-04-03 02:51:08,,,
18639514,,,,,,,,,,,0,,,,,,,,,,,,,,,,0,,,,,,,,7632007,djvu,60bff8c55bc422069fca96eaccc4b4a7,,,N:\\libgen djvu ocr\\131000\\3d88a156b0d956b80936dccdc3225c45-ocr.djvu,0,2000-01-01 01:00:00,2016-04-03 02:51:08,,,
18639515,,,,,,,,,,,0,,,,,,,,,,,,,,,,0,,,,,,,,5131432,djvu,a2a1d5788601782dac41054fb79d6262,,,N:\\libgen djvu ocr\\131000\\56218099b7257237f46c30d475ee51a5-ocr.djvu,0,2000-01-01 01:00:00,2016-04-03 02:51:08,,,
18639516,,,,,,,,,,,0,,,,,,,,,,,,,,,,0,,,,,,,,5300249,djvu,15a04ef4c20b1ea1bad0431da9f8c5bb,,,N:\\libgen djvu ocr\\131000\\49f62f17c16328b33fafec4c76fd1adf-ocr.djvu,0,2000-01-01 01:00:00,2016-04-03 02:51:08,,,
18639517,,,,,,,,,,,0,,,,,,,,,,,,,,,,0,,,,,,,,4769696,djvu,037531e8c7ecb68deda7ee631af1426d,,,N:\\libgen djvu ocr\\131000\\f335aa36c39f90a572dd6037afbe81b8-ocr.djvu,0,2000-01-01 01:00:00,2016-04-03 02:51:08,,,
18639518,,,,,,,,,,,0,,,,,,,,,,,,,,,,0,,,,,,,,4695993,djvu,781cf0f07a119364a96a22e2adb40e3d,,,N:\\libgen djvu ocr\\131000\\5178cb2fa6f179266b13e3ae623c76d0-ocr.djvu,0,2000-01-01 01:00:00,2016-04-03 02:51:08,,,
18639519,,,,,,,,,,,0,,,,,,,,,,,,,,,,0,,,,,,,,5366377,djvu,f276af826c35edc0c37b8d2acae16858,,,N:\\libgen djvu ocr\\131000\\aa6e2ec4aeab8bf097c2c3ae9a599f78-ocr.djvu,0,2000-01-01 01:00:00,2016-04-03 02:51:08,,,
18639520,,,,,,,,,,,0,,,,,,,,,,,,,,,,0,,,,,,,,4684330,djvu,c6751d62acc261dc061ee6feadc07196,,,N:\\libgen djvu ocr\\131000\\afa9616811b569067d553d31fa29e81f-ocr.djvu,0,2000-01-01 01:00:00,2016-04-03 02:51:08,,,
18639521,,,,,,,,,,,0,,,,,,,,,,,,,,,,0,,,,,,,,14746268,djvu,49354999ea8a4bd843667a8e052867da,,,N:\\libgen djvu ocr\\131000\\69db6b25b902e16cbd3f6893e0906e76-ocr.djvu,0,2000-01-01 01:00:00,2016-04-03 02:51:08,,,
18639522,,,,,,,,,,,0,,,,,,,,,,,,,,,,0,,,,,,,,4376180,djvu,71fec8182b991d61ba6d237dc3e56605,,,N:\\libgen djvu ocr\\131000\\6c418682e01b2631b27b6f0919970839-ocr.djvu,0,2000-01-01 01:00:00,2016-04-03 02:51:08,,,
18639523,,,,,,,,,,,0,,,,,,,,,,,,,,,,0,,,,,,,,5526661,djvu,8b7fc8a1c73170ea189d09f5d3db54e0,,,N:\\libgen djvu ocr\\131000\\a2e0d5abd17a32b7071ba413c50eebb0-ocr.djvu,0,2000-01-01 01:00:00,2016-04-03 02:51:08,,,
18639524,,,,,,,,,,,0,,,,,,,,,,,,,,,,0,,,,,,,,6815726,djvu,c26081473f3973cd3157c9dc43e82cd8,,,N:\\libgen djvu ocr\\131000\\df579b102feaae205c3a28f9d5d74f93-ocr.djvu,0,2000-01-01 01:00:00,2016-04-03 02:51:08,,,
18639525,,,,,,,,,,,0,,,,,,,,,,,,,,,,0,,,,,,,,13141540,djvu,f87e181c8d1d33f35dc5763978a5e2cf,,,N:\\libgen djvu ocr\\880000\\9514026795f2332d7539ea265bde8c5d-ocr.djvu,0,2000-01-01 01:00:00,2016-04-03 02:51:08,,,
18639526,,,,,,,,,,,0,,,,,,,,,,,,,,,,0,,,,,,,,3152628,djvu,e9903c70c30a43ce53a368b395c13db2,,,N:\\libgen djvu ocr\\131000\\64e1f3a74a81c1aa3d84cd800e1002f2-ocr.djvu,0,2000-01-01 01:00:00,2016-04-03 02:51:08,,,
18639527,,,,,,,,,,,0,,,,,,,,,,,,,,,,0,,,,,,,,4529904,djvu,269764c578865baf2735494f8d279d49,,,N:\\libgen djvu ocr\\131000\\2accc66699af017849a16d47ace9120b-ocr.djvu,0,2000-01-01 01:00:00,2016-04-03 02:51:08,,,
18639528,,,,,,,,,,,0,,,,,,,,,,,,,,,,0,,,,,,,,1474144,djvu,d8d039f0f7c07d798379e8e02d927928,,,N:\\libgen djvu ocr\\131000\\c2c329447061c6ae1c385c8621b05681-ocr.djvu,0,2000-01-01 01:00:00,2016-04-03 02:51:08,,,
18639529,,,,,,,,,,,0,,,,,,,,,,,,,,,,0,,,,,,,,8209830,djvu,ca4e15f39aff4613d52915bfaa160c08,,,N:\\libgen djvu ocr\\131000\\7e86db4b2bf90bff92e411e46c31561b-ocr.djvu,0,2000-01-01 01:00:00,2016-04-03 02:51:08,,,
18639530,,,,,,,,,,,0,,,,,,,,,,,,,,,,0,,,,,,,,8578270,djvu,f85c26decbea86173d3affa5ef6ac0b6,,,N:\\libgen djvu ocr\\131000\\bdbcc1191ec98b6571aab8f9e99de408-ocr.djvu,0,2000-01-01 01:00:00,2016-04-03 02:51:08,,,
18639531,,,,,,,,,,,0,,,,,,,,,,,,,,,,0,,,,,,,,3313049,djvu,408f2527302f82922c0b312264d1de20,,,N:\\libgen djvu ocr\\131000\\15dd027be4cbb7f4bd26f33eaacff3a6-ocr.djvu,0,2000-01-01 01:00:00,2016-04-03 02:51:08,,,
18639532,,,,,,,,,,,0,,,,,,,,,,,,,,,,0,,,,,,,,5901428,djvu,5f4761fc460a762913550a50e55781e8,,,N:\\libgen djvu ocr\\131000\\208378bfa9b081e2e29a5bb21ed65e35-ocr.djvu,0,2000-01-01 01:00:00,2016-04-03 02:51:08,,,
18639533,,,,,,,,,,,0,,,,,,,,,,,,,,,,0,,,,,,,,6130824,djvu,97a9322e90c7474f11c44a9ef0e599ee,,,N:\\libgen djvu ocr\\131000\\63a419050acdd053975ab8674b7d1a74-ocr.djvu,0,2000-01-01 01:00:00,2016-04-03 02:51:08,,,
18639534,,,,,,,,,,,0,,,,,,,,,,,,,,,,0,,,,,,,,8680381,djvu,86bf277bde5ece7679b7b3aa4f3f53c8,,,N:\\libgen djvu ocr\\131000\\7994ec9dddf34e4cad14dec69568da22-ocr.djvu,0,2000-01-01 01:00:00,2016-04-03 02:51:08,,,
18639535,,,,,,,,,,,0,,,,,,,,,,,,,,,,0,,,,,,,,2791779,djvu,dccb5a1fd3a837430c10bf3d0f3c2e67,,,N:\\libgen djvu ocr\\131000\\99aa38718c80edc7b2fd52bd3720d227-ocr.djvu,0,2000-01-01 01:00:00,2016-04-03 02:51:08,,,
18639536,,,,,,,,,,,0,,,,,,,,,,,,,,,,0,,,,,,,,3077318,djvu,ac866e77578bcf539caa8e8d737c1e99,,,N:\\libgen djvu ocr\\131000\\8c8880c234d23003672d14c347f9b045-ocr.djvu,0,2000-01-01 01:00:00,2016-04-03 02:51:08,,,
18639537,,,,,,,,,,,0,,,,,,,,,,,,,,,,0,,,,,,,,2414460,djvu,0205383a6538c67f585449f417f29277,,,N:\\libgen djvu ocr\\131000\\7bc6ca7de03a4ec08e35b89d2fa258bf-ocr.djvu,0,2000-01-01 01:00:00,2016-04-03 02:51:08,,,
18639538,,,,,,,,,,,0,,,,,,,,,,,,,,,,0,,,,,,,,3441857,djvu,8f60916350dd988f5801a1647c522d27,,,N:\\libgen djvu ocr\\131000\\6bcdb62c17d8333a739f6d9dbd93919e-ocr.djvu,0,2000-01-01 01:00:00,2016-04-03 02:51:08,,,
18639539,,,,,,,,,,,0,,,,,,,,,,,,,,,,0,,,,,,,,6332072,djvu,c966e8254fcbedf899f27665801e8645,,,N:\\libgen djvu ocr\\131000\\47cada5ae81d7284ae98f7f93c36822f-ocr.djvu,0,2000-01-01 01:00:00,2016-04-03 02:51:08,,,
18639540,,,,,,,,,,,0,,,,,,,,,,,,,,,,0,,,,,,,,7373948,djvu,af34fd5a1a8a635e606cc030a27d2fb3,,,N:\\libgen djvu ocr\\131000\\b9c4d058fae5172776f552f18364ee02-ocr.djvu,0,2000-01-01 01:00:00,2016-04-03 02:51:08,,,
18639541,,,,,,,,,,,0,,,,,,,,,,,,,,,,0,,,,,,,,313556,djvu,6501dccb2db2e11947559e38f44ea40a,,,N:\\libgen djvu ocr\\131000\\76f59b0ce6cdc0d68c6ab55a2602461e-ocr.djvu,0,2000-01-01 01:00:00,2016-04-03 02:51:08,,,
18639542,,,,,,,,,,,0,,,,,,,,,,,,,,,,0,,,,,,,,5023485,djvu,986c1602e0debbe6bf2cb6590fef4abf,,,N:\\libgen djvu ocr\\131000\\5011cf3fb670a89b8e8de1f76e4099f5-ocr.djvu,0,2000-01-01 01:00:00,2016-04-03 02:51:08,,,
18639543,,,,,,,,,,,0,,,,,,,,,,,,,,,,0,,,,,,,,2344777,djvu,0479d31ec9552fe1fa5dc389a23b630a,,,N:\\libgen djvu ocr\\131000\\2b5db1e6ff487b9f86392b6b4cb5e1b5-ocr.djvu,0,2000-01-01 01:00:00,2016-04-03 02:51:08,,,
18639544,,,,,,,,,,,0,,,,,,,,,,,,,,,,0,,,,,,,,4359592,djvu,6d050ac427af74bdd17ea11beaa1383f,,,N:\\libgen djvu ocr\\131000\\8edc69033fe171950de579fa5fe2b498-ocr.djvu,0,2000-01-01 01:00:00,2016-04-03 02:51:08,,,
18639545,,,,,,,,,,,0,,,,,,,,,,,,,,,,0,,,,,,,,183836,djvu,ffa32018366163a4d41a04c6a07bf6f9,,,N:\\libgen djvu ocr\\131000\\cd82cad5938209c082dec01ff534869c-ocr.djvu,0,2000-01-01 01:00:00,2016-04-03 02:51:08,,,
18639546,,,,,,,,,,,0,,,,,,,,,,,,,,,,0,,,,,,,,527808,djvu,da94bbf66a09cc9b4ce0509d5f1622b6,,,N:\\libgen djvu ocr\\131000\\214c09a2fa77008f90549f0516fe5eeb-ocr.djvu,0,2000-01-01 01:00:00,2016-04-03 02:51:08,,,
18639547,,,,,,,,,,,0,,,,,,,,,,,,,,,,0,,,,,,,,118211,djvu,49fb4054f24150eff8c598093feef366,,,N:\\libgen djvu ocr\\131000\\a22807abb1eda58bc4c19ac0adba7304-ocr.djvu,0,2000-01-01 01:00:00,2016-04-03 02:51:08,,,
18639548,,,,,,,,,,,0,,,,,,,,,,,,,,,,0,,,,,,,,2086167,djvu,ec74ef9d4173ec4912a66d27827f7dee,,,N:\\libgen djvu ocr\\131000\\22f3097af0bec9785553655d990d172d-ocr.djvu,0,2000-01-01 01:00:00,2016-04-03 02:51:08,,,
18639549,,,,,,,,,,,0,,,,,,,,,,,,,,,,0,,,,,,,,5538165,djvu,4981ab1049abe820a87ab820beab35b2,,,N:\\libgen djvu ocr\\131000\\3f3b4030e1294e4edb291019af7bf20d-ocr.djvu,0,2000-01-01 01:00:00,2016-04-03 02:51:08,,,
18639550,,,,,,,,,,,0,,,,,,,,,,,,,,,,0,,,,,,,,6462031,djvu,20c606c0a3f8263203f7f0ab3d0dd03d,,,N:\\libgen djvu ocr\\131000\\b5b04bdc37c21df6fdedb38f561ab4a2-ocr.djvu,0,2000-01-01 01:00:00,2016-04-03 02:51:08,,,
18639551,,,,,,,,,,,0,,,,,,,,,,,,,,,,0,,,,,,,,1513040,djvu,5b9586f3bdecbcb8837f5a6acfff272d,,,N:\\libgen djvu ocr\\131000\\14536608317e22cb03e889e3c0f058b2-ocr.djvu,0,2000-01-01 01:00:00,2016-04-03 02:51:08,,,
18639552,,,,,,,,,,,0,,,,,,,,,,,,,,,,0,,,,,,,,697246,djvu,be79637b735a910957bfad6725b8b81e,,,N:\\libgen djvu ocr\\131000\\144747786e2be9e428723c5da810eed0-ocr.djvu,0,2000-01-01 01:00:00,2016-04-03 02:51:08,,,
18639553,,,,,,,,,,,0,,,,,,,,,,,,,,,,0,,,,,,,,7546101,djvu,ebfb06885294569bd2e3187bda0eccb7,,,N:\\libgen djvu ocr\\131000\\ad0bb750cb398de27ced47e6b9898fd9-ocr.djvu,0,2000-01-01 01:00:00,2016-04-03 02:51:08,,,
18639554,,,,,,,,,,,0,,,,,,,,,,,,,,,,0,,,,,,,,1398143,djvu,6477ec9280885012ee1ff939e90edf2a,,,N:\\libgen djvu ocr\\131000\\e68c251f0d6a4990d296367c7060eb97-ocr.djvu,0,2000-01-01 01:00:00,2016-04-03 02:51:08,,,
18639555,,,,,,,,,,,0,,,,,,,,,,,,,,,,0,,,,,,,,4382494,djvu,934d8435d73eca40726506c4a47f0af9,,,N:\\libgen djvu ocr\\131000\\3715c0dfbbf445204cdf83487889303c-ocr.djvu,0,2000-01-01 01:00:00,2016-04-03 02:51:08,,,
18639556,,,,,,,,,,,0,,,,,,,,,,,,,,,,0,,,,,,,,3632528,djvu,259ce677b67b8dc05eff9b47206137d9,,,N:\\libgen djvu ocr\\131000\\1abad6efc4489cfae2cc89666718d3b7-ocr.djvu,0,2000-01-01 01:00:00,2016-04-03 02:51:08,,,
18639557,,,,,,,,,,,0,,,,,,,,,,,,,,,,0,,,,,,,,16200700,djvu,1156b558aca3236a736a7199c5664ca8,,,N:\\libgen djvu ocr\\131000\\85e6097483bc86bb00939ead6688ead7-ocr.djvu,0,2000-01-01 01:00:00,2016-04-03 02:51:08,,,
18639558,,,,,,,,,,,0,,,,,,,,,,,,,,,,0,,,,,,,,14106875,djvu,4f437306dc59b716a7ea91235b41be20,,,N:\\libgen djvu ocr\\131000\\fcd293628f4c5bc372d11a0671b7fc8a-ocr.djvu,0,2000-01-01 01:00:00,2016-04-03 02:51:08,,,
18639559,,,,,,,,,,,0,,,,,,,,,,,,,,,,0,,,,,,,,258216,djvu,51443cbc370f89e14f8c90d8fea7256c,,,N:\\libgen djvu ocr\\131000\\460d391dbd99e41cbb2f5297c95647e7-ocr.djvu,0,2000-01-01 01:00:00,2016-04-03 02:51:08,,,
18639560,,,,,,,,,,,0,,,,,,,,,,,,,,,,0,,,,,,,,1623844,djvu,90cefdaed68b82a6c8e3d9e6314ba05a,,,N:\\libgen djvu ocr\\131000\\33607dbdcc0e3ccf50f25ac016b7ca8e-ocr.djvu,0,2000-01-01 01:00:00,2016-04-03 02:51:08,,,
18639561,,,,,,,,,,,0,,,,,,,,,,,,,,,,0,,,,,,,,3486875,djvu,a4c672cad492642fd837bfc3e632e7c2,,,N:\\libgen djvu ocr\\131000\\7f40368185bf1db464e55c853fc987a0-ocr.djvu,0,2000-01-01 01:00:00,2016-04-03 02:51:08,,,
18639562,,,,,,,,,,,0,,,,,,,,,,,,,,,,0,,,,,,,,6153204,djvu,48b01890425f59b069e010623aa1d54f,,,N:\\libgen djvu ocr\\131000\\288bf28b5e019f041c5ec9d4b2281f15-ocr.djvu,0,2000-01-01 01:00:00,2016-04-03 02:51:08,,,
18639563,,,,,,,,,,,0,,,,,,,,,,,,,,,,0,,,,,,,,3169894,djvu,80bb4dbb61f38ce69fcb751e40e8b57a,,,N:\\libgen djvu ocr\\131000\\bf629c95c2d4cb6d6ddaee487b8abd3e-ocr.djvu,0,2000-01-01 01:00:00,2016-04-03 02:51:08,,,
18639564,,,,,,,,,,,0,,,,,,,,,,,,,,,,0,,,,,,,,208818,djvu,3167cf48867f858e634abac10e2881e7,,,N:\\libgen djvu ocr\\131000\\e933a918346ee6ffecae6e8307f2fd27-ocr.djvu,0,2000-01-01 01:00:00,2016-04-03 02:51:08,,,
18639565,,,,,,,,,,,0,,,,,,,,,,,,,,,,0,,,,,,,,2001450,djvu,ab887a9f96a470a4fedd39f5b569ae3d,,,N:\\libgen djvu ocr\\131000\\677f0d7faab2404379a93cacc0ae4da8-ocr.djvu,0,2000-01-01 01:00:00,2016-04-03 02:51:08,,,
18639566,,,,,,,,,,,0,,,,,,,,,,,,,,,,0,,,,,,,,12985124,djvu,e500ea4882147581b0d72c405f96e1f7,,,N:\\libgen djvu ocr\\131000\\0eba00862919da3e1f89cfc3d10c6485-ocr.djvu,0,2000-01-01 01:00:00,2016-04-03 02:51:08,,,
18639567,,,,,,,,,,,0,,,,,,,,,,,,,,,,0,,,,,,,,15614843,djvu,e25f61b6c159c3530107bf2deb9d670e,,,N:\\libgen djvu ocr\\131000\\586f64d6f915393076877d40c68171f3-ocr.djvu,0,2000-01-01 01:00:00,2016-04-03 02:51:08,,,
18639568,,,,,,,,,,,0,,,,,,,,,,,,,,,,0,,,,,,,,9191711,djvu,9b5b155663f2507e1631ebc0a9f70293,,,N:\\libgen djvu ocr\\131000\\d55c250f7735e107dc5f0f06f9b80d3b-ocr.djvu,0,2000-01-01 01:00:00,2016-04-03 02:51:08,,,
18639569,,,,,,,,,,,0,,,,,,,,,,,,,,,,0,,,,,,,,4020655,djvu,7ff193381ccf410482dfb97ccc8ece97,,,N:\\libgen djvu ocr\\131000\\ab2370e58f7a4a6c15566c31a1975681-ocr.djvu,0,2000-01-01 01:00:00,2016-04-03 02:51:08,,,
18639570,,,,,,,,,,,0,,,,,,,,,,,,,,,,0,,,,,,,,7140541,djvu,dab46644982d3c5a20a484a46a92f692,,,N:\\libgen djvu ocr\\131000\\33253e0c8ceea04629cdde8900e2a96e-ocr.djvu,0,2000-01-01 01:00:00,2016-04-03 02:51:08,,,
18639571,,,,,,,,,,,0,,,,,,,,,,,,,,,,0,,,,,,,,5591402,djvu,b58e5155f02df9e5206924e4b5c98753,,,N:\\libgen djvu ocr\\131000\\a98b1b73b6321b2b24ad49e4a844c727-ocr.djvu,0,2000-01-01 01:00:00,2016-04-03 02:51:08,,,
18639572,,,,,,,,,,,0,,,,,,,,,,,,,,,,0,,,,,,,,14710404,djvu,e84e76c119ff6e3472eb8b2a75105b69,,,N:\\libgen djvu ocr\\131000\\a2a62be9fd7839ccb32417e4b0b54134-ocr.djvu,0,2000-01-01 01:00:00,2016-04-03 02:51:08,,,
18639573,,,,,,,,,,,0,,,,,,,,,,,,,,,,0,,,,,,,,3312457,djvu,5792cf97edca42f6a81df0aab6b00804,,,N:\\libgen djvu ocr\\131000\\cfe904025d29b25d21a213572bf27b21-ocr.djvu,0,2000-01-01 01:00:00,2016-04-03 02:51:08,,,
18639574,,,,,,,,,,,0,,,,,,,,,,,,,,,,0,,,,,,,,10661768,djvu,d8ae221524c0c78fd2d9d75f01c19aec,,,N:\\libgen djvu ocr\\131000\\27829205132c269df103bad63132824f-ocr.djvu,0,2000-01-01 01:00:00,2016-04-03 02:51:08,,,
18639575,,,,,,,,,,,0,,,,,,,,,,,,,,,,0,,,,,,,,2522024,djvu,a192b32987243373b21418552de7fd68,,,N:\\libgen djvu ocr\\132000\\24cefc880a832bfd1a931c6597ca75d0-ocr.djvu,0,2000-01-01 01:00:00,2016-04-03 02:51:08,,,
18639576,,,,,,,,,,,0,,,,,,,,,,,,,,,,0,,,,,,,,773138,djvu,2debc30d55fafb112f36d8858e02fefd,,,N:\\libgen djvu ocr\\132000\\e35306ebf2309cd8d73789addc40c5ac-ocr.djvu,0,2000-01-01 01:00:00,2016-04-03 02:51:08,,,
18639577,,,,,,,,,,,0,,,,,,,,,,,,,,,,0,,,,,,,,7126615,djvu,f2c9324139942f57f86d32d8c0c63504,,,N:\\libgen djvu ocr\\132000\\e562d24da2028ca50fa0acb8faa394d2-ocr.djvu,0,2000-01-01 01:00:00,2016-04-03 02:51:08,,,
18639578,,,,,,,,,,,0,,,,,,,,,,,,,,,,0,,,,,,,,4680365,djvu,7c4bae9e92240044de302f3cbf350e28,,,N:\\libgen djvu ocr\\132000\\31c0d40655ac9ed6774c194443351483-ocr.djvu,0,2000-01-01 01:00:00,2016-04-03 02:51:08,,,
18639579,,,,,,,,,,,0,,,,,,,,,,,,,,,,0,,,,,,,,510035,djvu,4e67a343d6bc37c67db94d33917e050e,,,N:\\libgen djvu ocr\\132000\\58972002ee3990c1f6b3d9e65672be42-ocr.djvu,0,2000-01-01 01:00:00,2016-04-03 02:51:08,,,
18639580,,,,,,,,,,,0,,,,,,,,,,,,,,,,0,,,,,,,,1202044,djvu,7bcee9ceb68e126403ec4181e2219da6,,,N:\\libgen djvu ocr\\132000\\1092901f9082862629883cf25882bb35-ocr.djvu,0,2000-01-01 01:00:00,2016-04-03 02:51:08,,,
18639581,,,,,,,,,,,0,,,,,,,,,,,,,,,,0,,,,,,,,2976608,djvu,9e87ae35b178862c6445747577865a57,,,N:\\libgen djvu ocr\\132000\\5d36c72f10d375930ffe0d6253f7f867-ocr.djvu,0,2000-01-01 01:00:00,2016-04-03 02:51:08,,,
18639582,,,,,,,,,,,0,,,,,,,,,,,,,,,,0,,,,,,,,1981589,djvu,c151c72b0c424d7c15355e5a77dbf649,,,N:\\libgen djvu ocr\\132000\\dbbda7cd9ee05bdcfcbb210a5f3d5342-ocr.djvu,0,2000-01-01 01:00:00,2016-04-03 02:51:08,,,
18639583,,,,,,,,,,,0,,,,,,,,,,,,,,,,0,,,,,,,,10285973,djvu,db6319ea0ff22b346390a1578217819c,,,N:\\libgen djvu ocr\\132000\\cf46cee8208dbf8d945ecab336b74c66-ocr.djvu,0,2000-01-01 01:00:00,2016-04-03 02:51:08,,,
18639584,,,,,,,,,,,0,,,,,,,,,,,,,,,,0,,,,,,,,15569346,djvu,d2e05f691a54ee2bf0f44e40839e89d3,,,N:\\libgen djvu ocr\\132000\\38ad2f275fe2e505f0d848339558ee91-ocr.djvu,0,2000-01-01 01:00:00,2016-04-03 02:51:08,,,
18639585,,,,,,,,,,,0,,,,,,,,,,,,,,,,0,,,,,,,,3785820,djvu,bf0f2692f3d988abd0f2e87fe0d3d2c5,,,N:\\libgen djvu ocr\\132000\\adf9edab21dfa2732f563c32e78aaa64-ocr.djvu,0,2000-01-01 01:00:00,2016-04-03 02:51:08,,,
18639586,,,,,,,,,,,0,,,,,,,,,,,,,,,,0,,,,,,,,3261926,djvu,64c48bda4a92a633d77ac491ba3f166a,,,N:\\libgen djvu ocr\\132000\\7caf5373ae778f49bb8a6aac75a5332c-ocr.djvu,0,2000-01-01 01:00:00,2016-04-03 02:51:08,,,
18639587,,,,,,,,,,,0,,,,,,,,,,,,,,,,0,,,,,,,,9772094,djvu,695c98c9e5695a44f88e2a33a55756cb,,,N:\\libgen djvu ocr\\132000\\d4f7806eefdf51132bb1818d3358c3f7-ocr.djvu,0,2000-01-01 01:00:00,2016-04-03 02:51:08,,,
18639588,,,,,,,,,,,0,,,,,,,,,,,,,,,,0,,,,,,,,3663802,djvu,b6dbcfd886e868dc45f02ff924b5fa3c,,,N:\\libgen djvu ocr\\132000\\861dbb5c646c2f83350f320e6a58f8f4-ocr.djvu,0,2000-01-01 01:00:00,2016-04-03 02:51:08,,,
18639589,,,,,,,,,,,0,,,,,,,,,,,,,,,,0,,,,,,,,530835,djvu,0601c35e6a26360072f92403c987ae89,,,N:\\libgen djvu ocr\\132000\\7ec5f5c4c14755f531e07ba70ad38c26-ocr.djvu,0,2000-01-01 01:00:00,2016-04-03 02:51:08,,,
18639590,,,,,,,,,,,0,,,,,,,,,,,,,,,,0,,,,,,,,17015129,djvu,264b72485f254b4e3fafc0a7afea63ef,,,N:\\libgen djvu ocr\\132000\\504eb0185eab2598afb1f6a7c7ba7633-ocr.djvu,0,2000-01-01 01:00:00,2016-04-03 02:51:08,,,
18639591,,,,,,,,,,,0,,,,,,,,,,,,,,,,0,,,,,,,,4750055,djvu,cb28fc2917ece86452839dad5954420c,,,N:\\libgen djvu ocr\\132000\\d366febf2d73a0175e5c7771da3476aa-ocr.djvu,0,2000-01-01 01:00:00,2016-04-03 02:51:08,,,
18639592,,,,,,,,,,,0,,,,,,,,,,,,,,,,0,,,,,,,,14288338,djvu,0ff7caa6e2363114f041bfbd5d1b82d2,,,N:\\libgen djvu ocr\\132000\\6695b3819f38c7539fdd1ba7144dbfab-ocr.djvu,0,2000-01-01 01:00:00,2016-04-03 02:51:08,,,
18639593,,,,,,,,,,,0,,,,,,,,,,,,,,,,0,,,,,,,,2332469,djvu,b02cbde55ca10c1f821c98e449c2f8ea,,,N:\\libgen djvu ocr\\132000\\610576e2187ce6d915b05745b6e15a26-ocr.djvu,0,2000-01-01 01:00:00,2016-04-03 02:51:08,,,
18639594,,,,,,,,,,,0,,,,,,,,,,,,,,,,0,,,,,,,,4142021,djvu,471fa76f7b2741fa8510988f344c312e,,,N:\\libgen djvu ocr\\132000\\99f24a9268ebe6555384b82444ed5eb4-ocr.djvu,0,2000-01-01 01:00:00,2016-04-03 02:51:08,,,
18639595,,,,,,,,,,,0,,,,,,,,,,,,,,,,0,,,,,,,,895316,djvu,65c3fb1a9c818094a0af9e15a9244648,,,N:\\libgen djvu ocr\\132000\\33a3be7ac92b336da4a45e0386e16fa9-ocr.djvu,0,2000-01-01 01:00:00,2016-04-03 02:51:08,,,
18639596,,,,,,,,,,,0,,,,,,,,,,,,,,,,0,,,,,,,,6323285,djvu,3984fa7de72a92bcf7cb2fe40980bebd,,,N:\\libgen djvu ocr\\132000\\7a9fa1b76033806468a97408c81f7a48-ocr.djvu,0,2000-01-01 01:00:00,2016-04-03 02:51:08,,,
18639597,,,,,,,,,,,0,,,,,,,,,,,,,,,,0,,,,,,,,909879,djvu,9548bbad868807c48b40a9dbdf25eaff,,,N:\\libgen djvu ocr\\132000\\e4daea409ee76504dbb0222d0911fdc2-ocr.djvu,0,2000-01-01 01:00:00,2016-04-03 02:51:08,,,
18639598,,,,,,,,,,,0,,,,,,,,,,,,,,,,0,,,,,,,,1574518,djvu,91e0859acf3e4faee400112901bf695f,,,N:\\libgen djvu ocr\\132000\\385b931d0532b658da98fafaf04ba6ae-ocr.djvu,0,2000-01-01 01:00:00,2016-04-03 02:51:08,,,
18639599,,,,,,,,,,,0,,,,,,,,,,,,,,,,0,,,,,,,,705147,djvu,1cb4dc1c2f0424d0e8da0d08f50ce66c,,,N:\\libgen djvu ocr\\132000\\be8c8c60b7c85ceba60112eeab3b2d83-ocr.djvu,0,2000-01-01 01:00:00,2016-04-03 02:51:08,,,
18639600,,,,,,,,,,,0,,,,,,,,,,,,,,,,0,,,,,,,,555590,djvu,15d21f370afdf1455a6851e6f368abb3,,,N:\\libgen djvu ocr\\132000\\526837b6877a198994e05cc0d32e9ed7-ocr.djvu,0,2000-01-01 01:00:00,2016-04-03 02:51:08,,,
18639601,,,,,,,,,,,0,,,,,,,,,,,,,,,,0,,,,,,,,162667,djvu,bfa46571973799ed9642d3b00ccc5bd3,,,N:\\libgen djvu ocr\\132000\\4499bfa2174dcaa8d99c9a1b9f2bf54a-ocr.djvu,0,2000-01-01 01:00:00,2016-04-03 02:51:08,,,
18639602,,,,,,,,,,,0,,,,,,,,,,,,,,,,0,,,,,,,,5311873,djvu,6b6eed9ee93e838aabd7c9de6e4283aa,,,N:\\libgen djvu ocr\\132000\\931dfd1a2815e0c8bfae66004171e010-ocr.djvu,0,2000-01-01 01:00:00,2016-04-03 02:51:08,,,
18639603,,,,,,,,,,,0,,,,,,,,,,,,,,,,0,,,,,,,,5059350,djvu,411719feefce5bd93d2700ddd99556c4,,,N:\\libgen djvu ocr\\132000\\d6bada1b2c8cd1e725fe9294a50320a4-ocr.djvu,0,2000-01-01 01:00:00,2016-04-03 02:51:08,,,
18639604,,,,,,,,,,,0,,,,,,,,,,,,,,,,0,,,,,,,,2439107,djvu,e1dfba6685322232f9316dfb027eb770,,,N:\\libgen djvu ocr\\132000\\915ba0d80cf8be509ab5a33c6de2809b-ocr.djvu,0,2000-01-01 01:00:00,2016-04-03 02:51:08,,,
18639605,,,,,,,,,,,0,,,,,,,,,,,,,,,,0,,,,,,,,8519666,djvu,29c2dd0ef81562079e782b3df1dd8092,,,N:\\libgen djvu ocr\\132000\\cb04b961468f91ebfe156011bc1a0555-ocr.djvu,0,2000-01-01 01:00:00,2016-04-03 02:51:08,,,
18639606,,,,,,,,,,,0,,,,,,,,,,,,,,,,0,,,,,,,,4277400,djvu,0990ba26b363f1cd587fa2c721625876,,,N:\\libgen djvu ocr\\132000\\1e2ed30936e8dd61472ccefabef884d6-ocr.djvu,0,2000-01-01 01:00:00,2016-04-03 02:51:08,,,
18639607,,,,,,,,,,,0,,,,,,,,,,,,,,,,0,,,,,,,,5471794,djvu,086e1be6bd74fae04a0993c46080446d,,,N:\\libgen djvu ocr\\132000\\392d38b74df96af76586a4261d9fe942-ocr.djvu,0,2000-01-01 01:00:00,2016-04-03 02:51:08,,,
18639608,,,,,,,,,,,0,,,,,,,,,,,,,,,,0,,,,,,,,4783670,djvu,905e9715f80d11b413cf5498d09dd567,,,N:\\libgen djvu ocr\\132000\\f316f5fbd14a86e32956ae3984800e2f-ocr.djvu,0,2000-01-01 01:00:00,2016-04-03 02:51:08,,,
18639609,,,,,,,,,,,0,,,,,,,,,,,,,,,,0,,,,,,,,3849827,djvu,83626fdff02126595b714cd40179a50a,,,N:\\libgen djvu ocr\\132000\\dd007d1ae45fd07169657e7f29d8671f-ocr.djvu,0,2000-01-01 01:00:00,2016-04-03 02:51:08,,,
18639610,,,,,,,,,,,0,,,,,,,,,,,,,,,,0,,,,,,,,6296969,djvu,fbc23e8f292948a58b2c0ab71b8787f5,,,N:\\libgen djvu ocr\\132000\\2a05322780792835ac6c11d6200d6343-ocr.djvu,0,2000-01-01 01:00:00,2016-04-03 02:51:08,,,
18639611,,,,,,,,,,,0,,,,,,,,,,,,,,,,0,,,,,,,,4718686,djvu,64482278ebe46605e6e1943df395d0ae,,,N:\\libgen djvu ocr\\132000\\3b1d011d3c151af7af8b36b59b9cb7ac-ocr.djvu,0,2000-01-01 01:00:00,2016-04-03 02:51:08,,,
18639612,,,,,,,,,,,0,,,,,,,,,,,,,,,,0,,,,,,,,5199500,djvu,9358b1661944d1d18ff2cdeebbf60708,,,N:\\libgen djvu ocr\\132000\\3844c307f3ad767fb3cf2ae78719c5fb-ocr.djvu,0,2000-01-01 01:00:00,2016-04-03 02:51:08,,,
18639613,,,,,,,,,,,0,,,,,,,,,,,,,,,,0,,,,,,,,972854,djvu,c4ffb16d834a63f94e06fca26c5fd395,,,N:\\libgen djvu ocr\\132000\\31df7e64d0ede8567624085b310ac81f-ocr.djvu,0,2000-01-01 01:00:00,2016-04-03 02:51:08,,,
18639614,,,,,,,,,,,0,,,,,,,,,,,,,,,,0,,,,,,,,2254743,djvu,7a4b1d6e3667a8876be96d98ef5b719d,,,N:\\libgen djvu ocr\\132000\\581d1d9766e86be22c11f9e7a62b57bd-ocr.djvu,0,2000-01-01 01:00:00,2016-04-03 02:51:08,,,
18639615,,,,,,,,,,,0,,,,,,,,,,,,,,,,0,,,,,,,,2575894,djvu,b9283825125bd674458003c8115f4fcc,,,N:\\libgen djvu ocr\\132000\\a3632e32ed1e423e8bb1e69dc955775f-ocr.djvu,0,2000-01-01 01:00:00,2016-04-03 02:51:08,,,
18639616,,,,,,,,,,,0,,,,,,,,,,,,,,,,0,,,,,,,,1793827,djvu,471ab8d7f1e9bccb2edf10093320e222,,,N:\\libgen djvu ocr\\132000\\ecd050784327786266582bf2a01cc6ba-ocr.djvu,0,2000-01-01 01:00:00,2016-04-03 02:51:08,,,
18639617,,,,,,,,,,,0,,,,,,,,,,,,,,,,0,,,,,,,,719744,djvu,88cbc49a61a2632802769e0391684333,,,N:\\libgen djvu ocr\\132000\\79076c4b23b6138a43c114f980bd27b7-ocr.djvu,0,2000-01-01 01:00:00,2016-04-03 02:51:08,,,
18639618,,,,,,,,,,,0,,,,,,,,,,,,,,,,0,,,,,,,,7224276,djvu,63f532a35ab8944bb77fac3e56bac4fb,,,N:\\libgen djvu ocr\\132000\\09b366ed65df355f99250ae4fcc257f8-ocr.djvu,0,2000-01-01 01:00:00,2016-04-03 02:51:08,,,
18639619,,,,,,,,,,,0,,,,,,,,,,,,,,,,0,,,,,,,,2554272,djvu,b9107515b0578bcea34c4832f9a87f91,,,N:\\libgen djvu ocr\\132000\\f44fac1a4ead54ff895a895c7c075fbf-ocr.djvu,0,2000-01-01 01:00:00,2016-04-03 02:51:08,,,
18639620,,,,,,,,,,,0,,,,,,,,,,,,,,,,0,,,,,,,,9481081,djvu,384ae91bada8c2c381ceff385fcbb308,,,N:\\libgen djvu ocr\\132000\\e0c8cd1dbf8e24d92e5ee349841b9ee9-ocr.djvu,0,2000-01-01 01:00:00,2016-04-03 02:51:08,,,
18639621,,,,,,,,,,,0,,,,,,,,,,,,,,,,0,,,,,,,,3398072,djvu,c8cbd081c579c44397fc6bb0175ac4a7,,,N:\\libgen djvu ocr\\132000\\5209cc6046814d98e4026d2bc0f91758-ocr.djvu,0,2000-01-01 01:00:00,2016-04-03 02:51:08,,,
18639622,,,,,,,,,,,0,,,,,,,,,,,,,,,,0,,,,,,,,2532741,djvu,14e865ccba56af47c7fff631ac05e4a8,,,N:\\libgen djvu ocr\\132000\\e51f49559537b240336d8a420e65d3db-ocr.djvu,0,2000-01-01 01:00:00,2016-04-03 02:51:08,,,
18639623,,,,,,,,,,,0,,,,,,,,,,,,,,,,0,,,,,,,,4730373,djvu,c40afd3dc75137b547145ba88e6cab6b,,,N:\\libgen djvu ocr\\132000\\d7048d38e99984ff1daa53041573f70e-ocr.djvu,0,2000-01-01 01:00:00,2016-04-03 02:51:08,,,
18639624,,,,,,,,,,,0,,,,,,,,,,,,,,,,0,,,,,,,,4927395,djvu,d0e6e23d102886873fa417b579cd2868,,,N:\\libgen djvu ocr\\132000\\a67d6d62a7a15ffcc3bc6a89dc16c279-ocr.djvu,0,2000-01-01 01:00:00,2016-04-03 02:51:08,,,
18639625,,,,,,,,,,,0,,,,,,,,,,,,,,,,0,,,,,,,,4409657,djvu,363529982a8193c5f8f0f5201d8b33da,,,N:\\libgen djvu ocr\\132000\\614d67f0fc99ebc5e3fc543fe045c316-ocr.djvu,0,2000-01-01 01:00:00,2016-04-03 02:51:08,,,
18639626,,,,,,,,,,,0,,,,,,,,,,,,,,,,0,,,,,,,,4754190,djvu,fb0b79e08453471fe799e0ac2e099702,,,N:\\libgen djvu ocr\\132000\\923dab3505ae3651469abedd30be6a51-ocr.djvu,0,2000-01-01 01:00:00,2016-04-03 02:51:08,,,
18639627,,,,,,,,,,,0,,,,,,,,,,,,,,,,0,,,,,,,,2421253,djvu,857636681d863c0611a70cff48e6e69f,,,N:\\libgen djvu ocr\\132000\\cfea3a9d58d8aa8fe08dafe5a17e868e-ocr.djvu,0,2000-01-01 01:00:00,2016-04-03 02:51:08,,,
18639628,,,,,,,,,,,0,,,,,,,,,,,,,,,,0,,,,,,,,2037033,djvu,b426aefefc156a96c8a12d02c09033bb,,,N:\\libgen djvu ocr\\132000\\b68caee54a46ab4cc31cf55acd09ed3f-ocr.djvu,0,2000-01-01 01:00:00,2016-04-03 02:51:08,,,
18639629,,,,,,,,,,,0,,,,,,,,,,,,,,,,0,,,,,,,,6082103,djvu,edf1d14dd4b1dcd9eb5057f87e0e1901,,,N:\\libgen djvu ocr\\132000\\c336c23734393033eb86959ee522424e-ocr.djvu,0,2000-01-01 01:00:00,2016-04-03 02:51:08,,,
18639630,,,,,,,,,,,0,,,,,,,,,,,,,,,,0,,,,,,,,7049334,djvu,9d3a5411643a5624488c221561346dce,,,N:\\libgen djvu ocr\\132000\\91b66729bcc94194c7edef8326f29ad8-ocr.djvu,0,2000-01-01 01:00:00,2016-04-03 02:51:08,,,
18639631,,,,,,,,,,,0,,,,,,,,,,,,,,,,0,,,,,,,,1387063,djvu,7f4b081c1221dd5ea6c113abe78dadb7,,,N:\\libgen djvu ocr\\132000\\89c01ef6e7c76fe4e3fc49a02bf319b0-ocr.djvu,0,2000-01-01 01:00:00,2016-04-03 02:51:08,,,
18639632,,,,,,,,,,,0,,,,,,,,,,,,,,,,0,,,,,,,,5396213,djvu,6773ab69f508c770132ecbb47c36df45,,,N:\\libgen djvu ocr\\132000\\c9ba972519148811cf1fedc976ce5e2a-ocr.djvu,0,2000-01-01 01:00:00,2016-04-03 02:51:08,,,
18639633,,,,,,,,,,,0,,,,,,,,,,,,,,,,0,,,,,,,,5773560,djvu,eb52469bd488143bfe6c5bc35b626470,,,N:\\libgen djvu ocr\\132000\\0d45be41945693e56b687fc1c2666065-ocr.djvu,0,2000-01-01 01:00:00,2016-04-03 02:51:08,,,
18639634,,,,,,,,,,,0,,,,,,,,,,,,,,,,0,,,,,,,,298069,djvu,91affa4adf5f6adb0fe25fcc1d1da07b,,,N:\\libgen djvu ocr\\132000\\855c4c79edff95b3b0f7288ec2286556-ocr.djvu,0,2000-01-01 01:00:00,2016-04-03 02:51:08,,,
18639635,,,,,,,,,,,0,,,,,,,,,,,,,,,,0,,,,,,,,5573804,djvu,3fa415adb6f909b18855e0b3f3948ba7,,,N:\\libgen djvu ocr\\132000\\aecb2316317f30602826949824277b19-ocr.djvu,0,2000-01-01 01:00:00,2016-04-03 02:51:08,,,
18639636,,,,,,,,,,,0,,,,,,,,,,,,,,,,0,,,,,,,,850555,djvu,ad52b749ab1514313775af905d62b333,,,N:\\libgen djvu ocr\\132000\\dca5a3833b25df7fdf294ab4aa5c88c7-ocr.djvu,0,2000-01-01 01:00:00,2016-04-03 02:51:08,,,
18639637,,,,,,,,,,,0,,,,,,,,,,,,,,,,0,,,,,,,,6720185,djvu,f824126ea9845fe3ecb29c153e93aaa9,,,N:\\libgen djvu ocr\\132000\\2001852cc4d5964e0ded3d86bac3c94d-ocr.djvu,0,2000-01-01 01:00:00,2016-04-03 02:51:08,,,
18639638,,,,,,,,,,,0,,,,,,,,,,,,,,,,0,,,,,,,,9932996,djvu,d8ecd4437720504fb5794c441e7a82a1,,,N:\\libgen djvu ocr\\132000\\ec79abefe654a95c56f333a53fea91f1-ocr.djvu,0,2000-01-01 01:00:00,2016-04-03 02:51:08,,,
18639639,,,,,,,,,,,0,,,,,,,,,,,,,,,,0,,,,,,,,6463299,djvu,27e6c891893eb6c8cc138b20e3ccf987,,,N:\\libgen djvu ocr\\132000\\1dca9b0a31e65b9c7b3c09128ea8696d-ocr.djvu,0,2000-01-01 01:00:00,2016-04-03 02:51:08,,,
18639640,,,,,,,,,,,0,,,,,,,,,,,,,,,,0,,,,,,,,253735,djvu,8ccf9752137261c844d9b09b9ff65f48,,,N:\\libgen djvu ocr\\132000\\f37ccffd0e5be2b8c13a1d26f25cc067-ocr.djvu,0,2000-01-01 01:00:00,2016-04-03 02:51:08,,,
18639641,,,,,,,,,,,0,,,,,,,,,,,,,,,,0,,,,,,,,128535,djvu,1d0420c4ea42c179bca58c13c54effb4,,,N:\\libgen djvu ocr\\132000\\99468b8a5fdf7ae10f346fd4447fdec2-ocr.djvu,0,2000-01-01 01:00:00,2016-04-03 02:51:08,,,
18639642,,,,,,,,,,,0,,,,,,,,,,,,,,,,0,,,,,,,,404532,djvu,5032297c7200d9fa7fb2eb7d5639f118,,,N:\\libgen djvu ocr\\132000\\ced528b2251edf5bc84748f740a059c2-ocr.djvu,0,2000-01-01 01:00:00,2016-04-03 02:51:08,,,
18639643,,,,,,,,,,,0,,,,,,,,,,,,,,,,0,,,,,,,,4631457,djvu,d9e9e417c423afc4146f740f2f164018,,,N:\\libgen djvu ocr\\132000\\b2e2dd68df3b480d7a80570653ddd6a1-ocr.djvu,0,2000-01-01 01:00:00,2016-04-03 02:51:08,,,
18639644,,,,,,,,,,,0,,,,,,,,,,,,,,,,0,,,,,,,,2754539,djvu,013162722b8748d0a2d612012335aad5,,,N:\\libgen djvu ocr\\132000\\d023d4f1e672c7b58d75f67bb8c13631-ocr.djvu,0,2000-01-01 01:00:00,2016-04-03 02:51:08,,,
18639645,,,,,,,,,,,0,,,,,,,,,,,,,,,,0,,,,,,,,4323222,djvu,c6cd1cef51772f9a6f0a278367f91323,,,N:\\libgen djvu ocr\\132000\\2c4c8ee04dbc2bd829595f1963d96d6a-ocr.djvu,0,2000-01-01 01:00:00,2016-04-03 02:51:08,,,
18639646,,,,,,,,,,,0,,,,,,,,,,,,,,,,0,,,,,,,,706912,djvu,c3a4aeeded767a46519bbd9b5298d516,,,N:\\libgen djvu ocr\\132000\\ffff4b9ab42cd58949c9ab7f330c5fa5-ocr.djvu,0,2000-01-01 01:00:00,2016-04-03 02:51:08,,,
18639647,,,,,,,,,,,0,,,,,,,,,,,,,,,,0,,,,,,,,5267949,djvu,b5d8eb655634cd55486d865c05808265,,,N:\\libgen djvu ocr\\132000\\4dedfe1d916f70859699a716b4a1f3f8-ocr.djvu,0,2000-01-01 01:00:00,2016-04-03 02:51:08,,,
18639648,,,,,,,,,,,0,,,,,,,,,,,,,,,,0,,,,,,,,4407096,djvu,8d72ca1fb6ccbb67ea89ad90fbf47ba2,,,N:\\libgen djvu ocr\\132000\\8c5148320d95bd33e305ddde72077555-ocr.djvu,0,2000-01-01 01:00:00,2016-04-03 02:51:08,,,
18639649,,,,,,,,,,,0,,,,,,,,,,,,,,,,0,,,,,,,,8388206,djvu,2cff37c90d7c58c39d9e9e2abcb2b1de,,,N:\\libgen djvu ocr\\132000\\8188e8d61dda090d990fd73f28dc6de9-ocr.djvu,0,2000-01-01 01:00:00,2016-04-03 02:51:08,,,
18639650,,,,,,,,,,,0,,,,,,,,,,,,,,,,0,,,,,,,,5526853,djvu,b6a388038d6748ece172120447ce9742,,,N:\\libgen djvu ocr\\132000\\51a8f8e01bf612dce8f89b7a37914a40-ocr.djvu,0,2000-01-01 01:00:00,2016-04-03 02:51:08,,,
18639651,,,,,,,,,,,0,,,,,,,,,,,,,,,,0,,,,,,,,5623283,djvu,2905167220421ee4af22690c62510c4c,,,N:\\libgen djvu ocr\\132000\\629abed7be7f035d3c599e7b75fb08b4-ocr.djvu,0,2000-01-01 01:00:00,2016-04-03 02:51:08,,,
18639652,,,,,,,,,,,0,,,,,,,,,,,,,,,,0,,,,,,,,4181624,djvu,cf6eec504bd6dd87255293b7ff353ad8,,,N:\\libgen djvu ocr\\132000\\5f19ab75cbe963798068aa38df157d32-ocr.djvu,0,2000-01-01 01:00:00,2016-04-03 02:51:08,,,
18639653,,,,,,,,,,,0,,,,,,,,,,,,,,,,0,,,,,,,,16014159,djvu,0cf284cb5f28e3a4cdfaaf1c9d0acaba,,,N:\\libgen djvu ocr\\132000\\518507ef4972168a78c3e84dafcd0580-ocr.djvu,0,2000-01-01 01:00:00,2016-04-03 02:51:08,,,
18639654,,,,,,,,,,,0,,,,,,,,,,,,,,,,0,,,,,,,,12260260,djvu,bedf9cbbfa90c76896ce77cc60b39d2f,,,N:\\libgen djvu ocr\\132000\\b8118c0f1913f2bdc1bb2be2881b2d03-ocr.djvu,0,2000-01-01 01:00:00,2016-04-03 02:51:08,,,
18639655,,,,,,,,,,,0,,,,,,,,,,,,,,,,0,,,,,,,,721788,djvu,d1ad756bad5eacaeacf61cf3d98617b5,,,N:\\libgen djvu ocr\\132000\\602909264c7cfaddcd2c742554ed53f0-ocr.djvu,0,2000-01-01 01:00:00,2016-04-03 02:51:08,,,
18639656,,,,,,,,,,,0,,,,,,,,,,,,,,,,0,,,,,,,,635319,djvu,65284da348e0af54a8c7818906144a3b,,,N:\\libgen djvu ocr\\132000\\7eb171a6f4f4c64248d67dd4c47e45cf-ocr.djvu,0,2000-01-01 01:00:00,2016-04-03 02:51:08,,,
18639657,,,,,,,,,,,0,,,,,,,,,,,,,,,,0,,,,,,,,7181870,djvu,4c385e0397c11151890b7b5de366ab8d,,,N:\\libgen djvu ocr\\132000\\de1528362a9137db40c380a765d17c65-ocr.djvu,0,2000-01-01 01:00:00,2016-04-03 02:51:08,,,
18639658,,,,,,,,,,,0,,,,,,,,,,,,,,,,0,,,,,,,,6381052,djvu,e8471021c7ad2dfb0deff1d21f157346,,,N:\\libgen djvu ocr\\132000\\167a32acc9232ef811ebe7945aab5a89-ocr.djvu,0,2000-01-01 01:00:00,2016-04-03 02:51:08,,,
18639659,,,,,,,,,,,0,,,,,,,,,,,,,,,,0,,,,,,,,3228514,djvu,de21beea86496bc0e62d686be759ce8c,,,N:\\libgen djvu ocr\\132000\\b7b8a79ed6dca709a4fe1f6361ccd9ef-ocr.djvu,0,2000-01-01 01:00:00,2016-04-03 02:51:08,,,
18639660,,,,,,,,,,,0,,,,,,,,,,,,,,,,0,,,,,,,,9832544,djvu,3895fd461796a91e827b721969a9f0f4,,,N:\\libgen djvu ocr\\132000\\30ed5fa2464049cfa02e67c809d43e77-ocr.djvu,0,2000-01-01 01:00:00,2016-04-03 02:51:08,,,
18639661,,,,,,,,,,,0,,,,,,,,,,,,,,,,0,,,,,,,,40592206,djvu,b130404b407b3697987a3347bd10c728,,,N:\\libgen djvu ocr\\132000\\7826986802651f34b2ee8234ea6c2ff9-ocr.djvu,0,2000-01-01 01:00:00,2016-04-03 02:51:08,,,
18639662,,,,,,,,,,,0,,,,,,,,,,,,,,,,0,,,,,,,,9362935,djvu,50565504cfcf69b87555004166d5b272,,,N:\\libgen djvu ocr\\132000\\ac46758f68b2826be803fe0947e2964d-ocr.djvu,0,2000-01-01 01:00:00,2016-04-03 02:51:08,,,
18639663,,,,,,,,,,,0,,,,,,,,,,,,,,,,0,,,,,,,,5481848,djvu,2cdef4cad83f01064ce8e2d7895ed21a,,,N:\\libgen djvu ocr\\132000\\d6f3c656a0ea665872eff0f006f0c433-ocr.djvu,0,2000-01-01 01:00:00,2016-04-03 02:51:08,,,
18639664,,,,,,,,,,,0,,,,,,,,,,,,,,,,0,,,,,,,,35119599,djvu,cca5a7d038481d22941599768100bfb5,,,N:\\libgen djvu ocr\\132000\\885f9682028f737c3bc2a18c9ab4c397-ocr.djvu,0,2000-01-01 01:00:00,2016-04-03 02:51:08,,,
18639665,,,,,,,,,,,0,,,,,,,,,,,,,,,,0,,,,,,,,12407534,djvu,85fad55e620cf97c3ed720bdb887f44e,,,N:\\libgen djvu ocr\\132000\\63e5baa33b147b6ea1b6c30ffffe0ce0-ocr.djvu,0,2000-01-01 01:00:00,2016-04-03 02:51:08,,,
18639666,,,,,,,,,,,0,,,,,,,,,,,,,,,,0,,,,,,,,2670549,djvu,973fcedb255215e79cbbccaf8a91cf50,,,N:\\libgen djvu ocr\\132000\\9ee0f171379446f3a7855824098ad9a2-ocr.djvu,0,2000-01-01 01:00:00,2016-04-03 02:51:08,,,
18639667,,,,,,,,,,,0,,,,,,,,,,,,,,,,0,,,,,,,,5349051,djvu,a95baf02466a53f84bdb7e1f23600638,,,N:\\libgen djvu ocr\\132000\\b8cb325fd29ad1ecd424e27427256ee3-ocr.djvu,0,2000-01-01 01:00:00,2016-04-03 02:51:08,,,
18639668,,,,,,,,,,,0,,,,,,,,,,,,,,,,0,,,,,,,,15677792,djvu,d4866b738b272e2958bc545502d4dc8a,,,N:\\libgen djvu ocr\\132000\\edd227625cb5d484274b0bf607b39b9c-ocr.djvu,0,2000-01-01 01:00:00,2016-04-03 02:51:08,,,
18639669,,,,,,,,,,,0,,,,,,,,,,,,,,,,0,,,,,,,,12775804,djvu,4098da2e65d873d3cf526fb86e8d2510,,,N:\\libgen djvu ocr\\132000\\2f4879a8a40cf6da6f0add091d5b27ed-ocr.djvu,0,2000-01-01 01:00:00,2016-04-03 02:51:08,,,
18639670,,,,,,,,,,,0,,,,,,,,,,,,,,,,0,,,,,,,,4875786,djvu,45c03ec8bd6d53b735e63bee43ee3e13,,,N:\\libgen djvu ocr\\132000\\209fec867f4aa9c6f2db84102f084fe9-ocr.djvu,0,2000-01-01 01:00:00,2016-04-03 02:51:08,,,
18639671,,,,,,,,,,,0,,,,,,,,,,,,,,,,0,,,,,,,,13491399,djvu,cccb9b262d0df9d67200d9f6a5d9b242,,,N:\\libgen djvu ocr\\132000\\25066deb954a8fbeb13f410623be925a-ocr.djvu,0,2000-01-01 01:00:00,2016-04-03 02:51:08,,,
18639672,,,,,,,,,,,0,,,,,,,,,,,,,,,,0,,,,,,,,6672910,djvu,7cc101f76946cf72b8116cb616116311,,,N:\\libgen djvu ocr\\132000\\d47423aa0155504588fbc3ff2223d831-ocr.djvu,0,2000-01-01 01:00:00,2016-04-03 02:51:08,,,
18639673,,,,,,,,,,,0,,,,,,,,,,,,,,,,0,,,,,,,,14469268,djvu,28ff748f9d5985e3bbe25e949ea2a61a,,,N:\\libgen djvu ocr\\132000\\94dc7fc2b2a4de3eef053234a70fb921-ocr.djvu,0,2000-01-01 01:00:00,2016-04-03 02:51:08,,,
18639674,,,,,,,,,,,0,,,,,,,,,,,,,,,,0,,,,,,,,3703814,djvu,ccd7dd9db2830a000fb83ce02c3a224d,,,N:\\libgen djvu ocr\\132000\\344ef0ccd720d9d249d0eefc61fbef6f-ocr.djvu,0,2000-01-01 01:00:00,2016-04-03 02:51:08,,,
18639675,,,,,,,,,,,0,,,,,,,,,,,,,,,,0,,,,,,,,10879589,djvu,63644f412a869ef2d5ae4064d8515244,,,N:\\libgen djvu ocr\\132000\\d065ad4a2e75ddc8d5fbf4953dde1c0e-ocr.djvu,0,2000-01-01 01:00:00,2016-04-03 02:51:08,,,
18639676,,,,,,,,,,,0,,,,,,,,,,,,,,,,0,,,,,,,,18198755,djvu,1eb56e2fd411a5904690504bd1f5be3e,,,N:\\libgen djvu ocr\\132000\\19b58a43293c9188082aba169655cbbd-ocr.djvu,0,2000-01-01 01:00:00,2016-04-03 02:51:08,,,
18639677,,,,,,,,,,,0,,,,,,,,,,,,,,,,0,,,,,,,,2442543,djvu,faf39cb340ba8111f1f61d4374384798,,,N:\\libgen djvu ocr\\132000\\1cb313cbbe2f0b47998edf354094845b-ocr.djvu,0,2000-01-01 01:00:00,2016-04-03 02:51:08,,,
18639678,,,,,,,,,,,0,,,,,,,,,,,,,,,,0,,,,,,,,7719182,djvu,62c3dcfcc3d46b0c2eb007ded7b44712,,,N:\\libgen djvu ocr\\132000\\cfcbad96d42d439eca6af8a87d3185ab-ocr.djvu,0,2000-01-01 01:00:00,2016-04-03 02:51:08,,,
18639679,,,,,,,,,,,0,,,,,,,,,,,,,,,,0,,,,,,,,21234287,djvu,054dbfe50e41441ce97d22b619d3ebb8,,,N:\\libgen djvu ocr\\132000\\0884729bdded3985d1c934162fab0569-ocr.djvu,0,2000-01-01 01:00:00,2016-04-03 02:51:08,,,
18639680,,,,,,,,,,,0,,,,,,,,,,,,,,,,0,,,,,,,,13139204,djvu,e5d2fcbc3230d1af387c24637a647c14,,,N:\\libgen djvu ocr\\132000\\7d51eb1c35e901aee7a471bf13d34011-ocr.djvu,0,2000-01-01 01:00:00,2016-04-03 02:51:08,,,
18639681,,,,,,,,,,,0,,,,,,,,,,,,,,,,0,,,,,,,,2400349,djvu,5522c007fbdcd04403d993cbaf01db67,,,N:\\libgen djvu ocr\\132000\\d99bb1fd9c3e24780da5e0c2d252f8a2-ocr.djvu,0,2000-01-01 01:00:00,2016-04-03 02:51:08,,,
18639682,,,,,,,,,,,0,,,,,,,,,,,,,,,,0,,,,,,,,6031665,djvu,28dcd5755aba4678ae025c1241d99bf0,,,N:\\libgen djvu ocr\\132000\\82ee7ccdbc83b1d6f4d5e125c540d803-ocr.djvu,0,2000-01-01 01:00:00,2016-04-03 02:51:08,,,
18639683,,,,,,,,,,,0,,,,,,,,,,,,,,,,0,,,,,,,,3693412,djvu,7c86177d42e1529b939d4d20fb8ab0b3,,,N:\\libgen djvu ocr\\132000\\583ce6bb4b93c0536d41d512c664940f-ocr.djvu,0,2000-01-01 01:00:00,2016-04-03 02:51:08,,,
18639684,,,,,,,,,,,0,,,,,,,,,,,,,,,,0,,,,,,,,1802831,djvu,17cdfa6babe29ff92def171d9e1fef12,,,N:\\libgen djvu ocr\\132000\\2daab1a5ea6502d1f4d905e5536fc0fd-ocr.djvu,0,2000-01-01 01:00:00,2016-04-03 02:51:08,,,
18639685,,,,,,,,,,,0,,,,,,,,,,,,,,,,0,,,,,,,,355274,djvu,025d9a98f46f05261c9c4b8cca52d8f8,,,N:\\libgen djvu ocr\\132000\\a58315913e8dcddccfbba781e4889fcc-ocr.djvu,0,2000-01-01 01:00:00,2016-04-03 02:51:08,,,
18639686,,,,,,,,,,,0,,,,,,,,,,,,,,,,0,,,,,,,,3419159,djvu,63f1961f4564e2a6a846f0c4d5e49439,,,N:\\libgen djvu ocr\\132000\\344473a9846934d6d1f455168f0535c2-ocr.djvu,0,2000-01-01 01:00:00,2016-04-03 02:51:08,,,
18639687,,,,,,,,,,,0,,,,,,,,,,,,,,,,0,,,,,,,,5020977,djvu,8109085f9d19cdc81015d1136971258f,,,N:\\libgen djvu ocr\\132000\\d614658464ab22825fb5f1d3ba7c7339-ocr.djvu,0,2000-01-01 01:00:00,2016-04-03 02:51:08,,,
18639688,,,,,,,,,,,0,,,,,,,,,,,,,,,,0,,,,,,,,6136369,djvu,4341923be8f21d47f0207aa343f9afa7,,,N:\\libgen djvu ocr\\132000\\d1c472672b509236b70220b45483e9b7-ocr.djvu,0,2000-01-01 01:00:00,2016-04-03 02:51:08,,,
18639689,,,,,,,,,,,0,,,,,,,,,,,,,,,,0,,,,,,,,3091698,djvu,16ae30470062318400f024043418a500,,,N:\\libgen djvu ocr\\132000\\b0d55e898fabe223fe2a556f20b6437b-ocr.djvu,0,2000-01-01 01:00:00,2016-04-03 02:51:08,,,
18639690,,,,,,,,,,,0,,,,,,,,,,,,,,,,0,,,,,,,,12900259,djvu,fe1a896964a8623f66a5fc3abed9aa53,,,N:\\libgen djvu ocr\\132000\\673ea7963aaa7c8f3cd96e6d6f8bbc65-ocr.djvu,0,2000-01-01 01:00:00,2016-04-03 02:51:08,,,
18639691,,,,,,,,,,,0,,,,,,,,,,,,,,,,0,,,,,,,,9905722,djvu,99e58ecf52c7b8b57c1506271dab7a3b,,,N:\\libgen djvu ocr\\132000\\4e4b506dbcbf93e24959bc6b4cbcf501-ocr.djvu,0,2000-01-01 01:00:00,2016-04-03 02:51:08,,,
18639692,,,,,,,,,,,0,,,,,,,,,,,,,,,,0,,,,,,,,18794975,djvu,b5510d960c58e341dff2b2d75aee1326,,,N:\\libgen djvu ocr\\132000\\3d3095223d2fa4eb4b95dce16677ecf0-ocr.djvu,0,2000-01-01 01:00:00,2016-04-03 02:51:08,,,
18639693,,,,,,,,,,,0,,,,,,,,,,,,,,,,0,,,,,,,,18891810,djvu,71a63acd6734acf8509bdc7422196197,,,N:\\libgen djvu ocr\\132000\\2e9bf94352b9ecaa570dc8aadaf14b9d-ocr.djvu,0,2000-01-01 01:00:00,2016-04-03 02:51:08,,,
18639694,,,,,,,,,,,0,,,,,,,,,,,,,,,,0,,,,,,,,19723808,djvu,650f4c33e6f93f75a4162f7ec84d276f,,,N:\\libgen djvu ocr\\132000\\4d0e4796a145223eff1a20e294d53efc-ocr.djvu,0,2000-01-01 01:00:00,2016-04-03 02:51:08,,,
18639695,,,,,,,,,,,0,,,,,,,,,,,,,,,,0,,,,,,,,20441333,djvu,ddbb20e87ccd6f3d66ddbb16ebafe483,,,N:\\libgen djvu ocr\\132000\\910ef20286581f203dfcbe4f975cbda6-ocr.djvu,0,2000-01-01 01:00:00,2016-04-03 02:51:08,,,
18639696,,,,,,,,,,,0,,,,,,,,,,,,,,,,0,,,,,,,,19184674,djvu,b4d570876fb0f16a9f718742316cac0f,,,N:\\libgen djvu ocr\\132000\\4fb10c20a366e2f8557141f6b4808ac9-ocr.djvu,0,2000-01-01 01:00:00,2016-04-03 02:51:08,,,
18639697,,,,,,,,,,,0,,,,,,,,,,,,,,,,0,,,,,,,,21097691,djvu,0bdac179710139e8bef764f8884c5872,,,N:\\libgen djvu ocr\\132000\\8f017bf383669f73cf4f779d2f88d552-ocr.djvu,0,2000-01-01 01:00:00,2016-04-03 02:51:08,,,
18639698,,,,,,,,,,,0,,,,,,,,,,,,,,,,0,,,,,,,,19183981,djvu,8d8a02bfaea4db1509d509e3d61e375c,,,N:\\libgen djvu ocr\\132000\\a1b84c8579776cfaea792515b8084cc3-ocr.djvu,0,2000-01-01 01:00:00,2016-04-03 02:51:08,,,
18639699,,,,,,,,,,,0,,,,,,,,,,,,,,,,0,,,,,,,,19753675,djvu,670000339f4cbbe42e2b93df51a45f18,,,N:\\libgen djvu ocr\\132000\\922ad56253b12457c122c857fd26b745-ocr.djvu,0,2000-01-01 01:00:00,2016-04-03 02:51:08,,,
18639700,,,,,,,,,,,0,,,,,,,,,,,,,,,,0,,,,,,,,20745643,djvu,0fa9daf5dc8569875b3fc4ba69c120de,,,N:\\libgen djvu ocr\\132000\\b8dd284d37d9e606d7976a5159740ff5-ocr.djvu,0,2000-01-01 01:00:00,2016-04-03 02:51:08,,,
18639701,,,,,,,,,,,0,,,,,,,,,,,,,,,,0,,,,,,,,21215998,djvu,d40e6d50bef76f8f685b57ddb7b09628,,,N:\\libgen djvu ocr\\132000\\1cdcd046c3dab66ade306fb8abe2715d-ocr.djvu,0,2000-01-01 01:00:00,2016-04-03 02:51:08,,,
18639702,,,,,,,,,,,0,,,,,,,,,,,,,,,,0,,,,,,,,21662945,djvu,09c26e61d17c93e6cbe6875fbc8fc675,,,N:\\libgen djvu ocr\\132000\\80b6b1c7b8aa30caffacc6179ac2cda1-ocr.djvu,0,2000-01-01 01:00:00,2016-04-03 02:51:08,,,
18639703,,,,,,,,,,,0,,,,,,,,,,,,,,,,0,,,,,,,,25761153,djvu,18f74ec32dd17c855bf601cb7f93e4dc,,,N:\\libgen djvu ocr\\132000\\6a1bf02768c4ba260a6730a6922de4a5-ocr.djvu,0,2000-01-01 01:00:00,2016-04-03 02:51:08,,,
18639704,,,,,,,,,,,0,,,,,,,,,,,,,,,,0,,,,,,,,22964110,djvu,a698e629c281298338efe426e0cb4e7b,,,N:\\libgen djvu ocr\\132000\\9eb826a9b76ef4c39c4a01bbd49961d6-ocr.djvu,0,2000-01-01 01:00:00,2016-04-03 02:51:08,,,
18639705,,,,,,,,,,,0,,,,,,,,,,,,,,,,0,,,,,,,,22603092,djvu,2a80e321c8cdf8fc9c9d10a564c4abe3,,,N:\\libgen djvu ocr\\132000\\bb5ddd9026b256a07cb8ecf2947bf659-ocr.djvu,0,2000-01-01 01:00:00,2016-04-03 02:51:08,,,
18639706,,,,,,,,,,,0,,,,,,,,,,,,,,,,0,,,,,,,,23449434,djvu,ef76b2b03c2e30df95e1353cb605cbe7,,,N:\\libgen djvu ocr\\132000\\ffa6fbdc2262b170f015d9b02d4470a9-ocr.djvu,0,2000-01-01 01:00:00,2016-04-03 02:51:08,,,
18639707,,,,,,,,,,,0,,,,,,,,,,,,,,,,0,,,,,,,,22926183,djvu,21ae71340c6fbb3bc3a6cc05e31110f4,,,N:\\libgen djvu ocr\\132000\\951e9462f0bc480791d1fd5e8db15313-ocr.djvu,0,2000-01-01 01:00:00,2016-04-03 02:51:08,,,
18639708,,,,,,,,,,,0,,,,,,,,,,,,,,,,0,,,,,,,,21141470,djvu,f96bd90bdcb64185b093190f10b538ec,,,N:\\libgen djvu ocr\\132000\\aae73cc0814834812e5e97094890d108-ocr.djvu,0,2000-01-01 01:00:00,2016-04-03 02:51:08,,,
18639709,,,,,,,,,,,0,,,,,,,,,,,,,,,,0,,,,,,,,22697164,djvu,57df6e71736d85a562ca42c81da6292c,,,N:\\libgen djvu ocr\\132000\\ba1c413f7b40cd6b2632ffb0ce673d00-ocr.djvu,0,2000-01-01 01:00:00,2016-04-03 02:51:08,,,
18639710,,,,,,,,,,,0,,,,,,,,,,,,,,,,0,,,,,,,,24637233,djvu,8f24d566491765caa44c370dee1a38fe,,,N:\\libgen djvu ocr\\132000\\3c643f02d07ca8ae52600f9aba6a3de3-ocr.djvu,0,2000-01-01 01:00:00,2016-04-03 02:51:08,,,
18639711,,,,,,,,,,,0,,,,,,,,,,,,,,,,0,,,,,,,,22879932,djvu,1590cae8aa173b30651246483a015ae7,,,N:\\libgen djvu ocr\\132000\\75f0691ecf54168be0b614084cb2e67e-ocr.djvu,0,2000-01-01 01:00:00,2016-04-03 02:51:08,,,
18639712,,,,,,,,,,,0,,,,,,,,,,,,,,,,0,,,,,,,,23640636,djvu,3f48ac4fdd6e247c31ea4b02b1ad5bb6,,,N:\\libgen djvu ocr\\132000\\3031dc0b300a0d752962f4d76da01030-ocr.djvu,0,2000-01-01 01:00:00,2016-04-03 02:51:08,,,
18639713,,,,,,,,,,,0,,,,,,,,,,,,,,,,0,,,,,,,,24363058,djvu,0da9b0d496fae619c7ada31dc5def891,,,N:\\libgen djvu ocr\\132000\\16ba3ce5cc65e100b01fd203ca58051e-ocr.djvu,0,2000-01-01 01:00:00,2016-04-03 02:51:08,,,
18639714,,,,,,,,,,,0,,,,,,,,,,,,,,,,0,,,,,,,,26673695,djvu,6a888a15f6f8d5932a1d90a9d19d0307,,,N:\\libgen djvu ocr\\132000\\79e5e210b21f85988e90228d7e97e7ad-ocr.djvu,0,2000-01-01 01:00:00,2016-04-03 02:51:08,,,
18639715,,,,,,,,,,,0,,,,,,,,,,,,,,,,0,,,,,,,,22417189,djvu,09e70746ca8a5946f5b30b4839a63275,,,N:\\libgen djvu ocr\\132000\\74bdb3eebaef47e74ff90c8686984e43-ocr.djvu,0,2000-01-01 01:00:00,2016-04-03 02:51:08,,,
18639716,,,,,,,,,,,0,,,,,,,,,,,,,,,,0,,,,,,,,21924445,djvu,b41720394b4287357ad4e2adf41e141a,,,N:\\libgen djvu ocr\\132000\\4fe42da4b525bfe46dae627ac380af94-ocr.djvu,0,2000-01-01 01:00:00,2016-04-03 02:51:08,,,
18639717,,,,,,,,,,,0,,,,,,,,,,,,,,,,0,,,,,,,,19368396,djvu,727a82f8036e3f300544e8dc94474737,,,N:\\libgen djvu ocr\\132000\\3764df04528954baa0168c0f2c2f751d-ocr.djvu,0,2000-01-01 01:00:00,2016-04-03 02:51:08,,,
18639718,,,,,,,,,,,0,,,,,,,,,,,,,,,,0,,,,,,,,455518,djvu,582c16302f23eacdeb02a1f54d688e74,,,N:\\libgen djvu ocr\\132000\\ea8664c895b565155b16f4bbe5e7fe05-ocr.djvu,0,2000-01-01 01:00:00,2016-04-03 02:51:08,,,
18639719,,,,,,,,,,,0,,,,,,,,,,,,,,,,0,,,,,,,,9441654,djvu,18f406aa867ede8a16a017f5e17204f5,,,N:\\libgen djvu ocr\\132000\\e3aa7a1440a14a50d7789fecc25a07a2-ocr.djvu,0,2000-01-01 01:00:00,2016-04-03 02:51:08,,,
18639720,,,,,,,,,,,0,,,,,,,,,,,,,,,,0,,,,,,,,11465617,djvu,38fe150ab0c51b2871d287cecd3b459a,,,N:\\libgen djvu ocr\\132000\\7470524edecac8bb9d826810bba72b8f-ocr.djvu,0,2000-01-01 01:00:00,2016-04-03 02:51:08,,,
18639721,,,,,,,,,,,0,,,,,,,,,,,,,,,,0,,,,,,,,12144876,djvu,d298de3439dfa917c2c3be86121fe010,,,N:\\libgen djvu ocr\\132000\\4313c726905026d3d6129772dece0f62-ocr.djvu,0,2000-01-01 01:00:00,2016-04-03 02:51:08,,,
18639722,,,,,,,,,,,0,,,,,,,,,,,,,,,,0,,,,,,,,2980278,djvu,3ce99268e999e51ec3e7d192537d648a,,,N:\\libgen djvu ocr\\132000\\f7a67a857c6517f4d5e55f20bd7c9114-ocr.djvu,0,2000-01-01 01:00:00,2016-04-03 02:51:08,,,
18639723,,,,,,,,,,,0,,,,,,,,,,,,,,,,0,,,,,,,,802245,djvu,f19a000504166c35b3c71bfe3b01bd41,,,N:\\libgen djvu ocr\\132000\\3e7a23383c77218c16c2126e96e81bc1-ocr.djvu,0,2000-01-01 01:00:00,2016-04-03 02:51:08,,,
18639724,,,,,,,,,,,0,,,,,,,,,,,,,,,,0,,,,,,,,1640398,djvu,7d11040ee7419d8a6cbacf5ee2df0814,,,N:\\libgen djvu ocr\\132000\\73d225a9a3e8d160a6cff628aa661052-ocr.djvu,0,2000-01-01 01:00:00,2016-04-03 02:51:08,,,
18639725,,,,,,,,,,,0,,,,,,,,,,,,,,,,0,,,,,,,,10322498,djvu,7d35ad74aaf7cc086e2b20025dbca5ec,,,N:\\libgen djvu ocr\\132000\\03aec9af1ccbdccd77636854d42719c8-ocr.djvu,0,2000-01-01 01:00:00,2016-04-03 02:51:08,,,
18639726,,,,,,,,,,,0,,,,,,,,,,,,,,,,0,,,,,,,,8321839,djvu,b0002c57345b62821bdfef86706ecee4,,,N:\\libgen djvu ocr\\132000\\51bde35ee619088165c1b72a519ee6c2-ocr.djvu,0,2000-01-01 01:00:00,2016-04-03 02:51:08,,,
18639727,,,,,,,,,,,0,,,,,,,,,,,,,,,,0,,,,,,,,4320080,djvu,aa2d0989ef32a673d4259e090db9fe2a,,,N:\\libgen djvu ocr\\132000\\6953e360a20b85ab33b876c3390a7fd9-ocr.djvu,0,2000-01-01 01:00:00,2016-04-03 02:51:08,,,
18639728,,,,,,,,,,,0,,,,,,,,,,,,,,,,0,,,,,,,,3529797,djvu,879e0aca5557e65bec437c985776df0e,,,N:\\libgen djvu ocr\\132000\\a35b11452b841852bc54c38dff28f352-ocr.djvu,0,2000-01-01 01:00:00,2016-04-03 02:51:08,,,
18639729,,,,,,,,,,,0,,,,,,,,,,,,,,,,0,,,,,,,,5053014,djvu,44ea6edcc9ef4553bdda19be75cef58c,,,N:\\libgen djvu ocr\\880000\\1d2f2484b016ae864d4d59cb5e3c58de-ocr.djvu,0,2000-01-01 01:00:00,2016-04-03 02:51:08,,,
18639730,,,,,,,,,,,0,,,,,,,,,,,,,,,,0,,,,,,,,8237094,djvu,284379cdcbdba150a76ccfcc1f32c54a,,,N:\\libgen djvu ocr\\132000\\f4c6803d25d00743f23f2ea73e608a7e-ocr.djvu,0,2000-01-01 01:00:00,2016-04-03 02:51:08,,,
18639731,,,,,,,,,,,0,,,,,,,,,,,,,,,,0,,,,,,,,2476864,djvu,2db98c7d1ed2d134ae71d6c16a6011c4,,,N:\\libgen djvu ocr\\132000\\2148999902c454b24578079b84f55894-ocr.djvu,0,2000-01-01 01:00:00,2016-04-03 02:51:08,,,
18639732,,,,,,,,,,,0,,,,,,,,,,,,,,,,0,,,,,,,,1833700,djvu,14b136c045ad55bdf46769c712f0de82,,,N:\\libgen djvu ocr\\132000\\94eb33b778a7fdc08b8a25b57a1885bf-ocr.djvu,0,2000-01-01 01:00:00,2016-04-03 02:51:08,,,
18639733,,,,,,,,,,,0,,,,,,,,,,,,,,,,0,,,,,,,,4279633,djvu,32c421e14e27426de5482ce69db6a553,,,N:\\libgen djvu ocr\\132000\\f698989d937b6e58a594a63801c0063b-ocr.djvu,0,2000-01-01 01:00:00,2016-04-03 02:51:08,,,
18639734,,,,,,,,,,,0,,,,,,,,,,,,,,,,0,,,,,,,,4443079,djvu,ff053fd31591a0c5a39ecdfb20ecd53d,,,N:\\libgen djvu ocr\\132000\\7c096a8e9295e48bc5f82abff6f46320-ocr.djvu,0,2000-01-01 01:00:00,2016-04-03 02:51:08,,,
18639735,,,,,,,,,,,0,,,,,,,,,,,,,,,,0,,,,,,,,1993922,djvu,197e1da4571e083bdc6cc6afa454e896,,,N:\\libgen djvu ocr\\132000\\c28c41b3d004afebfb134cb604ace958-ocr.djvu,0,2000-01-01 01:00:00,2016-04-03 02:51:08,,,
18639736,,,,,,,,,,,0,,,,,,,,,,,,,,,,0,,,,,,,,9956828,djvu,830774e91b6e54cedb45b2ff5b4be887,,,N:\\libgen djvu ocr\\132000\\28f0a69131dab6058759a74f1ab5cf9d-ocr.djvu,0,2000-01-01 01:00:00,2016-04-03 02:51:08,,,
18639737,,,,,,,,,,,0,,,,,,,,,,,,,,,,0,,,,,,,,7878155,djvu,9b328cb34c44179c50870202f2b2dadf,,,N:\\libgen djvu ocr\\132000\\b9683e000785a84d73def2462d791dc5-ocr.djvu,0,2000-01-01 01:00:00,2016-04-03 02:51:08,,,
18639738,,,,,,,,,,,0,,,,,,,,,,,,,,,,0,,,,,,,,5598447,djvu,8cc30fb94c5a33ad3a18db4bc058dd8d,,,N:\\libgen djvu ocr\\132000\\5b28b07c9185a28176e3223890051bf8-ocr.djvu,0,2000-01-01 01:00:00,2016-04-03 02:51:08,,,
18639739,,,,,,,,,,,0,,,,,,,,,,,,,,,,0,,,,,,,,8132262,djvu,a6f4ed6625b8be015cf896fa550c733a,,,N:\\libgen djvu ocr\\132000\\80f2f5d48b9208e793328bb7e0f59fa8-ocr.djvu,0,2000-01-01 01:00:00,2016-04-03 02:51:08,,,
18639740,,,,,,,,,,,0,,,,,,,,,,,,,,,,0,,,,,,,,6748285,djvu,b4e4b333a4956a29c28005d25e64654d,,,N:\\libgen djvu ocr\\132000\\72a4077325acd8697630af2abefd58c2-ocr.djvu,0,2000-01-01 01:00:00,2016-04-03 02:51:08,,,
18639741,,,,,,,,,,,0,,,,,,,,,,,,,,,,0,,,,,,,,4470860,djvu,769dc70c175fa3ffe3ff73257f74be5c,,,N:\\libgen djvu ocr\\132000\\eaee754a32ec4e6cbae83bdc566aa097-ocr.djvu,0,2000-01-01 01:00:00,2016-04-03 02:51:08,,,
18639742,,,,,,,,,,,0,,,,,,,,,,,,,,,,0,,,,,,,,2993027,djvu,c76ebe168c4e81f60ac6bf7b645ef77f,,,N:\\libgen djvu ocr\\132000\\1ebc0420dba33b3f2264f274212c7019-ocr.djvu,0,2000-01-01 01:00:00,2016-04-03 02:51:08,,,
18639743,,,,,,,,,,,0,,,,,,,,,,,,,,,,0,,,,,,,,11959277,djvu,83c4595e243b236e8248508c81f407ea,,,N:\\libgen djvu ocr\\132000\\4073e61147cb7511f6ea8eb4c9fe5d05-ocr.djvu,0,2000-01-01 01:00:00,2016-04-03 02:51:08,,,
18639744,,,,,,,,,,,0,,,,,,,,,,,,,,,,0,,,,,,,,3433168,djvu,daa43a425fc32afc2b6de5dfd9807d1b,,,N:\\libgen djvu ocr\\132000\\6f36e787c2cccaf710cbd2c3f1185f1a-ocr.djvu,0,2000-01-01 01:00:00,2016-04-03 02:51:08,,,
18639745,,,,,,,,,,,0,,,,,,,,,,,,,,,,0,,,,,,,,39514866,djvu,92f33c738ae0636af4e5a26f2c4c31d9,,,N:\\libgen djvu ocr\\132000\\d28a2a680236102773060422ec1cdfe4-ocr.djvu,0,2000-01-01 01:00:00,2016-04-03 02:51:08,,,
18639746,,,,,,,,,,,0,,,,,,,,,,,,,,,,0,,,,,,,,24110885,djvu,cfb94afe7205267c86e371058266f290,,,N:\\libgen djvu ocr\\132000\\eacba571d7b72a112d15bd9e6e80f3d3-ocr.djvu,0,2000-01-01 01:00:00,2016-04-03 02:51:08,,,
18639747,,,,,,,,,,,0,,,,,,,,,,,,,,,,0,,,,,,,,2587626,djvu,055f8023ade6077b99fe28a92ebe0195,,,N:\\libgen djvu ocr\\132000\\be4eb512cfa0a1f927714923be97e5b6-ocr.djvu,0,2000-01-01 01:00:00,2016-04-03 02:51:08,,,
18639748,,,,,,,,,,,0,,,,,,,,,,,,,,,,0,,,,,,,,699857,djvu,3a189f30a308722255b318252032e9ad,,,N:\\libgen djvu ocr\\132000\\28884b9f53e128eb70b279be534d2499-ocr.djvu,0,2000-01-01 01:00:00,2016-04-03 02:51:08,,,
18639749,,,,,,,,,,,0,,,,,,,,,,,,,,,,0,,,,,,,,6139189,djvu,e82c9b1080f00cdd2de373e77e6cdf1d,,,N:\\libgen djvu ocr\\132000\\75ecec7ffee08a161053d4685628b9a3-ocr.djvu,0,2000-01-01 01:00:00,2016-04-03 02:51:08,,,
18639750,,,,,,,,,,,0,,,,,,,,,,,,,,,,0,,,,,,,,4278451,djvu,c52ebfcedf5c11304d807eed1a4b5698,,,N:\\libgen djvu ocr\\132000\\f1f9e2e63b67588742d2ba09f6631096-ocr.djvu,0,2000-01-01 01:00:00,2016-04-03 02:51:08,,,
18639751,,,,,,,,,,,0,,,,,,,,,,,,,,,,0,,,,,,,,1756372,djvu,9939e836ae419be674e10d7454198163,,,N:\\libgen djvu ocr\\132000\\22e7ef513e79e8f9ecacb9b011f8cef1-ocr.djvu,0,2000-01-01 01:00:00,2016-04-03 02:51:08,,,
18639752,,,,,,,,,,,0,,,,,,,,,,,,,,,,0,,,,,,,,3243908,djvu,071e41c0e3230a556d5bea0fafb7beba,,,N:\\libgen djvu ocr\\132000\\2cba2113bc4645a0e053cee05c1ca9e1-ocr.djvu,0,2000-01-01 01:00:00,2016-04-03 02:51:08,,,
18639753,,,,,,,,,,,0,,,,,,,,,,,,,,,,0,,,,,,,,3384498,djvu,d0aab4b1edaa5f3d602b64ecd44c1be6,,,N:\\libgen djvu ocr\\132000\\f49b766d8c10d2dfd5ad96550412a6e1-ocr.djvu,0,2000-01-01 01:00:00,2016-04-03 02:51:08,,,
18639754,,,,,,,,,,,0,,,,,,,,,,,,,,,,0,,,,,,,,7721611,djvu,f6af1a87f0c2fffc3701ab0f1b6bc1e9,,,N:\\libgen djvu ocr\\132000\\d81ea0f2c8af5ab79a1f467229d97b3a-ocr.djvu,0,2000-01-01 01:00:00,2016-04-03 02:51:08,,,
18639755,,,,,,,,,,,0,,,,,,,,,,,,,,,,0,,,,,,,,7408020,djvu,2d70e7373c905495eaf71a8955aefc94,,,N:\\libgen djvu ocr\\132000\\ed9f3802d588f4dc069b4d045537fb3a-ocr.djvu,0,2000-01-01 01:00:00,2016-04-03 02:51:08,,,
18639756,,,,,,,,,,,0,,,,,,,,,,,,,,,,0,,,,,,,,4724786,djvu,8ac277e89909ae185a32f7105d7afb86,,,N:\\libgen djvu ocr\\132000\\e85c0ac2fe940bc22276cc17bb0c3a35-ocr.djvu,0,2000-01-01 01:00:00,2016-04-03 02:51:08,,,
18639757,,,,,,,,,,,0,,,,,,,,,,,,,,,,0,,,,,,,,3415074,djvu,6213e8b42d02516b68f6c1048fbb71e3,,,N:\\libgen djvu ocr\\132000\\01dcac52822d9c08e02a9dbf5759d50e-ocr.djvu,0,2000-01-01 01:00:00,2016-04-03 02:51:08,,,
18639758,,,,,,,,,,,0,,,,,,,,,,,,,,,,0,,,,,,,,6017335,djvu,000a2e236d1983c26f7ee1d33fc305a7,,,N:\\libgen djvu ocr\\132000\\95c0919c6d987e9e9e441cad5033046f-ocr.djvu,0,2000-01-01 01:00:00,2016-04-03 02:51:08,,,
18639759,,,,,,,,,,,0,,,,,,,,,,,,,,,,0,,,,,,,,13525103,djvu,d3e815b4981f3081634a707c85754385,,,N:\\libgen djvu ocr\\132000\\716176ced4d73ee8f9b5d994b6c5c094-ocr.djvu,0,2000-01-01 01:00:00,2016-04-03 02:51:08,,,
18639760,,,,,,,,,,,0,,,,,,,,,,,,,,,,0,,,,,,,,6566063,djvu,53a69889c8f9654f6db8519eb543a1bf,,,N:\\libgen djvu ocr\\132000\\df6031313458373e0c913f7bae426add-ocr.djvu,0,2000-01-01 01:00:00,2016-04-03 02:51:08,,,
18639761,,,,,,,,,,,0,,,,,,,,,,,,,,,,0,,,,,,,,3503298,djvu,757c6b103af4c3a2d87f2fb2c677bb7d,,,N:\\libgen djvu ocr\\132000\\4de7990d7075b0240f03368ee3bd0756-ocr.djvu,0,2000-01-01 01:00:00,2016-04-03 02:51:08,,,
18639762,,,,,,,,,,,0,,,,,,,,,,,,,,,,0,,,,,,,,1419491,djvu,2c4fe11a17149e714e9b53341b20a4a9,,,N:\\libgen djvu ocr\\132000\\e85856bfc2dd901917e1a21045059f7f-ocr.djvu,0,2000-01-01 01:00:00,2016-04-03 02:51:08,,,
18639763,,,,,,,,,,,0,,,,,,,,,,,,,,,,0,,,,,,,,3053688,djvu,48de2453f1b4c2694c8a892642b4a4c1,,,N:\\libgen djvu ocr\\132000\\190ce5fc6dd7563310f7f7debe8aed0d-ocr.djvu,0,2000-01-01 01:00:00,2016-04-03 02:51:08,,,
18639764,,,,,,,,,,,0,,,,,,,,,,,,,,,,0,,,,,,,,8832077,djvu,80872563f8f98a3dbfd0fb8ac2f41d0d,,,N:\\libgen djvu ocr\\132000\\83034a261d161d27303307b3e511a9d8-ocr.djvu,0,2000-01-01 01:00:00,2016-04-03 02:51:08,,,
18639765,,,,,,,,,,,0,,,,,,,,,,,,,,,,0,,,,,,,,3056718,djvu,30d8078e367d639db6a926780be59087,,,N:\\libgen djvu ocr\\132000\\2cbecdb269a82e32d78bd8ebf97eba07-ocr.djvu,0,2000-01-01 01:00:00,2016-04-03 02:51:08,,,
18639766,,,,,,,,,,,0,,,,,,,,,,,,,,,,0,,,,,,,,5338232,djvu,3e24f4f39025f1b0348c555cc1192fbb,,,N:\\libgen djvu ocr\\132000\\920d346eb86c694c0d6dad6b1c96da54-ocr.djvu,0,2000-01-01 01:00:00,2016-04-03 02:51:08,,,
18639767,,,,,,,,,,,0,,,,,,,,,,,,,,,,0,,,,,,,,2119888,djvu,7885fb5b3a24ec2cffa34dd8b518464b,,,N:\\libgen djvu ocr\\132000\\f7f45be13a8defb9c0722f6ef1b7b7ca-ocr.djvu,0,2000-01-01 01:00:00,2016-04-03 02:51:08,,,
18639768,,,,,,,,,,,0,,,,,,,,,,,,,,,,0,,,,,,,,2775146,djvu,179e53219cf9e9d8af374dd1f896b59e,,,N:\\libgen djvu ocr\\132000\\2d8d9dc99cdbc1803e762f10fb77339d-ocr.djvu,0,2000-01-01 01:00:00,2016-04-03 02:51:08,,,
18639769,,,,,,,,,,,0,,,,,,,,,,,,,,,,0,,,,,,,,17710130,djvu,2eb2e5f52687c63300eb1978216ffd4d,,,N:\\libgen djvu ocr\\132000\\fbee6e8e9a490cb25a6d6deaab198c5c-ocr.djvu,0,2000-01-01 01:00:00,2016-04-03 02:51:08,,,
18639770,,,,,,,,,,,0,,,,,,,,,,,,,,,,0,,,,,,,,10650324,djvu,12cdd2a707184e3e888bc42208f60621,,,N:\\libgen djvu ocr\\132000\\81e61c9d22cbb555e4d88c63931c2a85-ocr.djvu,0,2000-01-01 01:00:00,2016-04-03 02:51:08,,,
18639771,,,,,,,,,,,0,,,,,,,,,,,,,,,,0,,,,,,,,3873914,djvu,f994d9e095577ff15f6065215066211f,,,N:\\libgen djvu ocr\\132000\\d213b7b3a68dd4cb478ea32fe39c96ff-ocr.djvu,0,2000-01-01 01:00:00,2016-04-03 02:51:08,,,
18639772,,,,,,,,,,,0,,,,,,,,,,,,,,,,0,,,,,,,,13110114,djvu,01c1f02e3190dc5ff88e9bc5c939eb97,,,N:\\libgen djvu ocr\\132000\\606ec88a6f44e91bad9a92f785b4029a-ocr.djvu,0,2000-01-01 01:00:00,2016-04-03 02:51:08,,,
18639773,,,,,,,,,,,0,,,,,,,,,,,,,,,,0,,,,,,,,6081008,djvu,ee72ab107d4a44225bc1db4bec72a19d,,,N:\\libgen djvu ocr\\132000\\37099d6137e39b6c2f2c9f6ddaf27728-ocr.djvu,0,2000-01-01 01:00:00,2016-04-03 02:51:08,,,
18639774,,,,,,,,,,,0,,,,,,,,,,,,,,,,0,,,,,,,,1506771,djvu,3ffa54ebe54d00f633896663fd40173f,,,N:\\libgen djvu ocr\\132000\\afde4cc4580bb623c6c980dc7c8af4d0-ocr.djvu,0,2000-01-01 01:00:00,2016-04-03 02:51:08,,,
18639775,,,,,,,,,,,0,,,,,,,,,,,,,,,,0,,,,,,,,3544436,djvu,5c98e8d54f15d725ab6f118183d8ec2a,,,N:\\libgen djvu ocr\\132000\\9238429c6ebc2455c1caca1df27d87f9-ocr.djvu,0,2000-01-01 01:00:00,2016-04-03 02:51:08,,,
18639776,,,,,,,,,,,0,,,,,,,,,,,,,,,,0,,,,,,,,2547151,djvu,fb6ae7935616c528e8f8c92c09031025,,,N:\\libgen djvu ocr\\132000\\6850314d0300571f9b8f1ede10d04b43-ocr.djvu,0,2000-01-01 01:00:00,2016-04-03 02:51:08,,,
18639777,,,,,,,,,,,0,,,,,,,,,,,,,,,,0,,,,,,,,4062744,djvu,9d0f0d9b55210abab83f46f9e3c847eb,,,N:\\libgen djvu ocr\\132000\\b77a6921afe10dacf49e0d8d8162f2e5-ocr.djvu,0,2000-01-01 01:00:00,2016-04-03 02:51:08,,,
18639778,,,,,,,,,,,0,,,,,,,,,,,,,,,,0,,,,,,,,2560745,djvu,4faf6197a0648da18515402f2e9d1edf,,,N:\\libgen djvu ocr\\132000\\1780509c0fb6db8f836984f71b9d3ded-ocr.djvu,0,2000-01-01 01:00:00,2016-04-03 02:51:08,,,
18639779,,,,,,,,,,,0,,,,,,,,,,,,,,,,0,,,,,,,,24017562,djvu,19a597035dacecfaad4fdec3084d8f62,,,N:\\libgen djvu ocr\\132000\\ba94336b303037150ddef6ae83f476da-ocr.djvu,0,2000-01-01 01:00:00,2016-04-03 02:51:08,,,
18639780,,,,,,,,,,,0,,,,,,,,,,,,,,,,0,,,,,,,,18071397,djvu,751c9ff77a3bbbb36d7bc5b4da124ff5,,,N:\\libgen djvu ocr\\132000\\c0a706e93d4d7907445002d74dd497f0-ocr.djvu,0,2000-01-01 01:00:00,2016-04-03 02:51:08,,,
18639781,,,,,,,,,,,0,,,,,,,,,,,,,,,,0,,,,,,,,13784074,djvu,f453fa944032eb64eb98d3d4ff630bc5,,,N:\\libgen djvu ocr\\132000\\ee4c0716dd695f2c2ad1725d34079324-ocr.djvu,0,2000-01-01 01:00:00,2016-04-03 02:51:08,,,
18639782,,,,,,,,,,,0,,,,,,,,,,,,,,,,0,,,,,,,,5726836,djvu,068145830ec391ca2ff75d4af364bf53,,,N:\\libgen djvu ocr\\132000\\f851b29784b148724b68c1ca3a72a42a-ocr.djvu,0,2000-01-01 01:00:00,2016-04-03 02:51:08,,,
18639783,,,,,,,,,,,0,,,,,,,,,,,,,,,,0,,,,,,,,6820843,djvu,3f6f4cb6cef568c62a343ed1aca58e5f,,,N:\\libgen djvu ocr\\132000\\72e6b77f8969a000f4e57d0462fe384a-ocr.djvu,0,2000-01-01 01:00:00,2016-04-03 02:51:08,,,
18639784,,,,,,,,,,,0,,,,,,,,,,,,,,,,0,,,,,,,,7841481,djvu,7f81bdac4e73bb3cbf54d5cbbb184fb1,,,N:\\libgen djvu ocr\\132000\\c456818a8363681f691f6be6fbcd26dd-ocr.djvu,0,2000-01-01 01:00:00,2016-04-03 02:51:08,,,
18639785,,,,,,,,,,,0,,,,,,,,,,,,,,,,0,,,,,,,,9192910,djvu,09440e41ff91d7d0aa76a26ad7011d86,,,N:\\libgen djvu ocr\\132000\\1fef6e33f6fc1b64b9e06cd3e026799f-ocr.djvu,0,2000-01-01 01:00:00,2016-04-03 02:51:08,,,
18639786,,,,,,,,,,,0,,,,,,,,,,,,,,,,0,,,,,,,,1835125,djvu,0b97ca2a1019f9ac022810cfb381c7fd,,,N:\\libgen djvu ocr\\132000\\fc31ba6a89e10ba349d11daadf641cac-ocr.djvu,0,2000-01-01 01:00:00,2016-04-03 02:51:08,,,
18639787,,,,,,,,,,,0,,,,,,,,,,,,,,,,0,,,,,,,,3992508,djvu,ab31610a9a3c2ba86b4b1eeb89ab7eda,,,N:\\libgen djvu ocr\\132000\\f224a06925164abd4ca88b3850384f43-ocr.djvu,0,2000-01-01 01:00:00,2016-04-03 02:51:08,,,
18639788,,,,,,,,,,,0,,,,,,,,,,,,,,,,0,,,,,,,,9208023,djvu,2e92425c0c16d944c311686651042fb0,,,N:\\libgen djvu ocr\\132000\\1241df1e38988c56eb30799631dcdcc1-ocr.djvu,0,2000-01-01 01:00:00,2016-04-03 02:51:08,,,
18639789,,,,,,,,,,,0,,,,,,,,,,,,,,,,0,,,,,,,,14707003,djvu,923f0cc3739a0fcfab1bdc867c58e429,,,N:\\libgen djvu ocr\\132000\\604f9ff094ae5e6a706019ba3a82f116-ocr.djvu,0,2000-01-01 01:00:00,2016-04-03 02:51:08,,,
18639790,,,,,,,,,,,0,,,,,,,,,,,,,,,,0,,,,,,,,11095088,djvu,2dd06aaa318a5cec8a0ab294bccb8e22,,,N:\\libgen djvu ocr\\132000\\9f51618220bfc19fea578dea05ff80d9-ocr.djvu,0,2000-01-01 01:00:00,2016-04-03 02:51:08,,,
18639791,,,,,,,,,,,0,,,,,,,,,,,,,,,,0,,,,,,,,10855135,djvu,f84fdfd22aa285ada4eecb0006b08169,,,N:\\libgen djvu ocr\\132000\\b7bc9146256e58013b4b331dbb721b15-ocr.djvu,0,2000-01-01 01:00:00,2016-04-03 02:51:08,,,
18639792,,,,,,,,,,,0,,,,,,,,,,,,,,,,0,,,,,,,,3958143,djvu,c39810e38efb9b7f036cb4027c438b00,,,N:\\libgen djvu ocr\\132000\\b22bf5debf184de58a9dc1afa193d69f-ocr.djvu,0,2000-01-01 01:00:00,2016-04-03 02:51:08,,,
18639793,,,,,,,,,,,0,,,,,,,,,,,,,,,,0,,,,,,,,23125033,djvu,4734f664a6bca9f4099c14831d095c5e,,,N:\\libgen djvu ocr\\132000\\cf771dcde37f95e43311c6fd659a6e5e-ocr.djvu,0,2000-01-01 01:00:00,2016-04-03 02:51:08,,,
18639794,,,,,,,,,,,0,,,,,,,,,,,,,,,,0,,,,,,,,4181647,djvu,6e02ab9dd25b93291bf70e26ca2dda10,,,N:\\libgen djvu ocr\\132000\\ff925aaa8e3fa4fa147da4b24537ef5b-ocr.djvu,0,2000-01-01 01:00:00,2016-04-03 02:51:08,,,
18639795,,,,,,,,,,,0,,,,,,,,,,,,,,,,0,,,,,,,,2579329,djvu,c3ed82d69cf8c58bc97c04208fe2eb30,,,N:\\libgen djvu ocr\\132000\\50c0f9b769147d2cf339b558838fa881-ocr.djvu,0,2000-01-01 01:00:00,2016-04-03 02:51:08,,,
18639796,,,,,,,,,,,0,,,,,,,,,,,,,,,,0,,,,,,,,8007142,djvu,5e6cc316b8184be04f89bc9a7e1fce5c,,,N:\\libgen djvu ocr\\132000\\359fdb68e532adfcb750b3eebcc2a0a9-ocr.djvu,0,2000-01-01 01:00:00,2016-04-03 02:51:08,,,
18639797,,,,,,,,,,,0,,,,,,,,,,,,,,,,0,,,,,,,,17979455,djvu,0b177330516e20538386e95eb8c0d7e8,,,N:\\libgen djvu ocr\\132000\\3d4d4bf3902a7af48b18f683a3c2d232-ocr.djvu,0,2000-01-01 01:00:00,2016-04-03 02:51:08,,,
18639798,,,,,,,,,,,0,,,,,,,,,,,,,,,,0,,,,,,,,1473135,djvu,9d4507ce4ea5063bed87ee746d12c656,,,N:\\libgen djvu ocr\\132000\\c6ae0b3d97a8cf4a9ce067855e4670f9-ocr.djvu,0,2000-01-01 01:00:00,2016-04-03 02:51:08,,,
18639799,,,,,,,,,,,0,,,,,,,,,,,,,,,,0,,,,,,,,9108945,djvu,05075434d103cdf37af0ad507727916e,,,N:\\libgen djvu ocr\\132000\\8f95e48043db878099ac5d8110fa1982-ocr.djvu,0,2000-01-01 01:00:00,2016-04-03 02:51:08,,,
18639800,,,,,,,,,,,0,,,,,,,,,,,,,,,,0,,,,,,,,2152894,djvu,7bba746cefa7bbb41473ec29096b3a57,,,N:\\libgen djvu ocr\\132000\\1c1c051dea03c5a137d3050f06b46972-ocr.djvu,0,2000-01-01 01:00:00,2016-04-03 02:51:08,,,
18639801,,,,,,,,,,,0,,,,,,,,,,,,,,,,0,,,,,,,,3261311,djvu,ea72f9d9bd8d3d33146028af2d02f201,,,N:\\libgen djvu ocr\\132000\\d115fdbd17e02a9ad1a48b10f6257a96-ocr.djvu,0,2000-01-01 01:00:00,2016-04-03 02:51:08,,,
18639802,,,,,,,,,,,0,,,,,,,,,,,,,,,,0,,,,,,,,842302,djvu,9d7addbe63fce35f33fb20047f925d69,,,N:\\libgen djvu ocr\\132000\\803ea1697b2c770b077aa5f2d854b69a-ocr.djvu,0,2000-01-01 01:00:00,2016-04-03 02:51:08,,,
18639803,,,,,,,,,,,0,,,,,,,,,,,,,,,,0,,,,,,,,4830079,djvu,72ddbbec16f674b6ba847394a6a9b07a,,,N:\\libgen djvu ocr\\132000\\31bd732bfb8c5469e665b32de01e3d91-ocr.djvu,0,2000-01-01 01:00:00,2016-04-03 02:51:08,,,
18639804,,,,,,,,,,,0,,,,,,,,,,,,,,,,0,,,,,,,,7112117,djvu,e9809533cccd050cfa46f567053e5778,,,N:\\libgen djvu ocr\\132000\\c4fb2ad2271cb38a8200a97d4ea2922c-ocr.djvu,0,2000-01-01 01:00:00,2016-04-03 02:51:08,,,
18639805,,,,,,,,,,,0,,,,,,,,,,,,,,,,0,,,,,,,,1240654,djvu,3f48a067e6b9efbe03a6277e4f9eb4ce,,,N:\\libgen djvu ocr\\132000\\2ed2af84ec67d204fd3f6b2adc032c39-ocr.djvu,0,2000-01-01 01:00:00,2016-04-03 02:51:08,,,
18639806,,,,,,,,,,,0,,,,,,,,,,,,,,,,0,,,,,,,,5816027,djvu,fa5f897ec9213541802ca77b0467c756,,,N:\\libgen djvu ocr\\132000\\e6d73d2c10a6da615fc5ab55e3fa0c13-ocr.djvu,0,2000-01-01 01:00:00,2016-04-03 02:51:08,,,
18639807,,,,,,,,,,,0,,,,,,,,,,,,,,,,0,,,,,,,,4720893,djvu,f60e76e19c48902b977db7716f9dafd6,,,N:\\libgen djvu ocr\\132000\\0efc5e596d6eb91688a334bafe015457-ocr.djvu,0,2000-01-01 01:00:00,2016-04-03 02:51:08,,,
18639808,,,,,,,,,,,0,,,,,,,,,,,,,,,,0,,,,,,,,1831389,djvu,d8960af23bb39388ecc5ffe6d83ee3a6,,,N:\\libgen djvu ocr\\132000\\b01d6dff1dbb6bbb63ba7a531c19ded7-ocr.djvu,0,2000-01-01 01:00:00,2016-04-03 02:51:08,,,
18639809,,,,,,,,,,,0,,,,,,,,,,,,,,,,0,,,,,,,,5520164,djvu,b1206ecddbd3848be7c5406dee069684,,,N:\\libgen djvu ocr\\132000\\bde9aa450431081e788ee4820ef27a0a-ocr.djvu,0,2000-01-01 01:00:00,2016-04-03 02:51:08,,,
18639810,,,,,,,,,,,0,,,,,,,,,,,,,,,,0,,,,,,,,4571473,djvu,5d3cbb943a290440652dd06a62df55fe,,,N:\\libgen djvu ocr\\880000\\e2879a6968f5a07c5ac0c3e1a67b9a23-ocr.djvu,0,2000-01-01 01:00:00,2016-04-03 02:51:08,,,
18639811,,,,,,,,,,,0,,,,,,,,,,,,,,,,0,,,,,,,,4729164,djvu,0f9a76ba5b2bf6bb638af4b50b6df307,,,N:\\libgen djvu ocr\\132000\\f0538a433e8e6655dc27e94970b6ccc4-ocr.djvu,0,2000-01-01 01:00:00,2016-04-03 02:51:08,,,
18639812,,,,,,,,,,,0,,,,,,,,,,,,,,,,0,,,,,,,,6942478,djvu,27efee9417bd18092160b0623ac30069,,,N:\\libgen djvu ocr\\132000\\dea3c92712bb8be83c67045f0d11f17f-ocr.djvu,0,2000-01-01 01:00:00,2016-04-03 02:51:08,,,
18639813,,,,,,,,,,,0,,,,,,,,,,,,,,,,0,,,,,,,,6804643,djvu,886d60a42a15dde4c5da7af3e314ac22,,,N:\\libgen djvu ocr\\132000\\eb68c1dcf201fe7bf8677f5ac91d088e-ocr.djvu,0,2000-01-01 01:00:00,2016-04-03 02:51:08,,,
18639814,,,,,,,,,,,0,,,,,,,,,,,,,,,,0,,,,,,,,7740340,djvu,c37f77300acfa6b3cd2ba8504f92c143,,,N:\\libgen djvu ocr\\132000\\b8ce89b7207ebdc1ebef7e1cdcca9728-ocr.djvu,0,2000-01-01 01:00:00,2016-04-03 02:51:08,,,
18639815,,,,,,,,,,,0,,,,,,,,,,,,,,,,0,,,,,,,,15431361,djvu,f7b6d03d879e4f00259ac1d518680ccb,,,N:\\libgen djvu ocr\\132000\\e759f6d7a2804434622323b83c3cac31-ocr.djvu,0,2000-01-01 01:00:00,2016-04-03 02:51:08,,,
18639816,,,,,,,,,,,0,,,,,,,,,,,,,,,,0,,,,,,,,3913264,djvu,273d10febcf2a031a276bf7f26d51d95,,,N:\\libgen djvu ocr\\132000\\4bbe0598fe48f9c22d5718664a053d46-ocr.djvu,0,2000-01-01 01:00:00,2016-04-03 02:51:08,,,
18639817,,,,,,,,,,,0,,,,,,,,,,,,,,,,0,,,,,,,,7029000,djvu,2922743fe14f45ac64f275c8571efbfa,,,N:\\libgen djvu ocr\\132000\\2bf86fc210c806e346623b49ba19ac15-ocr.djvu,0,2000-01-01 01:00:00,2016-04-03 02:51:08,,,
18639818,,,,,,,,,,,0,,,,,,,,,,,,,,,,0,,,,,,,,2529075,djvu,bd6242e548cb7414f8a0a4313d149b0f,,,N:\\libgen djvu ocr\\132000\\acbc5c04d48d11269d99120e147fe275-ocr.djvu,0,2000-01-01 01:00:00,2016-04-03 02:51:08,,,
18639819,,,,,,,,,,,0,,,,,,,,,,,,,,,,0,,,,,,,,2481468,djvu,1b13114f53cb00db308bc29c4a442f42,,,N:\\libgen djvu ocr\\132000\\85e0c492aff6674aeaff5ab586612e6a-ocr.djvu,0,2000-01-01 01:00:00,2016-04-03 02:51:08,,,
18639820,,,,,,,,,,,0,,,,,,,,,,,,,,,,0,,,,,,,,323266,djvu,3ff5ec6bcb0c26ba38878a7fa8b234c8,,,N:\\libgen djvu ocr\\132000\\6a952d6d3beca6efc30be1b796081704-ocr.djvu,0,2000-01-01 01:00:00,2016-04-03 02:51:08,,,
18639821,,,,,,,,,,,0,,,,,,,,,,,,,,,,0,,,,,,,,1470047,djvu,8cb7b9d916f3e4257bac211c1fe610b4,,,N:\\libgen djvu ocr\\132000\\1175d6b9758a42195a39d4a03bafd9d1-ocr.djvu,0,2000-01-01 01:00:00,2016-04-03 02:51:08,,,
18639822,,,,,,,,,,,0,,,,,,,,,,,,,,,,0,,,,,,,,4645285,djvu,bb4a3d2c1315b92abbe221c4a33f51f9,,,N:\\libgen djvu ocr\\132000\\30e64024c45de4e5cc187a293908a39b-ocr.djvu,0,2000-01-01 01:00:00,2016-04-03 02:51:08,,,
18639823,,,,,,,,,,,0,,,,,,,,,,,,,,,,0,,,,,,,,2367218,djvu,4a478aa865f9f7efc6c0eac33220279b,,,N:\\libgen djvu ocr\\132000\\782e7f7e078d0f8997354a39907b98b9-ocr.djvu,0,2000-01-01 01:00:00,2016-04-03 02:51:08,,,
18639824,,,,,,,,,,,0,,,,,,,,,,,,,,,,0,,,,,,,,3455584,djvu,5a89ef6fe805d5120c932d682b497fc0,,,N:\\libgen djvu ocr\\132000\\09d270fa109dd48b570626f2e8d6b34a-ocr.djvu,0,2000-01-01 01:00:00,2016-04-03 02:51:08,,,
18639825,,,,,,,,,,,0,,,,,,,,,,,,,,,,0,,,,,,,,3551486,djvu,59c5fbe09015e61f7c4d4c26e5d9e8f4,,,N:\\libgen djvu ocr\\132000\\e804cde2d0d80dee6c3f4246c64fd0d2-ocr.djvu,0,2000-01-01 01:00:00,2016-04-03 02:51:08,,,
18639826,,,,,,,,,,,0,,,,,,,,,,,,,,,,0,,,,,,,,7588120,djvu,e468523d9c43c1981bf137ccd8d8f4a8,,,N:\\libgen djvu ocr\\132000\\ad4da9418fbccd24cdceff8137dcbef8-ocr.djvu,0,2000-01-01 01:00:00,2016-04-03 02:51:08,,,
18639827,,,,,,,,,,,0,,,,,,,,,,,,,,,,0,,,,,,,,15222837,djvu,dbf48d5e9e9dc02bfabecb4ec52c8d2f,,,N:\\libgen djvu ocr\\132000\\b94c5bf5bb31354a65d35058bd81a97e-ocr.djvu,0,2000-01-01 01:00:00,2016-04-03 02:51:08,,,
18639828,,,,,,,,,,,0,,,,,,,,,,,,,,,,0,,,,,,,,7935038,djvu,16e4e2ecbd75541a56d0d8b5abcb763a,,,N:\\libgen djvu ocr\\132000\\2244d28d01217750a9ff38d180652493-ocr.djvu,0,2000-01-01 01:00:00,2016-04-03 02:51:08,,,
18639829,,,,,,,,,,,0,,,,,,,,,,,,,,,,0,,,,,,,,4967854,djvu,9db37e9d586797fdd0e6da719230b9f2,,,N:\\libgen djvu ocr\\132000\\383acf03fec1e02f73c7a5c402e14299-ocr.djvu,0,2000-01-01 01:00:00,2016-04-03 02:51:08,,,
18639830,,,,,,,,,,,0,,,,,,,,,,,,,,,,0,,,,,,,,3355721,djvu,86c5a391bda029dcf239af809f9431a1,,,N:\\libgen djvu ocr\\133000\\7df08397ffde32d5220f0235439bd848-ocr.djvu,0,2000-01-01 01:00:00,2016-04-03 02:51:08,,,
18639831,,,,,,,,,,,0,,,,,,,,,,,,,,,,0,,,,,,,,259705,djvu,dc8b03c5dacee7427af976c6fd3c51e8,,,N:\\libgen djvu ocr\\133000\\da167e5c2ed0ff4bb2b8ac49bac2d86a-ocr.djvu,0,2000-01-01 01:00:00,2016-04-03 02:51:08,,,
18639832,,,,,,,,,,,0,,,,,,,,,,,,,,,,0,,,,,,,,278731,djvu,b868e60d6c94c1a742c169f8347f3ef2,,,N:\\libgen djvu ocr\\133000\\954963e3b92467b12888b21f033e8358-ocr.djvu,0,2000-01-01 01:00:00,2016-04-03 02:51:08,,,
18639833,,,,,,,,,,,0,,,,,,,,,,,,,,,,0,,,,,,,,513262,djvu,1f1ade52e2a976c47d7f9cf7e55df598,,,N:\\libgen djvu ocr\\133000\\b009ead3342b51e68d285af26ac3d360-ocr.djvu,0,2000-01-01 01:00:00,2016-04-03 02:51:08,,,
18639834,,,,,,,,,,,0,,,,,,,,,,,,,,,,0,,,,,,,,394499,djvu,63e6e33902813320b19bbaee43a6aa71,,,N:\\libgen djvu ocr\\133000\\ba5a751f3761e501038b1d7f88bd63ca-ocr.djvu,0,2000-01-01 01:00:00,2016-04-03 02:51:08,,,
18639835,,,,,,,,,,,0,,,,,,,,,,,,,,,,0,,,,,,,,1201209,djvu,25d252b04e70a605a7cdd7e38ee89f5c,,,N:\\libgen djvu ocr\\133000\\abb3b70c0f558ac731b2db015514b027-ocr.djvu,0,2000-01-01 01:00:00,2016-04-03 02:51:08,,,
18639836,,,,,,,,,,,0,,,,,,,,,,,,,,,,0,,,,,,,,285953,djvu,e3e1d0121e9db49c61331f290e459993,,,N:\\libgen djvu ocr\\133000\\85d27e168dd1580f9e06ff921454bc45-ocr.djvu,0,2000-01-01 01:00:00,2016-04-03 02:51:08,,,
18639837,,,,,,,,,,,0,,,,,,,,,,,,,,,,0,,,,,,,,962023,djvu,1eb705b585a948c48edfd5ebbafdc229,,,N:\\libgen djvu ocr\\133000\\41c4fe406ba43997028682f19801721c-ocr.djvu,0,2000-01-01 01:00:00,2016-04-03 02:51:08,,,
18639838,,,,,,,,,,,0,,,,,,,,,,,,,,,,0,,,,,,,,900843,djvu,8ed74f28f1fb13ca7b0f5adef7beec5c,,,N:\\libgen djvu ocr\\133000\\46da94192d753fba9c25b9a514814bbb-ocr.djvu,0,2000-01-01 01:00:00,2016-04-03 02:51:08,,,
18639839,,,,,,,,,,,0,,,,,,,,,,,,,,,,0,,,,,,,,4173475,djvu,f751549d728a1a5472f527c7eccbe969,,,N:\\libgen djvu ocr\\133000\\56c34b2ad4bac21fc33d96b7a8350868-ocr.djvu,0,2000-01-01 01:00:00,2016-04-03 02:51:08,,,
18639840,,,,,,,,,,,0,,,,,,,,,,,,,,,,0,,,,,,,,3106449,djvu,49fcae62c8c17a8a0081c4b1a1799b05,,,N:\\libgen djvu ocr\\884000\\3f8ca05e7b4e107753abaec8388fa4c8-ocr.djvu,0,2000-01-01 01:00:00,2016-04-03 02:51:08,,,
18639841,,,,,,,,,,,0,,,,,,,,,,,,,,,,0,,,,,,,,4447204,djvu,b65faee93b1923e722c09ade174b49ae,,,N:\\libgen djvu ocr\\133000\\92dbd077f77ccecf73d99befc3a8192b-ocr.djvu,0,2000-01-01 01:00:00,2016-04-03 02:51:08,,,
18639842,,,,,,,,,,,0,,,,,,,,,,,,,,,,0,,,,,,,,75491479,djvu,e69d7c2f371112ddc582fc1a7a77723e,,,N:\\libgen djvu ocr\\133000\\bbc60e1d3009fa901c22f985f11a2c38-ocr.djvu,0,2000-01-01 01:00:00,2016-04-03 02:51:08,,,
18639843,,,,,,,,,,,0,,,,,,,,,,,,,,,,0,,,,,,,,16712048,djvu,2bda02f4f6dc37857f51b4e8ec1570e2,,,N:\\libgen djvu ocr\\133000\\211135d4cc3484e287f4f29ba1f6279e-ocr.djvu,0,2000-01-01 01:00:00,2016-04-03 02:51:08,,,
18639844,,,,,,,,,,,0,,,,,,,,,,,,,,,,0,,,,,,,,496275,djvu,92a76da45821c73ff44dd6b243fbe94c,,,N:\\libgen djvu ocr\\133000\\817c3f36152b36129490313699695525-ocr.djvu,0,2000-01-01 01:00:00,2016-04-03 02:51:08,,,
18639845,,,,,,,,,,,0,,,,,,,,,,,,,,,,0,,,,,,,,11800089,djvu,0388cc51e7f8859695330192b686d9b3,,,N:\\libgen djvu ocr\\133000\\8ac9bebde5b7a25ebdfd17c528fdfe9c-ocr.djvu,0,2000-01-01 01:00:00,2016-04-03 02:51:08,,,
18639846,,,,,,,,,,,0,,,,,,,,,,,,,,,,0,,,,,,,,6981985,djvu,075e91b6dd37c44efdf230b81e1ba195,,,N:\\libgen djvu ocr\\133000\\ac5cd867cf700e4bab5f22a38c9d14da-ocr.djvu,0,2000-01-01 01:00:00,2016-04-03 02:51:08,,,
18639847,,,,,,,,,,,0,,,,,,,,,,,,,,,,0,,,,,,,,7315562,djvu,7e5d5505712567d8f883fb25e7693fe3,,,N:\\libgen djvu ocr\\133000\\c54eeacb170e2af78237f71fa2caa851-ocr.djvu,0,2000-01-01 01:00:00,2016-04-03 02:51:08,,,
18639848,,,,,,,,,,,0,,,,,,,,,,,,,,,,0,,,,,,,,4846699,djvu,ef54f0a98aa9cdbb1f05eeda68969ae1,,,N:\\libgen djvu ocr\\133000\\a1a99119ac13f95eaacefed684e37fe0-ocr.djvu,0,2000-01-01 01:00:00,2016-04-03 02:51:08,,,
18639849,,,,,,,,,,,0,,,,,,,,,,,,,,,,0,,,,,,,,5081983,djvu,da63acdceb842f5fe942c14415112508,,,N:\\libgen djvu ocr\\133000\\b8f4ccad75df071597da25fa9ec9b29b-ocr.djvu,0,2000-01-01 01:00:00,2016-04-03 02:51:08,,,
18639850,,,,,,,,,,,0,,,,,,,,,,,,,,,,0,,,,,,,,2846928,djvu,7576c83622dc81cb6b45f5860bf81ab5,,,N:\\libgen djvu ocr\\133000\\7878a6cc5550f0f9c8da7a4c08924c60-ocr.djvu,0,2000-01-01 01:00:00,2016-04-03 02:51:08,,,
18639851,,,,,,,,,,,0,,,,,,,,,,,,,,,,0,,,,,,,,2629400,djvu,0880d63d05e202fe51e884af8caca0db,,,N:\\libgen djvu ocr\\133000\\eece45a8976d3cdedcd37c5062cace8b-ocr.djvu,0,2000-01-01 01:00:00,2016-04-03 02:51:08,,,
18639852,,,,,,,,,,,0,,,,,,,,,,,,,,,,0,,,,,,,,2239617,djvu,8697a66964b72df7acc4f1514241a67c,,,N:\\libgen djvu ocr\\133000\\fae82dd51095a169df6e0fb38577b4f9-ocr.djvu,0,2000-01-01 01:00:00,2016-04-03 02:51:08,,,
18639853,,,,,,,,,,,0,,,,,,,,,,,,,,,,0,,,,,,,,2182114,djvu,3f170eb3c414a5ced46df8b49eb022fe,,,N:\\libgen djvu ocr\\133000\\47bb8f1bb4dc3405b49cbce24519f3fc-ocr.djvu,0,2000-01-01 01:00:00,2016-04-03 02:51:08,,,
18639854,,,,,,,,,,,0,,,,,,,,,,,,,,,,0,,,,,,,,5289662,djvu,139578f2cef910a3237279b8898c2707,,,N:\\libgen djvu ocr\\133000\\d081269d36909c3d8a12958370828548-ocr.djvu,0,2000-01-01 01:00:00,2016-04-03 02:51:08,,,
18639855,,,,,,,,,,,0,,,,,,,,,,,,,,,,0,,,,,,,,2241071,djvu,bafb8648fc06559fd0dd6abaa538d7d2,,,N:\\libgen djvu ocr\\133000\\9b60ec64f2476f3ab7bbe319149c0b12-ocr.djvu,0,2000-01-01 01:00:00,2016-04-03 02:51:08,,,
18639856,,,,,,,,,,,0,,,,,,,,,,,,,,,,0,,,,,,,,2125955,djvu,fe5b31718b39fc0ab570f6afa365c078,,,N:\\libgen djvu ocr\\133000\\196074e1f292b4608a556bf11886e544-ocr.djvu,0,2000-01-01 01:00:00,2016-04-03 02:51:08,,,
18639857,,,,,,,,,,,0,,,,,,,,,,,,,,,,0,,,,,,,,2059181,djvu,4660efe84fab52edf10e78f1ee580a92,,,N:\\libgen djvu ocr\\133000\\3280bcb0a045b7c58c5ecb1591ec2708-ocr.djvu,0,2000-01-01 01:00:00,2016-04-03 02:51:08,,,
18639858,,,,,,,,,,,0,,,,,,,,,,,,,,,,0,,,,,,,,2689192,djvu,126e42d8fbedeb1f3fc6f0f2fbaf2b36,,,N:\\libgen djvu ocr\\133000\\5a9898267e6c03a95e2929d18a25512d-ocr.djvu,0,2000-01-01 01:00:00,2016-04-03 02:51:08,,,
18639859,,,,,,,,,,,0,,,,,,,,,,,,,,,,0,,,,,,,,2083518,djvu,77df62eb28949112744c2b83277549f2,,,N:\\libgen djvu ocr\\133000\\db26bdc8c45f2aad420ec91c24e0e522-ocr.djvu,0,2000-01-01 01:00:00,2016-04-03 02:51:08,,,
18639860,,,,,,,,,,,0,,,,,,,,,,,,,,,,0,,,,,,,,19459415,djvu,b4506cbb68b7f24d5a61522787ef98f9,,,N:\\libgen djvu ocr\\134000\\59c07356dcfca7f79618486423c8c026-ocr.djvu,0,2000-01-01 01:00:00,2016-04-03 02:51:08,,,
18639861,,,,,,,,,,,0,,,,,,,,,,,,,,,,0,,,,,,,,9251945,djvu,17a5f351b22e91c9730ae917ef05f9d2,,,N:\\libgen djvu ocr\\134000\\cb94798295412d5ba2458693f59a5ad6-ocr.djvu,0,2000-01-01 01:00:00,2016-04-03 02:51:08,,,
18639862,,,,,,,,,,,0,,,,,,,,,,,,,,,,0,,,,,,,,8585142,djvu,ce5a6968e7516c93cd9e47754a551753,,,N:\\libgen djvu ocr\\134000\\4fdc40db4248eac1bd195e27bb80e527-ocr.djvu,0,2000-01-01 01:00:00,2016-04-03 02:51:08,,,
18639863,,,,,,,,,,,0,,,,,,,,,,,,,,,,0,,,,,,,,7310373,djvu,4e674e725f5999299785acd910e09d80,,,N:\\libgen djvu ocr\\134000\\5639617e932342b8a25217612f9e3f8e-ocr.djvu,0,2000-01-01 01:00:00,2016-04-03 02:51:08,,,
18639864,,,,,,,,,,,0,,,,,,,,,,,,,,,,0,,,,,,,,38931978,djvu,ce3d6241983bc52935bd14363034f160,,,N:\\libgen djvu ocr\\134000\\35ffbed6ccb9c7adaed79f5b7f6c3903-ocr.djvu,0,2000-01-01 01:00:00,2016-04-03 02:51:08,,,
18639865,,,,,,,,,,,0,,,,,,,,,,,,,,,,0,,,,,,,,7490214,djvu,d1addf7f3498a9c2da1382d0cf3a19a2,,,N:\\libgen djvu ocr\\134000\\a8cbdb6d565dac648fa0a043ff7aa055-ocr.djvu,0,2000-01-01 01:00:00,2016-04-03 02:51:08,,,
18639866,,,,,,,,,,,0,,,,,,,,,,,,,,,,0,,,,,,,,6079470,djvu,3ca372929fed2445efbae7d54a558971,,,N:\\libgen djvu ocr\\134000\\7f4bf1bd955d476ea0914b9a6065fd6c-ocr.djvu,0,2000-01-01 01:00:00,2016-04-03 02:51:08,,,
18639867,,,,,,,,,,,0,,,,,,,,,,,,,,,,0,,,,,,,,44978589,djvu,d4a6497f726c25407b3b71f6988590af,,,N:\\libgen djvu ocr\\134000\\ba9e2696083d5617a69fd83a50ac5e1f-ocr.djvu,0,2000-01-01 01:00:00,2016-04-03 02:51:08,,,
18639868,,,,,,,,,,,0,,,,,,,,,,,,,,,,0,,,,,,,,44984841,djvu,5593a61082f395214dba99e5ce30beed,,,N:\\libgen djvu ocr\\134000\\4001e3383a1a895e6c806de257b0f958-ocr.djvu,0,2000-01-01 01:00:00,2016-04-03 02:51:08,,,
18639869,,,,,,,,,,,0,,,,,,,,,,,,,,,,0,,,,,,,,9482763,djvu,6617f565891d6810bd29acb5797b5df4,,,N:\\libgen djvu ocr\\134000\\b12e34c62e29df82e4b099834c586824-ocr.djvu,0,2000-01-01 01:00:00,2016-04-03 02:51:08,,,
18639870,,,,,,,,,,,0,,,,,,,,,,,,,,,,0,,,,,,,,4036447,djvu,d0b81ae6b3169554c0925a3112fec726,,,N:\\libgen djvu ocr\\134000\\abdb0c22b2b7e7824f555560a75f1fca-ocr.djvu,0,2000-01-01 01:00:00,2016-04-03 02:51:08,,,
18639871,,,,,,,,,,,0,,,,,,,,,,,,,,,,0,,,,,,,,5155965,djvu,de6216057e74b10f0a3e4b55ae68fb5c,,,N:\\libgen djvu ocr\\134000\\64fd26dcbf9ecb0595dde9540f223afe-ocr.djvu,0,2000-01-01 01:00:00,2016-04-03 02:51:08,,,
18639872,,,,,,,,,,,0,,,,,,,,,,,,,,,,0,,,,,,,,4959753,djvu,b736e3f80a6700eda1dcf3ad2ba2833d,,,N:\\libgen djvu ocr\\134000\\13238d3b33f83edd1ac17275ad3e60d6-ocr.djvu,0,2000-01-01 01:00:00,2016-04-03 02:51:08,,,
18639873,,,,,,,,,,,0,,,,,,,,,,,,,,,,0,,,,,,,,11283529,djvu,84742013d487aef23dcdb4bbbe1361de,,,N:\\libgen djvu ocr\\134000\\1f66a3bee08b33aae06dc99fb950a767-ocr.djvu,0,2000-01-01 01:00:00,2016-04-03 02:51:08,,,
18639874,,,,,,,,,,,0,,,,,,,,,,,,,,,,0,,,,,,,,13595379,djvu,29c8bb5fad1cda3ad37a3570e9f95865,,,N:\\libgen djvu ocr\\134000\\e573b542a8d2461f207f5c97d92ff228-ocr.djvu,0,2000-01-01 01:00:00,2016-04-03 02:51:08,,,
18639875,,,,,,,,,,,0,,,,,,,,,,,,,,,,0,,,,,,,,2239457,djvu,f8eb7364e86e917e6749477d36a9859f,,,N:\\libgen djvu ocr\\134000\\6fff5f47327842d06bbaa94958f2891a-ocr.djvu,0,2000-01-01 01:00:00,2016-04-03 02:51:08,,,
18639876,,,,,,,,,,,0,,,,,,,,,,,,,,,,0,,,,,,,,27610366,djvu,a82f11f1e59c022bcfb1ef9da1662e06,,,N:\\libgen djvu ocr\\134000\\5531d27f27612a788095b263cb96bab1-ocr.djvu,0,2000-01-01 01:00:00,2016-04-03 02:51:08,,,
18639877,,,,,,,,,,,0,,,,,,,,,,,,,,,,0,,,,,,,,7561802,djvu,fba62dd3a0a1b0ee4ba1a43a29f6ea8d,,,N:\\libgen djvu ocr\\134000\\4517e146ff82ab4ef5b9fa42e11b4c60-ocr.djvu,0,2000-01-01 01:00:00,2016-04-03 02:51:08,,,
18639878,,,,,,,,,,,0,,,,,,,,,,,,,,,,0,,,,,,,,6138706,djvu,42f049f539fb392cedc89d5f6fbdcc9d,,,N:\\libgen djvu ocr\\134000\\fef1e29609f71a0dec30cfa16d0ec99c-ocr.djvu,0,2000-01-01 01:00:00,2016-04-03 02:51:08,,,
18639879,,,,,,,,,,,0,,,,,,,,,,,,,,,,0,,,,,,,,66188327,djvu,6fce5c2148f7c3a687d3c7e7f157bb83,,,N:\\libgen djvu ocr\\134000\\161758a322953b189d4778903d99d837-ocr.djvu,0,2000-01-01 01:00:00,2016-04-03 02:51:08,,,
18639880,,,,,,,,,,,0,,,,,,,,,,,,,,,,0,,,,,,,,11366030,djvu,8dad355c1300cf754041f1307ae6d350,,,N:\\libgen djvu ocr\\134000\\62b91457944c64427f43fcd48936965a-ocr.djvu,0,2000-01-01 01:00:00,2016-04-03 02:51:08,,,
18639881,,,,,,,,,,,0,,,,,,,,,,,,,,,,0,,,,,,,,40129803,djvu,f4263dbf47dc87557f5e7565ee52e415,,,N:\\libgen djvu ocr\\134000\\f662d54b516993ad464cbba313f861ef-ocr.djvu,0,2000-01-01 01:00:00,2016-04-03 02:51:08,,,
18639882,,,,,,,,,,,0,,,,,,,,,,,,,,,,0,,,,,,,,29486112,djvu,884831f05b09b51f33e090ac4947d7af,,,N:\\libgen djvu ocr\\134000\\2752d0ee81fc5167caa7f65fafba63b9-ocr.djvu,0,2000-01-01 01:00:00,2016-04-03 02:51:08,,,
18639883,,,,,,,,,,,0,,,,,,,,,,,,,,,,0,,,,,,,,11515955,djvu,2bcf5d07ea4daec103b48204debd2871,,,N:\\libgen djvu ocr\\134000\\f1a0fb6575d61440c55df2e8eb7f6e95-ocr.djvu,0,2000-01-01 01:00:00,2016-04-03 02:51:08,,,
18639884,,,,,,,,,,,0,,,,,,,,,,,,,,,,0,,,,,,,,10852859,djvu,1676c3c7c5818b6c433728d2703b3f13,,,N:\\libgen djvu ocr\\134000\\66537f616b72dec4777dbd41bf24fa92-ocr.djvu,0,2000-01-01 01:00:00,2016-04-03 02:51:08,,,
18639885,,,,,,,,,,,0,,,,,,,,,,,,,,,,0,,,,,,,,13227745,djvu,47a31ef6460b7f1bbd24fe0459747a20,,,N:\\libgen djvu ocr\\134000\\3096db626b8008fe1ab996f703b0ec1c-ocr.djvu,0,2000-01-01 01:00:00,2016-04-03 02:51:08,,,
18639886,,,,,,,,,,,0,,,,,,,,,,,,,,,,0,,,,,,,,14050615,djvu,88fcae0c702a69d7e72f373d4e89e1ef,,,N:\\libgen djvu ocr\\134000\\ac47d3d2aa51a0af03ba5e6db58ab8d4-ocr.djvu,0,2000-01-01 01:00:00,2016-04-03 02:51:08,,,
18639887,,,,,,,,,,,0,,,,,,,,,,,,,,,,0,,,,,,,,10688463,djvu,e0bdea01d4942a7b2aa341da9b550721,,,N:\\libgen djvu ocr\\134000\\abc0e16b1c55d07fc11732fcb09e053c-ocr.djvu,0,2000-01-01 01:00:00,2016-04-03 02:51:08,,,
18639888,,,,,,,,,,,0,,,,,,,,,,,,,,,,0,,,,,,,,1637066,djvu,d1a3c6d2e9b8d7ec6494b5ef33e7f30f,,,N:\\libgen djvu ocr\\134000\\a3761200f9241148f481f71964bce9b6-ocr.djvu,0,2000-01-01 01:00:00,2016-04-03 02:51:08,,,
18639889,,,,,,,,,,,0,,,,,,,,,,,,,,,,0,,,,,,,,2296577,djvu,18a2b2ee8080d9905527ec1fab60084f,,,N:\\libgen djvu ocr\\134000\\36b302dcca6d71541bf5e921a91c5f87-ocr.djvu,0,2000-01-01 01:00:00,2016-04-03 02:51:08,,,
18639890,,,,,,,,,,,0,,,,,,,,,,,,,,,,0,,,,,,,,4570101,djvu,db1d587c7198999d9c57f77bc01ff2fa,,,N:\\libgen djvu ocr\\134000\\85c6970033082a341261c6a018c4bbd0-ocr.djvu,0,2000-01-01 01:00:00,2016-04-03 02:51:08,,,
18639891,,,,,,,,,,,0,,,,,,,,,,,,,,,,0,,,,,,,,9363888,djvu,57d9c46c461d987ef4b1959fa80a297f,,,N:\\libgen djvu ocr\\135000\\4aec0401dcca3bdc8871bd153b8a0b19-ocr.djvu,0,2000-01-01 01:00:00,2016-04-03 02:51:08,,,
18639892,,,,,,,,,,,0,,,,,,,,,,,,,,,,0,,,,,,,,25736085,djvu,c45ee0f099fe8dbe23399a84134a46c3,,,N:\\libgen djvu ocr\\135000\\b2803aa95844579ae65c262a73d394cf-ocr.djvu,0,2000-01-01 01:00:00,2016-04-03 02:51:08,,,
18639893,,,,,,,,,,,0,,,,,,,,,,,,,,,,0,,,,,,,,7410850,djvu,28f97d22d8a8a4ba45881c1a33337e09,,,N:\\libgen djvu ocr\\135000\\e5b63df339e20d09d52cc7f54f30f834-ocr.djvu,0,2000-01-01 01:00:00,2016-04-03 02:51:08,,,
18639894,,,,,,,,,,,0,,,,,,,,,,,,,,,,0,,,,,,,,1502356,djvu,9983b9fd5cefc24e058d70d27569084e,,,N:\\libgen djvu ocr\\135000\\cbec522315391475e8789cef1a868a1c-ocr.djvu,0,2000-01-01 01:00:00,2016-04-03 02:51:08,,,
18639895,,,,,,,,,,,0,,,,,,,,,,,,,,,,0,,,,,,,,9239327,djvu,eb132122d60f815f3a1a128243ee235f,,,N:\\libgen djvu ocr\\135000\\b379a296a4b050a7f62cf9cd84a80186-ocr.djvu,0,2000-01-01 01:00:00,2016-04-03 02:51:08,,,
18639896,,,,,,,,,,,0,,,,,,,,,,,,,,,,0,,,,,,,,38100873,djvu,c36c67f8f8212469e5bd5948d03b0bb2,,,N:\\libgen djvu ocr\\135000\\55639a88404809d44f3ce23f6e8774b0-ocr.djvu,0,2000-01-01 01:00:00,2016-04-03 02:51:08,,,
18639897,,,,,,,,,,,0,,,,,,,,,,,,,,,,0,,,,,,,,4734989,djvu,c9eed593b4ece5296247e41b56952db9,,,N:\\libgen djvu ocr\\135000\\b5710c6a159ec2c43f4abcd10676c72c-ocr.djvu,0,2000-01-01 01:00:00,2016-04-03 02:51:08,,,
18639898,,,,,,,,,,,0,,,,,,,,,,,,,,,,0,,,,,,,,17021076,djvu,b3c4942715f1817a2a8ced84819f6d84,,,N:\\libgen djvu ocr\\135000\\e01e38fa5bccacfeb7cf895ac027b940-ocr.djvu,0,2000-01-01 01:00:00,2016-04-03 02:51:08,,,
18639899,,,,,,,,,,,0,,,,,,,,,,,,,,,,0,,,,,,,,24336253,djvu,98be50d4040bfaea44afe17ea3d082b0,,,N:\\libgen djvu ocr\\135000\\2c3dc34fe2da5dccc5a775980ea3df4f-ocr.djvu,0,2000-01-01 01:00:00,2016-04-03 02:51:08,,,
18639900,,,,,,,,,,,0,,,,,,,,,,,,,,,,0,,,,,,,,20976855,djvu,e44bd2e142f23cf4adf78f67680fb09e,,,N:\\libgen djvu ocr\\135000\\d93b2d19a9d33303d022b43a5d42b81a-ocr.djvu,0,2000-01-01 01:00:00,2016-04-03 02:51:08,,,
18639901,,,,,,,,,,,0,,,,,,,,,,,,,,,,0,,,,,,,,3615922,djvu,395824359bbec553c9b0af1f2526c948,,,N:\\libgen djvu ocr\\135000\\dc6a95efd607d8d746aa7708e0e26f16-ocr.djvu,0,2000-01-01 01:00:00,2016-04-03 02:51:08,,,
18639902,,,,,,,,,,,0,,,,,,,,,,,,,,,,0,,,,,,,,1789735,djvu,fcc45c162d35b2ecd54d733ab54e57e5,,,N:\\libgen djvu ocr\\135000\\51efe14c5833410f666bf9d1da3a4ebe-ocr.djvu,0,2000-01-01 01:00:00,2016-04-03 02:51:08,,,
18639903,,,,,,,,,,,0,,,,,,,,,,,,,,,,0,,,,,,,,4590096,djvu,9f8f048ac978839eb2c1b3ff8d959648,,,N:\\libgen djvu ocr\\135000\\8667912d6f68066e097bf59f1072edcf-ocr.djvu,0,2000-01-01 01:00:00,2016-04-03 02:51:08,,,
18639904,,,,,,,,,,,0,,,,,,,,,,,,,,,,0,,,,,,,,24137393,djvu,08a18f5b5ffd6b2e5fd2ea956baaa173,,,N:\\libgen djvu ocr\\135000\\74a2f913baf26338437eb4aa6801c2d2-ocr.djvu,0,2000-01-01 01:00:00,2016-04-03 02:51:08,,,
18639905,,,,,,,,,,,0,,,,,,,,,,,,,,,,0,,,,,,,,13347068,djvu,37e9041ba138eb0bd749c6d852fb623e,,,N:\\libgen djvu ocr\\135000\\5f573dbded7e940545c358db9961dcee-ocr.djvu,0,2000-01-01 01:00:00,2016-04-03 02:51:08,,,
18639906,,,,,,,,,,,0,,,,,,,,,,,,,,,,0,,,,,,,,22002031,djvu,b7938c098d85f41dfc465927ba11bf79,,,N:\\libgen djvu ocr\\135000\\e58c467f1f89c9892834676ae43b13fc-ocr.djvu,0,2000-01-01 01:00:00,2016-04-03 02:51:08,,,
18639907,,,,,,,,,,,0,,,,,,,,,,,,,,,,0,,,,,,,,13022088,djvu,20b8a5df36d3231e4775f39a02708e57,,,N:\\libgen djvu ocr\\135000\\8243d19c72890ca4b98ebba133f1c490-ocr.djvu,0,2000-01-01 01:00:00,2016-04-03 02:51:08,,,
18639908,,,,,,,,,,,0,,,,,,,,,,,,,,,,0,,,,,,,,38827792,djvu,e6ed2790b25ea8fcfcd5b3b77f336c18,,,N:\\libgen djvu ocr\\135000\\9eb09053d1c15f7d03ac55c5e63da884-ocr.djvu,0,2000-01-01 01:00:00,2016-04-03 02:51:08,,,
18639909,,,,,,,,,,,0,,,,,,,,,,,,,,,,0,,,,,,,,5096643,djvu,3f976c6aa2684fc415c8c164b3f35f6c,,,N:\\libgen djvu ocr\\135000\\1ccb788654306d202fe3c0a381ed4a1f-ocr.djvu,0,2000-01-01 01:00:00,2016-04-03 02:51:08,,,
18639910,,,,,,,,,,,0,,,,,,,,,,,,,,,,0,,,,,,,,12903275,djvu,27b26b92a68b17daea770b83777d6540,,,N:\\libgen djvu ocr\\135000\\a276255a329ac7c3baa000f73a1e232b-ocr.djvu,0,2000-01-01 01:00:00,2016-04-03 02:51:08,,,
18639911,,,,,,,,,,,0,,,,,,,,,,,,,,,,0,,,,,,,,16892798,djvu,af6a60e975e395cac082b0d9656e039f,,,N:\\libgen djvu ocr\\135000\\930f1eec26fefb58944467870d2bf58f-ocr.djvu,0,2000-01-01 01:00:00,2016-04-03 02:51:08,,,
18639912,,,,,,,,,,,0,,,,,,,,,,,,,,,,0,,,,,,,,6887999,djvu,8b0431c285e049774113dd51d0f41ff5,,,N:\\libgen djvu ocr\\135000\\9a29ac5bb9a518eb01070a93500b0472-ocr.djvu,0,2000-01-01 01:00:00,2016-04-03 02:51:08,,,
18639913,,,,,,,,,,,0,,,,,,,,,,,,,,,,0,,,,,,,,2582319,djvu,5f4d695b52fac6d9090f2d413a7a85bb,,,N:\\libgen djvu ocr\\135000\\e7383821aba8bac5122d39396a81edce-ocr.djvu,0,2000-01-01 01:00:00,2016-04-03 02:51:08,,,
18639914,,,,,,,,,,,0,,,,,,,,,,,,,,,,0,,,,,,,,5496256,djvu,85454c9ffb4a91f6f89b7e5f9490736e,,,N:\\libgen djvu ocr\\135000\\720b71f29dfb12d8560527d399d51529-ocr.djvu,0,2000-01-01 01:00:00,2016-04-03 02:51:08,,,
18639915,,,,,,,,,,,0,,,,,,,,,,,,,,,,0,,,,,,,,8528220,djvu,a7fc773e840faf1e54464f24909974c6,,,N:\\libgen djvu ocr\\135000\\e176cec7be30e874e574913619f5cc3e-ocr.djvu,0,2000-01-01 01:00:00,2016-04-03 02:51:08,,,
18639916,,,,,,,,,,,0,,,,,,,,,,,,,,,,0,,,,,,,,1520101,djvu,73364d375e6933b329ac338ebbfbd469,,,N:\\libgen djvu ocr\\135000\\5fd2a428fc70e1c4f8e7f7f260f33f00-ocr.djvu,0,2000-01-01 01:00:00,2016-04-03 02:51:08,,,
18639917,,,,,,,,,,,0,,,,,,,,,,,,,,,,0,,,,,,,,3800270,djvu,4f3d5b2770dcdcc6bea508c35e33bb10,,,N:\\libgen djvu ocr\\136000\\47405afb534d4c246e5240c34f631e2f-ocr.djvu,0,2000-01-01 01:00:00,2016-04-03 02:51:08,,,
18639918,,,,,,,,,,,0,,,,,,,,,,,,,,,,0,,,,,,,,7418440,djvu,c7bebbc7a3dd017e782604d0e7ae3c71,,,N:\\libgen djvu ocr\\136000\\eda7e2fef31ac8b2b87212f0c78a75d1-ocr.djvu,0,2000-01-01 01:00:00,2016-04-03 02:51:08,,,
18639919,,,,,,,,,,,0,,,,,,,,,,,,,,,,0,,,,,,,,25756773,djvu,312fceac95bfe7f453226260bc1c7dbf,,,N:\\libgen djvu ocr\\136000\\b40884d6345bd5433d620c6e025884fb-ocr.djvu,0,2000-01-01 01:00:00,2016-04-03 02:51:08,,,
18639920,,,,,,,,,,,0,,,,,,,,,,,,,,,,0,,,,,,,,38126719,djvu,d77004e82c5915059b78e7faa044f07e,,,N:\\libgen djvu ocr\\136000\\d670523b50bf026e0e4815806dac8c00-ocr.djvu,0,2000-01-01 01:00:00,2016-04-03 02:51:08,,,
18639921,,,,,,,,,,,0,,,,,,,,,,,,,,,,0,,,,,,,,23944087,djvu,92faa33f10979d9d21f8a69551b8a108,,,N:\\libgen djvu ocr\\136000\\ba58b803ed846644c6968823a7b7907c-ocr.djvu,0,2000-01-01 01:00:00,2016-04-03 02:51:08,,,
18639922,,,,,,,,,,,0,,,,,,,,,,,,,,,,0,,,,,,,,44218521,djvu,b0581fd2cfb8b799794756c59a1b4dac,,,N:\\libgen djvu ocr\\136000\\eff13f6714b802f06db61bf4106f5cc4-ocr.djvu,0,2000-01-01 01:00:00,2016-04-03 02:51:08,,,
18639923,,,,,,,,,,,0,,,,,,,,,,,,,,,,0,,,,,,,,19612392,djvu,7c07516abaae9460ea6b6a53f5da9955,,,N:\\libgen djvu ocr\\136000\\2e7fadf09a69330d824cf364edd1eadd-ocr.djvu,0,2000-01-01 01:00:00,2016-04-03 02:51:08,,,
18639924,,,,,,,,,,,0,,,,,,,,,,,,,,,,0,,,,,,,,33862646,djvu,5bc298730db7f7937e7d3759ea69102a,,,N:\\libgen djvu ocr\\136000\\f24798b9eae183ebc31be7bef0c96203-ocr.djvu,0,2000-01-01 01:00:00,2016-04-03 02:51:08,,,
18639925,,,,,,,,,,,0,,,,,,,,,,,,,,,,0,,,,,,,,42488424,djvu,af33ef287126109a5c54eefde3e6f7a9,,,N:\\libgen djvu ocr\\136000\\afe3593adbc404e7e250e7bdaec1a1f8-ocr.djvu,0,2000-01-01 01:00:00,2016-04-03 02:51:08,,,
18639926,,,,,,,,,,,0,,,,,,,,,,,,,,,,0,,,,,,,,57550299,djvu,c6de0a5da5b85e52d49969b360460417,,,N:\\libgen djvu ocr\\136000\\309bd1ff4f5f7760acee8b47790ee93b-ocr.djvu,0,2000-01-01 01:00:00,2016-04-03 02:51:08,,,
18639927,,,,,,,,,,,0,,,,,,,,,,,,,,,,0,,,,,,,,42823372,djvu,9b6c0bf60bf06fc0c0a4c8403350b698,,,N:\\libgen djvu ocr\\136000\\3418682215fd785b029845de509c9e34-ocr.djvu,0,2000-01-01 01:00:00,2016-04-03 02:51:08,,,
18639928,,,,,,,,,,,0,,,,,,,,,,,,,,,,0,,,,,,,,38130523,djvu,c6becf66081ab1d2a1babdc614216213,,,N:\\libgen djvu ocr\\136000\\9cd1728e143cb3f6169e6a0cb0a46ca0-ocr.djvu,0,2000-01-01 01:00:00,2016-04-03 02:51:08,,,
18639929,,,,,,,,,,,0,,,,,,,,,,,,,,,,0,,,,,,,,30650457,djvu,eac93d41ed2595a0ed7f3cb454db865f,,,N:\\libgen djvu ocr\\136000\\3f723d4dfba525d4426b41125ab19512-ocr.djvu,0,2000-01-01 01:00:00,2016-04-03 02:51:08,,,
18639930,,,,,,,,,,,0,,,,,,,,,,,,,,,,0,,,,,,,,39194182,djvu,eb1f8646209e2e1dc1d1d7f8e35bd551,,,N:\\libgen djvu ocr\\136000\\fdee73948a7f95d616b374d31946bfe5-ocr.djvu,0,2000-01-01 01:00:00,2016-04-03 02:51:08,,,
18639931,,,,,,,,,,,0,,,,,,,,,,,,,,,,0,,,,,,,,47640374,djvu,9feb982fbcc47e8908a8a6b3f4912aba,,,N:\\libgen djvu ocr\\136000\\76f2c5bbdb5692744aba5c19da2d3c5b-ocr.djvu,0,2000-01-01 01:00:00,2016-04-03 02:51:08,,,
18639932,,,,,,,,,,,0,,,,,,,,,,,,,,,,0,,,,,,,,40893610,djvu,de5e5456638f32bd1bd4bfa87751a19f,,,N:\\libgen djvu ocr\\136000\\7f0260f2078b54c8cdf6b6486d65ddbd-ocr.djvu,0,2000-01-01 01:00:00,2016-04-03 02:51:08,,,
18639933,,,,,,,,,,,0,,,,,,,,,,,,,,,,0,,,,,,,,27565314,djvu,daef18e7b3bdb571c29d8da625102067,,,N:\\libgen djvu ocr\\136000\\4e16274e7b40ce9623f70af845c6ff21-ocr.djvu,0,2000-01-01 01:00:00,2016-04-03 02:51:08,,,
18639934,,,,,,,,,,,0,,,,,,,,,,,,,,,,0,,,,,,,,3879909,djvu,7c1437a9a36fa826df5c44186c2b29dd,,,N:\\libgen djvu ocr\\885000\\34208d1d1d43babe7e2342dfd82f04e7-ocr.djvu,0,2000-01-01 01:00:00,2016-04-03 02:51:08,,,
18639935,,,,,,,,,,,0,,,,,,,,,,,,,,,,0,,,,,,,,7662411,djvu,4023a935af7670a673c563e7843316ad,,,N:\\libgen djvu ocr\\136000\\fa90252be1421df04c4258c81d69fd76-ocr.djvu,0,2000-01-01 01:00:00,2016-04-03 02:51:08,,,
18639936,,,,,,,,,,,0,,,,,,,,,,,,,,,,0,,,,,,,,4667799,djvu,1e64be838f43775d0bb1d43255d53a09,,,N:\\libgen djvu ocr\\136000\\be15852348eb724039cd01a6453b491d-ocr.djvu,0,2000-01-01 01:00:00,2016-04-03 02:51:08,,,
18639937,,,,,,,,,,,0,,,,,,,,,,,,,,,,0,,,,,,,,2090333,djvu,d56f63f7cd4e8d0621b4e6360c4cccdd,,,N:\\libgen djvu ocr\\136000\\52bb7cc00558e07ce05f2b5ec3dd2d64-ocr.djvu,0,2000-01-01 01:00:00,2016-04-03 02:51:08,,,
18639938,,,,,,,,,,,0,,,,,,,,,,,,,,,,0,,,,,,,,70233047,djvu,0025b6bbff28caacfaa513e41fe95755,,,N:\\libgen djvu ocr\\136000\\9402551513985ce6f680c8ac42f848a1-ocr.djvu,0,2000-01-01 01:00:00,2016-04-03 02:51:08,,,
18639939,,,,,,,,,,,0,,,,,,,,,,,,,,,,0,,,,,,,,9130865,djvu,8c701083f8906f2739a7b196d8cc895c,,,N:\\libgen djvu ocr\\136000\\ba23aff76482a6dd404c5f75fdc908f4-ocr.djvu,0,2000-01-01 01:00:00,2016-04-03 02:51:08,,,
18639940,,,,,,,,,,,0,,,,,,,,,,,,,,,,0,,,,,,,,579696,djvu,fc1baaea30e12d5e0f474d61ee0dc1d7,,,N:\\libgen djvu ocr\\136000\\f2ddac39183a1753319915984e35e66e-ocr.djvu,0,2000-01-01 01:00:00,2016-04-03 02:51:08,,,
18639941,,,,,,,,,,,0,,,,,,,,,,,,,,,,0,,,,,,,,2954570,djvu,f8ecb4a26afa010cb0fe939d5d057b2a,,,N:\\libgen djvu ocr\\136000\\b1e0787112548d867161f2942fa32eaa-ocr.djvu,0,2000-01-01 01:00:00,2016-04-03 02:51:08,,,
18639942,,,,,,,,,,,0,,,,,,,,,,,,,,,,0,,,,,,,,3276230,djvu,965eb1aa47bb03906106901420542469,,,N:\\libgen djvu ocr\\880000\\d523a09d3228b685f2bbf6a13ff99021-ocr.djvu,0,2000-01-01 01:00:00,2016-04-03 02:51:08,,,
18639943,,,,,,,,,,,0,,,,,,,,,,,,,,,,0,,,,,,,,5110622,djvu,115638292644ca238b332d7776a04a3a,,,N:\\libgen djvu ocr\\136000\\ab2d417a79e583820cba584362ca7091-ocr.djvu,0,2000-01-01 01:00:00,2016-04-03 02:51:08,,,
18639944,,,,,,,,,,,0,,,,,,,,,,,,,,,,0,,,,,,,,4424621,djvu,7c4384ecc30ac99e2dd747b77388b217,,,N:\\libgen djvu ocr\\136000\\bb829b56e748d7087c750031a7a32ace-ocr.djvu,0,2000-01-01 01:00:00,2016-04-03 02:51:08,,,
18639945,,,,,,,,,,,0,,,,,,,,,,,,,,,,0,,,,,,,,40432187,djvu,8bfb7960a9a6cc78197610d8f9789c97,,,N:\\libgen djvu ocr\\136000\\366b35a5aa2eafefd1a2429bfd5a2c8a-ocr.djvu,0,2000-01-01 01:00:00,2016-04-03 02:51:08,,,
18639946,,,,,,,,,,,0,,,,,,,,,,,,,,,,0,,,,,,,,4883374,djvu,a9bc02b133f592d43c897d4fdaac618e,,,N:\\libgen djvu ocr\\136000\\0cf7a1df6302616844c9e50658e17485-ocr.djvu,0,2000-01-01 01:00:00,2016-04-03 02:51:08,,,
18639947,,,,,,,,,,,0,,,,,,,,,,,,,,,,0,,,,,,,,2209665,djvu,cae0d077b98f9741462a8ff730efe2ca,,,N:\\libgen djvu ocr\\136000\\0c125d48e53800f2ea4d09237cf9c9d2-ocr.djvu,0,2000-01-01 01:00:00,2016-04-03 02:51:08,,,
18639948,,,,,,,,,,,0,,,,,,,,,,,,,,,,0,,,,,,,,3772000,djvu,3be038fa798d6892626759373316025b,,,N:\\libgen djvu ocr\\136000\\fbdb7ab4e3d61a7deb44ed82ffc69dc6-ocr.djvu,0,2000-01-01 01:00:00,2016-04-03 02:51:08,,,
18639949,,,,,,,,,,,0,,,,,,,,,,,,,,,,0,,,,,,,,1370907,djvu,e2a64546016c9a807a800d3a9a93ef98,,,N:\\libgen djvu ocr\\136000\\452e9ed05b60a44af4b7f5b84189d3db-ocr.djvu,0,2000-01-01 01:00:00,2016-04-03 02:51:08,,,
18639950,,,,,,,,,,,0,,,,,,,,,,,,,,,,0,,,,,,,,7708148,djvu,ea0fc2165254a8a75976ed30e6b49a77,,,N:\\libgen djvu ocr\\136000\\904604c5b02f854d4b051e78ba61620c-ocr.djvu,0,2000-01-01 01:00:00,2016-04-03 02:51:08,,,
18639951,,,,,,,,,,,0,,,,,,,,,,,,,,,,0,,,,,,,,2603110,djvu,782025fcf74746f0020d477ea7f23136,,,N:\\libgen djvu ocr\\136000\\bbb97d8a65c996389755c874ccd57eb9-ocr.djvu,0,2000-01-01 01:00:00,2016-04-03 02:51:08,,,
18639952,,,,,,,,,,,0,,,,,,,,,,,,,,,,0,,,,,,,,3446967,djvu,05a822ea0030678f9526a56b1a5483a2,,,N:\\libgen djvu ocr\\136000\\f71479ddb30484821eb6d082f24d1575-ocr.djvu,0,2000-01-01 01:00:00,2016-04-03 02:51:08,,,
18639953,,,,,,,,,,,0,,,,,,,,,,,,,,,,0,,,,,,,,3330895,djvu,4a99e305f5807d13a425abb347f92d2a,,,N:\\libgen djvu ocr\\136000\\9f5ffc55a3c7d551695f5b542205e88f-ocr.djvu,0,2000-01-01 01:00:00,2016-04-03 02:51:08,,,
18639954,,,,,,,,,,,0,,,,,,,,,,,,,,,,0,,,,,,,,3505998,djvu,67320ffceb02ed8d8d36b0c53cb927a1,,,N:\\libgen djvu ocr\\136000\\90b41a3213dbe148f0a1a9b9c62e51ec-ocr.djvu,0,2000-01-01 01:00:00,2016-04-03 02:51:08,,,
18639955,,,,,,,,,,,0,,,,,,,,,,,,,,,,0,,,,,,,,19073166,djvu,7ac1ea0b663da57d8a972eb9c899cc24,,,N:\\libgen djvu ocr\\136000\\5cfc5a57de6947d76f37f7ce7e3ce42f-ocr.djvu,0,2000-01-01 01:00:00,2016-04-03 02:51:08,,,
18639956,,,,,,,,,,,0,,,,,,,,,,,,,,,,0,,,,,,,,3588706,djvu,8ba22324b5192c71eccc3d17bf277a73,,,N:\\libgen djvu ocr\\136000\\a956110230c07758eec9d17de5b0d7b6-ocr.djvu,0,2000-01-01 01:00:00,2016-04-03 02:51:08,,,
18639957,,,,,,,,,,,0,,,,,,,,,,,,,,,,0,,,,,,,,3119494,djvu,4655429984523ff28542587fa07c2704,,,N:\\libgen djvu ocr\\137000\\578ad6801d8e001591f312ee0f1cf269-ocr.djvu,0,2000-01-01 01:00:00,2016-04-03 02:51:08,,,
18639958,,,,,,,,,,,0,,,,,,,,,,,,,,,,0,,,,,,,,3484474,djvu,e147f3b803fa75db3ad218f137ffa251,,,N:\\libgen djvu ocr\\137000\\3ce73e1c4cd141f1ee29c58f3875fb21-ocr.djvu,0,2000-01-01 01:00:00,2016-04-03 02:51:08,,,
18639959,,,,,,,,,,,0,,,,,,,,,,,,,,,,0,,,,,,,,981680,djvu,dc656cd1f398ddf351a03233eadce66d,,,N:\\libgen djvu ocr\\137000\\40ab42e44cb2d68be39528cd8c8ba50a-ocr.djvu,0,2000-01-01 01:00:00,2016-04-03 02:51:08,,,
18639960,,,,,,,,,,,0,,,,,,,,,,,,,,,,0,,,,,,,,1483624,djvu,69ad5d307abf00170f92716f53107ba8,,,N:\\libgen djvu ocr\\137000\\405e11242820f66556a847201c4acd0d-ocr.djvu,0,2000-01-01 01:00:00,2016-04-03 02:51:08,,,
18639961,,,,,,,,,,,0,,,,,,,,,,,,,,,,0,,,,,,,,3250453,djvu,199ed3051a0220dd4cf9a6ed06c8a255,,,N:\\libgen djvu ocr\\137000\\df9451c00bd03bd85d90ab752e7ebc99-ocr.djvu,0,2000-01-01 01:00:00,2016-04-03 02:51:08,,,
18639962,,,,,,,,,,,0,,,,,,,,,,,,,,,,0,,,,,,,,1391984,djvu,225c3b467e8887f92050c51752632a46,,,N:\\libgen djvu ocr\\137000\\f93408a214b901f96c0951b6f3c3aed4-ocr.djvu,0,2000-01-01 01:00:00,2016-04-03 02:51:08,,,
18639963,,,,,,,,,,,0,,,,,,,,,,,,,,,,0,,,,,,,,9985418,djvu,339b9c08c687e549bee6e5d2ef2720d8,,,N:\\libgen djvu ocr\\137000\\d87807eadff26186fd83275f1225a6a5-ocr.djvu,0,2000-01-01 01:00:00,2016-04-03 02:51:08,,,
18639964,,,,,,,,,,,0,,,,,,,,,,,,,,,,0,,,,,,,,2407824,djvu,9bb0f410e130da1fcd426f99a406c777,,,N:\\libgen djvu ocr\\137000\\3b35efed905918acfa9263ee3abb63eb-ocr.djvu,0,2000-01-01 01:00:00,2016-04-03 02:51:08,,,
18639965,,,,,,,,,,,0,,,,,,,,,,,,,,,,0,,,,,,,,4248386,djvu,240565ddc6aca2310759216b11066977,,,N:\\libgen djvu ocr\\137000\\d8caa4bf0e08280dc655ad08b089d90f-ocr.djvu,0,2000-01-01 01:00:00,2016-04-03 02:51:08,,,
18639966,,,,,,,,,,,0,,,,,,,,,,,,,,,,0,,,,,,,,3435463,djvu,797fa9f9b7fa6cc62dea82f87e864a14,,,N:\\libgen djvu ocr\\137000\\40e91f09267bf62e7d9807843710b3b6-ocr.djvu,0,2000-01-01 01:00:00,2016-04-03 02:51:08,,,
18639967,,,,,,,,,,,0,,,,,,,,,,,,,,,,0,,,,,,,,5151649,djvu,ced11d4d886160d5cb40a382aa58ec13,,,N:\\libgen djvu ocr\\137000\\d4a897d582510fd03710c965efec1678-ocr.djvu,0,2000-01-01 01:00:00,2016-04-03 02:51:08,,,
18639968,,,,,,,,,,,0,,,,,,,,,,,,,,,,0,,,,,,,,9533831,djvu,a52c5cefb16a40ada2eefe471fbe9842,,,N:\\libgen djvu ocr\\137000\\4eb40a490d9cca8ec9819d966c8585e1-ocr.djvu,0,2000-01-01 01:00:00,2016-04-03 02:51:08,,,
18639969,,,,,,,,,,,0,,,,,,,,,,,,,,,,0,,,,,,,,10319838,djvu,efceed24dc0ced2fd1080a889db30641,,,N:\\libgen djvu ocr\\137000\\0d8ed92591c157d2fefad1ad0142f39a-ocr.djvu,0,2000-01-01 01:00:00,2016-04-03 02:51:08,,,
18639970,,,,,,,,,,,0,,,,,,,,,,,,,,,,0,,,,,,,,14614453,djvu,cfdbc0f863cd2f9136a007d01d836917,,,N:\\libgen djvu ocr\\137000\\dbc8df6c6165da46d508717a229cc9b6-ocr.djvu,0,2000-01-01 01:00:00,2016-04-03 02:51:08,,,
18639971,,,,,,,,,,,0,,,,,,,,,,,,,,,,0,,,,,,,,23982154,djvu,da823fc5fb19542d39688c461fbec2e2,,,N:\\libgen djvu ocr\\137000\\b54f97aa6c9b06e5b7fa36afaead4028-ocr.djvu,0,2000-01-01 01:00:00,2016-04-03 02:51:08,,,
18639972,,,,,,,,,,,0,,,,,,,,,,,,,,,,0,,,,,,,,19431321,djvu,a52e8f80e084aec88c47808f462a64f0,,,N:\\libgen djvu ocr\\137000\\3dfb244d34352366a1a6e67cbac039b8-ocr.djvu,0,2000-01-01 01:00:00,2016-04-03 02:51:08,,,
18639973,,,,,,,,,,,0,,,,,,,,,,,,,,,,0,,,,,,,,14205098,djvu,c2fd9cf8204be2a123d2eb31521eb545,,,N:\\libgen djvu ocr\\137000\\80747a2b6d36000d05e8b87587a04d7e-ocr.djvu,0,2000-01-01 01:00:00,2016-04-03 02:51:08,,,
18639974,,,,,,,,,,,0,,,,,,,,,,,,,,,,0,,,,,,,,10887977,djvu,1b1130567db87dafe8ee46d0bcabd9ba,,,N:\\libgen djvu ocr\\137000\\812a3502d1cb57d516774a8dbfcbcdba-ocr.djvu,0,2000-01-01 01:00:00,2016-04-03 02:51:08,,,
18639975,,,,,,,,,,,0,,,,,,,,,,,,,,,,0,,,,,,,,13535363,djvu,71a7fe9eb64a6b0765b049787830adfe,,,N:\\libgen djvu ocr\\137000\\0a5e03216ece6d64df57473b64400885-ocr.djvu,0,2000-01-01 01:00:00,2016-04-03 02:51:08,,,
18639976,,,,,,,,,,,0,,,,,,,,,,,,,,,,0,,,,,,,,4085745,djvu,feb30f606d36d514a0618438bc2beff5,,,N:\\libgen djvu ocr\\137000\\ea18d1fbfe8e3e87c29ad1523d1d97ea-ocr.djvu,0,2000-01-01 01:00:00,2016-04-03 02:51:08,,,
18639977,,,,,,,,,,,0,,,,,,,,,,,,,,,,0,,,,,,,,37183416,djvu,acfa97834ae11ecf88a859bb04df3ef2,,,N:\\libgen djvu ocr\\137000\\6a527c620caf38a7c79ceec605415eae-ocr.djvu,0,2000-01-01 01:00:00,2016-04-03 02:51:08,,,
18639978,,,,,,,,,,,0,,,,,,,,,,,,,,,,0,,,,,,,,31082551,djvu,27bb751f40e2402caba75787e198fbc8,,,N:\\libgen djvu ocr\\137000\\b5446e5c44ef8152cdd288217dfc99f5-ocr.djvu,0,2000-01-01 01:00:00,2016-04-03 02:51:08,,,
18639979,,,,,,,,,,,0,,,,,,,,,,,,,,,,0,,,,,,,,16160751,djvu,1c7d51fecc226ed0f784ca9a71f61343,,,N:\\libgen djvu ocr\\137000\\b534f70e9574502d3ad3d5be891964bd-ocr.djvu,0,2000-01-01 01:00:00,2016-04-03 02:51:08,,,
18639980,,,,,,,,,,,0,,,,,,,,,,,,,,,,0,,,,,,,,22921266,djvu,fb3027d89352500b5f60a228ceb05f11,,,N:\\libgen djvu ocr\\137000\\78236daeec1594c898556f3d7a14a150-ocr.djvu,0,2000-01-01 01:00:00,2016-04-03 02:51:08,,,
18639981,,,,,,,,,,,0,,,,,,,,,,,,,,,,0,,,,,,,,2247406,djvu,b2d553b1adede4e46aca7a0e6573b53a,,,N:\\libgen djvu ocr\\137000\\b86591e41f95c9492d352044c473c561-ocr.djvu,0,2000-01-01 01:00:00,2016-04-03 02:51:08,,,
18639982,,,,,,,,,,,0,,,,,,,,,,,,,,,,0,,,,,,,,2367425,djvu,34a9315741f8002b57185c13fcdbc420,,,N:\\libgen djvu ocr\\137000\\7a9576848cb1c2efee6a555aa51315b1-ocr.djvu,0,2000-01-01 01:00:00,2016-04-03 02:51:08,,,
18639983,,,,,,,,,,,0,,,,,,,,,,,,,,,,0,,,,,,,,7031611,djvu,b1b8b28d8b8f9d3105b8970c418cfe62,,,N:\\libgen djvu ocr\\137000\\4db2e638dbe80b98ee12f4ef23cb7a0a-ocr.djvu,0,2000-01-01 01:00:00,2016-04-03 02:51:08,,,
18639984,,,,,,,,,,,0,,,,,,,,,,,,,,,,0,,,,,,,,80385295,djvu,30029e0c966d9dd1a55f8e9c3fb3da19,,,N:\\libgen djvu ocr\\137000\\d2f51a976d3ab6a9eafc54573f169ecf-ocr.djvu,0,2000-01-01 01:00:00,2016-04-03 02:51:08,,,
18639985,,,,,,,,,,,0,,,,,,,,,,,,,,,,0,,,,,,,,1791884,djvu,46db5dd638a771c3850885e2a5898324,,,N:\\libgen djvu ocr\\137000\\c301452d3d60b28219d9e94a040e4763-ocr.djvu,0,2000-01-01 01:00:00,2016-04-03 02:51:08,,,
18639986,,,,,,,,,,,0,,,,,,,,,,,,,,,,0,,,,,,,,1102805,djvu,4fe024a254eb6ea70cb2c04f8745665f,,,N:\\libgen djvu ocr\\137000\\472ac380469ba33f1cd3b14deadfea1c-ocr.djvu,0,2000-01-01 01:00:00,2016-04-03 02:51:08,,,
18639987,,,,,,,,,,,0,,,,,,,,,,,,,,,,0,,,,,,,,16140992,djvu,ca830772cd6c27302fb18633fcc58e32,,,N:\\libgen djvu ocr\\137000\\293138a03dfea3a048f19630582aed6d-ocr.djvu,0,2000-01-01 01:00:00,2016-04-03 02:51:08,,,
18639988,,,,,,,,,,,0,,,,,,,,,,,,,,,,0,,,,,,,,3245265,djvu,bac130aba695334a64331548322abf0d,,,N:\\libgen djvu ocr\\137000\\906245cf076ab4eb77c7322ddaf7d880-ocr.djvu,0,2000-01-01 01:00:00,2016-04-03 02:51:08,,,
18639989,,,,,,,,,,,0,,,,,,,,,,,,,,,,0,,,,,,,,3102233,djvu,f484734ff4d0e92c230519890270a32b,,,N:\\libgen djvu ocr\\137000\\d5e6fb0e47597069d3ded9a525d31c08-ocr.djvu,0,2000-01-01 01:00:00,2016-04-03 02:51:08,,,
18639990,,,,,,,,,,,0,,,,,,,,,,,,,,,,0,,,,,,,,4078029,djvu,144422c4f211da1b03bc87eed4b3b327,,,N:\\libgen djvu ocr\\138000\\eb85a62b8222dea548024020e505475f-ocr.djvu,0,2000-01-01 01:00:00,2016-04-03 02:51:08,,,
18639991,,,,,,,,,,,0,,,,,,,,,,,,,,,,0,,,,,,,,6666790,djvu,9b0f9de42b6a89d6f28da932178cbfc2,,,N:\\libgen djvu ocr\\880000\\81f9804e7df9799835387ac039754562-ocr.djvu,0,2000-01-01 01:00:00,2016-04-03 02:51:08,,,
18639992,,,,,,,,,,,0,,,,,,,,,,,,,,,,0,,,,,,,,24124157,djvu,4bd5d35242765de5348a1fa9d590886e,,,N:\\libgen djvu ocr\\880000\\f3496807de282cc23bfa4530e88b5028-ocr.djvu,0,2000-01-01 01:00:00,2016-04-03 02:51:08,,,
18639993,,,,,,,,,,,0,,,,,,,,,,,,,,,,0,,,,,,,,2737356,djvu,5ac9cfbdacf322d0c89097b652c9c659,,,N:\\libgen djvu ocr\\138000\\7d0f8ae25c2ef966b632968eaecef14f-ocr.djvu,0,2000-01-01 01:00:00,2016-04-03 02:51:08,,,
18639994,,,,,,,,,,,0,,,,,,,,,,,,,,,,0,,,,,,,,28896466,djvu,459913894fd57bf94356c906f6ada65f,,,N:\\libgen djvu ocr\\138000\\fa138aab48832abf748603438c5612e6-ocr.djvu,0,2000-01-01 01:00:00,2016-04-03 02:51:08,,,
18639995,,,,,,,,,,,0,,,,,,,,,,,,,,,,0,,,,,,,,11077468,djvu,7d3df48e55ea6e7364a9d0fb27bfe5cd,,,N:\\libgen djvu ocr\\138000\\3daf3b3aba32818216d084b4f8f8bce5-ocr.djvu,0,2000-01-01 01:00:00,2016-04-03 02:51:08,,,
18639996,,,,,,,,,,,0,,,,,,,,,,,,,,,,0,,,,,,,,9137297,djvu,7d7f2f415e0a283df083f85369c116c4,,,N:\\libgen djvu ocr\\138000\\81df298766f0a70242bf7e1e750eea91-ocr.djvu,0,2000-01-01 01:00:00,2016-04-03 02:51:08,,,
18639997,,,,,,,,,,,0,,,,,,,,,,,,,,,,0,,,,,,,,6098824,djvu,293ed97ff91b89db3759005069b76419,,,N:\\libgen djvu ocr\\138000\\917ba2463edc6bfaa372eed607c02a40-ocr.djvu,0,2000-01-01 01:00:00,2016-04-03 02:51:08,,,
18639998,,,,,,,,,,,0,,,,,,,,,,,,,,,,0,,,,,,,,5938945,djvu,e401fd646d2a97806d3d5422131bec80,,,N:\\libgen djvu ocr\\138000\\456eb427622b1b1b029f9037fcdd64e5-ocr.djvu,0,2000-01-01 01:00:00,2016-04-03 02:51:08,,,
18639999,,,,,,,,,,,0,,,,,,,,,,,,,,,,0,,,,,,,,3598273,djvu,a06312b96201cce1d1d18b1d6e16dafb,,,N:\\libgen djvu ocr\\138000\\c4016ab6b16d81c1b7b371bdc04bd343-ocr.djvu,0,2000-01-01 01:00:00,2016-04-03 02:51:08,,,
18640000,,,,,,,,,,,0,,,,,,,,,,,,,,,,0,,,,,,,,6744358,djvu,d6564c44b0d9a8a8cbdfe0a02e52e05a,,,N:\\libgen djvu ocr\\138000\\1eda1d097de458c1733edac74b9a09db-ocr.djvu,0,2000-01-01 01:00:00,2016-04-03 02:51:08,,,
18640001,,,,,,,,,,,0,,,,,,,,,,,,,,,,0,,,,,,,,15076625,djvu,a896eeb63bef70ced5d414a653f56b05,,,N:\\libgen djvu ocr\\138000\\f34d0a345fef2960ad9c8724dc814eaa-ocr.djvu,0,2000-01-01 01:00:00,2016-04-03 02:51:08,,,
18640002,,,,,,,,,,,0,,,,,,,,,,,,,,,,0,,,,,,,,6169145,djvu,591a586aba1d7be3b499adc4ae9c865c,,,N:\\libgen djvu ocr\\138000\\5e6dff4c9e025a84f5d70e6685894c75-ocr.djvu,0,2000-01-01 01:00:00,2016-04-03 02:51:08,,,
18640003,,,,,,,,,,,0,,,,,,,,,,,,,,,,0,,,,,,,,7063651,djvu,a9369de2820d9f69825a0ab0345d51dc,,,N:\\libgen djvu ocr\\138000\\928153763e8b64cada761e67102f7631-ocr.djvu,0,2000-01-01 01:00:00,2016-04-03 02:51:08,,,
18640004,,,,,,,,,,,0,,,,,,,,,,,,,,,,0,,,,,,,,36670855,djvu,b4809a540ceff14458386526cebc4809,,,N:\\libgen djvu ocr\\138000\\a217d2ced17c045fd86d27c68ea950de-ocr.djvu,0,2000-01-01 01:00:00,2016-04-03 02:51:08,,,
18640005,,,,,,,,,,,0,,,,,,,,,,,,,,,,0,,,,,,,,6921171,djvu,c2d03d3b50a5cecf965645c86d7f0e06,,,N:\\libgen djvu ocr\\138000\\42f7ead406bb2cacc298d84d3a23296f-ocr.djvu,0,2000-01-01 01:00:00,2016-04-03 02:51:08,,,
18640006,,,,,,,,,,,0,,,,,,,,,,,,,,,,0,,,,,,,,45930935,djvu,d7237d58cbe538fd757ee5e5e312a225,,,N:\\libgen djvu ocr\\880000\\124dbf6c592314ea6f97c35f224fdf46-ocr.djvu,0,2000-01-01 01:00:00,2016-04-03 02:51:08,,,
18640007,,,,,,,,,,,0,,,,,,,,,,,,,,,,0,,,,,,,,5681605,djvu,c84b2cb3df1d08ae1ffb4bf8f1a0e420,,,N:\\libgen djvu ocr\\139000\\71ce6b391d23f72312802d5d335c0ba0-ocr.djvu,0,2000-01-01 01:00:00,2016-04-03 02:51:08,,,
18640008,,,,,,,,,,,0,,,,,,,,,,,,,,,,0,,,,,,,,2698949,djvu,e6ee2419f156b71da894dc28da89389e,,,N:\\libgen djvu ocr\\139000\\0b8f95e50340089dd47767f2dcf0731e-ocr.djvu,0,2000-01-01 01:00:00,2016-04-03 02:51:08,,,
18640009,,,,,,,,,,,0,,,,,,,,,,,,,,,,0,,,,,,,,17495117,djvu,d1460ea76fb3351ea2a38ba40bfb0ea7,,,N:\\libgen djvu ocr\\139000\\78c3cedd36ffe4663783860df61f335b-ocr.djvu,0,2000-01-01 01:00:00,2016-04-03 02:51:08,,,
18640010,,,,,,,,,,,0,,,,,,,,,,,,,,,,0,,,,,,,,5664334,djvu,da16ec164f99ef41cb2a143f8ffe8997,,,N:\\libgen djvu ocr\\139000\\62ff3725c2c413669e750c276e66ed81-ocr.djvu,0,2000-01-01 01:00:00,2016-04-03 02:51:08,,,
18640011,,,,,,,,,,,0,,,,,,,,,,,,,,,,0,,,,,,,,12676231,djvu,f2020ab28b0757fadd9f3f3073bed515,,,N:\\libgen djvu ocr\\139000\\60caaebc34cd91328fa9dadb24e76df6-ocr.djvu,0,2000-01-01 01:00:00,2016-04-03 02:51:08,,,
18640012,,,,,,,,,,,0,,,,,,,,,,,,,,,,0,,,,,,,,7566845,djvu,ae2bcb58fa7b60f02714bd00d289944e,,,N:\\libgen djvu ocr\\139000\\4bf47b1f5bbc9c64cc2481f43c3d30c1-ocr.djvu,0,2000-01-01 01:00:00,2016-04-03 02:51:08,,,
18640013,,,,,,,,,,,0,,,,,,,,,,,,,,,,0,,,,,,,,1832600,djvu,a8bf4211f151bb14b9fc60b4c1bbf21b,,,N:\\libgen djvu ocr\\139000\\70587665f87ce71a52227d6eb18c5d9a-ocr.djvu,0,2000-01-01 01:00:00,2016-04-03 02:51:08,,,
18640014,,,,,,,,,,,0,,,,,,,,,,,,,,,,0,,,,,,,,14700468,djvu,1f12f1153c9fa0e99ae5dbd48d50c6c2,,,N:\\libgen djvu ocr\\139000\\8847f70e2f46cf174b68601f6cb89b3d-ocr.djvu,0,2000-01-01 01:00:00,2016-04-03 02:51:08,,,
18640015,,,,,,,,,,,0,,,,,,,,,,,,,,,,0,,,,,,,,5080264,djvu,3bdc5fb70de983e91b68d53e45817423,,,N:\\libgen djvu ocr\\139000\\f12a5fee2fe5ea52c8fe969a5ce24ccd-ocr.djvu,0,2000-01-01 01:00:00,2016-04-03 02:51:08,,,
18640016,,,,,,,,,,,0,,,,,,,,,,,,,,,,0,,,,,,,,4407040,djvu,1c0b6635261c1d9750fa16ad6ddd5873,,,N:\\libgen djvu ocr\\139000\\809461efbbd875274b7f0a7e14899272-ocr.djvu,0,2000-01-01 01:00:00,2016-04-03 02:51:08,,,
18640017,,,,,,,,,,,0,,,,,,,,,,,,,,,,0,,,,,,,,5502739,djvu,0ccf06f719696572431393922df79f0b,,,N:\\libgen djvu ocr\\139000\\54bf18227fbec8be3ffbeb6b17a9f692-ocr.djvu,0,2000-01-01 01:00:00,2016-04-03 02:51:08,,,
18640018,,,,,,,,,,,0,,,,,,,,,,,,,,,,0,,,,,,,,8946804,djvu,0fd0ad5357604d4bfcdbfed4af56b9fe,,,N:\\libgen djvu ocr\\139000\\ab1d0073fe6ee3cc13dc18336e3aca28-ocr.djvu,0,2000-01-01 01:00:00,2016-04-03 02:51:08,,,
18640019,,,,,,,,,,,0,,,,,,,,,,,,,,,,0,,,,,,,,1069419,djvu,255af1c4c3cf836da0b301e0b17b11ce,,,N:\\libgen djvu ocr\\139000\\0bd459aa15425e392b4cb87f9c3a04f2-ocr.djvu,0,2000-01-01 01:00:00,2016-04-03 02:51:08,,,
18640020,,,,,,,,,,,0,,,,,,,,,,,,,,,,0,,,,,,,,14880693,djvu,c4e7ef3391269a44e6d430ff2dbf36a9,,,N:\\libgen djvu ocr\\139000\\30fa7103687e8de6301bcca37763f030-ocr.djvu,0,2000-01-01 01:00:00,2016-04-03 02:51:08,,,
18640021,,,,,,,,,,,0,,,,,,,,,,,,,,,,0,,,,,,,,1008448,djvu,617979a7ec1449f562560863397e79c4,,,N:\\libgen djvu ocr\\139000\\de46336d435b3c1cedd2a6072c6b73d8-ocr.djvu,0,2000-01-01 01:00:00,2016-04-03 02:51:08,,,
18640022,,,,,,,,,,,0,,,,,,,,,,,,,,,,0,,,,,,,,4658698,djvu,875b84f8d8e8c45a323f9395ea7bf186,,,N:\\libgen djvu ocr\\139000\\72c431c53f7d8105658c3be0f54c0398-ocr.djvu,0,2000-01-01 01:00:00,2016-04-03 02:51:08,,,
18640023,,,,,,,,,,,0,,,,,,,,,,,,,,,,0,,,,,,,,8057121,djvu,b3e3df72155eda8138c26706e6644c9b,,,N:\\libgen djvu ocr\\139000\\21f4857f69a4376281fe658179a457f6-ocr.djvu,0,2000-01-01 01:00:00,2016-04-03 02:51:08,,,
18640024,,,,,,,,,,,0,,,,,,,,,,,,,,,,0,,,,,,,,11173493,djvu,ea98f19e125291ecf759bcf8b9d09837,,,N:\\libgen djvu ocr\\139000\\bed922508b8306ea9bcdb5ddb229fac6-ocr.djvu,0,2000-01-01 01:00:00,2016-04-03 02:51:08,,,
18640025,,,,,,,,,,,0,,,,,,,,,,,,,,,,0,,,,,,,,6486166,djvu,9c4d75a399a2b067723a8c4ee7aeb109,,,N:\\libgen djvu ocr\\139000\\7539a4b3c3ad49fb7e64fc099a02738c-ocr.djvu,0,2000-01-01 01:00:00,2016-04-03 02:51:08,,,
18640026,,,,,,,,,,,0,,,,,,,,,,,,,,,,0,,,,,,,,2937868,djvu,bff66ee7bfb2e838a97e8861eab1c5c0,,,N:\\libgen djvu ocr\\139000\\2821d883c6560807e538ed9ebcd47db0-ocr.djvu,0,2000-01-01 01:00:00,2016-04-03 02:51:08,,,
18640027,,,,,,,,,,,0,,,,,,,,,,,,,,,,0,,,,,,,,18960641,djvu,2ac821ed05cac6bf2d173047b804af6d,,,N:\\libgen djvu ocr\\139000\\4e5e1bd915a4036ca4084ce66b6b34b7-ocr.djvu,0,2000-01-01 01:00:00,2016-04-03 02:51:08,,,
18640028,,,,,,,,,,,0,,,,,,,,,,,,,,,,0,,,,,,,,5806954,djvu,7ac3776c39a5dcba3dc81c3ee0e30a8d,,,N:\\libgen djvu ocr\\139000\\e5a8bc6046572152ba206035ac4bf8e3-ocr.djvu,0,2000-01-01 01:00:00,2016-04-03 02:51:08,,,
18640029,,,,,,,,,,,0,,,,,,,,,,,,,,,,0,,,,,,,,3230620,djvu,7144eeb0842b863ca803dc78998a2900,,,N:\\libgen djvu ocr\\139000\\ce903f2c3a28c9b5b607898557d32b56-ocr.djvu,0,2000-01-01 01:00:00,2016-04-03 02:51:08,,,
18640030,,,,,,,,,,,0,,,,,,,,,,,,,,,,0,,,,,,,,2287005,djvu,8122c408e32504532528b9bb16de5b8d,,,N:\\libgen djvu ocr\\139000\\83f3b80f2c5e8a901f811795cd2d19f2-ocr.djvu,0,2000-01-01 01:00:00,2016-04-03 02:51:08,,,
18640031,,,,,,,,,,,0,,,,,,,,,,,,,,,,0,,,,,,,,7887111,djvu,bf882fd9144625c0adb1ca143a9275ac,,,N:\\libgen djvu ocr\\139000\\72e2a6361be8199483d15ca1351e0c99-ocr.djvu,0,2000-01-01 01:00:00,2016-04-03 02:51:08,,,
18640032,,,,,,,,,,,0,,,,,,,,,,,,,,,,0,,,,,,,,11268427,djvu,d231651f59684e0d9b0682268734f199,,,N:\\libgen djvu ocr\\880000\\71e400f485e4f2d00bb4240d11967c46-ocr.djvu,0,2000-01-01 01:00:00,2016-04-03 02:51:08,,,
18640033,,,,,,,,,,,0,,,,,,,,,,,,,,,,0,,,,,,,,1344391,djvu,c2801df703649953ea1591b29f00635e,,,N:\\libgen djvu ocr\\139000\\6b74feb52212e581fb26d50d29e9866b-ocr.djvu,0,2000-01-01 01:00:00,2016-04-03 02:51:08,,,
18640034,,,,,,,,,,,0,,,,,,,,,,,,,,,,0,,,,,,,,8370054,djvu,3440f1eabb57906ba6a09849fdb06bab,,,N:\\libgen djvu ocr\\140000\\bc96a0faa33176d4d2fcb6b5e23317b5-ocr.djvu,0,2000-01-01 01:00:00,2016-04-03 02:51:08,,,
18640035,,,,,,,,,,,0,,,,,,,,,,,,,,,,0,,,,,,,,48262325,djvu,921c261160eff80455ce0d1ec2a39bf3,,,N:\\libgen djvu ocr\\140000\\a72befe7b179023c3215f12f2d0a5787-ocr.djvu,0,2000-01-01 01:00:00,2016-04-03 02:51:08,,,
18640036,,,,,,,,,,,0,,,,,,,,,,,,,,,,0,,,,,,,,1380894,djvu,7289967ba38dfe0ce4698279f7f13793,,,N:\\libgen djvu ocr\\140000\\3435a3376985cadfa0c5ff5428558ad9-ocr.djvu,0,2000-01-01 01:00:00,2016-04-03 02:51:08,,,
18640037,,,,,,,,,,,0,,,,,,,,,,,,,,,,0,,,,,,,,11371268,djvu,3e5acafed5699aff51004f29fbffb766,,,N:\\libgen djvu ocr\\140000\\efe1adc0ea8c5b3905771ef3d79e2747-ocr.djvu,0,2000-01-01 01:00:00,2016-04-03 02:51:08,,,
18640038,,,,,,,,,,,0,,,,,,,,,,,,,,,,0,,,,,,,,10608992,djvu,9c01caa4e6785863dc04aeb1c260a03f,,,N:\\libgen djvu ocr\\140000\\3430b31d5f892adf51aef8385bf1c54d-ocr.djvu,0,2000-01-01 01:00:00,2016-04-03 02:51:08,,,
18640039,,,,,,,,,,,0,,,,,,,,,,,,,,,,0,,,,,,,,833401,djvu,7d96e655f6e3195f10124ca9b738a906,,,N:\\libgen djvu ocr\\140000\\658dc4604ed8edb1c1413e6e46571f8e-ocr.djvu,0,2000-01-01 01:00:00,2016-04-03 02:51:08,,,
18640040,,,,,,,,,,,0,,,,,,,,,,,,,,,,0,,,,,,,,12134961,djvu,d20751fb4166af7eb0e415186f3a533c,,,N:\\libgen djvu ocr\\140000\\0ee5c589dabc41ca300d86d987992afb-ocr.djvu,0,2000-01-01 01:00:00,2016-04-03 02:51:08,,,
18640041,,,,,,,,,,,0,,,,,,,,,,,,,,,,0,,,,,,,,22599992,djvu,6d49e4c18b0871c25937b550c1510dd4,,,N:\\libgen djvu ocr\\140000\\db45c1b5bec29c684699a0f2b78142fc-ocr.djvu,0,2000-01-01 01:00:00,2016-04-03 02:51:08,,,
18640042,,,,,,,,,,,0,,,,,,,,,,,,,,,,0,,,,,,,,25002973,djvu,514a202180a2405442429c4847ebbef0,,,N:\\libgen djvu ocr\\140000\\9707d009e1af04bff27082c8a2035811-ocr.djvu,0,2000-01-01 01:00:00,2016-04-03 02:51:08,,,
18640043,,,,,,,,,,,0,,,,,,,,,,,,,,,,0,,,,,,,,15516155,djvu,f9faba1175730bb6e29a9b82b1c0aa52,,,N:\\libgen djvu ocr\\140000\\6df746216f2c4ccf851b7b83a73ee3d5-ocr.djvu,0,2000-01-01 01:00:00,2016-04-03 02:51:08,,,
18640044,,,,,,,,,,,0,,,,,,,,,,,,,,,,0,,,,,,,,15736850,djvu,c2122a1c0f375be92511466a00cda167,,,N:\\libgen djvu ocr\\140000\\887c282714e26885a1731f7c767801ac-ocr.djvu,0,2000-01-01 01:00:00,2016-04-03 02:51:08,,,
18640045,,,,,,,,,,,0,,,,,,,,,,,,,,,,0,,,,,,,,3995096,djvu,4b168f180ba529aab6234236408e4098,,,N:\\libgen djvu ocr\\140000\\27eb66de30951e937589fe5dcb41741f-ocr.djvu,0,2000-01-01 01:00:00,2016-04-03 02:51:08,,,
18640046,,,,,,,,,,,0,,,,,,,,,,,,,,,,0,,,,,,,,11165631,djvu,761ad1ecd353a538984dafdd2b621b5a,,,N:\\libgen djvu ocr\\140000\\3ed6c2e996ba0aad8f17093164fafc49-ocr.djvu,0,2000-01-01 01:00:00,2016-04-03 02:51:08,,,
18640047,,,,,,,,,,,0,,,,,,,,,,,,,,,,0,,,,,,,,4155083,djvu,4d979bc458604e4be20c1bf1a29acbc4,,,N:\\libgen djvu ocr\\140000\\02d2bf63b329e390d49ddbcb524f1531-ocr.djvu,0,2000-01-01 01:00:00,2016-04-03 02:51:08,,,
18640048,,,,,,,,,,,0,,,,,,,,,,,,,,,,0,,,,,,,,42043332,djvu,3291c2efa1550a805d0e8c853038952c,,,N:\\libgen djvu ocr\\880000\\5d465ba9630a190a373859525b9c5945-ocr.djvu,0,2000-01-01 01:00:00,2016-04-03 02:51:08,,,
18640049,,,,,,,,,,,0,,,,,,,,,,,,,,,,0,,,,,,,,40603507,djvu,c8684aeb17fa34fbd006c93bb7c2d3ac,,,N:\\libgen djvu ocr\\140000\\b013b1df7264b725778130ccb0d00750-ocr.djvu,0,2000-01-01 01:00:00,2016-04-03 02:51:08,,,
18640050,,,,,,,,,,,0,,,,,,,,,,,,,,,,0,,,,,,,,4782293,djvu,ab8a8aff1ca59db18d6744fd851da434,,,N:\\libgen djvu ocr\\140000\\7aa6e7976b8f4c818ec8aaa17f312353-ocr.djvu,0,2000-01-01 01:00:00,2016-04-03 02:51:08,,,
18640051,,,,,,,,,,,0,,,,,,,,,,,,,,,,0,,,,,,,,3919028,djvu,7f85cedd266117f5ae256925fb4a8f65,,,N:\\libgen djvu ocr\\140000\\aec732fb6ccb6781dfc1ff33db716210-ocr.djvu,0,2000-01-01 01:00:00,2016-04-03 02:51:08,,,
18640052,,,,,,,,,,,0,,,,,,,,,,,,,,,,0,,,,,,,,3541235,djvu,bbb1a8410399acdb40fe920c24168651,,,N:\\libgen djvu ocr\\140000\\3ba1c933f4952316a2cd3e3c599d6e73-ocr.djvu,0,2000-01-01 01:00:00,2016-04-03 02:51:08,,,
18640053,,,,,,,,,,,0,,,,,,,,,,,,,,,,0,,,,,,,,4590914,djvu,ab11957a94ca6ae936c9a7b24f5835dd,,,N:\\libgen djvu ocr\\140000\\39180d246fe5952c8066e55ffcb4c3f4-ocr.djvu,0,2000-01-01 01:00:00,2016-04-03 02:51:08,,,
18640054,,,,,,,,,,,0,,,,,,,,,,,,,,,,0,,,,,,,,22917232,djvu,3d4b516d0eca74ed4f5c449a3a67b2de,,,N:\\libgen djvu ocr\\140000\\f1758f77528eadb7d5117cd56eda070b-ocr.djvu,0,2000-01-01 01:00:00,2016-04-03 02:51:08,,,
18640055,,,,,,,,,,,0,,,,,,,,,,,,,,,,0,,,,,,,,14214644,djvu,c5a1630a16c4edbed4d635abfe25249c,,,N:\\libgen djvu ocr\\140000\\4ad715e78daa1d0a3f1084f07d054097-ocr.djvu,0,2000-01-01 01:00:00,2016-04-03 02:51:08,,,
18640056,,,,,,,,,,,0,,,,,,,,,,,,,,,,0,,,,,,,,3106157,djvu,827bdd227c5ee52d88f54403fff335b2,,,N:\\libgen djvu ocr\\140000\\f4e80e4e8f89cf05b69b0a240ab111c6-ocr.djvu,0,2000-01-01 01:00:00,2016-04-03 02:51:08,,,
18640057,,,,,,,,,,,0,,,,,,,,,,,,,,,,0,,,,,,,,7027497,djvu,2bab64027e7d5d98310246ffa0329dd1,,,N:\\libgen djvu ocr\\140000\\90e28c69ba3193cfc9a277f277bdddc6-ocr.djvu,0,2000-01-01 01:00:00,2016-04-03 02:51:08,,,
18640058,,,,,,,,,,,0,,,,,,,,,,,,,,,,0,,,,,,,,1335245,djvu,8fef403a7a0d122ca9067ca779043fb5,,,N:\\libgen djvu ocr\\140000\\b991abce9040ef222379d6bcb5b7cdd1-ocr.djvu,0,2000-01-01 01:00:00,2016-04-03 02:51:08,,,
18640059,,,,,,,,,,,0,,,,,,,,,,,,,,,,0,,,,,,,,39996885,djvu,fd5c903cff138d2a122875fbf14d7e39,,,N:\\libgen djvu ocr\\882000\\d820d2ea80382e97bd86916995e22d64-ocr.djvu,0,2000-01-01 01:00:00,2016-04-03 02:51:08,,,
18640060,,,,,,,,,,,0,,,,,,,,,,,,,,,,0,,,,,,,,11701497,djvu,fe52c40ce83dd98d4fd82da66ae9d025,,,N:\\libgen djvu ocr\\140000\\4158915aa1a58c02adb64823eff5f375-ocr.djvu,0,2000-01-01 01:00:00,2016-04-03 02:51:08,,,
18640061,,,,,,,,,,,0,,,,,,,,,,,,,,,,0,,,,,,,,4920707,djvu,bca38da69ad442278630bc4009e37378,,,N:\\libgen djvu ocr\\140000\\a22699bd3acd935f8176cf68df86a5aa-ocr.djvu,0,2000-01-01 01:00:00,2016-04-03 02:51:08,,,
18640062,,,,,,,,,,,0,,,,,,,,,,,,,,,,0,,,,,,,,2610078,djvu,2941a53e2c608dbc926839adc067e651,,,N:\\libgen djvu ocr\\140000\\d199b8980ec670c0322a2b5d123e18bd-ocr.djvu,0,2000-01-01 01:00:00,2016-04-03 02:51:08,,,
18640063,,,,,,,,,,,0,,,,,,,,,,,,,,,,0,,,,,,,,4380009,djvu,31a0622a415bb55c25b193a756ad5d96,,,N:\\libgen djvu ocr\\140000\\72eae00524e6071a5a4b447f4091689b-ocr.djvu,0,2000-01-01 01:00:00,2016-04-03 02:51:08,,,
18640064,,,,,,,,,,,0,,,,,,,,,,,,,,,,0,,,,,,,,4111996,djvu,1d3593d4f944a226efc4be54393ebc16,,,N:\\libgen djvu ocr\\140000\\b97038284deb3fcff50018edd2537f8e-ocr.djvu,0,2000-01-01 01:00:00,2016-04-03 02:51:08,,,
18640065,,,,,,,,,,,0,,,,,,,,,,,,,,,,0,,,,,,,,17314678,djvu,8ab23131b1e3005e086fe33a36f27062,,,N:\\libgen djvu ocr\\140000\\0dcb56c3c5cbcc614f888053db33a735-ocr.djvu,0,2000-01-01 01:00:00,2016-04-03 02:51:08,,,
18640066,,,,,,,,,,,0,,,,,,,,,,,,,,,,0,,,,,,,,4436655,djvu,aceafd37322d67b783fb9d5c29dbab7c,,,N:\\libgen djvu ocr\\140000\\32bfc384f9582ea2958905cbb6729815-ocr.djvu,0,2000-01-01 01:00:00,2016-04-03 02:51:08,,,
18640067,,,,,,,,,,,0,,,,,,,,,,,,,,,,0,,,,,,,,6988059,djvu,3a49d0f355366219bb84bee8948ca4e2,,,N:\\libgen djvu ocr\\140000\\5e718ef3c445705f40ac4a405818d1d5-ocr.djvu,0,2000-01-01 01:00:00,2016-04-03 02:51:08,,,
18640068,,,,,,,,,,,0,,,,,,,,,,,,,,,,0,,,,,,,,5842797,djvu,57da372d4209f34c797999c952dc0e1b,,,N:\\libgen djvu ocr\\140000\\931970686f2de9c9e4a6ed5e5b5bc0eb-ocr.djvu,0,2000-01-01 01:00:00,2016-04-03 02:51:08,,,
18640069,,,,,,,,,,,0,,,,,,,,,,,,,,,,0,,,,,,,,13533919,djvu,5b6870e5a3a3e3f1152dbac87acf9a35,,,N:\\libgen djvu ocr\\140000\\e66e132479f59467aeeebe8e80857baa-ocr.djvu,0,2000-01-01 01:00:00,2016-04-03 02:51:08,,,
18640070,,,,,,,,,,,0,,,,,,,,,,,,,,,,0,,,,,,,,4704030,djvu,a66298780464ffd50993ba1a9135ab17,,,N:\\libgen djvu ocr\\140000\\572893712c71fe6a2b9f7b02b43e441b-ocr.djvu,0,2000-01-01 01:00:00,2016-04-03 02:51:08,,,
18640071,,,,,,,,,,,0,,,,,,,,,,,,,,,,0,,,,,,,,5989788,djvu,ba2c78dce82649a826a8f4fe056143dc,,,N:\\libgen djvu ocr\\140000\\e42b65f8b7d9feca80a852a0b156e6f0-ocr.djvu,0,2000-01-01 01:00:00,2016-04-03 02:51:08,,,
18640072,,,,,,,,,,,0,,,,,,,,,,,,,,,,0,,,,,,,,4886785,djvu,8dced2a3e40ab34e7b69ced974cf4696,,,N:\\libgen djvu ocr\\140000\\2e066f2090e9754f40415b5154a47a80-ocr.djvu,0,2000-01-01 01:00:00,2016-04-03 02:51:08,,,
18640073,,,,,,,,,,,0,,,,,,,,,,,,,,,,0,,,,,,,,3510355,djvu,b815f41a4e16c22c399ddb98f8d46681,,,N:\\libgen djvu ocr\\140000\\4c36dce90a704acae5e4593a798ff8df-ocr.djvu,0,2000-01-01 01:00:00,2016-04-03 02:51:08,,,
18640074,,,,,,,,,,,0,,,,,,,,,,,,,,,,0,,,,,,,,2866782,djvu,86580c9bcf3bacd070bbe977c33f3233,,,N:\\libgen djvu ocr\\140000\\4ff891cd5c7e0c3349714f99b97bfae5-ocr.djvu,0,2000-01-01 01:00:00,2016-04-03 02:51:08,,,
18640075,,,,,,,,,,,0,,,,,,,,,,,,,,,,0,,,,,,,,958386,djvu,8faaa97d80eafe6daaf7037842f35c4a,,,N:\\libgen djvu ocr\\140000\\ccb2999ad98443003e94a78208b94f28-ocr.djvu,0,2000-01-01 01:00:00,2016-04-03 02:51:08,,,
18640076,,,,,,,,,,,0,,,,,,,,,,,,,,,,0,,,,,,,,15860515,djvu,fd0071f981c0cb4a335206b81718b121,,,N:\\libgen djvu ocr\\140000\\44b24f8f1755f07396a4dab6cf0dadc9-ocr.djvu,0,2000-01-01 01:00:00,2016-04-03 02:51:08,,,
18640077,,,,,,,,,,,0,,,,,,,,,,,,,,,,0,,,,,,,,2690511,djvu,a2c7cd8f9a9a5193ea86f3cd4cbf3ab7,,,N:\\libgen djvu ocr\\140000\\ff10dfdcb9ec3e06ff43b373756b866f-ocr.djvu,0,2000-01-01 01:00:00,2016-04-03 02:51:08,,,
18640078,,,,,,,,,,,0,,,,,,,,,,,,,,,,0,,,,,,,,2861718,djvu,3b8f1eb38f398bc6db174118192b49b9,,,N:\\libgen djvu ocr\\140000\\1018424ba4e8223dc29b36082bc7825c-ocr.djvu,0,2000-01-01 01:00:00,2016-04-03 02:51:08,,,
18640079,,,,,,,,,,,0,,,,,,,,,,,,,,,,0,,,,,,,,6959539,djvu,73f58417ae6b860e50f5d240ef38e7a9,,,N:\\libgen djvu ocr\\140000\\9a6d95f7edead50eb500fb5c54573673-ocr.djvu,0,2000-01-01 01:00:00,2016-04-03 02:51:08,,,
18640080,,,,,,,,,,,0,,,,,,,,,,,,,,,,0,,,,,,,,7582553,djvu,710f1cbef9d64549ab5f419b4618e86c,,,N:\\libgen djvu ocr\\140000\\2928e7eeb52d453c0232dfb35551f836-ocr.djvu,0,2000-01-01 01:00:00,2016-04-03 02:51:08,,,
18640081,,,,,,,,,,,0,,,,,,,,,,,,,,,,0,,,,,,,,21874009,djvu,e7592152fd5be8d9af62a9d4eb31b42b,,,N:\\libgen djvu ocr\\140000\\3369662b661f74847f09b39fce97353a-ocr.djvu,0,2000-01-01 01:00:00,2016-04-03 02:51:08,,,
18640082,,,,,,,,,,,0,,,,,,,,,,,,,,,,0,,,,,,,,2436365,djvu,1695624ad47d7422394695e7be0e8c71,,,N:\\libgen djvu ocr\\140000\\e160870954986a232102232b361a18a5-ocr.djvu,0,2000-01-01 01:00:00,2016-04-03 02:51:08,,,
18640083,,,,,,,,,,,0,,,,,,,,,,,,,,,,0,,,,,,,,6373270,djvu,bff6eed2eab4bf845986a2d1a4b73971,,,N:\\libgen djvu ocr\\140000\\9e0f48c6d6d915a4ea496299ff744650-ocr.djvu,0,2000-01-01 01:00:00,2016-04-03 02:51:08,,,
18640084,,,,,,,,,,,0,,,,,,,,,,,,,,,,0,,,,,,,,3842464,djvu,ca0d883bb1b72fab9288a0d736b27722,,,N:\\libgen djvu ocr\\140000\\d35e89e6b7dd0459898e52d17a34bcbf-ocr.djvu,0,2000-01-01 01:00:00,2016-04-03 02:51:08,,,
18640085,,,,,,,,,,,0,,,,,,,,,,,,,,,,0,,,,,,,,9910676,djvu,0707148deb2a07f5f3720cb58545e6b7,,,N:\\libgen djvu ocr\\140000\\8ef8c1f8d72481415707938ed55ac420-ocr.djvu,0,2000-01-01 01:00:00,2016-04-03 02:51:08,,,
18640086,,,,,,,,,,,0,,,,,,,,,,,,,,,,0,,,,,,,,34396079,djvu,3304751c9bf2228fb0e0653b17e55fc3,,,N:\\libgen djvu ocr\\140000\\464646ae36e5155b258662279d7fa333-ocr.djvu,0,2000-01-01 01:00:00,2016-04-03 02:51:08,,,
18640087,,,,,,,,,,,0,,,,,,,,,,,,,,,,0,,,,,,,,6214958,djvu,846df7ea1bda7a7e8cd1ab6b681bad7c,,,N:\\libgen djvu ocr\\140000\\249a8312a1eab7c28afa03a9c3482a5d-ocr.djvu,0,2000-01-01 01:00:00,2016-04-03 02:51:08,,,
18640088,,,,,,,,,,,0,,,,,,,,,,,,,,,,0,,,,,,,,4029616,djvu,1df63aecc12202702147f1ff3fa0c528,,,N:\\libgen djvu ocr\\140000\\ed34a24ad2c956e63e5a1330a17cf8a6-ocr.djvu,0,2000-01-01 01:00:00,2016-04-03 02:51:08,,,
18640089,,,,,,,,,,,0,,,,,,,,,,,,,,,,0,,,,,,,,8175346,djvu,a120bf4bc027916fd65d30f37f9786c0,,,N:\\libgen djvu ocr\\140000\\825ca1e0e15ace0b51be454b6d5308f9-ocr.djvu,0,2000-01-01 01:00:00,2016-04-03 02:51:08,,,
18640090,,,,,,,,,,,0,,,,,,,,,,,,,,,,0,,,,,,,,2289815,djvu,b1cdfaeb941c1c8807d38db334fcdbc4,,,N:\\libgen djvu ocr\\140000\\a050250cd32f89fbebe30e4c4c7e9344-ocr.djvu,0,2000-01-01 01:00:00,2016-04-03 02:51:08,,,
18640091,,,,,,,,,,,0,,,,,,,,,,,,,,,,0,,,,,,,,952278,djvu,15c6f4f21a5a8cef3725b7141b423322,,,N:\\libgen djvu ocr\\140000\\e46f5a949c16a49cf641a78d70b22098-ocr.djvu,0,2000-01-01 01:00:00,2016-04-03 02:51:08,,,
18640092,,,,,,,,,,,0,,,,,,,,,,,,,,,,0,,,,,,,,8590732,djvu,efbc2be20aa7b289399e220dac11a998,,,N:\\libgen djvu ocr\\140000\\8a403f38b74de32e6023df09e09df750-ocr.djvu,0,2000-01-01 01:00:00,2016-04-03 02:51:08,,,
18640093,,,,,,,,,,,0,,,,,,,,,,,,,,,,0,,,,,,,,2049377,djvu,b0e229dfc8c009b2d4329359f2ba770b,,,N:\\libgen djvu ocr\\140000\\301676543bc403ad5e0da4382cee8af6-ocr.djvu,0,2000-01-01 01:00:00,2016-04-03 02:51:08,,,
18640094,,,,,,,,,,,0,,,,,,,,,,,,,,,,0,,,,,,,,4483767,djvu,42437a7b5cbd10a18255a55938e38e73,,,N:\\libgen djvu ocr\\140000\\5eb4c93ebc262531b7272bca1781a576-ocr.djvu,0,2000-01-01 01:00:00,2016-04-03 02:51:08,,,
18640095,,,,,,,,,,,0,,,,,,,,,,,,,,,,0,,,,,,,,3585798,djvu,52cdcb3732cd5788d990cc913d699f9a,,,N:\\libgen djvu ocr\\140000\\97d79d7ebbac91aa94987bdd7168aed7-ocr.djvu,0,2000-01-01 01:00:00,2016-04-03 02:51:08,,,
18640096,,,,,,,,,,,0,,,,,,,,,,,,,,,,0,,,,,,,,5201295,djvu,7a50ec7337207bcc21a0bee6471ad662,,,N:\\libgen djvu ocr\\140000\\f36e66087421b131a1b0a042dcd25840-ocr.djvu,0,2000-01-01 01:00:00,2016-04-03 02:51:08,,,
18640097,,,,,,,,,,,0,,,,,,,,,,,,,,,,0,,,,,,,,3045238,djvu,0699044fbf8b9921e1ea1b40bb795e49,,,N:\\libgen djvu ocr\\140000\\bfeab5153c6d3a30395400e7b2be6d43-ocr.djvu,0,2000-01-01 01:00:00,2016-04-03 02:51:08,,,
18640098,,,,,,,,,,,0,,,,,,,,,,,,,,,,0,,,,,,,,10075751,djvu,1d39caf3201396d11e4f758aed395339,,,N:\\libgen djvu ocr\\140000\\2888d892ad2ea7d0bfb4b41f4231931e-ocr.djvu,0,2000-01-01 01:00:00,2016-04-03 02:51:08,,,
18640099,,,,,,,,,,,0,,,,,,,,,,,,,,,,0,,,,,,,,3127912,djvu,069d94ecf5e3c1bf763930a189aa65f1,,,N:\\libgen djvu ocr\\140000\\c6440437dde23684bb6d2a1ddbd66b5e-ocr.djvu,0,2000-01-01 01:00:00,2016-04-03 02:51:08,,,
18640100,,,,,,,,,,,0,,,,,,,,,,,,,,,,0,,,,,,,,3079643,djvu,f85275f9c2485c8a2d924f3d2e762ede,,,N:\\libgen djvu ocr\\140000\\16d2b00cba2b98e703685101e37122bf-ocr.djvu,0,2000-01-01 01:00:00,2016-04-03 02:51:08,,,
18640101,,,,,,,,,,,0,,,,,,,,,,,,,,,,0,,,,,,,,2389509,djvu,00e6a52a487814987bd9bb221050b632,,,N:\\libgen djvu ocr\\140000\\33b185a4256b5dab872a95e75109c821-ocr.djvu,0,2000-01-01 01:00:00,2016-04-03 02:51:08,,,
18640102,,,,,,,,,,,0,,,,,,,,,,,,,,,,0,,,,,,,,4819435,djvu,84959bab8803a9046ca78e1aff3d13e3,,,N:\\libgen djvu ocr\\140000\\255a0d317a16b944e2e5975840d77f4b-ocr.djvu,0,2000-01-01 01:00:00,2016-04-03 02:51:08,,,
18640103,,,,,,,,,,,0,,,,,,,,,,,,,,,,0,,,,,,,,2587679,djvu,2ef42f4cb0a0644ef52fa7dc09f1f369,,,N:\\libgen djvu ocr\\140000\\6fb9cadd4ddea609fe433725686928cd-ocr.djvu,0,2000-01-01 01:00:00,2016-04-03 02:51:08,,,
18640104,,,,,,,,,,,0,,,,,,,,,,,,,,,,0,,,,,,,,2023997,djvu,0fa1b183957aa0c0dc3c82426ceb94a0,,,N:\\libgen djvu ocr\\140000\\78f43b479e0b40e76d5d9d2ea84a3f7e-ocr.djvu,0,2000-01-01 01:00:00,2016-04-03 02:51:08,,,
18640105,,,,,,,,,,,0,,,,,,,,,,,,,,,,0,,,,,,,,8137937,djvu,583d98771e35347c49a2b7b0cb7ed1f4,,,N:\\libgen djvu ocr\\140000\\7cfcd03d456d223e1c2d21e2accc762b-ocr.djvu,0,2000-01-01 01:00:00,2016-04-03 02:51:08,,,
18640106,,,,,,,,,,,0,,,,,,,,,,,,,,,,0,,,,,,,,6052714,djvu,c72ff4370441be24cbe484b375d3f055,,,N:\\libgen djvu ocr\\140000\\4eda72b2d6e00969b4420122d97a8172-ocr.djvu,0,2000-01-01 01:00:00,2016-04-03 02:51:08,,,
18640107,,,,,,,,,,,0,,,,,,,,,,,,,,,,0,,,,,,,,9104022,djvu,469353174a135ab1162f15d735807528,,,N:\\libgen djvu ocr\\140000\\42666fde38fabd51ead584fdda3dfdc0-ocr.djvu,0,2000-01-01 01:00:00,2016-04-03 02:51:08,,,
18640108,,,,,,,,,,,0,,,,,,,,,,,,,,,,0,,,,,,,,3173146,djvu,c673ee72fd3605cab0c1c4f8681d68a4,,,N:\\libgen djvu ocr\\140000\\9e5a951fb0edba9597007808c9e27738-ocr.djvu,0,2000-01-01 01:00:00,2016-04-03 02:51:08,,,
18640109,,,,,,,,,,,0,,,,,,,,,,,,,,,,0,,,,,,,,5691178,djvu,f1390c2854cafadc07b8132bdb2c4701,,,N:\\libgen djvu ocr\\140000\\e277b268b40fdf933894e2b690685820-ocr.djvu,0,2000-01-01 01:00:00,2016-04-03 02:51:08,,,
18640110,,,,,,,,,,,0,,,,,,,,,,,,,,,,0,,,,,,,,6899163,djvu,6c6c3e2612e9e62cab4d41852c375cd7,,,N:\\libgen djvu ocr\\140000\\89bea78cb79fe6f4886c481fefbd9a74-ocr.djvu,0,2000-01-01 01:00:00,2016-04-03 02:51:08,,,
18640111,,,,,,,,,,,0,,,,,,,,,,,,,,,,0,,,,,,,,15515934,djvu,85eb7e2bf445f6d6d68ae682ae8952df,,,N:\\libgen djvu ocr\\140000\\f30fd32a77954e6f0fb45632a31da83b-ocr.djvu,0,2000-01-01 01:00:00,2016-04-03 02:51:08,,,
18640112,,,,,,,,,,,0,,,,,,,,,,,,,,,,0,,,,,,,,6115520,djvu,e6d3d1f27734b4ba4fcaad21f67050eb,,,N:\\libgen djvu ocr\\140000\\ec0252499bc08a2e4141fc9338ba9852-ocr.djvu,0,2000-01-01 01:00:00,2016-04-03 02:51:08,,,
18640113,,,,,,,,,,,0,,,,,,,,,,,,,,,,0,,,,,,,,2219196,djvu,eae8aeb37ec38831344946797068f9ee,,,N:\\libgen djvu ocr\\140000\\ee0c1ee0eb3e7ea163de2e6e2a34ef90-ocr.djvu,0,2000-01-01 01:00:00,2016-04-03 02:51:08,,,
18640114,,,,,,,,,,,0,,,,,,,,,,,,,,,,0,,,,,,,,6751865,djvu,27237ed18459f2beb5cde3fbd1774e78,,,N:\\libgen djvu ocr\\140000\\8537ac7ebf42b509f67ce1136e361698-ocr.djvu,0,2000-01-01 01:00:00,2016-04-03 02:51:08,,,
18640115,,,,,,,,,,,0,,,,,,,,,,,,,,,,0,,,,,,,,2950082,djvu,d494e50cc92ac9369f19f0c2d6d61401,,,N:\\libgen djvu ocr\\140000\\6dfd942b1d5d025811cffff88eb9f745-ocr.djvu,0,2000-01-01 01:00:00,2016-04-03 02:51:08,,,
18640116,,,,,,,,,,,0,,,,,,,,,,,,,,,,0,,,,,,,,7324272,djvu,aa33c9f4d1863c52ff9fa3b47c6b607f,,,N:\\libgen djvu ocr\\140000\\232c4d1a8113d5faf6b8e7fbd01c1a51-ocr.djvu,0,2000-01-01 01:00:00,2016-04-03 02:51:08,,,
18640117,,,,,,,,,,,0,,,,,,,,,,,,,,,,0,,,,,,,,9655605,djvu,f86571b8b2ebdd347e6d50fae838f35e,,,N:\\libgen djvu ocr\\140000\\af44e943180925c7f03dd9b95f94201e-ocr.djvu,0,2000-01-01 01:00:00,2016-04-03 02:51:08,,,
18640118,,,,,,,,,,,0,,,,,,,,,,,,,,,,0,,,,,,,,4680785,djvu,7fe705190c15aef4ae214818e5c5ceca,,,N:\\libgen djvu ocr\\140000\\73501f10ff658c688d11fe3ee5ae6e95-ocr.djvu,0,2000-01-01 01:00:00,2016-04-03 02:51:08,,,
18640119,,,,,,,,,,,0,,,,,,,,,,,,,,,,0,,,,,,,,10945997,djvu,e7b821c81054740e077acba10b7bce50,,,N:\\libgen djvu ocr\\140000\\7185d9b589da838b5188fd56c00387fc-ocr.djvu,0,2000-01-01 01:00:00,2016-04-03 02:51:08,,,
18640120,,,,,,,,,,,0,,,,,,,,,,,,,,,,0,,,,,,,,7523343,djvu,04ed2444a456160a94e8aa86fa8a64cd,,,N:\\libgen djvu ocr\\140000\\14565c521896317bdc0e66e52f45f923-ocr.djvu,0,2000-01-01 01:00:00,2016-04-03 02:51:08,,,
18640121,,,,,,,,,,,0,,,,,,,,,,,,,,,,0,,,,,,,,2619364,djvu,52b37a73c826671b5fb1af7f2cf4a323,,,N:\\libgen djvu ocr\\140000\\8ace20a79c108650164fbace9ed5be33-ocr.djvu,0,2000-01-01 01:00:00,2016-04-03 02:51:08,,,
18640122,,,,,,,,,,,0,,,,,,,,,,,,,,,,0,,,,,,,,2915034,djvu,0bd2061814b3eaddee131a106b71d7bd,,,N:\\libgen djvu ocr\\140000\\c78c0a9baa188d0e735e07509fd93550-ocr.djvu,0,2000-01-01 01:00:00,2016-04-03 02:51:08,,,
18640123,,,,,,,,,,,0,,,,,,,,,,,,,,,,0,,,,,,,,5662496,djvu,660f84d9cef24d681aa1ae37929d8ab0,,,N:\\libgen djvu ocr\\140000\\cbb686b19a539b3570718e58f47fedc4-ocr.djvu,0,2000-01-01 01:00:00,2016-04-03 02:51:08,,,
18640124,,,,,,,,,,,0,,,,,,,,,,,,,,,,0,,,,,,,,6455768,djvu,90d423c036715c465a65e06bf199831e,,,N:\\libgen djvu ocr\\140000\\3a2742e5263923058a5066cb2f469964-ocr.djvu,0,2000-01-01 01:00:00,2016-04-03 02:51:08,,,
18640125,,,,,,,,,,,0,,,,,,,,,,,,,,,,0,,,,,,,,5268174,djvu,4476bb17105ad524e8228d0771c0c738,,,N:\\libgen djvu ocr\\140000\\e3dea1c9f6b5cd3622f92bfc31cfbc5c-ocr.djvu,0,2000-01-01 01:00:00,2016-04-03 02:51:08,,,
18640126,,,,,,,,,,,0,,,,,,,,,,,,,,,,0,,,,,,,,4507518,djvu,314816c6447165a9ea562627b3f231ed,,,N:\\libgen djvu ocr\\140000\\94af8983d08c5708cc7d32d5dfd83fac-ocr.djvu,0,2000-01-01 01:00:00,2016-04-03 02:51:08,,,
18640127,,,,,,,,,,,0,,,,,,,,,,,,,,,,0,,,,,,,,4242117,djvu,edf16821c56bf8b19a40d26682a0e976,,,N:\\libgen djvu ocr\\140000\\5149a294090830c4b541d1db7a26a28d-ocr.djvu,0,2000-01-01 01:00:00,2016-04-03 02:51:08,,,
18640128,,,,,,,,,,,0,,,,,,,,,,,,,,,,0,,,,,,,,10240807,djvu,4aa8a6f13bd70b6b0f6e9eb563f5973f,,,N:\\libgen djvu ocr\\140000\\15996a2551b387f2eb58fddf747186a5-ocr.djvu,0,2000-01-01 01:00:00,2016-04-03 02:51:08,,,
18640129,,,,,,,,,,,0,,,,,,,,,,,,,,,,0,,,,,,,,7062867,djvu,1ad942861f02325c0f8c9093250b7f1a,,,N:\\libgen djvu ocr\\140000\\5a622f68aa93c1dcf4e6aa805048f83d-ocr.djvu,0,2000-01-01 01:00:00,2016-04-03 02:51:08,,,
18640130,,,,,,,,,,,0,,,,,,,,,,,,,,,,0,,,,,,,,3358257,djvu,9202db71ef04ab8366ff85976d156095,,,N:\\libgen djvu ocr\\140000\\339787a3410be320686a8b005955f077-ocr.djvu,0,2000-01-01 01:00:00,2016-04-03 02:51:08,,,
18640131,,,,,,,,,,,0,,,,,,,,,,,,,,,,0,,,,,,,,10951640,djvu,9787137cea75cc0eff0253eca18ef884,,,N:\\libgen djvu ocr\\140000\\3d7e4bde72dd3555b88701e4fed6c8a5-ocr.djvu,0,2000-01-01 01:00:00,2016-04-03 02:51:08,,,
18640132,,,,,,,,,,,0,,,,,,,,,,,,,,,,0,,,,,,,,3370535,djvu,49441d0b0f64edb81acd16e8c090b8fa,,,N:\\libgen djvu ocr\\140000\\37ccced8d35e76dc77eef3ec0c11a159-ocr.djvu,0,2000-01-01 01:00:00,2016-04-03 02:51:08,,,
18640133,,,,,,,,,,,0,,,,,,,,,,,,,,,,0,,,,,,,,3181575,djvu,f096321273d67a49e5487befbfd00942,,,N:\\libgen djvu ocr\\140000\\850dc5f23580869ede398a708ab3eb8d-ocr.djvu,0,2000-01-01 01:00:00,2016-04-03 02:51:08,,,
18640134,,,,,,,,,,,0,,,,,,,,,,,,,,,,0,,,,,,,,1924015,djvu,c1dcc9ba42082c3e8c987c529a81372d,,,N:\\libgen djvu ocr\\140000\\13b8617b74e47a727129d8c1703f7174-ocr.djvu,0,2000-01-01 01:00:00,2016-04-03 02:51:08,,,
18640135,,,,,,,,,,,0,,,,,,,,,,,,,,,,0,,,,,,,,4141983,djvu,53396b317d7cfc71be9cbbde00a50bf7,,,N:\\libgen djvu ocr\\140000\\6cc653df9a08491eb1946a46c50270a3-ocr.djvu,0,2000-01-01 01:00:00,2016-04-03 02:51:08,,,
18640136,,,,,,,,,,,0,,,,,,,,,,,,,,,,0,,,,,,,,7615419,djvu,420c0d6e2c35ae713b6eac0b6be8e0a7,,,N:\\libgen djvu ocr\\140000\\2df014cdc9de58bc69604d9179ab556d-ocr.djvu,0,2000-01-01 01:00:00,2016-04-03 02:51:08,,,
18640137,,,,,,,,,,,0,,,,,,,,,,,,,,,,0,,,,,,,,4497941,djvu,4e4f4e6a59ebca85813aa7dae610d970,,,N:\\libgen djvu ocr\\140000\\d20a5c2246b905442cc5c826ab3398b6-ocr.djvu,0,2000-01-01 01:00:00,2016-04-03 02:51:08,,,
18640138,,,,,,,,,,,0,,,,,,,,,,,,,,,,0,,,,,,,,5803117,djvu,fdab61ecce9afd41269fdacbba7ad7f8,,,N:\\libgen djvu ocr\\140000\\c90c6d9542086bba13c9f1750e699223-ocr.djvu,0,2000-01-01 01:00:00,2016-04-03 02:51:08,,,
18640139,,,,,,,,,,,0,,,,,,,,,,,,,,,,0,,,,,,,,11467209,djvu,4f6ac31d6da99c5288b7ebde6504ee71,,,N:\\libgen djvu ocr\\140000\\88d56c24d467cd39f6b0fa7ed3cfe17a-ocr.djvu,0,2000-01-01 01:00:00,2016-04-03 02:51:08,,,
18640140,,,,,,,,,,,0,,,,,,,,,,,,,,,,0,,,,,,,,4158541,djvu,8689a8cbbbee156a1a9f5352a26d77ad,,,N:\\libgen djvu ocr\\140000\\a702ca600b1aa80bef6e6b14c9db47d8-ocr.djvu,0,2000-01-01 01:00:00,2016-04-03 02:51:08,,,
18640141,,,,,,,,,,,0,,,,,,,,,,,,,,,,0,,,,,,,,5713575,djvu,94ecfc584d75f519782da3eab7f85845,,,N:\\libgen djvu ocr\\140000\\893cc9609dcc7587c646612066c21441-ocr.djvu,0,2000-01-01 01:00:00,2016-04-03 02:51:08,,,
18640142,,,,,,,,,,,0,,,,,,,,,,,,,,,,0,,,,,,,,7098685,djvu,b8a05303ebe5f57c92dcceb9334796eb,,,N:\\libgen djvu ocr\\140000\\afb97daae9cf8acc096823ebcf0934fc-ocr.djvu,0,2000-01-01 01:00:00,2016-04-03 02:51:08,,,
18640143,,,,,,,,,,,0,,,,,,,,,,,,,,,,0,,,,,,,,10248855,djvu,41a8186aa3177657286c5477876d1da6,,,N:\\libgen djvu ocr\\141000\\6a079783f09d2c356b580da6c9a659ed-ocr.djvu,0,2000-01-01 01:00:00,2016-04-03 02:51:08,,,
18640144,,,,,,,,,,,0,,,,,,,,,,,,,,,,0,,,,,,,,6365268,djvu,6fc95c6b01bea8862915080fa38cbe70,,,N:\\libgen djvu ocr\\141000\\806fbead461268bd0421dd46c907d444-ocr.djvu,0,2000-01-01 01:00:00,2016-04-03 02:51:08,,,
18640145,,,,,,,,,,,0,,,,,,,,,,,,,,,,0,,,,,,,,3385743,djvu,09b9f42c08bfc2dcf8b56efb794244f8,,,N:\\libgen djvu ocr\\141000\\c028e7ff30d89f3e6d20d25c32d87f4a-ocr.djvu,0,2000-01-01 01:00:00,2016-04-03 02:51:08,,,
18640146,,,,,,,,,,,0,,,,,,,,,,,,,,,,0,,,,,,,,2760386,djvu,1e1c4df7f8049a49a3eb1de046ef9db6,,,N:\\libgen djvu ocr\\141000\\f0e5c164e69a90b2ff2b9331fdf7d8f1-ocr.djvu,0,2000-01-01 01:00:00,2016-04-03 02:51:08,,,
18640147,,,,,,,,,,,0,,,,,,,,,,,,,,,,0,,,,,,,,2296049,djvu,45007e6e26352881f9220f541395c0c3,,,N:\\libgen djvu ocr\\141000\\d2171132b151de63a636e8168d126a21-ocr.djvu,0,2000-01-01 01:00:00,2016-04-03 02:51:08,,,
18640148,,,,,,,,,,,0,,,,,,,,,,,,,,,,0,,,,,,,,13200244,djvu,a294b1f61f206b46741fa0371606094f,,,N:\\libgen djvu ocr\\141000\\fbf9f5f336b544b83a6c547c7d0795bc-ocr.djvu,0,2000-01-01 01:00:00,2016-04-03 02:51:08,,,
18640149,,,,,,,,,,,0,,,,,,,,,,,,,,,,0,,,,,,,,7564738,djvu,135deae1ec5d58631e9879bfbb4d170b,,,N:\\libgen djvu ocr\\141000\\164e0dd8b64c05373febfeb4eb8fd315-ocr.djvu,0,2000-01-01 01:00:00,2016-04-03 02:51:08,,,
18640150,,,,,,,,,,,0,,,,,,,,,,,,,,,,0,,,,,,,,6720551,djvu,bb7d26d5503acfda6f8988502ed681b0,,,N:\\libgen djvu ocr\\141000\\a954e5d41f185e22bd39dfb7d3ccffc3-ocr.djvu,0,2000-01-01 01:00:00,2016-04-03 02:51:08,,,
18640151,,,,,,,,,,,0,,,,,,,,,,,,,,,,0,,,,,,,,1088055,djvu,54af2695536dca9b1632a9ba8937cd7a,,,N:\\libgen djvu ocr\\141000\\abfba7118ef364c10ae67b9d9e3e215e-ocr.djvu,0,2000-01-01 01:00:00,2016-04-03 02:51:08,,,
18640152,,,,,,,,,,,0,,,,,,,,,,,,,,,,0,,,,,,,,2474592,djvu,204a32884e4a8794cd06e47b9a9936b2,,,N:\\libgen djvu ocr\\141000\\e223909b9925eed028349afcc11ac20a-ocr.djvu,0,2000-01-01 01:00:00,2016-04-03 02:51:08,,,
18640153,,,,,,,,,,,0,,,,,,,,,,,,,,,,0,,,,,,,,10512739,djvu,d3976c0ed8532098a7fa48baa156df6b,,,N:\\libgen djvu ocr\\141000\\a9247a2a8345fcce9949ffe0ce1fc7a9-ocr.djvu,0,2000-01-01 01:00:00,2016-04-03 02:51:08,,,
18640154,,,,,,,,,,,0,,,,,,,,,,,,,,,,0,,,,,,,,21740956,djvu,a19c93064fa9c5ce46a72741cbba569e,,,N:\\libgen djvu ocr\\141000\\a06206b72488bb8c10e9b1ea8d155713-ocr.djvu,0,2000-01-01 01:00:00,2016-04-03 02:51:08,,,
18640155,,,,,,,,,,,0,,,,,,,,,,,,,,,,0,,,,,,,,946647,djvu,8642e35a488113f24438707058e44178,,,N:\\libgen djvu ocr\\141000\\9b3dddf3ab8eca7820517a497ec4a3c2-ocr.djvu,0,2000-01-01 01:00:00,2016-04-03 02:51:08,,,
18640156,,,,,,,,,,,0,,,,,,,,,,,,,,,,0,,,,,,,,1646829,djvu,e351f7777bb57eb7a00a630492e20bbf,,,N:\\libgen djvu ocr\\141000\\368839c1ad3b3064b93572c979f85fc5-ocr.djvu,0,2000-01-01 01:00:00,2016-04-03 02:51:08,,,
18640157,,,,,,,,,,,0,,,,,,,,,,,,,,,,0,,,,,,,,6813639,djvu,f6abb3cd1681179516fe8995b36fb472,,,N:\\libgen djvu ocr\\141000\\4249eb2773eeb21071dca4f78a72482e-ocr.djvu,0,2000-01-01 01:00:00,2016-04-03 02:51:08,,,
18640158,,,,,,,,,,,0,,,,,,,,,,,,,,,,0,,,,,,,,8107490,djvu,d56558d27fbe4b4d17c46f7f3df371e5,,,N:\\libgen djvu ocr\\141000\\1430399435b970d84496b0e20a68f010-ocr.djvu,0,2000-01-01 01:00:00,2016-04-03 02:51:08,,,
18640159,,,,,,,,,,,0,,,,,,,,,,,,,,,,0,,,,,,,,4599996,djvu,fc2d5421cfbcb04f2907fdfeb26e1406,,,N:\\libgen djvu ocr\\141000\\1829c22b847fcb31016ad63e5a702ea6-ocr.djvu,0,2000-01-01 01:00:00,2016-04-03 02:51:08,,,
18640160,,,,,,,,,,,0,,,,,,,,,,,,,,,,0,,,,,,,,8797733,djvu,a3ee664eb900e9ecd0e62ae612ee89b0,,,N:\\libgen djvu ocr\\141000\\fe645f4eeabc3c8d2bc1630336f17480-ocr.djvu,0,2000-01-01 01:00:00,2016-04-03 02:51:08,,,
18640161,,,,,,,,,,,0,,,,,,,,,,,,,,,,0,,,,,,,,8020456,djvu,8141dd1f7a01f7432bf2fa738ab56300,,,N:\\libgen djvu ocr\\141000\\42ea291d557f986a8650391859e45c52-ocr.djvu,0,2000-01-01 01:00:00,2016-04-03 02:51:08,,,
18640162,,,,,,,,,,,0,,,,,,,,,,,,,,,,0,,,,,,,,3455027,djvu,c0ef6411562d2e3f7c1c6c7cded6fef8,,,N:\\libgen djvu ocr\\141000\\284a16f58bb1df412f09609e13dea949-ocr.djvu,0,2000-01-01 01:00:00,2016-04-03 02:51:08,,,
18640163,,,,,,,,,,,0,,,,,,,,,,,,,,,,0,,,,,,,,4515371,djvu,4daf80bcfbb8a2abf3ab008eb5e567a7,,,N:\\libgen djvu ocr\\141000\\f6184e350146d2cb90125a1b24c2ff77-ocr.djvu,0,2000-01-01 01:00:00,2016-04-03 02:51:08,,,
18640164,,,,,,,,,,,0,,,,,,,,,,,,,,,,0,,,,,,,,5858207,djvu,0eae74874e292e1456bffa1f926ef9a4,,,N:\\libgen djvu ocr\\141000\\da1d4ff59b18948f3e934acc86c15a04-ocr.djvu,0,2000-01-01 01:00:00,2016-04-03 02:51:08,,,
18640165,,,,,,,,,,,0,,,,,,,,,,,,,,,,0,,,,,,,,16806160,djvu,71e835f7633acad9762681062cbdf100,,,N:\\libgen djvu ocr\\141000\\0f19da9d486e7a93d8b76f0c215111c9-ocr.djvu,0,2000-01-01 01:00:00,2016-04-03 02:51:08,,,
18640166,,,,,,,,,,,0,,,,,,,,,,,,,,,,0,,,,,,,,2526701,djvu,1c2348c0071601839a60410f5feda45e,,,N:\\libgen djvu ocr\\141000\\49e651d06945b7127bcca0b7b490b66b-ocr.djvu,0,2000-01-01 01:00:00,2016-04-03 02:51:08,,,
18640167,,,,,,,,,,,0,,,,,,,,,,,,,,,,0,,,,,,,,7686209,djvu,5ecc0fb0a0b0365cc1a437d39d912388,,,N:\\libgen djvu ocr\\141000\\5858a2c2113635a2424e166789a7c536-ocr.djvu,0,2000-01-01 01:00:00,2016-04-03 02:51:08,,,
18640168,,,,,,,,,,,0,,,,,,,,,,,,,,,,0,,,,,,,,3545793,djvu,51a610299347efda3a28bc458888e51f,,,N:\\libgen djvu ocr\\141000\\5b6c95b707689d9c02d459142849a6e3-ocr.djvu,0,2000-01-01 01:00:00,2016-04-03 02:51:08,,,
18640169,,,,,,,,,,,0,,,,,,,,,,,,,,,,0,,,,,,,,3180392,djvu,830b0d116d457a8af9f596116bc348e0,,,N:\\libgen djvu ocr\\141000\\73972f34df9e3c5028032b03ba40e759-ocr.djvu,0,2000-01-01 01:00:00,2016-04-03 02:51:08,,,
18640170,,,,,,,,,,,0,,,,,,,,,,,,,,,,0,,,,,,,,4048098,djvu,accf6cf4f0e5b158098bf5dff25788c1,,,N:\\libgen djvu ocr\\141000\\33f58e7e8c9f0bcbb1183396794da0f3-ocr.djvu,0,2000-01-01 01:00:00,2016-04-03 02:51:08,,,
18640171,,,,,,,,,,,0,,,,,,,,,,,,,,,,0,,,,,,,,12772210,djvu,e3667fee1ab04595bd098c5aefb9abdf,,,N:\\libgen djvu ocr\\141000\\672ae2468a1ac0e8a7f80e4deedb956a-ocr.djvu,0,2000-01-01 01:00:00,2016-04-03 02:51:08,,,
18640172,,,,,,,,,,,0,,,,,,,,,,,,,,,,0,,,,,,,,12265767,djvu,a920b173da982709e487f9937db5297f,,,N:\\libgen djvu ocr\\141000\\2d84756d9e7222df6d24dc13ad539520-ocr.djvu,0,2000-01-01 01:00:00,2016-04-03 02:51:08,,,
18640173,,,,,,,,,,,0,,,,,,,,,,,,,,,,0,,,,,,,,1609802,djvu,226f56cff37c2ebae687a42c11ec0357,,,N:\\libgen djvu ocr\\141000\\b707fb434b6c6e0d7981dce732f35c2f-ocr.djvu,0,2000-01-01 01:00:00,2016-04-03 02:51:08,,,
18640174,,,,,,,,,,,0,,,,,,,,,,,,,,,,0,,,,,,,,3615063,djvu,9d6d14459abb0a0db70bec7198950bbc,,,N:\\libgen djvu ocr\\141000\\8ca96e0be2f4256216e19f73e9f5366b-ocr.djvu,0,2000-01-01 01:00:00,2016-04-03 02:51:08,,,
18640175,,,,,,,,,,,0,,,,,,,,,,,,,,,,0,,,,,,,,9546715,djvu,aa17c091cc17c3cbe35b69f2524eef91,,,N:\\libgen djvu ocr\\141000\\f5d5dfecedd819e3c28ec16343ee9531-ocr.djvu,0,2000-01-01 01:00:00,2016-04-03 02:51:08,,,
18640176,,,,,,,,,,,0,,,,,,,,,,,,,,,,0,,,,,,,,10575554,djvu,ff01c81174187dac12dd60ce664bc1f5,,,N:\\libgen djvu ocr\\141000\\ea1bb94a0d902b9acc4efb74f790225b-ocr.djvu,0,2000-01-01 01:00:00,2016-04-03 02:51:08,,,
18640177,,,,,,,,,,,0,,,,,,,,,,,,,,,,0,,,,,,,,4576531,djvu,fe70ebc230242d6a4934032a682b6b06,,,N:\\libgen djvu ocr\\141000\\0a55c40a9142f3046957e1f8c7123f12-ocr.djvu,0,2000-01-01 01:00:00,2016-04-03 02:51:08,,,
18640178,,,,,,,,,,,0,,,,,,,,,,,,,,,,0,,,,,,,,2157312,djvu,b29b64b2bb0f6dd46a917bada15beb42,,,N:\\libgen djvu ocr\\141000\\3c107ba645e34e97ea9bc4a3bb205bcb-ocr.djvu,0,2000-01-01 01:00:00,2016-04-03 02:51:08,,,
18640179,,,,,,,,,,,0,,,,,,,,,,,,,,,,0,,,,,,,,12987381,djvu,65244426175c812dd00e1350b32d4867,,,N:\\libgen djvu ocr\\141000\\21d51470ec61a8b2c38413532326ea30-ocr.djvu,0,2000-01-01 01:00:00,2016-04-03 02:51:08,,,
18640180,,,,,,,,,,,0,,,,,,,,,,,,,,,,0,,,,,,,,8885057,djvu,f0188a9ee710232ca8447d8c164ed116,,,N:\\libgen djvu ocr\\141000\\fc3d2eae2f823e065cc3578724bcf3e3-ocr.djvu,0,2000-01-01 01:00:00,2016-04-03 02:51:08,,,
18640181,,,,,,,,,,,0,,,,,,,,,,,,,,,,0,,,,,,,,2340692,djvu,4948f3da2a71fa5fa9b331c692ab921a,,,N:\\libgen djvu ocr\\141000\\6b753ae1df7e9fd04e566e7fbac0fbf8-ocr.djvu,0,2000-01-01 01:00:00,2016-04-03 02:51:08,,,
18640182,,,,,,,,,,,0,,,,,,,,,,,,,,,,0,,,,,,,,1844844,djvu,a5a10f514e9d49b43f0b0f66c61d7e17,,,N:\\libgen djvu ocr\\141000\\a16a359630bcf2dd0c4f5d8963401121-ocr.djvu,0,2000-01-01 01:00:00,2016-04-03 02:51:08,,,
18640183,,,,,,,,,,,0,,,,,,,,,,,,,,,,0,,,,,,,,6113941,djvu,00561c9bd032301714fed7bb3f5d629a,,,N:\\libgen djvu ocr\\141000\\35312f02471c3aa7a4b94ebc170d3c99-ocr.djvu,0,2000-01-01 01:00:00,2016-04-03 02:51:08,,,
18640184,,,,,,,,,,,0,,,,,,,,,,,,,,,,0,,,,,,,,16013476,djvu,dd48847a0bbc0fffde251fd13f434e9c,,,N:\\libgen djvu ocr\\141000\\a6f905c48a2e965cb13d1ee912f6825c-ocr.djvu,0,2000-01-01 01:00:00,2016-04-03 02:51:08,,,
18640185,,,,,,,,,,,0,,,,,,,,,,,,,,,,0,,,,,,,,7097650,djvu,e33b1f0a92ebebcd6fe766fefa686286,,,N:\\libgen djvu ocr\\141000\\fa98d709d63a7b0ce0624e583aeeb074-ocr.djvu,0,2000-01-01 01:00:00,2016-04-03 02:51:08,,,
18640186,,,,,,,,,,,0,,,,,,,,,,,,,,,,0,,,,,,,,7621967,djvu,ced2cc2634b2ff0f5846b5dc3d9d3fc9,,,N:\\libgen djvu ocr\\141000\\60aa93dde221f5b86bc07f14559089ca-ocr.djvu,0,2000-01-01 01:00:00,2016-04-03 02:51:08,,,
18640187,,,,,,,,,,,0,,,,,,,,,,,,,,,,0,,,,,,,,3335707,djvu,ae83e9f912059202248836f1ed07b335,,,N:\\libgen djvu ocr\\141000\\1c1ed172de30b8814982bed1a59dd28c-ocr.djvu,0,2000-01-01 01:00:00,2016-04-03 02:51:08,,,
18640188,,,,,,,,,,,0,,,,,,,,,,,,,,,,0,,,,,,,,4999573,djvu,b2fcdae0abe77832459647694c8d867b,,,N:\\libgen djvu ocr\\141000\\67e5175bed55857d78d328576743f465-ocr.djvu,0,2000-01-01 01:00:00,2016-04-03 02:51:08,,,
18640189,,,,,,,,,,,0,,,,,,,,,,,,,,,,0,,,,,,,,8545461,djvu,c769ff2bd7080a6dc8ef0148bc6e535f,,,N:\\libgen djvu ocr\\141000\\1e0a73b1cebff550a6448027a04b61c2-ocr.djvu,0,2000-01-01 01:00:00,2016-04-03 02:51:08,,,
18640190,,,,,,,,,,,0,,,,,,,,,,,,,,,,0,,,,,,,,8702557,djvu,c591e753ba920eb70d9bad85aefe869f,,,N:\\libgen djvu ocr\\141000\\a1e0d612e616059ac4fbe0b8a4915e80-ocr.djvu,0,2000-01-01 01:00:00,2016-04-03 02:51:08,,,
18640191,,,,,,,,,,,0,,,,,,,,,,,,,,,,0,,,,,,,,12096610,djvu,0ddb9219d4265d78149c2e8a77d6fd08,,,N:\\libgen djvu ocr\\141000\\61f05418e452208d4e1564079c9ff1e9-ocr.djvu,0,2000-01-01 01:00:00,2016-04-03 02:51:08,,,
18640192,,,,,,,,,,,0,,,,,,,,,,,,,,,,0,,,,,,,,5323807,djvu,0e35a1edaa52eb5c26de069a9a16eb04,,,N:\\libgen djvu ocr\\141000\\2489a8c5f69e0ee8659689cd4b43e2c5-ocr.djvu,0,2000-01-01 01:00:00,2016-04-03 02:51:08,,,
18640193,,,,,,,,,,,0,,,,,,,,,,,,,,,,0,,,,,,,,7193026,djvu,bd1b0421466afaba3fd3420644b488b1,,,N:\\libgen djvu ocr\\141000\\01ec18d628756bdf9a47f676a6bbf947-ocr.djvu,0,2000-01-01 01:00:00,2016-04-03 02:51:08,,,
18640194,,,,,,,,,,,0,,,,,,,,,,,,,,,,0,,,,,,,,1800957,djvu,3db5aae20e0e53f0f3af1e5144806fc1,,,N:\\libgen djvu ocr\\141000\\4e707e45b8e2ce1130de64e4a4614232-ocr.djvu,0,2000-01-01 01:00:00,2016-04-03 02:51:08,,,
18640195,,,,,,,,,,,0,,,,,,,,,,,,,,,,0,,,,,,,,3446137,djvu,03f7bd4cde0419034aedf7aaddea37e1,,,N:\\libgen djvu ocr\\141000\\5aca755701acd108481f161818539774-ocr.djvu,0,2000-01-01 01:00:00,2016-04-03 02:51:08,,,
18640196,,,,,,,,,,,0,,,,,,,,,,,,,,,,0,,,,,,,,2651767,djvu,0155e5e74cbd217ddde56b3cb68aee7f,,,N:\\libgen djvu ocr\\141000\\582c94c70603b4dcde276797a71abd8e-ocr.djvu,0,2000-01-01 01:00:00,2016-04-03 02:51:08,,,
18640197,,,,,,,,,,,0,,,,,,,,,,,,,,,,0,,,,,,,,1289388,djvu,628bb0af6394af4c6be33eb9a82700ee,,,N:\\libgen djvu ocr\\141000\\bcb1b8bf5280ffd756b252e99c447717-ocr.djvu,0,2000-01-01 01:00:00,2016-04-03 02:51:08,,,
18640198,,,,,,,,,,,0,,,,,,,,,,,,,,,,0,,,,,,,,18829188,djvu,cd8d19126701a9afbe38d011061284ff,,,N:\\libgen djvu ocr\\141000\\fc5a02f9d466739c7adf6bace9d4b0c9-ocr.djvu,0,2000-01-01 01:00:00,2016-04-03 02:51:08,,,
18640199,,,,,,,,,,,0,,,,,,,,,,,,,,,,0,,,,,,,,3456503,djvu,69609a1c77836e12602f9412a4e9f3bf,,,N:\\libgen djvu ocr\\141000\\8555b3bf78a444b2d8a708780d1bf9ed-ocr.djvu,0,2000-01-01 01:00:00,2016-04-03 02:51:08,,,
18640200,,,,,,,,,,,0,,,,,,,,,,,,,,,,0,,,,,,,,5197993,djvu,a17b40185970fd8167f4594a5ff9e97a,,,N:\\libgen djvu ocr\\141000\\c5d8c31aea98ba7fde9c3244edaf2218-ocr.djvu,0,2000-01-01 01:00:00,2016-04-03 02:51:08,,,
18640201,,,,,,,,,,,0,,,,,,,,,,,,,,,,0,,,,,,,,12242545,djvu,52a86445ba13076b89f80e63d525f871,,,N:\\libgen djvu ocr\\141000\\61cc5810d4f5e21e9deddc0364c60458-ocr.djvu,0,2000-01-01 01:00:00,2016-04-03 02:51:08,,,
18640202,,,,,,,,,,,0,,,,,,,,,,,,,,,,0,,,,,,,,3143778,djvu,855aa1000762383b50dafb8e92a468a2,,,N:\\libgen djvu ocr\\141000\\bec13425998ff973052375169e70bda5-ocr.djvu,0,2000-01-01 01:00:00,2016-04-03 02:51:08,,,
18640203,,,,,,,,,,,0,,,,,,,,,,,,,,,,0,,,,,,,,3143250,djvu,b5d609922c9b84db22f3ca2153efebdb,,,N:\\libgen djvu ocr\\141000\\aab1e2db6b455d5c13558c00841090fe-ocr.djvu,0,2000-01-01 01:00:00,2016-04-03 02:51:08,,,
18640204,,,,,,,,,,,0,,,,,,,,,,,,,,,,0,,,,,,,,13358575,djvu,0543dae8cb644e9f58c13e039aca4e0f,,,N:\\libgen djvu ocr\\141000\\9b9d929a529b0f71fa44264f879b64a3-ocr.djvu,0,2000-01-01 01:00:00,2016-04-03 02:51:08,,,
18640205,,,,,,,,,,,0,,,,,,,,,,,,,,,,0,,,,,,,,3100822,djvu,99070f0951c46f746ede6a930211af6e,,,N:\\libgen djvu ocr\\141000\\2e395f949f623e7701cfb989e2f622d8-ocr.djvu,0,2000-01-01 01:00:00,2016-04-03 02:51:08,,,
18640206,,,,,,,,,,,0,,,,,,,,,,,,,,,,0,,,,,,,,3418419,djvu,3b4f0f03156f71c3d5a314b03af63996,,,N:\\libgen djvu ocr\\141000\\20eaf727c9284bd47fdee0f600168c46-ocr.djvu,0,2000-01-01 01:00:00,2016-04-03 02:51:08,,,
18640207,,,,,,,,,,,0,,,,,,,,,,,,,,,,0,,,,,,,,4024234,djvu,ccbcafad30b8f1573409e1c294542509,,,N:\\libgen djvu ocr\\141000\\c81862f8d8c06eeda8b772c01ebb4f45-ocr.djvu,0,2000-01-01 01:00:00,2016-04-03 02:51:08,,,
18640208,,,,,,,,,,,0,,,,,,,,,,,,,,,,0,,,,,,,,2914777,djvu,447144edd5de9d7fc81010381a18c891,,,N:\\libgen djvu ocr\\141000\\daefc03430a52697c3340bb7fbc1d9fe-ocr.djvu,0,2000-01-01 01:00:00,2016-04-03 02:51:08,,,
18640209,,,,,,,,,,,0,,,,,,,,,,,,,,,,0,,,,,,,,5972153,djvu,11dcc5f88af666a4d2195b6366283ebb,,,N:\\libgen djvu ocr\\141000\\573b854116448fa17b594412e3a3aa17-ocr.djvu,0,2000-01-01 01:00:00,2016-04-03 02:51:08,,,
18640210,,,,,,,,,,,0,,,,,,,,,,,,,,,,0,,,,,,,,7204757,djvu,0c117fe86d35eae8bb882e493a44a2cb,,,N:\\libgen djvu ocr\\141000\\78c59cd62756b5c952c93f7aa7e9b03b-ocr.djvu,0,2000-01-01 01:00:00,2016-04-03 02:51:08,,,
18640211,,,,,,,,,,,0,,,,,,,,,,,,,,,,0,,,,,,,,5206743,djvu,fcd07273de144b5671a9b1e901046f29,,,N:\\libgen djvu ocr\\141000\\8d6a602ce485fb4c2c852a2ea81eb65d-ocr.djvu,0,2000-01-01 01:00:00,2016-04-03 02:51:08,,,
18640212,,,,,,,,,,,0,,,,,,,,,,,,,,,,0,,,,,,,,9379224,djvu,b0fcc92348dc287eff034d64517b6ff9,,,N:\\libgen djvu ocr\\141000\\737e4c28da9a5f26f48e3a00e5a1032d-ocr.djvu,0,2000-01-01 01:00:00,2016-04-03 02:51:08,,,
18640213,,,,,,,,,,,0,,,,,,,,,,,,,,,,0,,,,,,,,5059401,djvu,881c8b9a9b39ca669ac86ee0059afd70,,,N:\\libgen djvu ocr\\141000\\dea30ba8a9ac1751d1d582d762349c1f-ocr.djvu,0,2000-01-01 01:00:00,2016-04-03 02:51:08,,,
18640214,,,,,,,,,,,0,,,,,,,,,,,,,,,,0,,,,,,,,5137213,djvu,43ba38b6ef97f93e2c25f8c1ab081731,,,N:\\libgen djvu ocr\\141000\\cbc5dac936f6e66515f7428fa1a96cf4-ocr.djvu,0,2000-01-01 01:00:00,2016-04-03 02:51:08,,,
18640215,,,,,,,,,,,0,,,,,,,,,,,,,,,,0,,,,,,,,4344870,djvu,10f01366ad2f0662aa9707356dfe3ac2,,,N:\\libgen djvu ocr\\141000\\ded63fc12c97efdb48f24de257c919a6-ocr.djvu,0,2000-01-01 01:00:00,2016-04-03 02:51:08,,,
18640216,,,,,,,,,,,0,,,,,,,,,,,,,,,,0,,,,,,,,4770641,djvu,dfd079cd5dcdf790b049c2dcb739716f,,,N:\\libgen djvu ocr\\141000\\6df6792318c8d4f83077732124913431-ocr.djvu,0,2000-01-01 01:00:00,2016-04-03 02:51:08,,,
