5681158,Core JavaServer(TM) Faces,,,,"David Geary, Cay S. Horstmann",2007,2,Prentice Hall,,645,0,English,Компьютеры//Системное администрирование,,,"9780131738867,0131738860",,,,,005.2/768,TK5105.8885.J38 G433 2007,,,OL17852715M,,0,,,,,,,T,22801902,pdf,78EEDDAFD21CB656C54D8656298608F7,,,G:\\!upload\\!add\\!\\Core JavaServer Faces - Prentice Hall PTR - May 2007 - 0131738860.pdf,0,2000-01-01 01:00:00,2016-04-03 02:51:08,240000/78eeddafd21cb656c54d8656298608f7-d.jpg,,
5681159,Физика. Оптика. Квантовая физика. 11 кл.,,,,Мякишев Г.Я.,2002,,,,467,0,Russian,Физика//Квантовая физика,homelab,189-199,,,,,,,,,,,,0,,,,,,,,9124982,djvu,790AB2262250BF67FD7A96F9718FA286,,,D:\\homelab\\Мякишев Г.Я. Физика. Оптика. Квантовая физика. 11 кл. 2002.djvu,0,2000-01-01 01:00:00,2016-04-03 02:51:08,240000/790ab2262250bf67fd7a96f9718fa286-g.jpg,,
5681157,A renormalization group analysis of the hierarchical model in statistical mechanics,,Lecture notes in physics 74,,Pierre Collet,1978,,Springer-Verlag,,202,0,English,Физика,,,"9780387086705,0387086706",,,,,536/.401,QC20.7.R43,,,OL21338799M,,0,,,,,,,,1417869,djvu,78D719695A4AFA749876E85842CE75A1,,,"G:\\!upload\\!add\\!isbns\\Lnp 074 - Collet P ,Eckmann J P - A Renormalization Group Analysis Of The Hierarchical Model In Statistical Mechanics - Springer 1978 - Isbn 0387086706.djvu",0,2000-01-01 01:00:00,2016-04-03 02:51:08,240000/78d719695a4afa749876e85842ce75a1-g.jpg,,
5681155,Biological identification: The principles and practice of identification methods in biology,,,,R. J Pankhurst,1978,,University Park Press,,57,0,English,Биология,,,"0839113447,9780839113447",,,,,574/.01/2,QH83 .P36 1978,,,OL4723608M,,0,,,,,1,,,657352,djvu,78C37FDB3FB71FE3DE5835528D54635E,,,G:\\!upload\\!add\\bi\\pankhurst1978_biol_ident.djvu,0,2000-01-01 01:00:00,2016-04-03 02:51:08,240000/78c37fdb3fb71fe3de5835528d54635e-g.jpg,,
5681156,Mitochondrial DNA: Methods and Protocols,,Methods in Molecular Biology 197,,William C. Copeland,2002,1st,Humana Press,,419,0,English,Биология//Генетика,,,"9780896039728,0-89603-972-2",,,,,,,,,OL17041796M,,0,,,,,,,,5044071,pdf,78D61033F69CCB9804D1F28FEC412DCD,,,G:\\!upload\\!add\\!\\Methods In Molecular Biology Vol 197 - Mitochondrial Dna - Methods And Protocols (Copeland W C - 2002 - Humana Press).pdf,0,2000-01-01 01:00:00,2016-04-03 02:51:08,240000/78d61033f69ccb9804d1f28fec412dcd-d.jpg,,
5681154,Topics in Intersection Graph Theory,,Monographs on Discrete Mathematics and Applications,,"Terry A. McKee, F. R. McMorris",1999,,Society for Industrial  Mathematics,,214,0,English,Математика//Теория графов,,,"9780898714302,0898714303",,,,,511/.5,QA166.185 .M34 1999,,,OL371130M,,0,,,,,,,,2906845,djvu,78B4D1D0BBC76E3B265979E4909B41DA,,,"G:\\!upload\\!add\\!isbns\\MDMA - McKee T.A.,McMorris F.R. - Topics in intersection graph theory - SIAM 1999 - ISBN 0898714303.djvu",0,2000-01-01 01:00:00,2016-04-03 02:51:08,240000/78b4d1d0bbc76e3b265979e4909b41da-d.jpg,,
5681152,Пример расчета очистной канализационной станции города Механическая очистка,,,,"Иванов Г.В., Мишуков Б.Г.",1982,,,,165,0,Russian,Математика//Анализ,homelab,189-199,,,,,,,,,,,,0,,,,,,,,1689062,djvu,787511B79BFE2D3207FDDEA6B66E511D,,,"D:\\homelab\\Иванов Г.В., Мишуков Б.Г. Пример расчета очистной канализационной станции города Механическая очистка 1982.djvu",0,2000-01-01 01:00:00,2016-04-03 02:51:08,240000/787511b79bfe2d3207fddea6b66e511d-g.jpg,,
5681153,Solaris Security,,,,Peter H. Gregory,1999,1st,Prentice Hall PTR,,203,0,English,Компьютеры//Операционные системы,,,"9780130960535,0-13-096053-5",,,,,005.8,QA76.9.A25 G75 2000,,,OL24953863M,,0,,,,,,,,1401214,pdf,78B12AE142A18C12C11CF5C2BE900D0B,,,G:\\!upload\\!add\\!\\Prentice Hall PTR - Solaris Security.pdf,0,2000-01-01 01:00:00,2016-04-03 02:51:08,240000/78b12ae142a18c12c11cf5c2be900d0b-d.jpg,,
5681151,Источники энергии.,,,,"Войнилович П., Албычев П.",1950,,,,58,0,Russian,,homelab,189-199,,,,,,,,,,,,0,,,,,,,,18073255,pdf,786ADABA9DB7A47D62FE715090D3799D,,,"D:\\homelab\\Войнилович П., Албычев П. Источники энергии. 1950.pdf",0,2000-01-01 01:00:00,2016-04-03 02:51:08,240000/786adaba9db7a47d62fe715090d3799d-g.jpg,,
5681149,Mastering Oracle8i,,,,"Robert G. Freeman, Mark D. Blomber, Mark D. Blomberg",2001,,Sybex Inc,,1121,0,English,Компьютеры//Базы данных,,,"9780782129298,0-7821-2929-3",,,,,,,,,OL8096419M,,0,,,,,,,,5488791,djvu,78340022D5B99544D3ECDD47F2CD833F,,,G:\\!upload\\!add\\Oracle\\DJVU\\Oracle 9i  SQL Reference (2).djvu,0,2000-01-01 01:00:00,2016-04-03 02:51:08,240000/78340022d5b99544d3ecdd47f2cd833f-d.jpg,,
5681150,MATLAB Guide,,,,"Desmond J. Higham, Nicholas J. Higham",2005,2,SIAM: Society for Industrial and Applied Mathematics,,386,0,English,Компьютеры//Программы//Системы научных расчетов,,,"9780898715781,0-89871-578-4",,,,,518/.0285,QA297 .H5217 2005,,,OL3312081M,,0,,,,,,,,52864584,pdf,783FF22F5DD297801A506383286F9A04,,,"G:\\!upload\\!add\\!\\Siam - Matlab Guide 2Nd Ed - D Higham, N Higham (2005).pdf",0,2000-01-01 01:00:00,2016-04-03 02:51:08,240000/783ff22f5dd297801a506383286f9a04-d.jpg,,
5681147,Выращивание овощей в защищенном грунте.,,,,Октябрьская Т.А.,2005,,,,253,0,Russian,Наука (общее)//Научно-популярное,homelab,189-199,,,,,,,,,,,,0,,,,,,,T,15151780,djvu,781ED03258488E8C70D31AFEF322DC4E,,,D:\\homelab\\Октябрьская Т.А. Выращивание овощей в защищенном грунте. (2005) .djvu,0,2000-01-01 01:00:00,2016-04-03 02:51:08,240000/781ed03258488e8c70d31afef322dc4e-g.jpg,,
5681148,,,Катера и яхты. 1975-03,,,,,,,103,0,Russian,,homelab,189-199,,,,,,,,,,,,0,,,,,,,,21971934,pdf,7826DD332F0DA486D34DF98F68C36CE7,,,D:\\homelab\\Журнал. Катера и яхты. 1975-03.pdf,0,2000-01-01 01:00:00,2016-04-03 02:51:08,240000/7826dd332f0da486d34df98f68c36ce7-g.jpg,,
5681145,Биохимия человека,том 2,Harper's Biochemistry,,"Марри, Мейерс, Роуделл, Греннер",1993,,Мир,,418,0,Russian,Химия,,,"0-8385-3648-4,5-03-001773-9,5-03-001775-5",,,,,,,,,OL11519468M,,0,,,,,,,T,14304822,djvu,78141E7A89FEBC40C6979DC88B2DC6DE,,,G:\\!upload\\!add\\bi\\marri1993_biohim_cheloveka_2.djvu,0,2000-01-01 01:00:00,2016-04-03 02:51:08,240000/78141e7a89febc40c6979dc88b2dc6de-g.jpg,,
5681146,Advances in Geocomputing,,Lecture Notes in Earth Sciences 119,,Huilin Xing,2009,1,Springer,,337,0,English,Компьютеры//Организация и обработка данных,,,"9783540858775,3540858776",,,,,,,,,OL24813839M,,0,,,,,,,,4900223,djvu,781D5B44691EEA8A19FE7400517DB78C,,,G:\\!upload\\!add\\!isbns\\Lnes 119 - Xing H - Advances In Geocomputing - Springer 2009 - Isbn 3540858776.djvu,0,2000-01-01 01:00:00,2016-04-03 02:51:08,240000/781d5b44691eea8a19fe7400517db78c-d.jpg,,
5681143,American History Through Literature 1870-1920,vol 1,,,"Tom Quirk, Tom Quirk, Gary Scharnhorst",2005,1st,Charles Scribners Sons/Reference,,400,0,English,История,,,"9780684314648,0-684-31464-9",,,,,810.9/358/09034,PS217.H57 A843 2005,,,OL3407896M,,0,,,,,,,1,36813513,pdf,77F0710CC095D7F63E54BE3EE0675CCB,,,G:\\!upload\\!add\\Academic books\\Literature\\Quirk - Scharnhorst (eds) - American History Through Literature\\Gale American History through Literature 1.pdf,0,2000-01-01 01:00:00,2016-04-03 02:51:08,240000/77f0710cc095d7f63e54be3ee0675ccb-d.jpg,,
5681144,Марочник сталей и сплавов.,,,,Зубченко А.С. и др.,2003,,,,782,0,Russian,Техника//Промышленое оборудование и технологии,homelab,189-199,,,,,,,,,,,,0,,,,,,,,18879286,djvu,77F60740DCCF45C72DC0685D68F59922,,,D:\\homelab\\Зубченко А.С. и др. Марочник сталей и сплавов. (2003) .djvu,0,2000-01-01 01:00:00,2016-04-03 02:51:08,240000/77f60740dccf45c72dc0685d68f59922-g.jpg,,
5681142,Plants Systematics: An Integrated Approach,,,,Gurcharan Singh,2004,2nd,Science Publishers,,53,0,English,Биология//Растения//Ботаника,,,"9781578083428,1-57808-342-7",,,,,,,,,OL17133155M,,0,,,,,,,,1464552,djvu,77CBB46FA6D25E46918E83FB702E6772,,,G:\\!upload\\!add\\bi\\singh2004_pl_syst_2_3_9_10.djvu,0,2000-01-01 01:00:00,2016-04-03 02:51:08,240000/77cbb46fa6d25e46918e83fb702e6772-g.jpg,,
5681140,"Flowering Plants. Dicotyledons: Celastrales, Oxalidales, Rosales, Cornales, Ericales",,The Families and Genera of Vascular Plants 6,,Klaus Kubitzki,2004,1,Springer,,252,0,English,Биология//Растения//Ботаника,,,"3540065121,9783540065128",,,,,583/.01/2,QK495.A12 F56 2004,,O-tHGAaaf2cC,OL22568743M,,300,,,,0,1,,0,8447718,djvu,77A593C934DFF8D7585895B92E478919,,,G:\\!upload\\!add\\bi\\kubitzki2004_6.djvu,0,2000-01-01 01:00:00,2016-04-03 02:51:08,240000/77a593c934dff8d7585895b92e478919-d.jpg,,
5681141,"Oracle8i Internal Services for Waits, Latches, Locks, and Memory",,,,Steve Adams,1999,1,O'Reilly Media,,123,0,English,Компьютеры//Базы данных,,,"9781565925984,1-56592-598-X",,,,,005.75/85,QA76.9.D3 A33914 1999,,,OL6804573M,,0,,,,,,,,490847,djvu,77AEC2D7EF8E817D0DBFA427788C108F,,,G:\\!upload\\!add\\Oracle\\DJVU\\OReilly.Oracle.8i Interal Service.djvu,0,2000-01-01 01:00:00,2016-04-03 02:51:08,240000/77aec2d7ef8e817d0dbfa427788c108f-d.jpg,,
5681138,Introduction to Quantum Computation and Information,,,,"Hoi-Kwong Lo, Tim Spiller, Sandu Popescu",1999,,World Scientific Publishing Company,,364,0,English,Математика//Вычислительная математика,,,"9789810233990,981023399X",,,,,,,,,OL9194795M,,0,,,,,,,,3850101,djvu,775CEC7B8A975F9A5FC2C716E6B716EB,,,"G:\\!upload\\!add\\!isbns\\Lo H.K.,Spiller T.,Popescu S. - Introduction to quantum computation and information - WS 1998 - ISBN 981023399X.djvu",0,2000-01-01 01:00:00,2016-04-03 02:51:08,240000/775cec7b8a975f9a5fc2c716e6b716eb-d.jpg,,
5681139,The Geometry and Topology of Coxeter Groups.,,LMS-32,,Michael W. Davis,2007,illustrated edition,Princeton University Press,,599,0,English,Математика//Геометрия и топология,,,"9780691131382,0-691-13138-4",,,,,,,,,OL11182953M,,0,,,,,,,T,4540971,pdf,7771C4D4AB75C5D00AE983E234693291,,,G:\\!upload\\!add\\!\\Princeton University Press - The Geometry And Topology Of Coxeter Groups - 2008.pdf,0,2000-01-01 01:00:00,2016-04-03 02:51:08,240000/7771c4d4ab75c5d00ae983e234693291-d.jpg,,
5681137,The Handgun,vol 2,Home Workshop Guns For Defense & Resistance,,Bill Holmes,1987,,Paladin Press,,139,0,English,Образование//Международные конференции и симпозиумы,,,"087364154X,9780873641548",,,,,,,,,OL8379745M,,0,,,,,1,,,20284065,pdf,7758DCEED05EF3AC4313FD329F15767A,,,"G:\\!upload\\!add\\!\\Paladin Press - Holmes, Bill - Homeworkshop Firearms Vol2 - The Handgun(1991).pdf",0,2000-01-01 01:00:00,2016-04-03 02:51:08,240000/7758dceed05ef3ac4313fd329f15767a-d.jpg,,
5681134,Understanding Engineering Mathematics,,,,Bill Cox,2007,,Newnes,,544,0,English,Математика,,,0-7506-5098-2,,,,,510.2462,TA330 .C69 2001,,,OL3437712M,,0,,,,,,,T,7276330,pdf,771D251872EAD421B29FD44A0F9995BF,,,G:\\!upload\\!add\\!\\Newnes - Understanding Engineering Mathematics (2007).pdf,0,2000-01-01 01:00:00,2016-04-03 02:51:08,240000/771d251872ead421b29fd44a0f9995bf-g.jpg,,
5681135,Большая историческая энциклопедия.,т.1 ,,,Жуков Е.,1961,,Советская энциклопедия,,530,0,Russian,История,homelab,189-199,,,,,,,,,,,,0,,,,,,,,15748885,djvu,77343101D861BA1D0783A32D3BCCBD52,,,D:\\homelab\\Много авт. Большая историческая энциклопедия. т.1 (1961) .djvu,0,2000-01-01 01:00:00,2016-04-03 02:51:08,240000/77343101d861ba1d0783a32d3bccbd52-g.jpg,,
5681136,Handbook of laser technology and applications,Volume 2. Laser design and systems,,,"Colin E. Webb, Julian D. C. Jones",2004,,Institute of Physics,,1263,0,English,,,0,"9780750309639,0750309636",,,,,621.36/6,TK7871.3 .H25 2004,,,,,0,,,,,,,,191713684,pdf,77427B413F4A815FFF5657EA91402D75,,,"G:/!upload/!add/!isbns/Handbook Of Laser Technology And Applications Vol 2 (Laser Design And Laser Systems) - Webb C Jones J - (Iop, 2004)(Isbn 0750309636).pdf",0,2000-01-01 01:00:00,2016-04-03 02:51:08,240000/77427b413f4a815fff5657ea91402d75-g.jpg,,
5681133,Fundamentals of Psychopharmacology,,,,Brian E. Leonard,2003,3,Wiley,,226,0,English,Химия//Фармакология,,,"9780471521785,0-471-52178-7",,,,,,,,,OL7618577M,,0,,,,,,,,1828877,djvu,77017F69CDF9905EA61FE2130DA2E040,,,"G:\\!upload\\!add\\biology\\Pharmacology\\Fundamentals of Psychopharmacology 3rd ed - B. Leonard (Wiley, 2003).djvu",0,2000-01-01 01:00:00,2016-04-03 02:51:08,240000/77017f69cdf9905ea61fe2130da2e040-d.jpg,,
5681131,Programming 16-Bit PIC Microcontrollers in C: Learning to Fly the PIC 24,,Embedded Technology,,Lucio Di Jasio,2007,,Newnes,,401,0,English,Образование,,,"9780750682923,0-7506-8292-2",,,,,,,,,OL15613247M,,0,,,,,,,T,6350713,pdf,76BE1827D61BC29D61F26C301E4E13C8,,,G:\\!upload\\!add\\!\\Newnes Programming 16-Bit Pic Microcontrollers In C Ebook-Spy.pdf,0,2000-01-01 01:00:00,2016-04-03 02:51:08,240000/76be1827d61bc29d61f26c301e4e13c8-d.jpg,,
5681132,"Springer Handbook of Atomic, Molecular, and Optical Physics",,,,Gordon W. F. Drake,2005,2nd,Springer,,1506,0,English,Физика,,,"9780387208022,038720802X",,,,,,,,,OL7444342M,,0,,,,,,,,23591028,djvu,76C9BB23308130FD39B80313724EFAD6,,,G:\\!upload\\!add\\!isbns\\Drake G.W.F. - Handbook of atomic molecular and optical physics - Springer 2006 - ISBN 038720802x (1506s).djvu,0,2000-01-01 01:00:00,2016-04-03 02:51:08,240000/76c9bb23308130fd39b80313724efad6-d.jpg,,
5681130,Flowering Plants. Monocotyledons: Alismatanae and Commelinanae (except Gramineae),,The Families and Genera of Vascular Plants 4,,"Klaus Kubitzki, H. Huber, P.J. Rudall, P.S. Stevens, T. Stützel",1998,1,Springer,,262,0,English,Биология//Растения//Ботаника,,,"3540640614,9783540640615",,,,,584/.7,QK495.A14 F54 1998,,bNQDsSmx2roC,OL16841510M,,300,,,,0,1,,0,8624480,djvu,76A319E1DEDA2A42439B197DED1EC4F2,,,G:\\!upload\\!add\\bi\\kubitzki1998_4.djvu,0,2000-01-01 01:00:00,2016-04-03 02:51:08,240000/76a319e1deda2a42439b197ded1ec4f2-d.jpg,,
5681129,"AI 2004: Advances in Artificial Intelligence: 17th Australian Joint Conference on Artificial Intelligence, Cairns, Australia, December 4-6, 2004, Proceedings ... / Lecture Notes in Artificial Intelligence",,LNCS 3339,,"Geoffrey Webb, Xinghuo Yu",2005,1,Springer,,1297,0,English,Образование//Международные конференции и симпозиумы,,,"9783540240594,3540240594",,,,,006.3,Q334 .A97 2004,,,OL3316859M,,0,,,,,,,,31443454,djvu,7693D284B5F0C5518F08DBE55AE66969,,,"G:\\!upload\\!add\\!isbns\\LNCS 3339 - Webb G.,Yu X. - Ai 2004.. advances in artificial intelligence - Springer 2004 - ISBN 3540240594 (1297s).djvu",0,2000-01-01 01:00:00,2016-04-03 02:51:08,240000/7693d284b5f0c5518f08dbe55ae66969-d.jpg,,
5681127,The Princeton Review Wordsmart I Audio Program: How to Build a More Educated Vocabulary (4 60-min cass),,Princeton Review,,"Adam Robinson, David Owen",1993,Revised,Villard Books,,168,0,English,Образование,,,"0679745890,9780679745891",,,,,428.1,,,,OL18331215M,,0,,,,0,1,,0,4008698,pdf,7680E394199A7E2330842FFB7E381D53,,,G:\\!upload\\!add\\!\\The Princeton Review - Word Smart - Building an Educated Vocabulary.pdf,0,2000-01-01 01:00:00,2016-04-03 02:51:08,240000/7680e394199a7e2330842ffb7e381d53-d.jpg,,
5681128,Mathematics of Classical and Quantum Physics,vol 1-2,,,"Frederick W. Byron, Robert W. Fuller",1992,,Dover Publications,,669,0,English,Математика,,,"9780486671642,0-486-67164-X",,,,,530.1/5,QC20 .B9 1992,,,OL1710091M,,0,,,,,,,,14879869,pdf,76853227C2DF354AE10697340D9BD429,,,"G:\\!upload\\!add\\!\\Byron F., Fuller R. Mathematics of Classical and Quantum Physics.Vols.1-2.(Dover, 1992)(669s).pdf",0,2000-01-01 01:00:00,2016-04-03 02:51:08,240000/76853227c2df354ae10697340d9bd429-d.jpg,,
5681126,Composition of Secure Multi-Party Protocols: A Comprehensive Study,,Lecture Notes in Computer Science 2815,,Yehuda Lindell,2003,1,Springer,,202,0,German,,,,"9783540201052,354020105X",,,,,,,,,OL9626848M,,0,,,,,,,,1757285,djvu,7626C818714D8BC5FBE42DCFBA5C8C2B,,,G:\\!upload\\!add\\!isbns\\Lncs 2815 - Lindell Y - Composition Of Secure Multi-Party Protocols A Comprehensive Study - Springer 2003 - Isbn 354020105X (202S).djvu,0,2000-01-01 01:00:00,2016-04-03 02:51:08,240000/7626c818714d8bc5fbe42dcfba5c8c2b-d.jpg,,
5681124,Gluten-Free Cereal Products and Beverages,,Food Science and Technology,,"Elke Arendt, Fabio Dal Bello",2008,1,Academic Press,,469,0,English,,,,"0123737397,978-0-12-373739-7",,,,,,,,,OL10071988M,,0,,,,,,,,2703968,djvu,75D07918F102D28A04FFDC631C82C888,,,"G:\\!upload\\!add\\biology\\Gluten-Free Cereal Products and Beverages (AP, 2008).djvu",0,2000-01-01 01:00:00,2016-04-03 02:51:08,240000/75d07918f102d28a04ffdc631c82c888-d.jpg,,
5681125,Agrobacterium Protocols, Volume I,Methods in Molecular Biology 343,,Kan Wang,2006,2nd,Humana Press,,46,0,English,Биология//Биохимия,,,"9781588295361,1-58829-536-2",,,,,631.5/233,QR82.R45 A37 2006,,,OL22734914M,,0,,,,,,,,1378083,pdf,761F3D5A95EBC8ABB8A63E49EA4FA0A0,,,G:\\!upload\\!add\\!\\343 - Methods In Molecular Biology - Agrobacterium Protocols - Volume 1 - (2nd ed).pdf,0,2000-01-01 01:00:00,2016-04-03 02:51:08,240000/761f3d5a95ebc8abb8a63e49ea4fa0a0-d.jpg,,
5681123,"The World in Eleven Dimensions: Supergravity, Supermembranes and M-Theory",,"Studies in High Energy Physics, Cosmology and Gravitation",,M. J. Duff,1999,,Iop Institute of Physics,,526,0,English,Физика//Астрономия//Астрофизика,,,"9780750306713,0-7503-0671-8",,,,,,,,,OL9663966M,,0,,,,,,,T,49965879,pdf,75C0B487C0A20AE422DE7678EAB6BFA3,,,"G:\\!upload\\!add\\!\\The World in Eleven Dimensions - Supergravity, Supermembranes and M-Theory - M. Duff (IOP, 1999) WW.pdf",0,2000-01-01 01:00:00,2016-04-03 02:51:08,240000/75c0b487c0a20ae422de7678eab6bfa3-d.jpg,,
5681121,Species Concepts and Phylogenetic Theory,,,,"Quentin Wheeler, Rudolf Meier",2000,0,Columbia University Press,,123,0,English,Биология//Генетика,,,"9780231101424,0-231-10142-2",,,,,,,,,OL16978639M,,0,,,,,,,,1795204,djvu,7589B6BDE63B8F9DD306AA90964C6A42,,,G:\\!upload\\!add\\bi\\species_concept_debate2000.djvu,0,2000-01-01 01:00:00,2016-04-03 02:51:08,240000/7589b6bde63b8f9dd306aa90964c6a42-g.jpg,,
5681122,The Units of Evolution: Essays on the Nature of Species,,Bradford Books  ,,Marc Ereshefsky,1992,,The MIT Press,,212,0,English,Наука (общее)//Научно-популярное,,,"9780262050449,0-262-05044-7",,,,,574/.012,QH380 .U54 1992,,,OL2028001M,,300,,,,,,,0,2611417,djvu,759E6A5912C975F240A082F9968DCFEB,,,G:\\!upload\\!add\\bi\\units_of_evolution1992.djvu,0,2000-01-01 01:00:00,2016-04-03 02:51:08,240000/759e6a5912c975f240a082f9968dcfeb-d.jpg,,
5681119,The Calculus of Variations,,Universitext,,Bruce van Brunt,2003,1,Springer,,305,0,English,Математика//Анализ,,,"9780387402475,0387402470",,,,,,,,,OL17096356M,,0,,,,,,,T,1635613,djvu,757C7887DB0370C6C785416501742D06,,,"G:\\!upload\\!add\\!isbns\\van Brunt B. The calculus of variations (Universitext, Springer, 2004)(ISBN 0387402470)(305s).djvu",0,2000-01-01 01:00:00,2016-04-03 02:51:08,240000/757c7887db0370c6c785416501742d06-d.jpg,,
5681120,Lost Sex: The Evolutionary Biology of Parthenogenesis,,,,"Isa Schön, Koen Martens, Peter van Dijk",2009,1st Edition.,Springer,,617,0,English,"Психология//Любовь, эротика",,,"9048127696,978-90-481-2769-6",,,,,,,,,,,0,,,,,,,,5476953,pdf,75880165C81485FFFD2C2E11ED1C847F,,,G:\\!upload\\!add\\bi\\lost_sex2009.pdf,0,2000-01-01 01:00:00,2016-04-03 02:51:08,240000/75880165c81485fffd2c2e11ed1c847f-d.jpg,,
5681117,Ультразвуковая дефектоскопия в энергомашиностроении.,,,,Кретов Е.Ф.,1995,,,,317,0,Russian,Техника,homelab,189-199,,,,,,,,,,,,0,,,,,,,,44319336,pdf,752EE0BF08C4338258C66DF229AA3A92,,,D:\\homelab\\Кретов Е.Ф. Ультразвуковая дефектоскопия в энергомашиностроении. 1995.pdf,0,2000-01-01 01:00:00,2016-04-03 02:51:08,240000/752ee0bf08c4338258c66df229aa3a92-g.jpg,,
5681118,Oracle SQL*Loader: The Definitive Guide,,,,"Jonathan Gennick, Sanjay Mishra",2001,1,O'Reilly Media,,270,0,English,Компьютеры//Базы данных,,,"9781565929487,1-56592-948-9",,,,,,,,,OL3584322M,,0,,,,,,,,1473686,djvu,7568AEA37AB18B5C9774C6CEFED829EA,,,G:\\!upload\\!add\\Oracle\\DJVU\\Oracle sql loader.djvu,0,2000-01-01 01:00:00,2016-04-03 02:51:08,240000/7568aea37ab18b5c9774c6cefed829ea-d.jpg,,
5681115,Introductory Biostatistics,,,,Chap T. Le,2003,1,Wiley-Interscience,,551,0,English,Математика//Математическая статистика,,,"9780471418160,0-471-41816-1",,,,,610.15195,QH323.5 .L373 2003,,,OL3704935M,,0,,,,,,,T,2677115,djvu,752244CA6DD7F848235EA79F9B453C38,,,G:\\!upload\\!add\\st\\le2003_intr_biostat.djvu,0,2000-01-01 01:00:00,2016-04-03 02:51:08,240000/752244ca6dd7f848235ea79f9b453c38-d.jpg,,
5681116,Гидромеханика невесомости,,,,Мышкис А.Д. (ред.),1976,,,,505,0,Russian,Физика,homelab,189-199,,,,,,,,,,,,0,,,,,1,,,11074564,djvu,752E86EE8C107F15F469221CE613D3B1,,,D:/homelab/Мышкис А.Д. ред Гидромеханика невесомости 1976.djvu,0,2000-01-01 01:00:00,2016-04-03 02:51:08,240000/752e86ee8c107f15f469221ce613d3b1-g.jpg,,
5681113,Probability Theory and Combinatorial Optimization,,CBMS-NSF Regional Conference Series in Applied Mathematics,,J. Michael Steele,1997,illustrated edition,Society for Industrial  Mathematics,,162,0,English,Математика//Вероятность,,,"9780898713800,0-89871-380-3",,,,,519.7,QA273.45 .S74 1997,,,OL1003234M,,0,,,,,,,,10314333,pdf,7510CE226312FD33474F1E5A1B72F66A,,,"G:\\!upload\\!add\\!\\Steele J.M. Probability theory and combinatorial optimization (SIAM, 1997)(T)(162s)_MAc_.pdf",0,2000-01-01 01:00:00,2016-04-03 02:51:08,240000/7510ce226312fd33474f1e5a1b72f66a-d.jpg,,
5681114,Introduction to Quantum Mechanics,,,,David J. Griffiths,1994,1st,Prentice Hall,,408,0,English,Физика//Квантовая физика,,,"9780131244054,0-13-124405-1",,,,,530.1/2,QC174.12 .G75 1995,,,OL1090011M,,0,,,,,,,,13600693,pdf,751B5381197DF49D7019EB59CEAAEC83,,,G:\\!upload\\!add\\!\\SI DEPRONTO PARA ESTUDIAR Physics - [Prentice Hall] - [Griffiths D] - Introduction to Quantum Mechanics (1995).pdf,0,2000-01-01 01:00:00,2016-04-03 02:51:08,240000/751b5381197df49d7019eb59ceaaec83-d.jpg,,
5681112,Mass Extinctions and Their Aftermath,,,,"A. Hallam, P. B. Wignall",1997,,"Oxford University Press, USA",,332,0,English,Биология,,,"9780198549161,0-19-854916-4",,,,,576.8/4,QE721.2.E97 H35 1997,,,OL676125M,,0,,,,,,,,21559458,pdf,750E6C5B55E8257145A50A88FCF08A4E,,,G:\\!upload\\!add\\bi\\hallam1997_mass_extinctions.pdf,0,2000-01-01 01:00:00,2016-04-03 02:51:08,240000/750e6c5b55e8257145a50a88fcf08a4e-d.jpg,,
5681109,IDC Engineering Pocket Guide 3rd Edition,,,,S. G. Mackay,2001,,IDC Techbooks,,51,0,English,Техника,,,"9781875955091,1-875955-09-7",,,,,,,,,OL12107109M,,0,,,,,,,,1093889,pdf,74EBD8C88A6436ACF62FC14A836C819D,,,"G:\\!upload\\!add\\!\\Electrical Pocket Guide - Power Systems Protection, Pq & Substation Automation(1).pdf",0,2000-01-01 01:00:00,2016-04-03 02:51:08,240000/74ebd8c88a6436acf62fc14a836c819d-g.jpg,,
5681110,The Globalization Syndrome,,,,James H. Mittelman,2000,,Princeton University Press,,328,0,English,,,,"9780691009872,0-691-00987-2",,,,,,,,,OL15485872M,,0,,,,,,,T,2467706,pdf,74FCF94A23A4FC1B5E7C2BA2DFE2FFF2,,,G:\\!upload\\!add\\!\\Princeton University Press The Globalization Syndrome.pdf,0,2000-01-01 01:00:00,2016-04-03 02:51:08,240000/74fcf94a23a4fc1b5e7c2ba2dfe2fff2-d.jpg,,
5681111,"Interpolation, Schur Functions and Moment Problems",,Operator Theory: Advances and Applications 165,,"Daniel Alpay, Israel Gohberg",2006,1,Birkhäuser Basel,,309,0,English,Техника//Аэрокосмическое оборудование,,,"9783764375461,3-7643-7546-9",,,,,,,,,OL9457626M,,0,,,,,,,,3379663,pdf,750E1A1967BE37AE2BEC07D3AA259267,,,"G:\\!upload\\!add\\!\\OTAA 165 - Interpolation, schur functions and moment problems - Alpay, Gohberg (Birkhauser 2006).pdf",0,2000-01-01 01:00:00,2016-04-03 02:51:08,240000/750e1a1967be37ae2bec07d3aa259267-d.jpg,,
5681108,Prime Numbers: The Most Mysterious Figures in Math,,,,David Wells,2005,1,Wiley,,284,0,English,Математика//Теория чисел,,,"9780471462347,0-471-46234-9",,,,,,,,,OL7617596M,,0,,,,,,,,1377575,pdf,74E61A2D5483B49DB91B0D8FBB064AB5,,,"G:\\!upload\\!add\\!\\Y.Wells D. Prime numbers. The most mysterious figures in math(Wiley,2005)(291s)_MT_.pdf",0,2000-01-01 01:00:00,2016-04-03 02:51:08,240000/74e61a2d5483b49db91b0d8fbb064ab5-d.jpg,,
5681106,AVR: An Introductory Course,,,,John Morton,2002,,Newnes,,126,0,English,Техника//Электроника//Микропроцессорная техника,,,"0750656352,9780750656351,9781435605527",,,,,,,,,OL7972405M,,0,,,,0,1,,0,14151023,pdf,7487857D7AE544E0C5ADAEC1CA78CE05,,,"G:\\!upload\\!add\\!\\AVR [microcontroller] - an Introductory Course - J. Morton (Newnes, 2002) WW.pdf",0,2000-01-01 01:00:00,2016-04-03 02:51:08,240000/7487857d7ae544e0c5adaec1ca78ce05-d.jpg,,
5681107,"CRC World Dictionary of Grasses: Common Names, Scientific Names, Eponyms, Synonyms, and Etymology - 3 Volume Set v. 2",,,,Umberto Quattrocchi,2006,1,CRC Press,,2402,0,English,Языкознание//Словари,,,"9780849313035,0-8493-1303-1",,,,,,,,,OL17203947M,,0,,,,,,,T,13619505,pdf,74A6E9206B866BB3992EF013820E1528,,,G:\\!upload\\!add\\bi\\quattrocchi2004_dict_grasses.pdf,0,2000-01-01 01:00:00,2016-04-03 02:51:08,240000/74a6e9206b866bb3992ef013820e1528-d.jpg,,
5681104,Топографические карты. Научные основы содержания.,,,,Верещака Т.В.,2002,,,,259,0,Russian,,homelab,189-199,,,,,,,,,,,,0,,,,,,,,15408552,pdf,740A31A833ECF9C94F8083B8B4E12302,,,D:\\homelab\\Верещака Т.В. Топографические карты. Научные основы содержания. 2002.pdf,0,2000-01-01 01:00:00,2016-04-03 02:51:08,240000/740a31a833ecf9c94f8083b8b4e12302-g.jpg,,
5681105,LightWave 3D 8: 1001 Tips & Tricks,,,,"Wes Beckwith, Steve Warner, Robin Wood",2004,,Wordware Publishing,,325,0,English,Компьютеры//Мультимедиа,,,"9781556220906,1-55622-090-1",,,,,,,,,OL8594205M,,0,,,,,,,,10358975,pdf,7456B548682B624A4E35B2FA1A2056B1,,,G:\\!upload\\!add\\!\\Wordware Publishing - LightWave.pdf,0,2000-01-01 01:00:00,2016-04-03 02:51:08,240000/7456b548682b624a4e35b2fa1a2056b1-d.jpg,,
5681103,Modern Electrochemistry: Ionics,vol 1,,,"Bockris, Reddy",1998,2nd,Kluwer,,188,0,English,Химия,,,0-306-45554-4,,,,,541.3/7,QD553 .B63 1998,,,OL677823M,,0,,,,,,,,78880868,pdf,7408892739A0E6C8AD02913561156F17,,,"G:\\!upload\\!add\\!\\Bockris, Reddy. Modern electrochemistry, vol.1. Ionics (Kluwer, 2002)(T)(C)(825s)_Ch_.pdf",0,2000-01-01 01:00:00,2016-04-03 02:51:08,240000/7408892739a0e6c8ad02913561156f17-d.jpg,,
5681101,Основы наноэлектроники,,,,Драгунов В.П. и др.,2000,,,,332,0,Russian,Техника//Нанотехнологии,homelab,189-199,,,,,,,,,,,,0,,,,,,,,12906497,djvu,73E78B37EA0F6377D9103CA5D2B24375,,,D:\\homelab\\Драгунов В.П. и др. Основы наноэлектроники 2000.djvu,0,2000-01-01 01:00:00,2016-04-03 02:51:08,240000/73e78b37ea0f6377d9103ca5d2b24375-g.jpg,,
5681102,"Oracle8i Internal Services for Waits, Latches, Locks, and Memory",,,,Steve Adams,1999,1,O'Reilly Media,,123,0,English,Компьютеры//Базы данных,,,"9781565925984,1-56592-598-X",,,,,005.75/85,QA76.9.D3 A33914 1999,,,OL6804573M,,0,,,,,,,,483205,djvu,73FB5E037FEE26C210227D5C37A2754C,,,G:\\!upload\\!add\\Oracle\\DJVU\\Oracle internal service.djvu,0,2000-01-01 01:00:00,2016-04-03 02:51:08,240000/73fb5e037fee26c210227d5c37a2754c-d.jpg,,
5681099,ХСЛТ. Сборник рецептов.,,,,Мангано С.,2008,,,,862,0,Russian,,homelab,189-199,978-5-94074-419-1,,,,,,,,,,,0,,,,,,,,3947838,pdf,73B44544AD73BA3CA3FC801E4C1C81F8,,,D:\\homelab\\Мангано С. ХСЛТ. Сборник рецептов. (2008) .pdf,0,2000-01-01 01:00:00,2016-04-03 02:51:08,240000/73b44544ad73ba3ca3fc801e4c1c81f8-g.jpg,,
5681100,"Кибернетика: «От человеческого мозга к мозгу искусственному». (La cybernetique: «Du cerveaux humain aux serveaux artificiels», 1957)",,,,Косса Поль,1958,,Издательство иностранной литературы. Редакция литературы по философии и психологии,Москва,126,0,Russian,Медицина//Анатомия и физиология человека,homelab,189-199,,,,,,,,,,,"Scan, Djvuing: ???, ReFormatting 002, Pohorsky, 2009",600,,,,,,,,3109107,djvu,73E0C79431816E5D203334378A23853C,,,D:homelabКосса П. Кибернетика. (1958) .djvu,0,2000-01-01 01:00:00,2016-04-03 02:51:08,240000/73e0c79431816e5d203334378a23853c-d.gif,,
5681098,Ginkgo Biloba,,Medicinal and Aromatic Plants - Industrial Profiles ,,Teris A vanBeek,2000,1,CRC Press,,526,0,English,,,,"9789057024887,9057024888",,,,,585/.7,QK494.5.G48 G54 2000,,,OL3629731M,,0,,,,,,,,6678289,pdf,7369108EF99D477A2431CCF7D12C0740,,,G:\\!upload\\!add\\bi\\ginkgo2006.pdf,0,2000-01-01 01:00:00,2016-04-03 02:51:08,240000/7369108ef99d477a2431ccf7d12c0740-d.jpg,,
5681095,The Cell: Evolution of the First Organism,,New Biology,,"Joseph, Ph.D. Panno",2004,,Facts on File,,205,0,English,Медицина//Терапия,,,"9780816049462,0-8160-4946-7",,,,,,,,,OL19679829M,,0,,,,,,,,1312766,djvu,731E5ABD0485740BA7F688F04467F161,,,"G:\\!upload\\!add\\biology\\Cell and Molecular Biology\\Panno - The Cell - Evolution of the First Organism [intro] (FOF, 2005).djvu",0,2000-01-01 01:00:00,2016-04-03 02:51:08,240000/731e5abd0485740ba7f688f04467f161-d.jpg,,
5681096,The Prokaryotes,vol 7,,,"Stanley Falkow, Martin Dworkin;Stanley Falkow;Eugene Rosenberg;Karl-Heinz Schleifer;Erko Stackebrandt",2006,3,Springer,,1091,0,English,Медицина,,,"9780387254975,0-387-25497-8",,,,,579.3/012,QR72.5 .P76 2006,,,OL17155082M,,0,,,,,,,,19368133,pdf,734131ECE8527D07B4BE32AE4B411E6C,,,G:\\!upload\\!add\\bi\\dworkin2006_prokaryotes_7.pdf,0,2000-01-01 01:00:00,2016-04-03 02:51:08,240000/734131ece8527d07b4be32ae4b411e6c-d.jpg,,
5681097,Optical Coherence and Quantum Optics,,,,"Leonard Mandel, Emil Wolf",1995,1,Cambridge University Press,,1189,0,English,Физика//Квантовая физика,,,"9780521417112,0521417112",,,,,535/.2,QC403 .M34 1995,,,OL1436612M,,0,,,,,,,T,10539938,djvu,73591E14F7FB1DAFF747A7F67C7AC736,,,"G:\\!upload\\!add\\!isbns\\Mandel L.,Wolf E. - Optical coherence and quantum optics - CUP 1995 - ISBN 0521417112 (400dpi)(ka)(t)(1190s).djvu",0,2000-01-01 01:00:00,2016-04-03 02:51:08,240000/73591e14f7fb1daff747a7f67c7ac736-d.jpg,,
5681093,Circuit Design for RF Transceivers,,,,"Domine Leenaerts, J. van der Tang, Cicero S. Vaucher",2001,1,Kluwer,,342,0,English,Физика,,,"9780792375517,0-7923-7551-3",,,,,,,,,OL18170121M,,0,,,,,,,,15238622,pdf,72F7606C7C6D840428828720485EEAFB,,,G:\\!upload\\!add\\!\\Leenearts - Circuit Design for RF Transceivers - Kluwer Academic - 2001.pdf,0,2000-01-01 01:00:00,2016-04-03 02:51:08,240000/72f7606c7c6d840428828720485eeafb-d.jpg,,
5681094,"Nanotechnology: Science, Innovation, and Opportunity",,,,Lynn E. Foster,2005,,Prentice Hall,,89,0,English,Техника//Нанотехнологии,,,"9780131927568,0-13-192756-6",,,,,620/.5,T174.7 .F68 2005,,,OL22722878M,,0,,,,,,,,11212557,pdf,72F980DAF3DE7246A5ABAEFE36230F23,,,G:\\!upload\\!add\\!\\[nano] scientific american special edition 2007 Nanotechnology.pdf,0,2000-01-01 01:00:00,2016-04-03 02:51:08,240000/72f980daf3de7246a5abaefe36230f23-d.jpg,,
5681092,,,Катера и яхты. 1975-03,,,,,,,103,0,Russian,,homelab,189-199,,,,,,,,,,,,0,,,,,,,,6480401,djvu,72C87A89E888672D43A82D1CE7482419,,,D:\\homelab\\Журнал. Катера и яхты. (1975-03) .djv,0,2000-01-01 01:00:00,2016-04-03 02:51:08,240000/72c87a89e888672d43a82d1ce7482419-g.jpg,,
5681090,Формирование каверно-поровового пространства в карбонатных отложениях.,,,,Страхов П.Н.,2005,,,,73,0,Russian,Математика,homelab,189-199,,,,,,,,,,,,0,,,,,,,,1148811,pdf,72BC77EA041D5202CE33FED255BD4DBC,,,D:\\homelab\\Страхов П.Н. Формирование каверно-поровового пространства в карбонатных отложениях. (2005) .pdf,0,2000-01-01 01:00:00,2016-04-03 02:51:08,240000/72bc77ea041d5202ce33fed255bd4dbc-g.jpg,,
5681091,"Enumerative Invariants in Algebraic Geometry and String Theory: Lectures given at the C.I.M.E. Summer School held in Cetraro, Italy, June 6-11, 2005",,LNM 1947,,"Michael Thaddeus, Marcos Marino, Ravi Vakil, Kai Behrend, Marco Manetti",2008,1,Springer,,218,0,English,Наука (общее)//Научно-популярное,,,"9783540798132,3540798137",,,,,516.35,QA564 .E584 2008,,,OL22682738M,,0,,,,,,,,1932625,djvu,72C0DE44168BFB07CAD2797BD94AD222,,,"G:\\!upload\\!add\\!isbns\\LNM 1947 - Abramovich D.,Marino M.,Thaddeus M.,Vakil R. - Enumerative Invariants in Algebraic Geometry and String theory - Springer 2008 - ISBN 3540798137.djvu",0,2000-01-01 01:00:00,2016-04-03 02:51:08,240000/72c0de44168bfb07cad2797bd94ad222-d.jpg,,
5681089,Млекопитающие: Полная иллюстрированная энциклопедия,Книга 2,,,Макдональд Д. (ред.),2007,,Омега,,504,0,Russian,Биология//Зоология,,0,978-5-465-01347-5,,,59(031),28.6я2,,,,,,,0,,,,,,,,69895213,djvu,72A19C1307F62242ED00023BE5EB0DEA,,,G:/!upload/!add/bi/mlekopitajuschie2007_2.djvu,0,2000-01-01 01:00:00,2016-04-03 02:51:08,240000/72a19c1307f62242ed00023be5eb0dea-g.jpg,,
5681087,,,Катера и яхты. 1975-02,,,,,,,103,0,Russian,,homelab,189-199,,,,,,,,,,,,0,,,,,,,,6157009,djvu,7244CC855AB3321D5751DA83E64ACB7A,,,D:\\homelab\\Журнал. Катера и яхты. (1975-02) .djv,0,2000-01-01 01:00:00,2016-04-03 02:51:08,240000/7244cc855ab3321d5751da83e64acb7a-g.jpg,,
5681088,The Mathematica Graphics Guidebook,,,,"Cameron Smith, Nancy Blachman",1995,Pap/Dis,Addison Wesley Publishing Company,,361,0,English,Математика,,,"9780201532807,0201532808",,,,,510/.285/5369,T385 .S622 1995,,,OL1720032M,,0,,,,,,,,11290122,djvu,728418ECBB659FF2A0DE8B6F765FCA00,,,"G:\\!upload\\!add\\!isbns\\Smith C., Blachman N. The Mathematica graphics guidebook (AW, 1995)(ISBN 0201532808)(361s).djvu",0,2000-01-01 01:00:00,2016-04-03 02:51:08,240000/728418ecbb659ff2a0de8b6f765fca00-d.jpg,,
5681085,Volterra-Stieltjes Integral Equations and Generalized Ordinary Differential Expressions,,Lecture Notes in Mathematics 989,,Angelo B. Mingarelli,1983,,Springer,,332,0,English,Математика,,,"9780387122946,038712294X",,,,,"510 s,515.4/5","QA3 .L28 no. 989,QA431 .L28 no. 989",,,OL3168484M,,0,,,,,,,,1461060,djvu,723780B1BEB977A30E4EDD0DFE11E57F,,,G:\\!upload\\!add\\!isbns\\LNM 0989 - Mingarelli A.B. - Volterra-stieltjes integral equations and generalized ordinary differential expressions - Springer 1983 - ISBN 038712294x.djvu,0,2000-01-01 01:00:00,2016-04-03 02:51:08,240000/723780b1beb977a30e4edd0dfe11e57f-g.jpg,,
5681086,Optical Fibre Communications: Principles and Practice,,Prentice-Hall international series in optoelectronics,,John M. Senior,1985,,Longman Higher Education,,575,0,English,Наука (общее)//Научно-популярное,,,"9780136382225,0-13-638222-3",,,,,621.38/0414,TK5103.59 .S46 1985,,,OL2846212M,,0,,,,,,,,24131822,pdf,723AB6A6688FE19D2E64B5FA0D23EA06,,,G:\\!upload\\!add\\!\\Prentice.Hall - Optical Fiber Communications.pdf,0,2000-01-01 01:00:00,2016-04-03 02:51:08,240000/723ab6a6688fe19d2e64b5fa0d23ea06-g.jpg,,
5681084,Big Bang: Improvised Petn And Mercury Fulminate,,,,John Galt,1987,illustrated edition,Paladin Press,,28,0,English,,,,"9780873644372,0-87364-437-9",,,,,662/.27,TP293 .G35 1987,,,OL1920704M,,0,,,,,,,,1110245,pdf,722A1DEF06FF5AEC2A9CFBCD242C273C,,,G:\\!upload\\!add\\!\\Paladin 1987 - John Galt - The Big Bang- Improvised PETN+Mercury Fulminate - Kilroy.pdf,0,2000-01-01 01:00:00,2016-04-03 02:51:08,240000/722a1def06ff5aec2a9cfbcd242c273c-d.jpg,,
5681083,Электрооборудование промышленных предприятий и установок Дипломное проектирование,,,,"Гурин Н.А., Янукович Г.И.",1990,,,,119,0,Russian,Техника,homelab,189-199,,,,,,,,,,,,0,,,,,,,,2805415,djvu,7217887A3042669791DBA2DC1C23C47D,,,"D:\\homelab\\Гурин Н.А., Янукович Г.И. Электрооборудование промышленных предприятий и установок Дипломное проектирование 1990.djvu",0,2000-01-01 01:00:00,2016-04-03 02:51:08,240000/7217887a3042669791dba2dc1c23c47d-g.jpg,,
5681081,Computer Algebra Recipes for Mathematical Physics,,Undergraduate Texts in Mathematics,,Richard H. Enns,2004,1,Birkhäuser Boston,,399,0,English,Наука (общее)//Научно-популярное,,,"9780817632236,0-8176-3223-9",,,,,,,,,OL8074295M,,0,,,,,,,,4763409,pdf,71EF537C82C649C1D7508CFF91FD7FE5,,,G:\\!upload\\!add\\!\\Computer Algebra Recipes for Mathematical Physics [Using Maple 9.5]_Richard H. Enns(Birkhauser 2005 399s) WW.pdf,0,2000-01-01 01:00:00,2016-04-03 02:51:08,240000/71ef537c82c649c1d7508cff91fd7fe5-d.jpg,,
5681082,,,,Животные нашей планеты. Вып.44,,2009,,,,24,0,Russian,,homelab,189-199,,,,,,,,,,,,0,,,,,,,,20848384,djvu,720F2528468479A1DD83BC891D929BCC,,,D:\\homelab\\Альманах. Животные нашей планеты. вып.44 2009.djvu,0,2000-01-01 01:00:00,2016-04-03 02:51:08,240000/720f2528468479a1dd83bc891d929bcc-g.jpg,,
5681080,The Geometry and Topology of Coxeter Groups.,,LMS-32,,Michael W. Davis,2007,illustrated edition,Princeton University Press,,621,0,English,Математика//Геометрия и топология,,,"9780691131382,0-691-13138-4",,,,,,,,,OL11182953M,,0,,,,,,,,10085407,pdf,71D13FBFEB3B84D200ED9E64A676A51D,,,"G:\\!upload\\!add\\!\\[Princeton] - Analytic Combinatorics - Flajolet, Sedgewick.pdf",0,2000-01-01 01:00:00,2016-04-03 02:51:08,240000/71d13fbfeb3b84d200ed9e64a676a51d-d.jpg,,
5681079,Dynamical Cognitive Science,,Bradford Books,,Lawrence M. Ward,2001,,The MIT Press,,371,0,English,Наука (общее)//Научно-популярное,,,"9780262232173,0-262-23217-0",,,,,,,,,OL17034453M,,0,,,,,,,,1210590,djvu,71B9322B471BD5142D69DB4EEA4902E8,,,"G:\\!upload\\!add\\biology\\Neuroscience\\Ward - Dynamical Cognitive Science (MIT, 2002).djvu",0,2000-01-01 01:00:00,2016-04-03 02:51:08,240000/71b9322b471bd5142d69db4eea4902e8-g.jpg,,
5681077,"Catalogue of the Smaller Arachnid Orders of the World: Amblypygi, Uropygi, Schizomida, Palpigradi, Ricinulei and Solifugae",,,,Mark S. Harvey,2003,,CSIRO Publishing,,405,0,English,,,,"9780643068056,0-643-06805-8",,,,,,,,,OL11025857M,,0,,,,,,,,5402165,djvu,71B2EA50BF23827DEFAE85A09DF8CD86,,,G:\\!upload\\!add\\bi\\harvey2003_small_arachn_orders.djvu,0,2000-01-01 01:00:00,2016-04-03 02:51:08,240000/71b2ea50bf23827defae85a09df8cd86-d.jpg,,
5681078,Расчет и конструирование теплообменников,,,,"Фраас А., Оцисик М.",1971,,Атомиздат,,361,0,Russian,Техника,homelab,189-199,,,,,,,,,,,,0,,,,,,,,10792253,djvu,71B335FC2C9B860BA3DF3A25977E9524,,,"D:\\homelab\\Фраас А., Оцисик М. Расчет и конструирование теплообменников 1971.djvu",0,2000-01-01 01:00:00,2016-04-03 02:51:08,240000/71b335fc2c9b860ba3df3a25977e9524-d.jpg,,
5681075,Энциклопедический словарь Брокгауза и Ефрона.,т.15а,,,,1895,,,,501,0,Russian,Языкознание//Словари,homelab,189-199,,,,,,,,,,,,0,,,,,,,,9174893,djvu,71A78C9F3E00EDBC6C8AEE7C8D37F529,,,D:\\homelab\\Энциклопедический словарь Брокгауза и Ефрона. т.15а 1895.djvu,0,2000-01-01 01:00:00,2016-04-03 02:51:08,240000/71a78c9f3e00edbc6c8aee7c8d37f529-g.jpg,,
5681076,Genetics,"Vol 1, A-D",Macmillan Science Library,,Richard Robinson,2002,,Gacl,,308,0,English,Биология//Генетика,,,"9780028656069,0-02-865606-7",,,,,576/.03,QH427 .G46 2003,,,OL22573777M,,0,,,,,,,,7537743,djvu,71B2BFB7ACBF31AA9F73E49DB2D1FA8B,,,"G:\\!upload\\!add\\biology\\Genetics\\Genetics Vol 1, A-D - Macmillan Science Library.djvu",0,2000-01-01 01:00:00,2016-04-03 02:51:08,240000/71b2bfb7acbf31aa9f73e49db2d1fa8b-d.jpg,,
5681073,Открывая ящик Пандоры. Социалогический анализ высказываний ученых,,,,"Гилберт Д., Малкей М.",1987,,,,270,0,Russian,Математика//Анализ,homelab,189-199,,,,,,,,,,,,0,,,,,,,,3496266,djvu,716FF9E3DDA73718CA945C654E8F6E4E,,,"D:\\homelab\\Гилберт Д., Малкей М. Открывая ящик Пандоры. Социалогический анализ высказываний ученых 1987.djvu",0,2000-01-01 01:00:00,2016-04-03 02:51:08,240000/716ff9e3dda73718ca945c654e8f6e4e-g.jpg,,
5681074,"Reconstructing the Past: Parsimony, Evolution, and Inference",,,,Elliott Sober,1991,,The MIT Press,,142,0,English,Общественные науки прочие//Философия,,,"0262691442,9780262691444",,,,,,,,,OL9622947M,,0,,,,,,,,1655829,djvu,71737A9EC12AD9691708D92FF68487C5,,,G:\\!upload\\!add\\bi\\sober1988_reconstr_past.djvu,0,2000-01-01 01:00:00,2016-04-03 02:51:08,240000/71737a9ec12ad9691708d92ff68487c5-d.jpg,,
5681072,"Introduction to Algorithms, Second Edition",,,,"Thomas H Cormen, Charles E Leiserson, Ronald L Rivest, Clifford Stein",2002,2,McGraw-Hill Science/Engineering/Math,,1203,0,English,Компьютеры//Алгоритмы и структуры данных,,,"9780070131514,0-07-013151-1",,,,,,,,,OL7294306M,,0,,,,,,,T,7746538,pdf,7151AB14D409CB3B26778E26FAA32923,,,G:\\!upload\\!add\\!\\cormen2002_intr_algorithms.pdf,0,2000-01-01 01:00:00,2016-04-03 02:51:08,240000/7151ab14d409cb3b26778e26faa32923-d.jpg,,
5681069,Document Engineering: Analyzing and Designing Documents for Business Informatics and Web Services,,,,"Robert J. Glushko, Tim McGrath",2005,,The MIT Press,,730,0,English,Техника,,,"9780262072618,0-262-07261-0",,,,,,,,,OL9467683M,,0,,,,,,,T,10564658,pdf,70E4A23EE205D911ED51B5D2DBFFB70E,,,G:\\!upload\\!add\\!\\MIT Press - Document Engineering Analyzing And Consigning Documents For Business Informatics - 2005.pdf,0,2000-01-01 01:00:00,2016-04-03 02:51:08,240000/70e4a23ee205d911ed51b5d2dbffb70e-d.jpg,,
5681070,Синтезы соединений редкоземельных элементов.,ч.1 ,,,Батырева В.А. и др.,1983,,,,144,0,Russian,Техника//Материаловедение,homelab,189-199,,,,,,,,,,,,0,,,,,,,,70838733,pdf,70F2AF1481ACD621054712CB704D12E0,,,D:\\homelab\\Батырева В.А. и др. Синтезы соединений редкоземельных элементов. ч.1  1983.pdf,0,2000-01-01 01:00:00,2016-04-03 02:51:08,240000/70f2af1481acd621054712cb704d12e0-g.jpg,,
5681071,DNA Arrays: Methods and Protocols,,Methods in Molecular Biology 170,,Jang B. Rampal,2001,1st,Humana Press,,277,0,English,Биология//Генетика,,,"9780896038226,0-89603-822-X",,,,,,,,,OL18118969M,,0,,,,,,,,46590028,pdf,71155373284B66CB732C9D6DB48BA9D6,,,G:\\!upload\\!add\\!\\Methods in Molecular Biology Vol 170 - DNA Arrays.pdf,0,2000-01-01 01:00:00,2016-04-03 02:51:08,240000/71155373284b66cb732c9d6db48ba9d6-d.jpg,,
5681068,Энциклопедический словарь Брокгауза и Ефрона.,т.21а,,,,1897,,,,516,0,Russian,Языкознание//Словари,homelab,189-199,,,,,,,,,,,,0,,,,,,,,11758958,djvu,70ABCFDCF3F29F757D71452C414D85F0,,,D:\\homelab\\Энциклопедический словарь Брокгауза и Ефрона. т.21а 1897.djvu,0,2000-01-01 01:00:00,2016-04-03 02:51:08,240000/70abcfdcf3f29f757d71452c414d85f0-g.jpg,,
5681066,Как начать свой бизнес - Тренинг-курс - TACIS - 8 - Управление финансами малых и средних предприятий,,TACIS,,,,,,,18,0,Russian,Бизнес,gaudeamus.narod.ru,,,,,,,,,,,,,0,,,,,,,,151376,pdf,709A5D2B31D91ACA6908184E6B40AB5C,,,D:\\homelab\\gaudeamus.narod.ru\\Как начать свой бизнес - Тренинг-курс - TACIS - 08 - Управление финансами малых и средних предприятий - 18.pdf,0,2000-01-01 01:00:00,2016-04-03 02:51:08,240000/709a5d2b31d91aca6908184e6b40ab5c-g.jpg,,
5681067,Biology of Floral Scent,,,,"Natalia Dudareva, Eran Pichersky",2006,1,CRC Press,,365,0,English,Биология,,,"9780849322839,0-8493-2283-9",,,,,575.6,QK653 .D83 2006,,,OL22728088M,,0,,,,,,,T,12124922,pdf,709E08EEEF23DBDCD5E987C3D8992291,,,G:\\!upload\\!add\\bi\\dudareva2006_flower_scent.pdf,0,2000-01-01 01:00:00,2016-04-03 02:51:08,240000/709e08eeef23dbdcd5e987c3d8992291-d.jpg,,
5681064,Op Amp Applications Handbook,,Analog Devices Series,,Walt Jung,2004,,Newnes,,895,0,English,,,,"9780750678445,0-7506-7844-5",,,,,621.39/5,TK7871.58.O6 J8515 2004,,,OL3307782M,,0,,,,,,,T,17015544,pdf,703B571504ABC29628D2698960921375,,,"G:\\!upload\\!add\\!\\(Electrical Engineering) Opamp Applications Handbook - Analog Devices [Jung, Elsewier](896s)(1).pdf",0,2000-01-01 01:00:00,2016-04-03 02:51:08,240000/703b571504abc29628d2698960921375-d.jpg,,
5681065,Indefinite Linear Algebra and Applications,,,,"Israel Gohberg, Peter Lancaster, Leiba Rodman",2005,1,Birkhäuser Basel,,362,0,English,Математика//Алгебра,,,"9783764373498,3-7643-7349-0",,,,,515/.94,QA331.7 .G635 2005,,,OL22723051M,,0,,,,,,,T,3149757,pdf,7083E2C6488A8B2768F6F5E6536FEB34,,,"G:\\!upload\\!add\\!\\Indefinite Linear Algebra and Applications - (Birkhauser, 2005).pdf",0,2000-01-01 01:00:00,2016-04-03 02:51:08,240000/7083e2c6488a8b2768f6f5e6536feb34-d.jpg,,
5681062,"Mammals of Australia: An Introduction to Their Classification, Biology & Distribution",,"Faunistica, 33",,"James R. Turner, James R. Turner, Trevor J. Hawkeswood",2004,,Pensoft Pub,,215,0,English,Биология,,,"9789546421982,954-642-198-7",,,,,,,,,OL13055931M,,0,,,,,,,T,21290768,pdf,702126CAC0DD2926EC4BBC7F52E25794,,,G:\\!upload\\!add\\bi\\turner2004_mammals_australia.pdf,0,2000-01-01 01:00:00,2016-04-03 02:51:08,240000/702126cac0dd2926ec4bbc7f52e25794-g.jpg,,
5681063,IPv6 Advanced Protocols Implementation,,The Morgan Kaufmann Series in Networking,,"Qing Li, Jinmei Tatuya, Keiichi Shima",2007,,Morgan Kaufmann,,1009,0,English,Компьютеры//Сети,,,"9780123704795,0-12-370479-0",,,,,004.6/2,TK5105.585 .L535 2007,,,OL17172561M,,0,,,,,,,T,9995964,pdf,702B8196997FB99784992D656A30CA14,,,G:\\!upload\\!add\\!\\IPv6_Advanced_Protocols_Implementation_(Morgan_Kaufmann-2007).pdf,0,2000-01-01 01:00:00,2016-04-03 02:51:08,240000/702b8196997fb99784992d656a30ca14-d.jpg,,
5681061,Mathematics for Economics - 2nd Edition,,,,"Michael Hoy, John Livernois, Chris McKenna, Ray Rees, Thanasis Stengos",2001,2,The MIT Press,,1117,0,English,Математика,,,"0262082942,9780262082945",,,,,,,,,OL15505411M,,0,,,,,1,,,41381045,pdf,6FE9212FBEDDFCB18B090ECE677FDFB3,,,G:\\!upload\\!add\\!\\MIT Press - Mathematics for Economics - 2001.pdf,0,2000-01-01 01:00:00,2016-04-03 02:51:08,240000/6fe9212fbeddfcb18b090ece677fdfb3-d.jpg,,
5681059,Экономика машиностроительного производства - Задачи и ситуации - УП,,,,,2005,,,,73,0,Russian,Математика,gaudeamus.narod.ru,,,,,,,,,,,,,0,,,,,,,,668095,pdf,6FD4AC4883FA438035D5F1939FD8B4C4,,,D:\\homelab\\gaudeamus.narod.ru\\Экономика машиностроительного производства - Задачи и ситуации - УП - Трусова - 2005 - 70.pdf,0,2000-01-01 01:00:00,2016-04-03 02:51:08,240000/6fd4ac4883fa438035d5f1939fd8b4c4-g.jpg,,
5681060,Резание металлов и режущий инструмент.,,,,"Аршинов В.А., Алексеев Г.А.",1976,,,,439,0,Russian,Физика,homelab,189-199,,,,,,,,,,,,0,,,,,,,,5525866,djvu,6FE7105C3012D7A47E63297BB7C17662,,,"D:\\homelab\\Аршинов В.А., Алексеев Г.А. Резание металлов и режущий инструмент. (1976) .djvu",0,2000-01-01 01:00:00,2016-04-03 02:51:08,240000/6fe7105c3012d7a47e63297bb7c17662-g.jpg,,
5681057,Multicellular Animals: Order in Nature - System Made by Man,vol 3,,,"Peter Ax, Richard Dunmur",2003,1,Springer,,167,0,German,Наука (общее)//Научно-популярное,,,"9783540001461,3-540-00146-8",,,,,,,,,OL9364551M,,0,,,,,,,,5469821,djvu,6FC450D01C028D20C37E5F6AA2D2B4B2,,,G:\\!upload\\!add\\bi\\ax2003_mult_ani_3.djvu,0,2000-01-01 01:00:00,2016-04-03 02:51:08,240000/6fc450d01c028d20c37e5f6aa2d2b4b2-d.jpg,,
5681058,Сильные и сверхсильные магнитные поля и их применения.,,,,Херлах Ф. (ред),1988,,,,456,0,Russian,Физика//Электричество и магнетизм,homelab,189-199,,,,,,,,,,,,0,,,,,,,,11835487,djvu,6FD484BF14AB9AFD0955F60315922081,,,D:\\homelab\\Херлах Ф. (ред) Сильные и сверхсильные магнитные поля и их применения. (1988) .djvu,0,2000-01-01 01:00:00,2016-04-03 02:51:08,240000/6fd484bf14ab9afd0955f60315922081-g.jpg,,
5681056,"Handbook of Organic Conductive Molecules and Polymers, 4 Volume Set",vol 2,"Handbook of Organic Conductive Molecules & Polymers, 4 Vol.",,Hari Singh Nalwa,1997,,Wiley,,919,0,English,,,,"9780471962755,0-471-96275-9",,,,,620.1/1797,QD382.C66 H38 1997,,,OL7631734M,,0,,,,,,,T,39462648,djvu,6FC234AB3433ACB1E873C9E7E309EB18,,,"G:\\!upload\\!add\\!\\Handbook of Organic Conductive Molecules and Polymers [Vol 2 - Conductive Polymers - Synthesis and Electrical Properties] - H. Nalwa (Wiley, 1997) WW.djvu",0,2000-01-01 01:00:00,2016-04-03 02:51:08,240000/6fc234ab3433acb1e873c9e7e309eb18-d.jpg,,
5681054,Основы холодильной техники,,,,,2006,,ЗАО Данфосс,,24,0,Russian,Техника,homelab,189-199,,,,,,,,,,,,0,,,,,,,,2367343,pdf,6F29385D803670C7D155D71EDE26D60F,,,D:\\homelab\\Основы холодильной техники 2006.pdf,0,2000-01-01 01:00:00,2016-04-03 02:51:08,240000/6f29385d803670c7d155d71ede26d60f-d.jpg,,
5681055,Большая историческая энциклопедия.,т.16,,,,1976,,Советская энциклопедия,,509,0,Russian,История,homelab,189-199,,,,,,,,,,,,0,,,,,,,,62270928,pdf,6F94134120CE36192D8531C7B660E013,,,D:\\homelab\\Большая историческая энциклопедия. т.16 1976.pdf,0,2000-01-01 01:00:00,2016-04-03 02:51:08,240000/6f94134120ce36192d8531c7b660e013-g.jpg,,
5681052,Юный радиоспортсмен. Методическое пособие для внеклассной и внешкольной работы,,,,Баранов Александр Абрамович,1971,,ДОСААФ,М.,98,0,Russian,Техника//Электроника//Радио,homelab,189-199,,,,,,,,,,,"Scan, Djvuing: Сидор Сидоров, 2009",0,,,,,,,,927310,djvu,6F03E669DDF00E7284EE64D094C634D8,,,D:\\homelab\\Баранов А.А. Юный радиоспортсмен 1973.djvu,0,2000-01-01 01:00:00,2016-04-03 02:51:08,240000/6f03e669ddf00e7284ee64d094c634d8-d.jpg,,
5681053,Tools for Computational Finance,,Universitext,,Rüdiger U. Seydel,2006,3rd,Springer,,314,0,English,Математика//Вычислительная математика,,,"9783540279235,3540279237",,,,,,,,,OL9055762M,,0,,,,,,,,4026249,pdf,6F0CCFF8F32D2AEB2310ED49A73370A4,,,"G:\\!upload\\!add\\!isbns\\Seydel R Tools For Computational Finance (3Ed , Universitext, Springer, 2006)(Isbn 3540279237)(314S).pdf",0,2000-01-01 01:00:00,2016-04-03 02:51:08,240000/6f0ccff8f32d2aeb2310ed49a73370a4-d.jpg,,
5681050,The Principles of Experimental Research,,,,K Srinagesh,2005,,Butterworth-Heinemann,,394,0,English,,,,"9780750679268,0750679263",,,,,,,,,OL15569986M,,0,,,,,,,T,6902697,djvu,6EF33B3C4AE2DF100E43EF59C7FDC3B0,,,G:\\!upload\\!add\\st\\shriganesh2006_princ_exper.djvu,0,2000-01-01 01:00:00,2016-04-03 02:51:08,240000/6ef33b3c4ae2df100e43ef59c7fdc3b0-d.jpg,,
5681051,"Topological Theory of Dynamical Systems, Volume 52: Recent Advances",,North-Holland Mathematical Library,,"N. Aoki, K. Hiraide",1994,1,North Holland,,425,0,English,Математика//Динамические системы,,,"9780444899170,0-444-89917-0",,,,,514/.72,QA614.8 .A52 1994,,,OL1087671M,,0,,,,,,,T,14332734,pdf,6EFA7FCB29D8765C6B0AC524861F2873,,,"G:\\!upload\\!add\\!isbns\\Topological Theory of Dynamical Systems (North-Holland Mathematical Library) (N. Aoki, K. Hiraide) 0444899170.pdf",0,2000-01-01 01:00:00,2016-04-03 02:51:08,240000/6efa7fcb29d8765c6b0ac524861f2873-d.jpg,,
5681049,"Units, Symbols, and Terminology for Plant Physiology: A Reference for Presentation of Research Results in the Plant Sciences",,,,Frank B. Salisbury,1996,,"Oxford University Press, USA",,249,0,English,Биология//Растения//Ботаника,,,"9780195094459,0-19-509445-X",,,,,581.1/014,QK710.5 .U55 1996,,,OL7387591M,,0,,,,,,,T,14570613,pdf,6ECF5A8409980271A4B312F57FFC1AF4,,,G:\\!upload\\!add\\bi\\units_symbols_plant_physiol1996.pdf,0,2000-01-01 01:00:00,2016-04-03 02:51:08,240000/6ecf5a8409980271a4b312f57ffc1af4-d.jpg,,
5681046,Database Annotation in Molecular Biology: Principles and Practice,,,,Arthur M. Lesk,2005,1,Wiley,,253,0,English,Компьютеры//Организация и обработка данных,,,"9780470856819,0-470-85681-5",,,,,572.8,QH324.2 .D366 2005,,,OL3298196M,,0,,,,,,,T,2865185,pdf,6EB7330B7E30D316D930ED3C86CFEA22,,,G:\\!upload\\!add\\bi\\lesk2005_db_annot_molbiol.pdf,0,2000-01-01 01:00:00,2016-04-03 02:51:08,240000/6eb7330b7e30d316d930ed3c86cfea22-d.jpg,,
5681047,Cycad Classification:,,,,"Terrence Walters, Roy Osborne",2004,First,CABI,,276,0,English,Биология,,,"9780851997414,0-85199-741-4",,,,,585/.9/012,QK494 .C93 2004,,,OL22574486M,,0,,,,,,,T,5489647,pdf,6EB9ABA7F82F773083A15ECEEE87B608,,,G:\\!upload\\!add\\bi\\walters2004_cycad_classif.pdf,0,2000-01-01 01:00:00,2016-04-03 02:51:08,240000/6eb9aba7f82f773083a15eceee87b608-d.jpg,,
5681048,Электрооптические кристаллы.,,,,"Сонин А.С., Василевская А.С.",1971,,,,327,0,Russian,Техника//Электроника,homelab,189-199,,,,,,,,,,,,0,,,,,,,,4471946,djvu,6EC36A7EEBB9B7C652BE7A6388E9EAC3,,,"D:\\homelab\\Сонин А.С., Василевская А.С. Электрооптические кристаллы. (1971) .djvu",0,2000-01-01 01:00:00,2016-04-03 02:51:08,240000/6ec36a7eebb9b7c652be7a6388e9eac3-g.jpg,,
5681045,Palaeobiology II,,,,"Derek Briggs, Peter R Crowther",2003,Subsequent,Wiley-Blackwell,,593,0,English,Биология,,,"9780632051472,0-632-05147-7",,,,,,,,,OL15494282M,,0,,,,,,,T,15079088,pdf,6EB46DC34818E03A86CA929ED9C1A3DC,,,G:\\!upload\\!add\\bi\\briggs2003_paleobiol.pdf,0,2000-01-01 01:00:00,2016-04-03 02:51:08,240000/6eb46dc34818e03a86ca929ed9c1a3dc-d.jpg,,
5681044,A Friendly Guide to Wavelets,,,,Gerald Kaiser,1994,1,Birkhäuser Boston,,306,0,English,"Математика//Вейвлеты,обработка сигналов",,,"9780817637118,0-81-76-37-11-7",,,,,515/.2433,QA403.3 .K35 1994,,,OL1104062M,,0,,,,,,,T,17065473,pdf,6E9924FC0C42221953B2E288B19DFD47,,,G:\\!upload\\!add\\!\\A Friendly Guide to Wavelets 1ed_Gerald Kaiser (Birkhauser 1994 306s).pdf,0,2000-01-01 01:00:00,2016-04-03 02:51:08,240000/6e9924fc0c42221953b2e288b19dfd47-d.jpg,,
5681042,Эволюция понятия науки ХВИИ-ХВИИИ вв.,,,,Гайденко П.П.,1987,,,,448,0,Russian,История,homelab,189-199,,,,,,,,,,,,0,,,,,,,,3615939,djvu,6E92A40DCDA45062C9DE868D1CDBD74F,,,D:\\homelab\\Гайденко П.П. Эволюция понятия науки ХВИИ-ХВИИИ вв. (1987) .djvu,0,2000-01-01 01:00:00,2016-04-03 02:51:08,240000/6e92a40dcda45062c9de868d1cdbd74f-g.jpg,,
5681043,Краткий радиотехнический справочник,,,,"Авторы: Б.М.Богданович, Э.Б.Ваксер.",1976,,Беларусь,Минск,338,0,Russian,Техника,homelab,189-199,,,,,,,,,,,"Scan, Djvuing: Pohorsky, 2009",600,,,,,,,,5987218,djvu,6E9596FD39A12E4F64E623179F63E54C,,,"D:\\homelab\\Богданович Б.М., Ваксер Э.Б. Краткий радиотехнический справочник 1976.djvu",0,2000-01-01 01:00:00,2016-04-03 02:51:08,240000/6e9596fd39a12e4f64e623179f63e54c-d.jpg,,
5681041,Evolutionary Science and Society: Educating a New Generation,,,,"Joel Cracraft, Rodger W. Bybee",2005,"Revised Proceedings of the BSCS, AIBS Symposium","BSCS, AIBS",,204,0,English,Наука (общее)//Научно-популярное,,,"9781929614233,1-929614-23-3",,,,,,,,,,,0,,,,,,,,6462339,pdf,6E6BF0A829039E61F57D9AADA9EA2D58,,,G:\\!upload\\!add\\bi\\cracraft2005_evol_sci_society.pdf,0,2000-01-01 01:00:00,2016-04-03 02:51:08,240000/6e6bf0a829039e61f57d9aada9ea2d58-d.jpg,,
5681040,Энергетические основы митогенетического излучения и его регистрация на фотоэлектроных умножителях,,,,Гурвич А.А. и др.,1974,,,,96,0,Russian,Биология//Генетика,homelab,189-199,,,,,,,,,,,,0,,,,,,,,1135868,djvu,6E57874A96D6376C241C53D950A8D87B,,,D:\\homelab\\Гурвич А.А. и др. Энергетические основы митогенетического излучения и его регистрация на фотоэлектроных умножителях 1974.djvu,0,2000-01-01 01:00:00,2016-04-03 02:51:08,240000/6e57874a96d6376c241c53d950a8d87b-g.jpg,,
5681039,Singularity Theory and Its Applications: Warwick 1989 : Geometric Aspects of Singularities,Part 1,Lecture Notes in Mathematics 1462,,"D. Mond, J. Montaldi",1991,,Springer,,411,0,English,Математика//Геометрия и топология,,,"9780387537375,0387537376",,,,,"510 s,514/.74","QA3 .L28 no. 1462-1463,QA614.58 .L28 no. 1462",,,OL1647062M,,0,,,,,,,,4963679,djvu,6E4DB8FF048F6D59D49D185335747C4D,,,"G:\\!upload\\!add\\!isbns\\LNM 1462 - Mond D.,Montaldi J. - Singularity theory and its applications 1 - Springer 1991 - ISBN 0387537376.djvu",0,2000-01-01 01:00:00,2016-04-03 02:51:08,240000/6e4db8ff048f6d59d49d185335747c4d-g.jpg,,
5681037,Большая историческая энциклопедия.,т.13,,,,1971,,Советская энциклопедия,,530,0,Russian,История,homelab,189-199,,,,,,,,,,,,0,,,,,,,,83055607,pdf,6E024BC4FF4FA68E7EF54ED0C395B26F,,,D:\\homelab\\Большая историческая энциклопедия. Т.13 1971.pdf,0,2000-01-01 01:00:00,2016-04-03 02:51:08,240000/6e024bc4ff4fa68e7ef54ed0c395b26f-g.jpg,,
5681038,"Embedded Computing: A VLIW Approach to Architecture, Compilers and Tools",,,,"Joseph A. Fisher, Paolo Faraboschi, Cliff Young",2004,1,Morgan Kaufmann,,709,0,English,Компьютеры//Организация и обработка данных,,,"9781558607668,1-55860-766-8",,,,,,,,,OL17145699M,,0,,,,,,,T,5718141,pdf,6E1842A5D6AB134364F7BDC064E89338,,,"G:\\!upload\\!add\\!\\Morgan Kaufmann - Embedded Computing - A Vliw Approach To Architecture, Compilers And Tools - 2005 - (By Laxxuss).pdf",0,2000-01-01 01:00:00,2016-04-03 02:51:08,240000/6e1842a5d6ab134364f7bdc064e89338-d.jpg,,
5681036,The Algorithm Design Manual,,,,Steve S. Skiena,1997,Corrected,Springer,,1766,0,English,Компьютеры//Алгоритмы и структуры данных,,,"9780387948607,0-387-94860-0",,,,,005.1,QA76.9.A43 S55 1998,,,OL674552M,,0,,,,,,,,14753492,pdf,6DF4EBDC97B0D192734AAAA27F40DFF5,,,G:\\!upload\\!add\\!\\The Algorithm Design Manual.pdf,0,2000-01-01 01:00:00,2016-04-03 02:51:08,240000/6df4ebdc97b0d192734aaaa27f40dff5-d.jpg,,
5681034,Технологические измерения и приборы в металлургии,,,,Дембовский В.В.,2004,,,,70,0,Russian,Техника//Металлургия,homelab,189-199,,,,,,,,,,,,0,,,,,,,T,1148894,pdf,6DC0699159DBD2FF386FB67F46888C25,,,D:\\homelab\\Дембовский В.В. Технологические измерения и приборы в металлургии 2004.pdf,0,2000-01-01 01:00:00,2016-04-03 02:51:08,240000/6dc0699159dbd2ff386fb67f46888c25-g.jpg,,
5681035,Неорганическая химия.,т.2,,,"Шрайвер Д., Эткинс П.",2004,,,,246,0,Russian,Химия//Неорганическая химия,homelab,189-199,,,,,,,,,,,,0,,,,,,,,29745247,pdf,6DCDD03DE7753226B51544C028EFBF7A,,,"D:\\homelab\\Шрайвер Д., Эткинс П. Неорганическая химия. т.2 2004.pdf",0,2000-01-01 01:00:00,2016-04-03 02:51:08,240000/6dcdd03de7753226b51544c028efbf7a-g.jpg,,
5681033,Эксперимент по курсу элементарной физики. Теплота. (Physikalische schulversuche) ,Часть 3,,,"Шпрокхоф Георг, Перевод с немецкого А.П.Ломана. Под редакцией Л.А.Знаменского, П.А.Рымкевича. ",1965,,Просвещение,М.,230,0,Russian,Физика//Общие курсы,homelab,189-199,,,,,,,,,,,"Scan: AAW, Formatting: bolega, 2009",0,,,,,,,T,3764796,djvu,6DB339E3312380B59B0ED2450E33812D,,,D:\\homelab\\Шпрокхоф Г. Эксперимент по курсу элементарной физики Ч3 Теплота 1965.djvu,0,2000-01-01 01:00:00,2016-04-03 02:51:08,240000/6db339e3312380b59b0ed2450e33812d-d.jpg,,
5681032,"Volatility and Correlation: In the Pricing of Equity, FX and Interest-Rate Options",,Wiley Series in Financial Engineering,,Riccardo Rebonato,1999,,Wiley,,362,0,English,Экономика,,,"0471899984,9780471899983,9780470842782",,,,,,,,,OL7630696M,,0,,,,,1,,T,93745516,pdf,6DAB08313019B95942C69BA35301CC24,,,"G:\\!upload\\!add\\!isbns\\(1999) Volatility and Correlation In the Pricing of Equity, FX and Interest-Rate Options (ISBN 0471899984).pdf",0,2000-01-01 01:00:00,2016-04-03 02:51:08,240000/6dab08313019b95942c69ba35301cc24-d.jpg,,
5681030,Гидравлика и гидропривод горных машин.,,,,Коваль П.В.,1979,,,,320,0,Russian,Техника,homelab,189-199,,,,,,,,,,,,0,,,,,,,,25388124,pdf,6D916DF80D9D169BC2F70D629E926E95,,,D:\\homelab\\Коваль П.В. Гидравлика и гидропривод горных машин. 1979.pdf,0,2000-01-01 01:00:00,2016-04-03 02:51:08,240000/6d916df80d9d169bc2f70d629e926e95-g.jpg,,
5681031,"Dynamic Asset Pricing Theory, Third Edition.",,,,Darrell Duffie,2001,3,Princeton University Press,,242,0,English,Экономика//Математическая экономика,,,"069109022X,9780691090221",,,,,332.6,HG4637 .D84 2001,,,OL15505336M,,0,,,,,1,,,20069186,pdf,6D9488B516A6456FBB2E69A000AF851F,,,G:\\!upload\\!add\\!\\Duffie - Princeton University Press - 2001 - Dynamic Asset Pricing Theory.pdf,0,2000-01-01 01:00:00,2016-04-03 02:51:08,240000/6d9488b516a6456fbb2e69a000af851f-d.jpg,,
5681028,Drawing From Life: The Journal as Art,,,,Jennifer New,2005,,Princeton Architectural Press,,161,0,English,,,,"9781568984452,1-56898-445-6",,,,,,,,,OL8691415M,,0,,,,,,,T,19571799,pdf,6D751E410AB4CCD9A59507A65DFDB11B,,,"G:\\!upload\\!add\\!\\[Architecture Ebook] Failed Stone; Problems and Solutions,Patrick Loughran, Birkhauser, 2007_dg2005.pdf",0,2000-01-01 01:00:00,2016-04-03 02:51:08,240000/6d751e410ab4ccd9a59507a65dfdb11b-d.jpg,,
5681029,The axiom of constructibility: A guide for the mathematician,,Lecture notes in mathematics 617,,Keith J Devlin,1977,,Springer-Verlag,,104,0,English,Математика,,,"9780387085203,0387085203",,,,,"510/.8 s,511/.3","QA3 .L28 no. 617,QA248 .L28 no. 617",,,OL4548783M,,0,,,,,,,,1324920,djvu,6D7F1F6EA041B6398EB22992878776F2,,,G:\\!upload\\!add\\!isbns\\LNM 0617 - Devlin K.J. - The axiom of constructibility.. a guide for the mathematician - Springer 1977 - ISBN 0387085203.djvu,0,2000-01-01 01:00:00,2016-04-03 02:51:08,240000/6d7f1f6ea041b6398eb22992878776f2-g.jpg,,
5681027,Интерфейс - новые направления в проектировании компьютерных систем,,,,Раскин Д.,2003,,,,267,0,Russian,Искусство//Графические виды искусства,homelab,189-199,,,,,,,,,,,,0,,,,,,,,3604739,djvu,6D621C79B8BB7289812E5CB25C3AE737,,,D:\\homelab\\Раскин Д. Интерфейс - новые направления в проектировании компьютерных систем 2003.djvu,0,2000-01-01 01:00:00,2016-04-03 02:51:08,240000/6d621c79b8bb7289812e5cb25c3ae737-g.jpg,,
5681025,Большая историческая энциклопедия.,т.09,,,,1966,,Советская энциклопедия,,508,0,Russian,История,homelab,189-199,,,,,,,,,,,,0,,,,,,,,60908389,pdf,6D520551E4512E80AE01CE63DE7D7B20,,,D:\\homelab\\Большая историческая энциклопедия. Т.09 1966.pdf,0,2000-01-01 01:00:00,2016-04-03 02:51:08,240000/6d520551e4512e80ae01ce63de7d7b20-g.jpg,,
5681026,Основы микологии. Морфология и систематика грибов и грибоподобных организмов.,,,,"Гарибова Л.В., Лекомцева С.Н.",2005,,,,226,0,Russian,Биология//Экология,homelab,189-199,,,,,,,,,,,,0,,,,,,,,34566790,pdf,6D608359B55220CA8E8E56504AA23452,,,"D:\\homelab\\Гарибова Л.В., Лекомцева С.Н. Основы микологии. Морфология и систематика грибов и грибоподобных организмов. 2005.pdf",0,2000-01-01 01:00:00,2016-04-03 02:51:08,240000/6d608359b55220ca8e8e56504aa23452-g.jpg,,
5681024,"Origin of Mind: Evolution of Brain, Cognition, and General Intelligence",,,,David C. Geary,2004,1,American Psychological Association (APA),,460,0,English,Медицина//Неврология,,,"9781591471813,1-59147-181-8",,,,,,,,,OL8855559M,,0,,,,,,,,4713364,djvu,6D323D610A4A3D4D408ED5C2F39424C5,,,"G:\\!upload\\!add\\biology\\Neuroscience\\Geary - The Origin of Mind (APA, 2005).djvu",0,2000-01-01 01:00:00,2016-04-03 02:51:08,240000/6d323d610a4a3d4d408ed5c2f39424c5-d.jpg,,
5681022,How to Write Great Copy: Learn the Unwritten Rules of Copywriting,,,,Dominic Gettins,2006,2nd,Kogan Page,,168,0,English,Образование,,,"9780749446635,0-7494-4663-3",,,,,659.13/2,HF5825 .G45 2006,,,OL3418993M,,0,,,,,,,T,3616281,pdf,6D25584F1BA6784BFCEEC1D5FFA77C75,,,"G:\\!upload\\!add\\!\\[LI]_Nano-Architectured And Nanostructured Materials. Fabrication, Control and Properties; Champion,Y.;Fecht,H. (Eds) (Wiley-Vch, 2004).pdf",0,2000-01-01 01:00:00,2016-04-03 02:51:08,240000/6d25584f1ba6784bfceec1d5ffa77c75-d.jpg,,
5681023,C++ GUI Programming with Qt 3.2,,,,"Jasmin Blanchette, Mark Summerfield",2004,,Prentice Hall,,504,0,English,Компьютеры//Программирование//Языки программирования,,,"9780131240728,0-13-124072-2",,,,,005.4/37,QA76.9.U83 B53 2004,,,OL3323197M,,0,,,,,,,,41102038,pdf,6D2A40AC039170840646E8C2B355E479,,,G:\\!upload\\!add\\!isbns\\PRENTICE_HALL-CPP_Gui_Programming_With_Qt3.2.pdf,0,2000-01-01 01:00:00,2016-04-03 02:51:08,240000/6d2a40ac039170840646e8c2b355e479-d.jpg,,
5681021,"Flowering Plants: Dicotyledons, Magnoliid, Hamamelid and Caryophyllid Families",,Families and Genera of Vascular Plants,,"K. Kubitzki, J. B. Rohwer, V. Bittrich",1993,1,Springer,,333,0,English,Биология//Растения//Ботаника,,,0387555099,,,,,,,,,,,300,,,,0,1,,0,10199735,djvu,6D20B20DB67B32FA7E1070000B7AB109,,,G:\\!upload\\!add\\bi\\kubitzki1993_2.djvu,0,2000-01-01 01:00:00,2016-04-03 02:51:08,240000/6d20b20db67b32fa7e1070000b7ab109-g.jpg,,
5681019,Lagrangian Probability Distributions,,,,"Prem C. Consul, Felix Famoye, Samuel Kotz",2005,1,Birkhäuser Boston,,363,0,English,Математика//Вероятность,,,"9780817643652,0-8176-4365-6",,,,,,,,,OL8074835M,,0,,,,,,,T,3044304,pdf,6CAD631DE14BA0B1983319150C1D4C9F,,,G:\\!upload\\!add\\!\\Birkhauser - Lagrangian Probability Distributions (2006).pdf,0,2000-01-01 01:00:00,2016-04-03 02:51:08,240000/6cad631de14ba0b1983319150c1d4c9f-d.jpg,,
5681020,1002 Visual C++ Programming Tips,,Miscellaneous,,"Charles Wright, Jamsa Media Group",2001,1st,Muska & Lipman/Premier-Trade,,1422,0,English,Компьютеры//Программирование//Языки программирования,,,"9780761527619,0761527613",,,,,,,,,OL9853582M,,0,,,,,,,,7685575,djvu,6D1B4851292D447D6726EABB531DAA28,,,"G:\\!upload\\!add\\!isbns\\Wright C. 1001 Microsoft Visual C++ Programming Tips (Prima, 2001)(ISBN 0761527613)(600dpi)(1422s.djv",0,2000-01-01 01:00:00,2016-04-03 02:51:08,240000/6d1b4851292d447d6726eabb531daa28-d.jpeg,,
5681018,Большая историческая энциклопедия.,т.3 ,,,Жуков Е.,1963,,Советская энциклопедия,,516,0,Russian,История,homelab,189-199,,,,,,,,,,,,0,,,,,,,,14860311,djvu,6C8F59557773530A4D588AF611F7249C,,,D:\\homelab\\Много авт. Большая историческая энциклопедия. т.3 (1963) .djvu,0,2000-01-01 01:00:00,2016-04-03 02:51:08,240000/6c8f59557773530a4d588af611f7249c-g.jpg,,
5681017,Создание Wеб-страниц для чайников,,,,"Смит Б., Бибек А.",,,,,100,0,Russian,Образование,homelab,189-199,,,,,,,,,,,,0,,,,,,,,96868057,pdf,6C8229477B689A3506C8F7CC50C54B41,,,"D:\\homelab\\Смит Б., Бибек А. Создание Wеб-страниц для чайников.pdf",0,2000-01-01 01:00:00,2016-04-03 02:51:08,240000/6c8229477b689a3506c8f7cc50c54b41-g.jpg,,
5681016,Science of Everyday Things 4 Volume set,Vol 3,,,Neil Schlager,2002,,Gale,,396,0,English,Наука (общее)//Научно-популярное,,,"9780787656317,0-7876-5631-3",,,,,,,,,OL8146538M,,0,,,,,,,,9975996,pdf,6C720F723135FC1F2667304DFDDFD630,,,G:\\!upload\\!add\\!\\Thomson Gale Science Of Everyday Things Vol 3 Real-Life Biology 2002.pdf,0,2000-01-01 01:00:00,2016-04-03 02:51:08,240000/6c720f723135fc1f2667304dfddfd630-g.jpg,,
5681014,Школа йога. Восточные методы психофизического самосовершенствования,,,,Афанасьев П.А.,1991,,,,161,0,Russian,Психология,homelab,189-199,5-345-00332-7,,,,,,,,,,,0,,,,,,,T,3024887,pdf,6C489F534EAB616051EC07BC912F5E1F,,,D:\\homelab\\Афанасьев П.А. Школа йога. Восточные методы психофизического самосовершенствования 1991.pdf,0,2000-01-01 01:00:00,2016-04-03 02:51:08,240000/6c489f534eab616051ec07bc912f5e1f-g.jpg,,
5681015,"Klassifikation, System, 'scala naturae': Das Ordnen der Objekte in Naturwissenschaft und Pharmazie zwischen 1700 und 1850",,Quellen und Studien zur Geschichte der Pharmazie,,Annette Diekmann,1992,,Wissenschaftliche Verlagsgesellschaft,,106,0,German,,,,"9783804712133,3-8047-1213-4",,,,,,,,,OL1043814M,,0,,,,,,,,2566618,djvu,6C4D3AA945263BF3DC4C727D976C344F,,,G:\\!upload\\!add\\bi\\diekmann1992_klassifikation.djvu,0,2000-01-01 01:00:00,2016-04-03 02:51:08,240000/6c4d3aa945263bf3dc4c727d976c344f-g.jpg,,
5681013,Энциклопедический словарь Брокгауза и Ефрона.,т.30а,,,,1900,,,,509,0,Russian,Языкознание//Словари,homelab,189-199,,,,,,,,,,,,0,,,,,,,,9133409,djvu,6C3909B1B9F96D17F489FD5FCA5F0DAE,,,D:\\homelab\\Энциклопедический словарь Брокгауза и Ефрона. т.30а 1900.djvu,0,2000-01-01 01:00:00,2016-04-03 02:51:08,240000/6c3909b1b9f96d17f489fd5fca5f0dae-g.jpg,,
5681011,Занимательная минералогия.,,,,Ферсман А.Е.,1959,,,,128,0,Russian,Геология,homelab,189-199,,,,,,,,,,,,0,,,,,,,,25228203,pdf,6BF5CC6EEEAE9E7E2D9A0B5A6FA1A766,,,D:\\homelab\\Ферсман А.Е. Занимательная минералогия. 1959.pdf,0,2000-01-01 01:00:00,2016-04-03 02:51:08,240000/6bf5cc6eeeae9e7e2d9a0b5a6fa1a766-g.jpg,,
5681012,The Breadth of Symplectic and Poisson Geometry: Festschrift in Honor of Alan Weinstein,,Progress in Mathematics,,"Jerrold E. Marsden, Tudor S. Ratiu",2004,1,Birkhäuser Boston,,665,0,German,Математика//Геометрия и топология,,,"9780817635657,0-8176-3565-3",,,,,,,,,OL8074443M,,0,,,,,,,T,6085071,pdf,6C1823D0BF6C31C52DD398A00A22E933,,,"G:\\!upload\\!add\\!\\Marsden, Ratiu (eds) - The Breadth of Symplectic and Poisson Geometry (Birkhauser 2007).pdf",0,2000-01-01 01:00:00,2016-04-03 02:51:08,240000/6c1823d0bf6c31c52dd398a00a22e933-d.jpg,,
5681009,Учебник английского военного перевода.,,,,Аракин В.Д. и др.,1946,,,,437,0,Russian,Образование,homelab,189-199,,,,,,,,,,,,0,,,,,,,,22822046,pdf,6BBADDB911D5F64034DAA882D89734BA,,,D:\\homelab\\Аракин В.Д. и др. Учебник английского военного перевода. 1946.pdf,0,2000-01-01 01:00:00,2016-04-03 02:51:08,240000/6bbaddb911d5f64034daa882d89734ba-g.jpg,,
5681010,Difference Equations: From Rabbits to Chaos,,Undergraduate Texts in Mathematics,,"Paul Cull, Mary Flahive, Robby Robson",2005,1,Springer,,397,0,English,Математика,,,"9780387232348,0387232346",,,,,,,,,OL7444496M,,0,,,,,,,,1789731,djvu,6BD4C8B6317D2A0F7C750245B760E40A,,,"G:\\!upload\\!add\\!isbns\\Utm - Cull P ,Flahive M ,Robson R - Difference Equations  From Rabbits To Chaos - Springer 2005 - Isbn 0387232346.djvu",0,2000-01-01 01:00:00,2016-04-03 02:51:08,240000/6bd4c8b6317d2a0f7c750245b760e40a-d.jpg,,
5681008,Производственный и операционный менеджмент - Конспект лекций,,,,Сухарев,2002,,,,185,0,Russian,Образование,gaudeamus.narod.ru,,,,,,,,,,,,,0,,,,,,,,2129236,pdf,6BA969F960335D7A507575E483AE9F8D,,,D:\\homelab\\gaudeamus.narod.ru\\Производственный и операционный менеджмент - Конспект лекций - Сухарев - 2002 - 180.pdf,0,2000-01-01 01:00:00,2016-04-03 02:51:08,240000/6ba969f960335d7a507575e483ae9f8d-g.jpg,,
5681006,Энциклопедический словарь Брокгауза и Ефрона.,т.34а,,,,1902,,,,509,0,Russian,Языкознание//Словари,homelab,189-199,,,,,,,,,,,,0,,,,,,,,13227578,djvu,6B92F720D77B996179DB0A6FDF93DFD8,,,D:\\homelab\\Энциклопедический словарь Брокгауза и Ефрона. т.34а 1902.djvu,0,2000-01-01 01:00:00,2016-04-03 02:51:08,240000/6b92f720d77b996179db0a6fdf93dfd8-g.jpg,,
5681007,Метод статических испытаний Монте-Карло и его реализация на ЦВМ.,,,,"Бусленко Н.П., Шрейдер Ю.А.",1961,,,,,0,Russian,Математика//Вычислительная математика,homelab,189-199,,,,,,,,,,,,0,,,,,,,,2426937,djvu,6B9316405150256C2DF19FDB29427155,,,"D:\\homelab\\Бусленко Н.П., Шрейдер Ю.А. Метод статических испытаний Монте-Карло и его реализация на ЦВМ. (1961) .djvu",0,2000-01-01 01:00:00,2016-04-03 02:51:08,,,
5681005,Collision Detection in Interactive 3D Environments,,The Morgan Kaufmann Series in Interactive 3D Technology,,Gino van den Bergen,2003,,Morgan Kaufmann,,299,0,English,Компьютеры//Мультимедиа,,,"155860801X,9781558608016,9781429484220",,,,,006.6/96,TR897.7 .B482 2004,,,OL22564322M,,0,,,,,1,,T,12471637,pdf,6B6C7ADF4140CA4DC8B2E1C8ABB89613,,,G:\\!upload\\!add\\!\\collision_detection_in_interactive_3d_environments.morgan-kaufmann.2004.book.physics.computing.graphics.games.pdf,0,2000-01-01 01:00:00,2016-04-03 02:51:08,240000/6b6c7adf4140ca4dc8b2e1c8abb89613-d.jpg,,
5681003,"Home Workshop Prototype Firearms: How To Design, Build, And Sell Your Own Small Arms",,Home Workshop Guns for Defense & Resistance,,Bill Holmes,1994,,Paladin Press,,177,0,English,Образование//Международные конференции и симпозиумы,,,"9780873647922,0-87364-792-0",,,,,683.4,TS535 .H54 1994,,,OL841703M,,0,,,,,,,,46868155,pdf,6B50B97C4FC476A1C82FB25567011D88,,,"G:\\!upload\\!add\\!\\Firearms - Homemade - How To Design, Build & Sell Your Own Small Arms By Bill Holmes (Paladin Press).pdf",0,2000-01-01 01:00:00,2016-04-03 02:51:08,240000/6b50b97c4fc476a1c82fb25567011d88-d.jpg,,
5681004,"Carnival of Swords D20, PCI1005",,"D20, PCI1005 ",,Scott Charlton,2002,,"Paradigm Concepts, Inc.",,84,0,English,,,,"9781931374057,1-931374-05-8",,,,,,,,,OL8802963M,,0,,,,,,,,9883807,pdf,6B567E6B769766F3DFE7161D3ECCA502,,,G:\\!upload\\!add\\City\\PCI 1005.pdf,0,2000-01-01 01:00:00,2016-04-03 02:51:08,240000/6b567e6b769766f3dfe7161d3ecca502-g.jpg,,
5681001,Valode & Pistre Architects,,,,Blaine Brownell,2005,1,Princeton Architectural Press,,241,0,English,Искусство//Архитектура,,,"9781568985633,1-56898-563-0",,,,,620.1/1,TA403.6 .B76 2006,,,OL3409542M,,0,,,,,,,T,46124963,pdf,6B49CC4D426A9660B1D8C2911641A1A4,,,"G:\\!upload\\!add\\!\\[Architecture Ebook] Valode & Pistre Architects; Philip Jodidio, Birkhauser, 2006_dg2005.pdf",0,2000-01-01 01:00:00,2016-04-03 02:51:08,240000/6b49cc4d426a9660b1d8c2911641a1a4-d.jpg,,
5681002,Космос детское,,,,Афонькин С.Ю.,2007,,,,48,0,Russian,Физика//Астрономия//Астрофизика,homelab,189-199,,,,,,,,,,,,0,,,,,,,,5685025,djvu,6B4D88270BEA3B7058F3DA232F944CAF,,,D:\\homelab\\Афонькин С.Ю. Космос детское 2007.djvu,0,2000-01-01 01:00:00,2016-04-03 02:51:08,240000/6b4d88270bea3b7058f3da232f944caf-g.jpg,,
5681000,Основы нейрофизиологии насекомых,,,,Свидерский В.Л.,1980,,,,284,0,Russian,Биология//Зоология,homelab,189-199,,,,,,,,,,,,0,,,,,,,,9169289,djvu,6B3F64EFFFA7C1F3EBF91CB11E967FBC,,,D:\\homelab\\Свидерский В.Л. Основы нейрофизиологии насекомых 1980.djvu,0,2000-01-01 01:00:00,2016-04-03 02:51:08,240000/6b3f64efffa7c1f3ebf91cb11e967fbc-g.jpg,,
5680998,Огородная барыня - капуста.,,Огород. Спецвыпуск,,,2009,,,,18,0,Russian,Биология//Растения//Ботаника,homelab,189-199,,,,,,,,,,,,0,,,,,,,,64625131,pdf,6B17834477BCDC3748E76E32714DC90E,,,D:\\homelab\\Спецвыпуск. Огородная барыня - капуста. 2009.pdf,0,2000-01-01 01:00:00,2016-04-03 02:51:08,240000/6b17834477bcdc3748e76e32714dc90e-g.jpg,,
5680999,"Справочник проектировщика промыщленных, жилых и общественных зданий и сооружений.",ч. 2,,,Староверов И.Г. (ред),1,,,,408,0,Russian,История//Военная история,homelab,189-199,,,,,,,,,,,,0,,,,,,,,37621430,pdf,6B2A00F907DD7FCE9329ECBD2EC3C241,,,"D:\\homelab\\Староверов И.Г. (ред) Справочник проектировщика промыщленных, жилых и общественных зданий и сооружений. ч. 2 1969.pdf",0,2000-01-01 01:00:00,2016-04-03 02:51:08,240000/6b2a00f907dd7fce9329ecbd2ec3c241-g.jpg,,
5680997,Электромагнитная совместимость в электроэнергетике,,,,Цицикян Г.Н.,2006,,,,64,0,Russian,Физика//Электричество и магнетизм,homelab,189-199,,,,,,,,,,,,0,,,,,,,T,1050417,pdf,6B0D7716370112FCABDA53198F7E5993,,,D:\\homelab\\Цицикян Г.Н. Электромагнитная совместимость в электроэнергетике 2006.pdf,0,2000-01-01 01:00:00,2016-04-03 02:51:08,240000/6b0d7716370112fcabda53198f7e5993-g.jpg,,
5680995,Энциклопедический словарь Брокгауза и Ефрона.,т.25а,,,,1898,,,,498,0,Russian,Языкознание//Словари,homelab,189-199,,,,,,,,,,,,0,,,,,,,,11186810,djvu,6AE92490833F33AC0715BB9A4EFAA131,,,D:\\homelab\\Энциклопедический словарь Брокгауза и Ефрона. т.25а 1898.djvu,0,2000-01-01 01:00:00,2016-04-03 02:51:08,240000/6ae92490833f33ac0715bb9a4efaa131-g.jpg,,
5680996,The Complete Idiot's Guide to Fitness,,,,"Claire Walter, Annette Bank Tannander",2000,1,Alpha Books,,587,0,English,Образование,,,"9780028636580,0028636589",,,,,,,,,OL7269141M,,0,,,,,,,T,76007161,pdf,6B092E77A890F23D9F752728D4A8FC55,,,G:\\!upload\\!add\\!isbns\\Alpha Books - 2000 - Complete Idiots Guide to Fitness - ISBN 0028636589 - 557s - EEn.pdf,0,2000-01-01 01:00:00,2016-04-03 02:51:08,240000/6b092e77a890f23d9f752728d4a8fc55-d.jpg,,
5680992,The Globalization of World Politics: An Introduction to International Relations,,,,"John Baylis, Steve Smith",2001,2,"Oxford University Press, USA",,213,0,English,,,,"9780198782636,0-19-878263-2",,,,,,,,,OL7402331M,,0,,,,,,,,25951306,pdf,6A936E2FE7DEAAD650F1F0069C917134,,,G:\\!upload\\!add\\!\\The.Globalisation.Of.World.Politics.-.Oxford.University.Press.pdf,0,2000-01-01 01:00:00,2016-04-03 02:51:08,240000/6a936e2fe7deaad650f1f0069c917134-d.jpg,,
5680993,Differential Geometry and Analysis on CR Manifolds,,Progress in Mathematics,,"Sorin Dragomir, Giuseppe Tomassini",2006,1,Birkhäuser Boston,,498,0,English,Математика,,,"9780817643881,0-8176-4388-5",,,,,,,,,OL8074853M,,0,,,,,,,,3023079,pdf,6AE184ADDBD043FABCB868419F01FCB6,,,G:\\!upload\\!add\\!\\Differential Geometry and Analysis on CR Manifolds_Sorin Dragomir (Birkhauser 2006 498s).pdf,0,2000-01-01 01:00:00,2016-04-03 02:51:08,240000/6ae184addbd043fabcb868419f01fcb6-d.jpg,,
5680994,Энциклопедический словарь Брокгауза и Ефрона.,т.30,,,,1900,,,,493,0,Russian,Языкознание//Словари,homelab,189-199,,,,,,,,,,,,0,,,,,,,,12610248,djvu,6AE262B157A2A758B50C1D38D91536D7,,,D:\\homelab\\Энциклопедический словарь Брокгауза и Ефрона. т.30 1900.djvu,0,2000-01-01 01:00:00,2016-04-03 02:51:08,240000/6ae262b157a2a758b50c1d38d91536d7-g.jpg,,
5680991,"Занимательное программирование. Висуал Басиц. Книга для детей, родителей, учителей.",,,,"Симонович С.В., Евсеев Г.А.",2001,,,,322,0,Russian,Компьютеры//Программирование,homelab,189-199,,,,,,,,,,,,0,,,,,,,,2714478,djvu,6A617340A506BF3611AA5D0E3A0A47C2,,,"D:\\homelab\\Симонович С.В., Евсеев Г.А. Занимательное программирование. Висуал Басиц. Книга для детей, родителей, учителей. (2001) .djvu",0,2000-01-01 01:00:00,2016-04-03 02:51:08,240000/6a617340a506bf3611aa5d0e3a0a47c2-g.jpg,,
5680989,Fractals and Chaos: An Illustrated Course,,,,Paul S. Addison,1997,,Institute of Physics Publishing,,302,0,English,"Физика//Механика//Нелинейная динамика, хаос",,,"9780750303996,0-7503-0399-9",,,,,514/.742,QA614.86 .A23 1997,,,OL672129M,,0,,,,,,,T,5111102,djvu,6A44EB426546E6ADB6568E72F4A1B473,,,"G:\\!upload\\!add\\!\\Physics, Math - Paul S Addison - Fractals And Chaos  An Illustrated Course (Iop 1997).djvu",0,2000-01-01 01:00:00,2016-04-03 02:51:08,240000/6a44eb426546e6adb6568e72f4a1b473-d.jpg,,
5680990,Form and Transformation: Generative and Relational Principles in Biology,,,,"Gerry Webster, Brian Goodwin",1996,,Cambridge University Press,,153,0,English,Биология,,,"9780521354516,0-521-35451-X",,,,,574.4,QH491 .W435 1996,,,OL978264M,,300,,,,,,,0,1945182,djvu,6A56116F95CB4A36ABB2101DD5F4E962,,,G:\\!upload\\!add\\bi\\webster1996_form_and_transf.djvu,0,2000-01-01 01:00:00,2016-04-03 02:51:08,240000/6a56116f95cb4a36abb2101dd5f4e962-d.jpg,,
5680988,Основы теории линейных систем автоматического управления - Учебное Пособие,,,,Артамонов-Семёнов,2003,,,,142,0,Russian,Образование,gaudeamus.narod.ru,,,,,,,,,,,,,0,,,,,,,T,882134,pdf,6A3F0EB0B6A23A456EBF58C98850ECBF,,,D:\\homelab\\gaudeamus.narod.ru\\Основы теории линейных систем автоматического управления - УП - Артамонов-Семёнов - 2003 - 145.pdf,0,2000-01-01 01:00:00,2016-04-03 02:51:08,240000/6a3f0eb0b6a23a456ebf58c98850ecbf-g.jpg,,
5680986,Lords of the Peaks: The Essential Guide to Giants,,,,"James Maliszewski, Steve Kenson",2002,,"Paradigm Concepts, Inc.",,98,0,English,,,,"9781931374149,1-931374-14-7",,,,,,,,,OL8802965M,,0,,,,,,,,9368162,pdf,6A1FC563D2C48907F93B1F8BBCFA88F2,,,G:\\!upload\\!add\\City\\PCI1105.pdf,0,2000-01-01 01:00:00,2016-04-03 02:51:08,240000/6a1fc563d2c48907f93b1f8bbcfa88f2-g.jpg,,
5680987,Evolution,,,,Douglas J. Futuyma,2005,,Sinauer Associates,,608,0,English,,,,"9780878931873,0-87893-187-2",,,,,,,,,OL8127126M,,0,,,,,,,,74947348,pdf,6A22AE2EFB066D3EB06126154B41DB47,,,G:\\!upload\\!add\\bi\\futuyma2005_evolution.pdf,0,2000-01-01 01:00:00,2016-04-03 02:51:08,240000/6a22ae2efb066d3eb06126154b41db47-d.jpg,,
5680985,The Structural Representation of Proximity Matrices With Matlab,,ASA-SIAM Series on Statistics and Applied Probability,,"Lawrence Hubert, Phipps Arabie, Jacqueline Meulman",2006,,Society for Industrial & Applied,,231,0,English,Математика//Алгебра//Линейная алгебра,,,"9780898716078,0-89871-607-1",,,,,,,,,OL8271975M,,0,,,,,,,1,21932721,pdf,6A1656E5C0D7C2EAE300F33F896C8F87,,,"G:\\!upload\\!add\\!\\The Structural Representation of Proximity Matrices with Matlab (ASA-SIAM Series on Statistics and Applied Probability) (Lawrence Hubert, et al) 0898716071.pdf",0,2000-01-01 01:00:00,2016-04-03 02:51:08,240000/6a1656e5c0d7c2eae300f33f896c8f87-d.jpg,,
5680984,"On Human Nature: A Gathering While Everything Flows, 1967-1984",,,,"Kenneth Burke, William H. Rueckert, Angelo Bonadonna",2003,1,University of California Press,,406,0,English,,,,"9780520219199,0520219198",,,,,,,,,OL7710681M,,0,,,,,,,T,3171559,pdf,6A05E1D8524984B74EA1AED78FAE6692,,,"G:\\!upload\\!add\\!isbns\\University_of_California_Press.On_Human_Nature_A_Gathering_While_Everything_Flows,_1967_-_1984.Kenneth_Burke.ISBN-0520219198.Aug-2003.eBooks-Corner.pdf",0,2000-01-01 01:00:00,2016-04-03 02:51:08,240000/6a05e1d8524984b74ea1aed78fae6692-d.jpg,,
5680982,Синтезы соединений редкоземельных элементов.,ч.2  ,,,Батырева В.А. и др.,1986,,,,161,0,Russian,Техника//Материаловедение,homelab,189-199,,,,,,,,,,,,0,,,,,,,T,4995636,djvu,69F3D97E2074D1EA76C4EE5BBD6A8C04,,,D:\\homelab\\Батырева В.А. и др. Синтезы соединений редкоземельных элементов. ч.2  (1986) .djvu,0,2000-01-01 01:00:00,2016-04-03 02:51:08,240000/69f3d97e2074d1ea76c4ee5bbd6a8c04-g.jpg,,
5680983,Электоральное поведение - Теория вопроса - Учебное Пособие - 2,,,,Охременко,2002,,,,56,0,Russian,Образование,gaudeamus.narod.ru,,5-85534-561-0,,,,,,,,,,,0,,,,,,,T,285387,pdf,6A0282C5BCE0842FB59A578AD6A77361,,,D:\\homelab\\gaudeamus.narod.ru\\Электоральное поведение - Теория вопроса - УП - 2 - Охременко - 2002 - 56.pdf,0,2000-01-01 01:00:00,2016-04-03 02:51:08,240000/6a0282c5bce0842fb59a578ad6a77361-g.jpg,,
5680979,"Энциклопедический словарь Брокгауза и Ефрона. Россия, ее настоящее и прошедшее.",,,,,1900,,,,1053,0,Russian,География//Россия,homelab,189-199,,,,,,,,,,,,0,,,,,,,,32786417,djvu,694F18C6CEDA12AABDC5A2E5EDBF401E,,,"D:\\homelab\\Много авт. Энциклопедический словарь Брокгауза и Ефрона. Россия, ее настоящее и прошедшее. (1900) .djvu",0,2000-01-01 01:00:00,2016-04-03 02:51:08,240000/694f18c6ceda12aabdc5a2e5edbf401e-g.jpg,,
5680980,Digital Photography All-in-One Desk Reference For Dummies,,For Dummies,,David D. Busch,2004,2,For Dummies,,769,0,English,Образование,,,"9780764573286,0764573284",,,,,775,TR267 .B8717 2005,,,OL3316100M,,0,,,,,,,T,25996192,pdf,6958D3E79B6BAEDB4EFE674FF882B981,,,G:\\!upload\\!add\\!isbns\\- Wiley Publishing - 2005 - Digital Photography All-In-One Desk Reference For Dummies - 2Nd Edition - Isbn 0764573284 - 769S - Laxxuss.pdf,0,2000-01-01 01:00:00,2016-04-03 02:51:08,240000/6958d3e79b6baedb4efe674ff882b981-d.jpg,,
5680981,Quantum Mathematical Physics,,,,"Walter Thirring, E.M. Harrell",2002,2,Springer,,586,0,English,Математика,,,"9783540430780,3540430784",,,,,,,,,OL18177077M,,0,,,,,,,,12124486,djvu,69BF9B814F47545C424D0F082CC9D286,,,"G:\\!upload\\!add\\!isbns\\Thirring W. Quantum mathematical physics.. atoms, molecules and large systems (2ed., PAOL, Springer, 2002)(ISBN 3540430784)(586s).djvu",0,2000-01-01 01:00:00,2016-04-03 02:51:08,240000/69bf9b814f47545c424d0f082cc9d286-d.jpg,,
5680978,Human Cytosolic Sulfotransferases,,,,"Gian Maria Pacifici, Michael W. H. Coughtrie",2005,1,CRC Press,,337,0,English,,,,"9780415284622,0-415-28462-7",,,,,612/.015192,QP606.S8 H85 2005,,,OL18511691M,,0,,,,,,,,3214890,djvu,694ADC4E0D8DCA89F531B3AAE0EB8701,,,G:\\!upload\\!add\\biology\\Cytology\\Pacifici_Human Cytosolic Sulfotransferases.djvu,0,2000-01-01 01:00:00,2016-04-03 02:51:08,240000/694adc4e0d8dca89f531b3aae0eb8701-d.jpg,,
5680977,История Франции.,т.3,,,Манфред А.З.,1973,,,,601,0,Russian,История,homelab,189-199,,,,,,,,,,,,0,,,,,,,,7058342,djvu,692BA81FED05D78194E4BECC5DE71814,,,D:\\homelab\\Манфред А.З. История Франции. т.3 1973.djvu,0,2000-01-01 01:00:00,2016-04-03 02:51:08,240000/692ba81fed05d78194e4becc5de71814-g.jpg,,
5680976,Logic and Structure,,Universitext,,Dirk van Dalen,1994,3rd,Springer,,111,0,English,Математика//Математическая логика,,,"9783540578390,3540578390",,,,,511.3,QA9 .D16 1994,,,OL1079985M,,0,,,,,,,,6012040,djvu,6901FB2AF09DF64BD5082FBB0271DDCD,,,"G:\\!upload\\!add\\!isbns\\van Dalen D. Logic and structure (3ed., Universitext,Springer, 1994)(L)(T)(ISBN 3540578390)(111s).djvu",0,2000-01-01 01:00:00,2016-04-03 02:51:08,240000/6901fb2af09df64bd5082fbb0271ddcd-d.jpg,,
5680975,Categorical Data Analysis,,Wiley Series in Probability and Statistics,,Alan Agresti,2002,2,Wiley-Interscience,,732,0,English,Компьютеры//Организация и обработка данных,,,"0471360937,9780471360933,9780471458760",,,,,519.5/35,QA278 .A353 2002,,,OL3568541M,,0,,,,,1,,T,4433077,pdf,68B63FC9EA34F5691AD8434727373D5E,,,G:\\!upload\\!add\\st\\agresti2002_categorical_data.pdf,0,2000-01-01 01:00:00,2016-04-03 02:51:08,240000/68b63fc9ea34f5691ad8434727373d5e-d.jpg,,
5680974,Galois Theory,,Universitext,,Steven H. Weintraub,2008,2nd ed.,Springer,,220,0,English,Математика//Алгебра,,,"0387875743,978-0-387-87574-3",,,,,512/.32,QA214 .W45 2008,,,OL23871862M,,0,,,,,,,T,1920864,pdf,688FA8FA28EAA4454CCD2734DED011AC,,,"G:\\!upload\\!add\\!isbns\\Weintraub - Galois Theory (2ed, Universitext, Springer 2009)(1).pdf",0,2000-01-01 01:00:00,2016-04-03 02:51:08,240000/688fa8fa28eaa4454ccd2734ded011ac-d.jpg,,
5680972,After Man: A Zoology of the Future,,,,Dougal Dixon,1981,,St Martins Pr,,118,0,English,Биология//Зоология,,,"9780312011635,0-312-01163-6",,,,,575,QH371 .D55 1981,,,OL4260142M,,0,,,,,,,,44416064,djvu,68711E4AAC3673D05C6844354476854C,,,G:\\!upload\\!add\\bi\\dixon1981.djvu,0,2000-01-01 01:00:00,2016-04-03 02:51:08,240000/68711e4aac3673d05c6844354476854c-g.jpg,,
5680973,Encyclopedia of Evolution,,,,"Stanley A., Ph.d. Rice",2006,1,Facts on File,,487,0,English,Образование//Энциклопедии,,,"9780816055159,0-8160-5515-7",,,,,576.803,QH360.2 .R53 2006,,,OL3415447M,,0,,,,,,,T,12092847,pdf,687686B05A04A5BAE5F974CCF7B9B344,,,G:\\!upload\\!add\\bi\\rice2007_enc_evol.pdf,0,2000-01-01 01:00:00,2016-04-03 02:51:08,240000/687686b05a04a5bae5f974ccf7b9b344-d.jpg,,
5680970,Органическая химия,,,,Петров А.А. и др.,2002,,,,623,0,Russian,Химия//Органическая химия,homelab,189-199,,,,,,,,,,,,0,,,,,,,,4572297,djvu,6830C1A14871592BD231AD6AA5B53BF2,,,D:\\homelab\\Петров А.А. и др. Органическая химия 2002.djvu,0,2000-01-01 01:00:00,2016-04-03 02:51:08,240000/6830c1a14871592bd231ad6aa5b53bf2-g.jpg,,
5680971,Волны над нами. подводный мир,,,,Хлудова О.Ф.,1960,,,,222,0,Russian,,homelab,189-199,,,,,,,,,,,,0,,,,,,,,23342316,pdf,684CAB40EA76A965062A6965BA7C9A00,,,D:\\homelab\\Хлудова О.Ф. Волны над нами. подводный мир 1960.pdf,0,2000-01-01 01:00:00,2016-04-03 02:51:08,240000/684cab40ea76a965062a6965ba7c9a00-g.jpg,,
5680969,Энциклопедический словарь Брокгауза и Ефрона.,т.37а,,,,1903,,,,520,0,Russian,Языкознание//Словари,homelab,189-199,,,,,,,,,,,,0,,,,,,,,10264124,djvu,680B2362CAEC3925941D2C2C6DB1E723,,,D:\\homelab\\Энциклопедический словарь Брокгауза и Ефрона. т.37а 1903.djvu,0,2000-01-01 01:00:00,2016-04-03 02:51:08,240000/680b2362caec3925941d2c2c6db1e723-g.jpg,,
5680967,Contemporary Cryptology,,Advanced Courses in Mathematics - CRM Barcelona,,"Dario Catalano, Ronald Cramer, Ivan Damgard, Giovanni Di Crescenzo, David Pointcheval, Tsuyoshi Takagi",2005,1,Birkhäuser Basel,,241,0,English,Компьютеры//Криптография,,,"9783764372941,3-7643-7294-X",,,,,005.8/2,QA268 .A375 2005,,,OL22709926M,,0,,,,,,,,1867310,pdf,67AB832A90110BEA0CF264D7968EB126,,,G:\\!upload\\!add\\!\\Catalano Et Al - Contemporary Cryptology (Birkhauser 2005).pdf,0,2000-01-01 01:00:00,2016-04-03 02:51:08,240000/67ab832a90110bea0cf264d7968eb126-d.jpg,,
5680968,"Stochastic Processes in Physics, Chemistry, and Biology",,Lecture Notes in Physics,,"Jan A. Freund, Thorsten Pöschel",2000,1,Springer,,499,0,English,Математика//Вероятность,,,"9783540410744,3-540-41074-0",,,,,,,,,OL9446291M,,0,,,,,,,,26933056,pdf,67B60545FEA2FA65FC1D67DD0E8CD6B4,,,G:\\!upload\\!add\\!\\Stochastic Processes in Physics Chemistry and Biology - Freund.Poeschel.(2002).Springer.Verlag.pdf,0,2000-01-01 01:00:00,2016-04-03 02:51:08,240000/67b60545fea2fa65fc1d67dd0e8cd6b4-d.jpg,,
5680966,"Мозаика своими руками. Материалы, инструменты, техника и базовые композиции",,,,Дьеркс Л.,2000,,Эксмо-Пресс,,126,0,Russian,Техника,homelab,189-199,,,,,,,,,,,,0,,,,,,,,7622090,djvu,679AA8D0803B4E410D630DA0ABB3CB64,,,"D:\\homelab\\Дьеркс Л. Мозаика своими руками - материалы, инструменты, техника и базовые композиции. 2000.djvu",0,2000-01-01 01:00:00,2016-04-03 02:51:08,240000/679aa8d0803b4e410d630da0abb3cb64-d.jpg,,
5680963,Chemical Pesticides: Mode of Action and Toxicology,,,,Jørgen Stenersen,2004,1,CRC Press,,295,0,English,Наука (общее)//Научно-популярное,,,"9780748409105,0-7484-0910-6",,,,,,,,,OL7963702M,,0,,,,,,,,937318,djvu,677A33BE005B1C34AB86702E813895A7,,,"G:\\!upload\\!add\\biology\\Plants and Mushrooms\\Stenersen - Chemical Pesticides - Mode of Action and Toxicology (CRC, 2004).djvu",0,2000-01-01 01:00:00,2016-04-03 02:51:08,240000/677a33be005b1c34ab86702e813895a7-d.jpg,,
5680964,,,,Домашняя лаборатория 2009-08,,,,,,815,0,Russian,,homelab,189-199,,,,,,,,,,,,0,,,,,,,T,11499401,djvu,677BBA3EF383B5C39FD18C9AB5C354D5,,,D:\\homelab\\Интернет-журнал. Домашняя лаборатория 2009-08.djvu,0,2000-01-01 01:00:00,2016-04-03 02:51:08,240000/677bba3ef383b5c39fd18c9ab5c354d5-g.jpg,,
5680965,Evolution of the Insects,,Cambridge Evolution Series,,"David Grimaldi, Michael S. Engel",2005,,Cambridge University Press,,770,0,English,,,,"9780521821490,0-521-82149-5",,,,,595.7/138,QL468.7 .G75 2005,,,OL22161759M,,0,,,,,,,,65519034,pdf,678239DF52E751DFD1597C2952AB6515,,,G:\\!upload\\!add\\bi\\grimaldi2005_evol_insects.pdf,0,2000-01-01 01:00:00,2016-04-03 02:51:08,240000/678239df52e751dfd1597c2952ab6515-d.jpg,,
5680962,Карманный справочник радиоинженера,,,,"Дэвис Дж., Карр Дж.",2002,,,,274,0,Russian,,homelab,189-199,,,,,,,,,,,,0,,,,,,,,17271459,pdf,6770DC8A588A1DEB1318ACF75D0A1EF7,,,"D:\\homelab\\Дэвис Дж., Карр Дж. Карманный справочник радиоинженера 2002.pdf",0,2000-01-01 01:00:00,2016-04-03 02:51:08,240000/6770dc8a588a1deb1318acf75d0a1ef7-g.jpg,,
5680960,"Statistics in Plain English, 2nd Edition",,,,Timothy C. Urdan,2005,2,Psychology Press,,199,0,English,Математика//Математическая статистика,,,"9780805852417,0-8058-5241-7",,,,,,,,,OL7938336M,,0,,,,,,,T,3407423,djvu,672B0224126265F2B17ECC7B2C65A46D,,,G:\\!upload\\!add\\st\\urdan2005_stat_plain_english.djvu,0,2000-01-01 01:00:00,2016-04-03 02:51:08,240000/672b0224126265f2b17ecc7b2c65a46d-d.jpg,,
5680961,Fundamentals of Comparative Biology,,,,Olivier C. Rieppel,1988,,Birkhauser,,103,0,English,Биология,,,"9780817619565,08176-1956-9",,,,,574,QH366.2 .R54 1988,,,OL2045253M,,0,,,,,,,,2065971,djvu,672EA86134AF74E5EFAABCA7ECE7E1C8,,,G:\\!upload\\!add\\bi\\rieppel1988_fund_compar_biol.djvu,0,2000-01-01 01:00:00,2016-04-03 02:51:08,240000/672ea86134af74e5efaabca7ece7e1c8-g.jpg,,
5680959,Solaris Internals(TM): Solaris 10 and OpenSolaris Kernel Architecture,,,,"Richard McDougall, Jim Mauro",2006,2,Prentice Hall,,1095,0,English,Компьютеры//Операционные системы,,,"9780131482098,0-13-148209-2",,,,,005.4/465,QA76.76.O63 M37195 2007,,,OL17573459M,,0,,,,,,,,34774186,pdf,6719C77676B1410542E22D49D9E19073,,,G:\\!upload\\!add\\!\\Prentice Hall PTR Solaris Internals. Solaris 10 and OpenSolaris Kernel Architecture 2nd Edition.pdf,0,2000-01-01 01:00:00,2016-04-03 02:51:08,240000/6719c77676b1410542e22d49d9e19073-d.jpg,,
5680957,Engineering Mathematics,,,,John Bird BSc (Hons)  CEng  CMath  CSci  FIET  MIEE  FIIE  FIMA  FCollT,2003,4,Newnes,,540,0,English,Математика,,,"9780750657761,0-7506-5776-6",,,,,620/.001/51,TA330 .B515 2003,,,OL3435526M,,0,,,,,,,,55605934,pdf,66CE9625EB3E7273B7CF2B0C9205C5F1,,,G:\\!upload\\!add\\!\\Bird J - Engineering Mathematics - (Newnes 4Ed 2003; 540 P).pdf,0,2000-01-01 01:00:00,2016-04-03 02:51:08,240000/66ce9625eb3e7273b7cf2b0c9205c5f1-d.jpg,,
5680958,Genetic Nature/Culture: Anthropology and Science beyond the Two-Culture Divide,,,,"Alan H. Goodman, Deborah Heath, M. Susan Lindee",2003,1,University of California Press,,331,0,English,Наука (общее)//Научно-популярное,,,"9780520237926,0-520-23792-7",,,,,599.93/5,GN289 .G455 2003,,,OL18919113M,,0,,,,,,,,1245957,djvu,670207D3E91C428304C291DEAE35E0C1,,,G:\\!upload\\!add\\biology\\Genetics\\Genetic NatureCulture Anthropology and Science beyond the Two-Culture Divide -  Alan Goodman.djvu,0,2000-01-01 01:00:00,2016-04-03 02:51:08,240000/670207d3e91c428304c291deae35e0c1-g.jpg,,
5680955,Управление роботами и робототехническими системами,,,,Юревич Е.И.,2000,,,,171,0,Russian,Техника,homelab,189-199,,,,,,,,,,,,0,,,,,,,T,11253936,pdf,662C1D0AF1E45A55E7A746C65FA8360A,,,D:\\homelab\\Юревич Е.И. Управление роботами и робототехническими системами 2000.pdf,0,2000-01-01 01:00:00,2016-04-03 02:51:08,240000/662c1d0af1e45a55e7a746c65fa8360a-g.jpg,,
5680956,Modern Differential Geometry for Physicists,,World Scientific Lecture Notes in Physics,,C. J. Isham,1999,2 Sub,World Scientific Publishing Company,,697,0,English,Математика//Геометрия и топология,,,"9789810235550,981-02-3555-0",,,,,516.3/6,QA641 .I84 1999,,,OL389186M,,0,,,,,,,,25465955,pdf,66C5B5B8905AC2DAEF29E3763534564E,,,"G:\\!upload\\!add\\!\\[Physics] Pozrikidis C. - Fluid Dynamics - Theory, Computation and Numerical Simulation (Kluwer, 2001).pdf",0,2000-01-01 01:00:00,2016-04-03 02:51:08,240000/66c5b5b8905ac2daef29e3763534564e-d.jpg,,
5680953,Большая историческая энциклопедия.,т.12 ,,,Жуков Е.,1969,,Советская энциклопедия,,496,0,Russian,История,homelab,189-199,,,,,,,,,,,,0,,,,,,,,23378295,djvu,65DE49B739331F25C49E99926795141A,,,D:\\homelab\\Много авт. Большая историческая энциклопедия. т.12 (1969) .djvu,0,2000-01-01 01:00:00,2016-04-03 02:51:08,240000/65de49b739331f25c49e99926795141a-g.jpg,,
5680954,Варикозное расширение вен.,,,,Степанова О.В.,2005,,,,149,0,Russian,,homelab,189-199,5-9573-0377-1,,,,,,,,,,,0,,,,,,,T,1609172,djvu,65F8868BBF46A446C9E0D8487EF5816C,,,D:\\homelab\\Степанова О.В. Варикозное расширение вен. (2005) .djvu,0,2000-01-01 01:00:00,2016-04-03 02:51:08,240000/65f8868bbf46a446c9e0d8487ef5816c-g.jpg,,
5680951,An  Integrated System of Classification of Flowering Plants,,,,"Arthur Cronquist, Armen Takhtajan",1981,,Columbia University Press,,641,0,English,Биология//Растения//Ботаника,,,"9780231038805,0-231-03880-1",,,,,582.13/012,QK495.A1 C76,,,OL4114825M,,300,,,,,,,0,22722735,djvu,65B6DDDCC95ADD4FBEF3183C0FE74642,,,G:\\!upload\\!add\\bi\\cronquist1981_int_system_flow_plants.djvu,0,2000-01-01 01:00:00,2016-04-03 02:51:08,240000/65b6dddcc95add4fbef3183c0fe74642-g.jpg,,
5680952,Rgraphics,,Chapma &Hall/CRCComputerScience &DataAnalysis [Hardcover]2005 ,,P.Murrell,2005,,Chapman and Hall/CRC,,293,0,English,,,,"0-534-09144-X,1-58488-486-X",,B0041OLXMA,,,519.5/028/566,QA276.3 .D96 1988,,,OL15628853M,,0,,,,,,,,1899625,djvu,65B8BA01C3248354B6D97E1058D1FA93,,,G:\\!upload\\!add\\!\\murrell2006_rgraphics.djvu,0,2000-01-01 01:00:00,2016-04-03 02:51:08,240000/65b8ba01c3248354b6d97e1058d1fa93-g.jpg,,
5680949,Проектирование ограждений паровых котлов.,,,,"Залкинд Е.М., Козлов Ю.В.",1980,,,,151,0,Russian,Техника,homelab,189-199,,,,,,,,,,,,0,,,,,,,,63317859,pdf,65A08BA1D993D664A6F43207DBB4A7E9,,,"D:\\homelab\\Залкинд Е.М., Козлов Ю.В. Проектирование ограждений паровых котлов. 1980.pdf",0,2000-01-01 01:00:00,2016-04-03 02:51:08,240000/65a08ba1d993d664a6f43207dbb4a7e9-g.jpg,,
5680950,Trigonometric Delights,,,,Eli Maor,1998,,Princeton University Press,,241,0,English,Математика//Алгебра,,,"9780691057545,0-691-05754-0",,,,,516.24/2,QA531 .M394 1998,,,OL671982M,,0,,,,,,,T,4374125,pdf,65A9DB699B7551347661C6B7014501CF,,,G:\\!upload\\!add\\!\\Princeton University Press - Trigonometric Delights - 1998.pdf,0,2000-01-01 01:00:00,2016-04-03 02:51:08,240000/65a9db699b7551347661c6b7014501cf-d.jpg,,
5680947,Verilog HDL,,,,Samir Palnitkar,2003,2,Prentice Hall,,258,0,English,Компьютеры,,,"9780130449115,0-13-044911-3",,,,,621.39/2,TK7885.7 .P35 2003,,,OL3702782M,,0,,,,,,,T,7512597,pdf,64AE24508966875F4723224E649C0F4A,,,G:\\!upload\\!add\\!isbns\\VHDL-Prentice Hall - Verilog HDL - A Guide To Digital Design And Synthesis.pdf,0,2000-01-01 01:00:00,2016-04-03 02:51:08,240000/64ae24508966875f4723224e649c0f4a-d.jpg,,
5680948,Graph Theory and Its Applications to Problems of Society,,CBMS-NSF Regional Conference Series in Applied Mathematics,,Fred S. Roberts,1987,,Society for Industrial  Mathematics,,132,0,English,Математика//Теория графов,,,"9780898710267,0-89871-026-X",,,,,,,,,OL8271695M,,0,,,,,,,T,6567438,pdf,656EBE45146611B5A12886D5D369DDC8,,,G:\\!upload\\!add\\!\\Graph Theory and Its Applications to Problems of Society (CBMS-NSF Regional Conference Series in Applied Mathematics) (Fred S. Roberts) 089871026X.pdf,0,2000-01-01 01:00:00,2016-04-03 02:51:08,240000/656ebe45146611b5a12886d5d369ddc8-d.jpg,,
5680946,Tree-Kangaroos: Of Australia and New-Guinea,,Australian Natural History,,Roger Martin,2005,,CSIRO Publishing,,169,0,English,,,,"9780643090729,0-643-09072-X",,,,,,,,,OL22709655M,,0,,,,,,,,3871774,pdf,645EE5848C3E523D32468A79638A2D6D,,,G:\\!upload\\!add\\bi\\martin2005_tree-kangaroos.pdf,0,2000-01-01 01:00:00,2016-04-03 02:51:08,240000/645ee5848c3e523d32468a79638a2d6d-d.jpg,,
5680945,Rapid Contextual Design: A How-to Guide to Key Techniques for User-Centered Design,,Interactive Technologies,,"Karen Holtzblatt, Jessamyn Burns Wendell, Shelley Wood",2004,illustrated edition,Morgan Kaufmann,,321,0,English,,,,"9780123540515,0-12-354051-8",,,,,,,,,OL7327148M,,0,,,,,,,T,6219517,pdf,645B36964195E05E0AB5890F1A20E823,,,G:\\!upload\\!add\\!\\Morgan Kaufmann - Rapid Contextual Design - A How-to Guide to Key Techniques for User Centered Design - 2005 - (By Laxxuss).pdf,0,2000-01-01 01:00:00,2016-04-03 02:51:08,240000/645b36964195e05e0ab5890f1a20e823-d.jpg,,
5680943,Attractors of Evolution Equations,,Studies in Mathematics and Its Applications 25,,"A. V. Babin, M. I. Vishik",1992,,North-Holland,,543,0,English,Математика,,,"9780444890047,0444890041",,,,,515/.353,QA374 .B2513 1992,,,OL1566019M,,0,,,,,,,,3764413,djvu,644F8FC28FC573762E5AA0FBC99A244F,,,"G:\\!upload\\!add\\!isbns\\SMA 025 - Babin A.V.,Vishik M.I. - Attractors of evolution equations - NH 1992 - ISBN 0444890041.djvu",0,2000-01-01 01:00:00,2016-04-03 02:51:08,240000/644f8fc28fc573762e5aa0fbc99a244f-d.jpg,,
5680944,The Origin and Evolution of the Solar System,,Series in Astronomy and Astrophysics,,Michael M. Woolfson,2000,1,"Taylor & Francis, IOP",,425,0,English,Физика//Астрономия,,,"9780750304573,0-7503-0457-X",,,,,523.2,QB503 .W66 2000,,,OL6899915M,,0,,,,,,,,24008044,pdf,64505CFE44A108816B450BA2C5CE765F,,,G:\\!upload\\!add\\!\\Astronomy - The Origin and Evolution of the Solar System - M M Woolfson (IoP Publishing) - 2000.pdf,0,2000-01-01 01:00:00,2016-04-03 02:51:08,240000/64505cfe44a108816b450ba2c5ce765f-d.jpg,,
5680942,Factorization and Primality Testing,,Undergraduate Texts in Mathematics,,David M. Bressoud,1989,1,Springer,,250,0,English,Математика//Теория чисел,,,"0387970401,9780387970400,3540970401",,,,,512/.74,QA161.F3 B73 1989,,,OL2198920M,,600,,,,0,1,,1,1461828,djvu,641805B719F2532710E5544A57F6024B,,,G:\\!upload\\!add\\!isbns\\UTM - Bressoud D.M. - Factorization and primality testing - Springer 1989 - ISBN 0387970401.djvu,0,2000-01-01 01:00:00,2016-04-03 02:51:08,240000/641805b719f2532710e5544a57f6024b-d.jpg,,
5680941,Evolution’s Eye: A Systems View of the Biology-Culture Divide,,Science and Cultural Theory,,"Susan Oyama, Barbara Herrnstein Smith, E. Roy Weintraub",2000,,Duke University Press,,284,0,English,Биология,,,"9780822324362,0-8223-2436-9",,,,,,,,,OL9853596M,,0,,,,,,,,742205,djvu,640B33A543F8704C124941395AC04E01,,,"G:\\!upload\\!add\\biology\\Evolution\\Oyama - Evolutions Eye - A Systems View of the Biology-Culture Divide (Duke, 2000).djvu",0,2000-01-01 01:00:00,2016-04-03 02:51:08,240000/640b33a543f8704c124941395ac04e01-d.jpg,,
5680940,Pteridophytes and Gymnosperms,vol 1,Families and Genera of Vascular Plants,,"Karl Ulrich Kramer, P. S. Green, Erich Gotz",1991,1,Springer,,211,0,English,,,,0387517944,,,,,,,,,,,300,,,,0,1,,0,11115079,djvu,640518AE73431E9C6FF683E2331DA6E5,,,G:\\!upload\\!add\\bi\\kubitzki1990_1.djvu,0,2000-01-01 01:00:00,2016-04-03 02:51:08,,,
5680938,"Basic Engineering Mathematics, Fourth Edition",,,,John Bird BSc (Hons)  CEng  CMath  CSci  FIET  MIEE  FIIE  FIMA  FCollT,2005,4,Newnes,,300,0,English,Математика,,,"9780750665759,0-7506-6575-0",,,,,620.001/51,TA330 .B513 2005,,,OL3437199M,,0,,,,,,,T,5735906,pdf,63EC041F7303CB4EC313E7BF3F55265F,,,"G:\\!upload\\!add\\!\\Basic Engineering Mathematics (4Th Ed) John Bird (Elsevier-Newnes, 2005).pdf",0,2000-01-01 01:00:00,2016-04-03 02:51:08,240000/63ec041f7303cb4ec313e7bf3f55265f-d.jpg,,
5680939,The Universal History of Numbers: From Prehistory to the Invention of the Computer,,,,"Georges Ifrah, David Bellos, E. F. Harding, Sophie Wood, Ian Monk",2000,1,Wiley,,656,0,English,Компьютеры,,,"9780471393405,0471393401",,,,,,,,,OL7616469M,,0,,,,,,,,20451215,djvu,63F51B6E997163CDBC16213740C7DAC2,,,"G:\\!upload\\!add\\!isbns\\The universal history of numbers, from prehistory to the invention of the computer [_K_] ( Georges Ifrah , 2000) (ISBN 0471393401) (DJVU).[sharethefiles.com].djvu",0,2000-01-01 01:00:00,2016-04-03 02:51:08,240000/63f51b6e997163cdbc16213740c7dac2-d.jpg,,
5680937,The Natural History of Earth: Debating Long-Term Change in the Geosphere and Biosphere,,Routledge Studies in Physical Geography and Environment,,Richard John Huggett,2006,1,Routledge,,221,0,English,История,,,"9780415358026,0-415-35802-7",,,,,,,,,OL22735850M,,0,,,,,,,T,8690072,pdf,63E7126F02BB516D6E2984E770660443,,,G:\\!upload\\!add\\bi\\huggett2006_natural_hist_earth.pdf,0,2000-01-01 01:00:00,2016-04-03 02:51:08,240000/63e7126f02bb516d6e2984e770660443-d.jpg,,
5680935,Инструментальный контроль автотранспортных средств.,,,,"Савич Е.Л., Кручек А.С.",2006,,,,406,0,Russian,,homelab,189-199,,,,,,,,,,,,0,,,,,,,,10915343,djvu,63DDF682C75E79830BC94756A1031B86,,,"D:\\homelab\\Савич Е.Л., Кручек А.С. Инструментальный контроль автотранспортных средств. (2006) .djvu",0,2000-01-01 01:00:00,2016-04-03 02:51:08,,,
5680936,"Network Algorithmics,: An Interdisciplinary Approach to Designing Fast Networked Devices",,The Morgan Kaufmann Series in Networking,,George Varghese,2004,,Morgan Kaufmann,,491,0,English,Компьютеры//Алгоритмы и структуры данных,,,"9780120884773,0-12-088477-1",,,,,004.62,TK5105.55 .V37 2005,,,OL22611961M,,0,,,,,,,T,5145015,pdf,63E58FA5E812BC3195B566E323330A6E,,,G:\\!upload\\!add\\!\\Morgan Kaufmann - Network Algorithmics - An Interdisciplinary Approach to Designing Fast Networked Devices - 2005 - (By Laxxuss).pdf,0,2000-01-01 01:00:00,2016-04-03 02:51:08,240000/63e58fa5e812bc3195b566e323330a6e-d.jpg,,
5680933,Энциклопедический словарь Брокгауза и Ефрона.,т.14,,,,1895,,,,488,0,Russian,Языкознание//Словари,homelab,189-199,,,,,,,,,,,,0,,,,,,,,9180196,djvu,63ADC71261926DCD8FFAAE052C0801F0,,,D:\\homelab\\Энциклопедический словарь Брокгауза и Ефрона. т.14 1895.djvu,0,2000-01-01 01:00:00,2016-04-03 02:51:08,,,
5680934,The Cuckoos,,Bird Families of the World,,"Robert B. Payne, Karen Klitz",2005,,"Oxford University Press, USA",,641,0,English,,,,"9780198502135,0-19-850213-3",,,,,598.74,QL696.C83 P39 2005,,,OL3439945M,,0,,,,,,,,7609944,pdf,63D6581755FF91ED7167569FA5BB4B04,,,G:\\!upload\\!add\\bi\\payne2005_cuckoos.pdf,0,2000-01-01 01:00:00,2016-04-03 02:51:08,240000/63d6581755ff91ed7167569fa5bb4b04-d.jpg,,
5680932,Энциклопедический словарь Брокгауза и Ефрона.,т.27а,,,,1899,,,,92,0,Russian,Языкознание//Словари,homelab,189-199,,,,,,,,,,,,0,,,,,,,,3793805,djvu,6399364A130784A80106D968C2437183,,,D:\\homelab\\Энциклопедический словарь Брокгауза и Ефрона. т.27а 1899.djvu,0,2000-01-01 01:00:00,2016-04-03 02:51:08,,,
5680931,Adventure Guide to The Florida Keys & Everglades National Park,,,,"Joyce Huber, Jon Huber",2001,3rd,Hunter Publishing (NJ),,267,0,English,География,,,"1588431193,9781588431196,9780585394299",,,,,917.59/390464,F317.M7 H83 2001,,,OL3971141M,,0,,,,,1,,,3558249,pdf,637C14E2BD48D0D38B8325C662E900A1,,,"G:\\!upload\\!add\\!isbns\\Hunter Publishing - 2001 - Adventure Guide To The Florida Keys & Everglades National Park, 3Rd Edition - Isbn 1588431193 - 265S.pdf",0,2000-01-01 01:00:00,2016-04-03 02:51:08,240000/637c14e2bd48d0d38b8325c662e900a1-d.jpg,,
5680929,Детская энциклопедия,т.6,,,,1960,,,,562,0,Russian,Образование//Энциклопедии,homelab,189-199,,,,,,,,,,,,0,,,,,,,,20591115,djvu,63463940551F5CC87F84D5F348C0CD01,,,D:\\homelab\\Детская энциклопедия т.6 1960.djvu,0,2000-01-01 01:00:00,2016-04-03 02:51:08,,,
5680930,Forest Genetics ,,,,"W T Adams, D B Neale, T L White",2002,First,CABI,,702,0,English,Биология//Генетика,,,"9780851993485,0851993486",,,,,,,,,OL18290947M,,0,,,,,,,,10710866,djvu,6357AB3CF43EA96EEE32D004C1F4E00D,,,"G:\\!upload\\!add\\biology\\Genetics\\White - Forest Genetics (CABI, 2007).djvu",0,2000-01-01 01:00:00,2016-04-03 02:51:08,240000/6357ab3cf43ea96eee32d004c1f4e00d-d.jpg,,
5680927,Analysis of Phylogenetics and Evolution with R,,Use R,,Emmanuel Paradis,2006,1,Springer,,221,0,English,Биология//Генетика,,,"9780387329147,0-387-32914-5",,,,,,,,,OL7445445M,,0,,,,,,,T,1121389,pdf,6299059B50CF747D9F340A56338D0D1B,,,G:\\!upload\\!add\\bi\\paradis2006_phyl_r.pdf,0,2000-01-01 01:00:00,2016-04-03 02:51:08,240000/6299059b50cf747d9f340a56338d0d1b-d.jpg,,
5680928,Основы физики воды.,,,,Антонченко В.Я. и др.,1991,,,,670,0,Russian,Физика//Общие курсы,homelab,189-199,,,,,,,,,,,,0,,,,,,,,32865405,pdf,62F540A1716EB6063DE8FFF5A4583FED,,,D:\\homelab\\Антонченко В.Я. и др. Основы физики воды. 1991.pdf,0,2000-01-01 01:00:00,2016-04-03 02:51:08,,,
5680925,The Synaptic Organization of the Brain,,,,Gordon M. Shepherd M.D.,2004,5,"Oxford University Press, USA",,736,0,English,Медицина//Неврология,,,"9780195159554,0-19-515955-1",,,,,,,,,OL17119216M,,0,,,,,,,,15317188,djvu,628DF0731604FB7EBF66E045562F0321,,,"G:\\!upload\\!add\\biology\\Neuroscience\\Shepherd - The Synaptic Organization of the Brain 5e (Oxford, 2004).djvu",0,2000-01-01 01:00:00,2016-04-03 02:51:08,,,
5680926,Arithmetic Moduli of Elliptic Curves,,Annals of Mathematics Studies,,"Nicholas M. Katz, Barry Mazur",1985,,Princeton Univ Pr,,263,0,English,Математика,,,"9780691083490,0-691-08349-5",,,,,516.3/5,QA567 .K3 1985,,,OL3185773M,,0,,,,,,,,16172253,pdf,62957AF02D03E4FF13459C92E05CDA93,,,"G:\\!upload\\!add\\!\\Arithmetic Moduli of Elliptic Curves - Nicholas M. Katz, Barry Mazur (Princeton University Press, 1985)(263-2s).pdf",0,2000-01-01 01:00:00,2016-04-03 02:51:08,240000/62957af02d03e4ff13459c92e05cda93-d.jpg,,
5680923,"MEL Scripting for Maya Animators, Second Edition",,The Morgan Kaufmann Series in Computer Graphics,,"Mark R. Wilkins, Chris Kazmier",2005,2,Morgan Kaufmann,,548,0,English,,,,"0120887932,9780120887934",,,,,,,,,OL7325737M,,0,,,,,,,1,8815478,pdf,622B5EC28C964397DD7B7AA7A1E048DD,,,G:\\!upload\\!add\\!\\MEL_Scripting_for_Maya_Animators._Morgan_Kaufmann_Series_in_Computer_Graphics.pdf,0,2000-01-01 01:00:00,2016-04-03 02:51:08,240000/622b5ec28c964397dd7b7aa7a1e048dd-d.jpg,,
5680924,Lexicon manuale ad scriptores mediae et infimae latinitatis,,,,W. H Maigne d'Arnis,1977,Nachdr. d. Ausg. Paris 1866,Olms,,1167,0,German,,,,"9783487064260,3-487-06426-X",,,,,,,,,OL4496517M,,0,,,,,,,,88797100,pdf,626AD4544E18ADA6AC4D13DF3BEAB7A7,,,"G:\\!upload\\!add\\Academic books\\Languages\\Latin, Greek & Sanskrit\\Maigne dArmis.pdf",0,2000-01-01 01:00:00,2016-04-03 02:51:08,,,
5680921,Биологический морфогенез,,,,Белоусов Л.В.,1987,,,,239,0,Russian,Биология,homelab,189-199,,,,,,,,,,,,0,,,,,,,,4890348,djvu,62053D0424EFB404C65BBF1F4FE8CA86,,,D:\\homelab\\Белоусов Л.В. Биологический морфогенез 1987.djvu,0,2000-01-01 01:00:00,2016-04-03 02:51:08,,,
5680922,Dictionary of Generic Names of Seed Plants,,,,"Tatiana Wielgorskaya, Armen Takhtajan",1995,0,Columbia University Press,,294,0,English,Биология//Растения//Ботаника,,,"9780231078924,0-231-07892-7",,,,,581/.014,QK11 .W52 1995,,,OL1275156M,,0,,,,,,,,4136748,djvu,62194830BED46253DF8B88B8BB1A0CCC,,,G:\\!upload\\!add\\bi\\wielgorskaya1995_slovar.djvu,0,2000-01-01 01:00:00,2016-04-03 02:51:08,,,
5680920,Handbook of Biomedical Image Analysis: Segmentation Models Part A,Volume 1,Topics in Biomedical Engineering. International Book Series,,"Jasjit S. Suri, David Wilson, Swamy Laxminarayan",2005,1,Kluwer ,,661,0,English,,,,"9780306485503,0-306-48550-8",,,,,,,,,OL9470246M,,0,,,,,,,,4722821,djvu,61F8D4D34DC3861D9BA8703193B94167,,,G:\\!upload\\!add\\biology\\Biomedical Engineering 65 Ebooks - Rovhal_Knullare\\Kluwer - Handbook of Biomedical Image Analysis Vol.1.djvu,0,2000-01-01 01:00:00,2016-04-03 02:51:08,240000/61f8d4d34dc3861d9ba8703193b94167-d.jpg,,
5680918,Graph Colouring and Variations,,Annals of Discrete Mathematics 39,,"D. de Werra, A. Hertz",1989,,North Holland,,239,0,English,Математика//Дискретная математика,,,"9780444705334,0444705333",,,,,514/.3,QA612.18 .G73 1989,,,OL2051159M,,0,,,,,,,,2845117,djvu,61AF26B564CC695E30794B113735B176,,,G:\\!upload\\!add\\!isbns\\[ADM 040] - Jeroslow R.G. - Logic-based decision support.. mixed integer model formulation - NH 1989 - ISBN 0444871195.djvu,0,2000-01-01 01:00:00,2016-04-03 02:51:08,240000/61af26b564cc695e30794b113735b176-d.jpg,,
5680919,Как начать свой бизнес - Тренинг-курс - TACIS - 4 - Создание совместных предприятий,,TACIS,,,,,,,13,0,Russian,Бизнес,gaudeamus.narod.ru,,,,,,,,,,,,,0,,,,,,,T,143046,pdf,61F1701BF102BDA94DA3C77A11458176,,,D:\\homelab\\gaudeamus.narod.ru\\Как начать свой бизнес - Тренинг-курс - TACIS - 04 - Создание совместных предприятий - 13.pdf,0,2000-01-01 01:00:00,2016-04-03 02:51:08,,,
5680917,A Taste of Jordan Algebras,,Universitext,,Kevin McCrimmon,2003,1,Springer,,588,0,English,Математика//Алгебра,,,"9780387954479,0387954473",,,,,,,,,OL17105929M,,0,,,,,,,T,2819369,pdf,61AC7981319005570B3BA21F5263DBF7,,,"G:\\!upload\\!add\\!isbns\\Mccrimmon K A Taste Of Jordan Algebras (Universitext, Springer, 2004)(Isbn 0387954473)(588S).pdf",0,2000-01-01 01:00:00,2016-04-03 02:51:08,240000/61ac7981319005570b3ba21f5263dbf7-d.jpg,,
5680915,From a Biological Point of View: Essays in Evolutionary Philosophy,,Cambridge Studies in Philosophy and Biology,,Elliott Sober,1994,,Cambridge University Press,,265,0,English,Общественные науки прочие//Философия,,,"9780521471848,0-521-47184-2",,,,,146/.7,B818 .S64 1994,,,OL1091465M,,0,,,,,,,T,12753428,pdf,6196F2E0CB2A09A2A3580DA66EAC9072,,,G:\\!upload\\!add\\bi\\sober1994_essays.pdf,0,2000-01-01 01:00:00,2016-04-03 02:51:08,,,
5680916,Автоматизация технологических процессов и производств. Конспект лекций,Ч1,,,Кузьменко Н.В.,2005,,,,78,0,Russian,Образование,homelab,189-199,,,,,,,,,,,,0,,,,,,,T,901088,pdf,61A8D66B478C80C4BB95071DEF07A4EC,,,D:\\homelab\\Кузьменко Н.В. Автоматизация технологических процессов и производств Ч1 Конспект лекций 2005.pdf,0,2000-01-01 01:00:00,2016-04-03 02:51:08,,,
5680913,Plants on Islands: Diversity and Dynamics on a Continental Archipelago,,,,Martin L. Cody,2006,1,University of California Press,,278,0,English,Биология//Растения//Ботаника,,,"9780520247291,0-520-24729-9",,,,,,,,,OL7712173M,,0,,,,,,,T,5813257,pdf,60A186D69EF3CFEDBF9E7CC94DA8CEDC,,,G:\\!upload\\!add\\bi\\kody2006_plants_on_islands.pdf,0,2000-01-01 01:00:00,2016-04-03 02:51:08,240000/60a186d69ef3cfedbf9e7cc94da8cedc-d.jpg,,
5680914,Инфекционные и паразитарные болезни.,т.2,,,Возианова Ж.И.,2001,,,,690,0,Russian,Медицина//Инфекционные болезни,homelab,189-199,,,,,,,,,,,,0,,,,,,,,41579182,pdf,60CFDF966738D79701EFFC9ACEC1479B,,,D:\\homelab\\Возианова Ж.И. Инфекционные и паразитарные болезни. т.2 2001.pdf,0,2000-01-01 01:00:00,2016-04-03 02:51:08,,,
5680912,Tools for Computational Finance,,Universitext,,Rüdiger Seydel,2009,4th ed.,Springer,,349,0,English,Математика//Вычислительная математика,,,"9783540929284,3540929282",,,,,,,,,,,0,,,,,,,,4493338,pdf,6081F4B249F5FE09C4DE2EF995B0BCFF,,,"G:\\!upload\\!add\\!isbns\\Tools for Computational Finance, 4th ed. (R.U. Seydel)(2009)(Universitext, Springer).ISBN3540929282.pdf",0,2000-01-01 01:00:00,2016-04-03 02:51:08,240000/6081f4b249f5fe09c4de2ef995b0bcff-d.jpg,,
5680911,Основы современной энергетики. Современная теплоэнергетика,Ч1,,,Трухний Основы А.Д. и др.,2003,,,,387,0,Russian,Техника//Энергетика,homelab,189-199,,,,,,,,,,,,0,,,,,,,,6408153,djvu,6061FB87070B0FB2BA2772819269201E,,,D:\\homelab\\Трухний Основы А.Д. и др. Основы современной энергетики Ч1 Современная теплоэнергетика 2003.djvu,0,2000-01-01 01:00:00,2016-04-03 02:51:08,,,
5680910,Running A Ring Of Spies: Spycraft And Black Operations In The Real World Of Espionage,,,,Jefferson Mack,1996,,Paladin Press,,106,0,English,,,,"9780873649025,0-87364-902-8",,,,,327.12,JF1525.I6 M23 1996,,,OL731813M,,0,,,,,,,,13971313,pdf,605A39408926124077F3B5485A5CA5AB,,,G:\\!upload\\!add\\!\\Running a Ring of Spies - Jefferson Mack (Paladin Press).pdf,0,2000-01-01 01:00:00,2016-04-03 02:51:08,240000/605a39408926124077f3b5485a5ca5ab-d.jpg,,
5680908,Проблемы этики - Методические Указания,,,,,2002,,,,21,0,Russian,,gaudeamus.narod.ru,,,,,,,,,,,,,0,,,,,,,,356484,pdf,5FFCD202CBE2D332FFA944084F0005C5,,,D:\\homelab\\gaudeamus.narod.ru\\Проблемы этики - МУ - Есикова - 2002 - 36.pdf,0,2000-01-01 01:00:00,2016-04-03 02:51:08,,,
5680909,Classifying Spaces and Classifying Topoi,,Lecture Notes in Mathematics 1616,,Izak Moerdijk,1995,1,Springer,,100,0,English,Математика,,,"9783540603191,3540603190",,,,,510 s,"QA3,QA612.7",,,OL21843227M,,0,,,,,,,,984835,djvu,603BF27349F4CC75357EE364A9D78A4B,,,G:\\!upload\\!add\\!isbns\\Lnm 1616 - Moerdijk I - Classifying Spaces And Classifying Topoi - Springer 1995 - Isbn 3540603190.djvu,0,2000-01-01 01:00:00,2016-04-03 02:51:08,240000/603bf27349f4cc75357ee364a9d78a4b-d.jpg,,
5680907,Molecular Evolution and Phylogenetics,,,,"Masatoshi Nei, Sudhir Kumar",2000,1,"Oxford University Press, USA",,350,0,English,Биология//Генетика,,,"9780195135848,0-19-513584-9",,,,,,,,,OL7389184M,,0,,,,,,,,2065737,djvu,5FEE60B1BE76B2D2774FA5629CD11AC4,,,G:\\!upload\\!add\\bi\\nei2000_molevol.djvu,0,2000-01-01 01:00:00,2016-04-03 02:51:08,240000/5fee60b1be76b2d2774fa5629cd11ac4-d.jpg,,
5680905,Bill Horan's Military Modelling Masterclass,,,,Bill Horan,1998,,Windrow & Greene Publishing,,128,0,English,История//Военная история,,,"9781872004099,1872004091",,,,,,,,,OL8652153M,,0,,,,,,,,95414177,pdf,5FD61AF495D76AE1C84F2D415FA2857F,,,G:\\!upload\\!add\\!isbns\\Motorbooks.International.-.1998.-.Bill.Horans.Military.Modelling.Masterclass.-.ISBN.1872004091.-.128s.-.N-Lightened.pdf,0,2000-01-01 01:00:00,2016-04-03 02:51:08,240000/5fd61af495d76ae1c84f2d415fa2857f-d.jpg,,
5680906,Определение рН Теория и практика,,,,Бейтс Р.,1972,,,,401,0,Russian,,homelab,189-199,,,,,,,,,,,,0,,,,,,,T,5283341,djvu,5FEC7DA01A2512950726246DC402F70B,,,D:\\homelab\\Бейтс Р. Определение рН Теория и практика 1972.djvu,0,2000-01-01 01:00:00,2016-04-03 02:51:08,,,
5680902,Automatic and Concealable Firearms Design Book,vol 3,,,Gunsmithing,1982,,Paladin Press,,57,0,English,Техника//Военная техника//Оружие,,,"9780873642248,0-87364-224-4",,,,,,,,,OL11117178M,,0,,,,,,,,4492139,pdf,5F4DDC4D07C21B86AC4F4F17A481623E,,,"G:\\!upload\\!add\\!\\$ Gunsmithing - Automatic and Concealable Firearms Design Book vol 3 (Paladin Press, 1982, x).pdf",0,2000-01-01 01:00:00,2016-04-03 02:51:08,,,
5680903,Endogenous Plant Rhythms,,Annual Plant Reviews Volume 21,,"Anthony J. W. Hall, Harriet G. McWatters",2006,,Wiley-Blackwell,,279,0,English,Биология//Растения//Ботаника,,,"9781405123761,1-4051-2376-1",,,,,571.7/72,QK761 .E53 2005,,,OL22718324M,,0,,,,,,,,3188792,pdf,5F52683A8E7AED7FED8D265F667656CD,,,G:\\!upload\\!add\\bi\\hall2005_cyrcadian_rhythms.pdf,0,2000-01-01 01:00:00,2016-04-03 02:51:08,240000/5f52683a8e7aed7fed8d265f667656cd-d.jpg,,
5680904,Основы физики воды.,,,,Антонченко В.Я. и др.,1991,,,,670,0,Russian,Физика//Общие курсы,homelab,189-199,,,,,,,,,,,,0,,,,,,,,5063761,djvu,5FA6D51D9A65A0C476059ABFAC83AE9A,,,D:\\homelab\\Антонченко В.Я. и др. Основы физики воды. (1991) .djvu,0,2000-01-01 01:00:00,2016-04-03 02:51:08,,,
5680900,jQuery in Action,,,,"Bear Bibeault, Yehuda Katz, John Resig",2008,1,Manning Publications,,377,0,English,,,,"9781933988351,1-933988-35-5",,,,,,,,,OL12340316M,,0,,,,,,,T,4849262,pdf,5F2264C17E42302165141BA0071A0548,,,G:\\!upload\\!add\\!\\bibeault2008_jquery.pdf,0,2000-01-01 01:00:00,2016-04-03 02:51:08,240000/5f2264c17e42302165141ba0071a0548-d.jpg,,
5680901,Plant Identification Terminology: An Illustrated Glossary,,,,James G. And Melinda Woolf Harris Harris,1994,,Spring Lake Publishing,,110,0,English,Биология//Растения//Ботаника,,,,,B000MBBYY8,,,,,,,,,0,,,,,,,,10342420,pdf,5F281AAEE58630C65C474326DDA9FF14,,,G:\\!upload\\!add\\bi\\harris2006_plant_ident_terminology.pdf,0,2000-01-01 01:00:00,2016-04-03 02:51:08,,,
5680899,FreeBSD. Подробное руководство.,,,,Луцас М.,2009,,,,855,0,Russian,,homelab,189-199,,,,,,,,,,,,0,,,,,,,T,5255699,pdf,5F1138C1C7ECB9D27CE63A32BF120A1C,,,D:/homelab/Луцас М. ФрееБСД. Подробное руководство. (2009) .pdf,0,2000-01-01 01:00:00,2016-04-03 02:51:08,,,
5680897,Энциклопедический словарь Брокгауза и Ефрона.,т.доп2 ,,,,1906,,,,491,0,Russian,Языкознание//Словари,homelab,189-199,,,,,,,,,,,,0,,,,,,,,10335623,djvu,5E8FFAC028D054D5377F57C54235C821,,,D:\\homelab\\Много авт. Энциклопедический словарь Брокгауза и Ефрона. т.доп2 (1906) .djvu,0,2000-01-01 01:00:00,2016-04-03 02:51:08,,,
5680898,Опыт организационно-административной работы в системе социальных служб - Учебное Пособие,,,,Заяц,2004,,,,105,0,Russian,Образование,gaudeamus.narod.ru,,,,,,,,,,,,,0,,,,,,,,944653,pdf,5ECE495F4E9E2212983C4AFF95EBDFA2,,,D:\\homelab\\gaudeamus.narod.ru\\Опыт организационно-административной работы в системе социальных служб - УП - Заяц - 2004 - 105.pdf,0,2000-01-01 01:00:00,2016-04-03 02:51:08,,,
5680896,"JDBC Metadata, MySQL, and Oracle Recipes: A Problem-Solution Approach",,Expert's Voice in Java,,Mahmoud Parsian,2006,1,Apress,,504,0,English,Компьютеры//Организация и обработка данных,,,"9781590596371,1-59059-637-4",,,,,,,,,OL8848865M,,0,,,,,,,,1926456,djvu,5E79AF8F79B76E3BFD120488D1891DED,,,G:\\!upload\\!add\\Oracle\\DJVU\\Parsian M. - JDBC Metadata MySQL and Oracle Recipes A Problem Solution Approach (2006).djvu,0,2000-01-01 01:00:00,2016-04-03 02:51:08,240000/5e79af8f79b76e3bfd120488d1891ded-d.jpg,,
5680895,The Fourth State of Matter,,,,Shalom Elezer,2001,2nd,"Taylor & Francis, IOP",,235,0,English,Наука (общее)//Научно-популярное,,,"9780750307406,0-7503-0740-4",,,,,,,,,OL18009244M,,0,,,,,,,T,2156251,pdf,5E6B3D3830B8A499BD2F87A938726EFB,,,G:\\!upload\\!add\\!\\IOP Publishing - The Fourth State of Matter - An Introduction to Plasma Science - 2nd Edition - 2001.pdf,0,2000-01-01 01:00:00,2016-04-03 02:51:08,240000/5e6b3d3830b8a499bd2f87a938726efb-d.jpg,,
5680894,Video Demystified A Handbook For The Digital Engineer,,Demystifying Technology,,Keith Jack,2005,4th,Newnes,,952,0,English,Образование,,,"9780750678223,0-7506-7822-4",,,,,,,,,OL16146281M,,0,,,,,,,T,8804263,pdf,5DD2BB8074368167E9324101CC443976,,,"G:\\!upload\\!add\\!\\Newnes - Video Demystified Handbook for the Digital Engineer, 4ed 2005.pdf",0,2000-01-01 01:00:00,2016-04-03 02:51:08,240000/5dd2bb8074368167e9324101cc443976-d.jpg,,
5680892,Формирование наносекундных импульсов высокого напряжения.,,,,Месяц Г.А. и др.,1970,,,,154,0,Russian,Техника//Нанотехнологии,homelab,189-199,,,,,,,,,,,,0,,,,,,,,13447606,pdf,5D915910D20A811A37FB3BD907CC5DB8,,,D:\\homelab\\Месяц Г.А. и др. Формирование наносекундных импульсов высокого напряжения. 1970.pdf,0,2000-01-01 01:00:00,2016-04-03 02:51:08,,,
5680893,A Chinese Bestiary : Strange Creatures from the Guideways Through Mountains and Seas,,,,Richard E. Strassberg,2002,1,University of California Press,,337,0,English,Религия,,,"9780520218444,0-520-21844-2",,,,,,,,,OL15528312M,,0,,,,,,,T,9877473,djvu,5DAD696F1748D2B7D68B9D30E0A7A6BD,,,G:\\!upload\\!add\\mi\\cult\\strassberg2002_chin_bestiary.djvu,0,2000-01-01 01:00:00,2016-04-03 02:51:08,240000/5dad696f1748d2b7d68b9d30e0a7a6bd-d.jpg,,
5680891,Descartes's Method of Doubt,,,,Janet Broughton,2001,,Princeton University Press,,225,0,English,,,,"9780691088181,0-691-08818-7",,,,,194,B1878.K6 B76 2002,,,OL18391817M,,0,,,,,,,T,2106810,pdf,5D5AEC7DAFBAB25A4C9FEB3C45265E5B,,,"G:\\!upload\\!add\\!\\Janet Broughton - Descartess Method of Doubt (Princeton University Press, 2002).pdf",0,2000-01-01 01:00:00,2016-04-03 02:51:08,240000/5d5aec7dafbab25a4c9feb3c45265e5b-d.jpg,,
5680889,Multicellular Animals: A new Approach to the Phylogenetic Order in Nature,vol 1,,,Peter Ax,1996,1,Springer,,114,0,English,Наука (общее)//Научно-популярное,,,"9783540608035,3-540-60803-6",,,,,591/.012,QL45.2 .A913 1996,,,OL978597M,,0,,,,,,,,6415946,djvu,5D35E3D2FA3591E599393284DB313C5F,,,G:\\!upload\\!add\\bi\\ax1996_mult_ani_1.djvu,0,2000-01-01 01:00:00,2016-04-03 02:51:08,240000/5d35e3d2fa3591e599393284db313c5f-d.jpg,,
5680890,Anarchist Arsenal: Improvised Incendiary And Explosives Techniques,,,,David Harber,1990,illustrated edition,Paladin Press,,58,0,English,Химия//Пиротехника и взрывчатые вещества,,,"9780873645805,0-87364-580-4",,,,,662/.2,TP270 .H29 1990,,,OL1593736M,,0,,,,,,,,13276276,pdf,5D3F69ABD6A5EC7BFC952CC1606CDE64,,,G:\\!upload\\!add\\!\\(Ebook) - Paladin Press - David Harber - The Anarchist Arsenal ~ Improvised Incendiary & Explosives Techniques(1).pdf,0,2000-01-01 01:00:00,2016-04-03 02:51:08,240000/5d3f69abd6a5ec7bfc952cc1606cde64-d.jpg,,
5680888,Polyomaviruses and Human Diseases,,Advances in Experimental Medicine and Biology,,Nasimul Ahsan,2006,1,Springer,,383,0,English,Медицина//Болезни//Внутренние болезни,,,"9780387292335,0-387-29233-0",,,,,616.9/1,QR201.P732 P65 2006,,,OL3409631M,,0,,,,,,,,6482123,djvu,5CEBE43140CB1F8197C9B2BEEFCDA541,,,G:\\!upload\\!add\\biology\\Virusology\\Ahsan_Polyomaviruses and Human Diseases AEMB577.djvu,0,2000-01-01 01:00:00,2016-04-03 02:51:08,240000/5cebe43140cb1f8197c9b2beefcda541-d.jpg,,
5680887,"Electric Motors and Drives: Fundamentals, Types and Applications",,,,Austin Hughes,2006,3rd,Newnes,,432,0,English,Физика,,,"9780750647182,0-7506-4718-3",,,,,621.46,TK2514 .H84 2006,,,OL23080915M,,0,,,,,,,T,4596849,pdf,5CCDBD54352CD0E725CDC0A6F545E6E5,,,G:\\!upload\\!add\\!\\Newnes - Electric Motors and Drives.pdf,0,2000-01-01 01:00:00,2016-04-03 02:51:08,240000/5ccdbd54352cd0e725cdc0a6f545e6e5-d.jpg,,
5680886,Частотное управление асинхронными двигателями.,,,,"Сандлер А.С., Сарбатов Р.С.",1966,,,,148,0,Russian,Бизнес//менеджмент,homelab,189-199,,,,,,,,,,,,0,,,,,,,,46087847,pdf,5CB8C5360D6D21431F3AF8D33255449A,,,"D:\\homelab\\Сандлер А.С., Сарбатов Р.С. Частотное управление асинхронными двигателями. 1966.pdf",0,2000-01-01 01:00:00,2016-04-03 02:51:08,,,
5680884,Домашний винодел,,,,,2000,,Вече,,420,0,Russian,"Домоводство, досуг",homelab,189-199,5-7838-0145-3,,,,,,,,,,,0,,,,,,,,11217058,djvu,5C9886009E8B7BDD38FFB178C58C1AB8,,,D:\\homelab\\Домашний винодел 2000.djvu,0,2000-01-01 01:00:00,2016-04-03 02:51:08,240000/5c9886009e8b7bdd38ffb178c58c1ab8-d.jpg,,
5680885,Как начать свой бизнес - Тренинг-курс - TACIS - 2 - Генерация и оценка идей,,TACIS,,,,,,,13,0,Russian,Бизнес,gaudeamus.narod.ru,,,,,,,,,,,,,0,,,,,,,T,100333,pdf,5CA6AA3E254C65DA8BB728C6385520C6,,,D:\\homelab\\gaudeamus.narod.ru\\Как начать свой бизнес - Тренинг-курс - TACIS - 02 - Генерация и оценка идей - 13.pdf,0,2000-01-01 01:00:00,2016-04-03 02:51:08,,,
5680883,Convex Functional Analysis,,Systems & Control: Foundations & Applications,,"Andrew J. Kurdila, Michael Zabarankin",2005,1,Birkhäuser Basel,,235,0,English,Математика//Анализ,,,"9783764321987,3-7643-2198-9",,,,,,,,,OL9089978M,,0,,,,,,,,1996371,pdf,5C8979790B550122682CC487F4A52CC1,,,"G:\\!upload\\!add\\!\\Convex Functional Analysis - A. Kurdila, M. Zabarankin (Birkhauser, 2005) WW.pdf",0,2000-01-01 01:00:00,2016-04-03 02:51:08,240000/5c8979790b550122682cc487f4a52cc1-d.jpg,,
5680882,Большая историческая энциклопедия.,т.11,,,,1968,,Советская энциклопедия,,521,0,Russian,История,homelab,189-199,,,,,,,,,,,,0,,,,,,,,60874793,pdf,5C7C79CE25FA7F4FBA094D36E4C779AF,,,D:\\homelab\\Большая историческая энциклопедия. Т.11 1968.pdf,0,2000-01-01 01:00:00,2016-04-03 02:51:08,,,
5680880,Horizontal Gene Transfer,,,,"Michael Syvanen, Clarence I. Kado",2002,2,Academic Press,,444,0,English,,,,"9780126801262,0-12-680126-6",,,,,,,,,OL18170007M,,0,,,,,,,,5942925,pdf,5C6A3332F3D9FC746BE3A8D0016A506A,,,G:\\!upload\\!add\\bi\\syvanen2002_horiz_gene_transf.pdf,0,2000-01-01 01:00:00,2016-04-03 02:51:08,240000/5c6a3332f3d9fc746be3a8d0016a506a-d.jpg,,
5680881,Транзисторные радиопередатчики.,,,,Каганов В.И.,1970,,,,328,0,Russian,Техника//Электроника,homelab,189-199,,,,,,,,,,,,0,,,,,,,,14998136,pdf,5C6D50061EF048236EF4FE8A0BD21DEC,,,D:\\homelab\\Каганов В.И. Транзисторные радиопередатчики. 1970.pdf,0,2000-01-01 01:00:00,2016-04-03 02:51:08,,,
5680879,Digital Signal Processing: A Practical Guide for Engineers and Scientists,,,,Steven Smith,2003,Book and CD ROM,Newnes,,666,0,English,"Математика//Вейвлеты,обработка сигналов",,,"9780750674447,0-75067444-X",,,,,621.382/2,TK5102.9 .S568 2003,,,OL3704284M,,0,,,,,,,T,23484619,pdf,5C348A75FD2D9263C555B8ADA0200320,,,"G:\\!upload\\!add\\!\\Digital Signal Processing - A Practical Guide for Engineers and Scientists; Steven K Smith (Newnes, 2003).pdf",0,2000-01-01 01:00:00,2016-04-03 02:51:08,240000/5c348a75fd2d9263c555b8ada0200320-d.jpg,,
5680878,Proteases and Their Inhibitors in Cancer Metastasis,,Cancer Metastasis - Biology and Treatment 11,,"J-M. Foidart, R.J. Muschel",2003,1,Springer,,439,0,English,Медицина//Онкология,,,"9781402009235,1-4020-0923-2",,,,,616.99/4,RC269.5 .P765 2002,,,OL19288658M,,0,,,,,,,,2804427,djvu,5C27FF84ECCC321E6C816D32F6FC8FEB,,,G:\\!upload\\!add\\biology\\Cancerology\\Mansel Metastasis of Breast Cancer CMBaT11.djvu,0,2000-01-01 01:00:00,2016-04-03 02:51:08,240000/5c27ff84eccc321e6c816d32f6fc8feb-d.jpg,,
5680876,Career Development and Counseling: Putting Theory and Research to Work,,,,"Steven D. Brown, Robert W. Lent",2004,1,Wiley,,697,0,English,,,,"0471288802,9780471288800,9780471684879",,,,,331.702,HF5381 .C265273 2005,,,OL18806833M,,0,,,,,1,,T,7577134,pdf,5BFF726264AA185F980E8C24C84BC7B2,,,G:\\!upload\\!add\\!\\John.Wiley.&.Sons.-.Career.Development.and.Counseling.Putting.Theory.and.Research.to.Work.eBook-TLFeBOOK.pdf,0,2000-01-01 01:00:00,2016-04-03 02:51:08,240000/5bff726264aa185f980e8c24c84bc7b2-d.jpg,,
5680877,"Darwin's Harvest: New Approaches to the Origins, Evolution, and Conservation of Crops",,,,"Timothy J. Motley, Nyree Zerega, Hugh Cross",2005,,Columbia University Press,,401,0,English,Биология//Растения//Ботаника,,,"9780231133166,0-231-13316-2",,,,,633,SB106.O74 D37 2005,,,OL3426024M,,0,,,,,,,,2074259,djvu,5C0DA549EFAA7F31A32409062D1084E8,,,"G:\\!upload\\!add\\biology\\Plants and Mushrooms\\Motley - Darwins Harvest - New Approaches to the Origins, Evolution and Conservation of Crops (Columbia, 2006).djvu",0,2000-01-01 01:00:00,2016-04-03 02:51:08,240000/5c0da549efaa7f31a32409062d1084e8-d.jpg,,
5680875,"Elementary Mathematical and Computational Tools for Electrical and Computer Engineers Using MATLAB, Second Edition",,,,Jamal T. Manassah,2001,1,CRC Press,,348,0,English,Математика,,,"9780849310805,0-8493-1080-6",,,,,,,,,OL8258892M,,0,,,,,,,T,13805664,pdf,5BD6BBB836BF904CB02C5495D607DFB2,,,G:\\!upload\\!add\\!\\Mathematica - Computational Tools For Electrical And Computer Engineers(1).pdf,0,2000-01-01 01:00:00,2016-04-03 02:51:08,240000/5bd6bbb836bf904cb02c5495d607dfb2-d.jpg,,
5680874,Panbiogeography: Tracking the History of Life,,Oxford Biogeography Series,,"Robin C. Craw, John R. Grehan",1999,illustrated edition,"Oxford University Press, USA",,238,0,English,География,,,"9780195074413,0-19-507441-6",,,,,578/.09,QH84 .C678 1999,,,OL694335M,,0,,,,,,,T,11323247,pdf,5BA91BAF52E81DC76FB0AFFF0D8EEA18,,,G:\\!upload\\!add\\bi\\craw1999_panbiogeography.pdf,0,2000-01-01 01:00:00,2016-04-03 02:51:08,240000/5ba91baf52e81dc76fb0afff0d8eea18-d.jpg,,
5680873,Ковка и шамповка стали.,т.2 ,,,Сторожев М.В. (ред),1967,,,,899,0,Russian,,homelab,189-199,,,,,,,,,,,,0,,,,,,,,11614062,djvu,5B685C2CFFCA81D7B34F194C6A871361,,,D:\\homelab\\Сторожев М.В. (ред) Ковка и шамповка стали. т.2 (1967) .djvu,0,2000-01-01 01:00:00,2016-04-03 02:51:08,,,
5680871,Multiplicity in Unity: Plant Subindividual Variation and Interactions with Animals,,Interspecific Interactions,,Carlos M. Herrera,2009,,University Of Chicago Press,,449,0,English,Биология//Растения//Ботаника,,,"9780226327938,0-226-32793-0",,,,,581.3/5,QK983 .H47 2009,,,OL23180872M,,0,,,,,,,T,1814505,pdf,5B42C8E98160A346B160C3B91434F073,,,G:\\!upload\\!add\\bi\\herrera2009_plant_subindiv_var.pdf,0,2000-01-01 01:00:00,2016-04-03 02:51:08,240000/5b42c8e98160a346b160c3b91434f073-d.jpg,,
5680872,Complex Intracellular Structures in Prokaryotes,,Microbiology Monographs,,Jessup M. Shively,2006,1,Springer,,371,0,English,,,,"9783540325246,3-540-32524-7",,,,,,,,,OL9056296M,,0,,,,,,,T,6412409,pdf,5B549062DFDE35AD1082ED783C5BD2A1,,,G:\\!upload\\!add\\bi\\complex_intrac_prokar2006.pdf,0,2000-01-01 01:00:00,2016-04-03 02:51:08,240000/5b549062dfde35ad1082ed783c5bd2a1-d.jpg,,
5680870,Perl-отладчик. Карманный справочник.,,,,Фоули Р.,2005,,,,209,0,Russian,,homelab,189-199,,,,,,,,,,,,0,,,,,,,,9348074,pdf,5B36B1D54429A83490435752BFB2F4B0,,,D:\\homelab\\Фоули Р. Perl-отладчик. Карманный справочник. 2005.pdf,0,2000-01-01 01:00:00,2016-04-03 02:51:08,,,
5680868,Atlas: Birds of Moscow City & the Moscow Region,,Faunistica,,"G. Groot Koerkamp, S. I. Golovach",2006,,Pensoft Pub,,373,0,English,,,,"9789546422620,954-642-262-2",,,,,,,,,OL13055954M,,0,,,,,,,T,97651058,pdf,5B0DE31B363EA2083658ECA4B2A64084,,,G:\\!upload\\!add\\bi\\kaljakin2006_atlas_ptic_msk.pdf,0,2000-01-01 01:00:00,2016-04-03 02:51:08,240000/5b0de31b363ea2083658eca4b2a64084-d.jpg,,
5680869,АСУ ТП в черной металлургии,,,,"Глинков Г.М., Маковский В.А.",1999,,,,155,0,Russian,Техника//Металлургия,homelab,189-199,,,,,,,,,,,,0,,,,,,,,3684470,djvu,5B148B27A794A27B2162B01D6154D041,,,"D:\\homelab\\Глинков Г.М., Маковский В.А. АСУ ТП в черной металлургии 1999.djvu",0,2000-01-01 01:00:00,2016-04-03 02:51:08,,,
5680866,Molecular Basis Of Human Nutrition,,Lifelines,,"Tom Sanders, Peter Emery",2003,1,CRC Press,,170,0,English,Биология//Биохимия,,,"9780415299176,0-415-29917-9",,,,,,,,,OL9761574M,,0,,,,,,,,681223,djvu,5AD6E01311FCF43950294BCE29D8079C,,,"G:\\!upload\\!add\\biology\\Biochemistry\\Molecular Basis of Human Nutrition - T. Sanders, P. Emery (2003).djvu",0,2000-01-01 01:00:00,2016-04-03 02:51:08,240000/5ad6e01311fcf43950294bce29d8079c-d.jpg,,
5680867,Fine Cuts: The Art of European Film Editing,,,,Roger Crittenden,2006,,Focal Press,,225,0,English,,,,"9780240516844,0-240-51684-2",,,,,778.535094,,,,OL22716871M,,0,,,,,,,T,4882204,pdf,5B04B2E757961B389306DF9A6558796E,,,"G:\\!upload\\!add\\!\\[Filmmaking] Focal Press, Practical Cinematography, 2nd Ed[2005].pdf",0,2000-01-01 01:00:00,2016-04-03 02:51:08,240000/5b04b2e757961b389306df9a6558796e-d.jpg,,
5680865,Англо-русский словарь с иллюстрациями.,,,,Власова З.Н.,1991,,,,789,0,Russian,Языкознание//Словари,homelab,189-199,,,,,,,,,,,,0,,,,,,,,10846065,djvu,5ACBE050633F3F8EDC3D3039374B637A,,,D:\\homelab\\Власова З.Н. Англо-русский словарь с иллюстрациями. (1991) .djvu,0,2000-01-01 01:00:00,2016-04-03 02:51:08,,,
5680864,A Non-Random Walk Down Wall Street,,,,"Andrew W. Lo, A. Craig MacKinlay",1999,,Princeton University Press,,436,0,English,Экономика//Эконометрика,,,"9780691057743,0-691-05774-5",,,,,332.63/222,HG4915 .L6 1999,,,OL370654M,,0,,,,,,,T,19949976,pdf,5AC8BFC9050653BE39838754C93A3152,,,G:\\!upload\\!add\\!\\Princeton University Press - A Non-Random Walk down Wall Street (2002).pdf,0,2000-01-01 01:00:00,2016-04-03 02:51:08,240000/5ac8bfc9050653be39838754c93a3152-d.jpg,,
5680862,Marine Parasitology,,,,Klaus Rohde,2005,,CSIRO Publishing,,590,0,English,Биология//Экология,,,"9780643090255,0-643-09025-8",,,,,,,,,OL15596463M,,0,,,,,,,T,25019601,pdf,5AAED5436D3A49112511DBE5A59713BF,,,G:\\!upload\\!add\\bi\\rohde2005_mar_paras.pdf,0,2000-01-01 01:00:00,2016-04-03 02:51:08,240000/5aaed5436d3a49112511dbe5a59713bf-d.jpg,,
5680863,The Art and Science of Cardiac Physical Examination: With Heart Sounds and Pulse Wave Forms on CD,,Contemporary Cardiology,,"Narasimhan Ranganathan, Vahe Sivaciyan, Franklin B. Saksena",2006,1,Humana Press,,306,0,English,Наука (общее)//Научно-популярное,,,"9781588297761,1-58829-776-4",,,,,,,,,OL22740566M,,0,,,,,,,T,7459396,pdf,5AB774D4D927BBD7B7EA4CF966194A32,,,G:\\!upload\\!add\\!\\[Isilo Book - Medicine] Laboratory Medicine - The Forensic Laboratory Handbook Procedures And Practices (Humana Press 2006).pdf,0,2000-01-01 01:00:00,2016-04-03 02:51:08,240000/5ab774d4d927bbd7b7ea4cf966194a32-d.jpg,,
5680861,Aircraft Systems,,,,"Ian Moir, Allan Seabridge",2000,2nd,Professional Engineering Publishing,,371,0,English,История,,,"9781860582899,1-86058-289-3",,,,,629.135,TL671 .M59 2001,,,OL22461150M,,0,,,,,,,T,36663131,pdf,5A811A083009788CF97D10C16FF65F27,,,"G:\\!upload\\!add\\!\\Aircraft Systems - Mechanical, electrical, and avionics subsystems integration.PDF",0,2000-01-01 01:00:00,2016-04-03 02:51:08,240000/5a811a083009788cf97d10c16ff65f27-d.jpg,,
5680859,Origin and Evolution of Viruses,,,,"Esteban Domingo, Robert G. Webster, John F. Holland",1999,1st,Academic Press,,511,0,English,Биология,,,"9780122203602,0-12-220360-7",,,,,,,,,OL9463085M,,0,,,,,,,,9335778,djvu,5A72BD553784567ADA2A9A83B3EC1A79,,,"G:\\!upload\\!add\\biology\\Virusology\\Domingo - Origin and Evolution of Viruses (AP, 1999).djvu",0,2000-01-01 01:00:00,2016-04-03 02:51:08,240000/5a72bd553784567ada2a9a83b3ec1a79-d.jpg,,
5680860,Млекопитающие. Полная иллюстрировання энциклопедия,том 1,,,Макдональд Д.,2007,,ОМЕГА,,465,0,Russian,Биология//Зоология,,0,,,,,,,,,,,,0,,,,,,,,44793229,djvu,5A7F3B2F0CEB06D5C4279BB80EC447B9,,,G:/!upload/!add/bi/mlekopitajuschie2007_1.djvu,0,2000-01-01 01:00:00,2016-04-03 02:51:08,,,
5680858,The Edm How-To Book (Electrical Discharge Machining),,,,Ben Fleming,2005,,Fleming Publications,,79,0,English,Техника,,,"9780976759607,0-9767596-0-8",,,,,,,,,,,0,,,,,,,,43869563,pdf,5A728C462758F16C371A1D0F83B30B3F,,,"G:\\!upload\\!add\\!\\Fleming, Ben - The Edm How-To Book (Electrical Discharge Machining).pdf",0,2000-01-01 01:00:00,2016-04-03 02:51:08,,,
5680856,Экстремальные принципы в биологии и физиологии,,,,Ханин М.А. и др.,1978,,,,257,0,Russian,Биология,homelab,189-199,,,,,,,,,,,,0,,,,,,,,4759935,djvu,5A51C11E5FA546042CBD76B582CBDE6A,,,D:\\homelab\\Ханин М.А. и др. Экстремальные принципы в биологии и физиологии 1978.djvu,0,2000-01-01 01:00:00,2016-04-03 02:51:08,,,
5680857,Металлорежущие станки,Том 1.,,,"Ачеркан Н.С., Гаврюшин А.А., и др.",1965,,,,767,0,Russian,Техника//Металлургия,homelab,189-199,,,,,,,,,,,,0,,,,,,,,26946527,djvu,5A6AD1CD8986FC637B2E65366D91FAA3,,,"D:\\homelab\\Ачеркан Н.С., Гаврюшин А.А., и др. Металлорежущие станки. Том 1. 1965.djvu",0,2000-01-01 01:00:00,2016-04-03 02:51:08,,,
5680854,Crustacea and Arthropod Relationships,,Crustacean Issues,,"Stefan Koenemann, Ronald Jenner",2005,1,CRC Press,,440,0,English,,,,"9780849334986,0-8493-3498-5",,,,,,,,,OL18265050M,,0,,,,,,,T,11092432,pdf,5A20F89F01020F966E5D3678FA5257F4,,,G:\\!upload\\!add\\bi\\koenemann2005_crustacea.pdf,0,2000-01-01 01:00:00,2016-04-03 02:51:08,240000/5a20f89f01020f966e5d3678fa5257f4-d.jpg,,
5680855,Электрическое освещение взрывоопасных и пожароопасных зон.,,,,Пикман И.Я.,1985,,,,108,0,Russian,,homelab,189-199,,,,,,,,,,,,0,,,,,,,,37723015,pdf,5A23094A2FBBA4A0F1C3C0A86D209710,,,D:\\homelab\\Пикман И.Я. Электрическое освещение взрывоопасных и пожароопасных зон. 1985.pdf,0,2000-01-01 01:00:00,2016-04-03 02:51:08,,,
5680853,Jane's Fighting Ships 2004-2005,,,,Stephen Saunders,2004,107 Sub,Jane's Publishing,,530,0,English,История//Военная история,,,"9780710626233,0710626231",,,,,623.825,,,,OL22081194M,,0,,,,,,,,731370441,pdf,5A14D7A7E8540639D9E251F60B0A4F5B,,,"G:\\!upload\\!add\\!isbns\\Janes Information Group - 2004 - Janes Fighting Ships 2004-2005, 107th Edition CD1 - 300 dpi - ISBN 0710626231 - 947s.pdf",0,2000-01-01 01:00:00,2016-04-03 02:51:08,240000/5a14d7a7e8540639d9e251f60b0a4f5b-d.jpg,,
5680851,Таблицы атомных волновых функций,,,,Братцев В.Ф.,1966,,,,192,0,Russian,,homelab,189-199,,,,,,,,,,,,0,,,,,,,T,1626068,djvu,5A0CF2CAC2B0661C4F8683DA47A3BA25,,,D:\\homelab\\Братцев В.Ф. Таблицы атомных волновых функций 1966.djvu,0,2000-01-01 01:00:00,2016-04-03 02:51:08,,,
5680852,Reason and Experience: The Representation of Natural Order,,,,James L. Larson,1979,,Univ of California Pr,,94,0,English,,,,"9780520018341,0-520-01834-6",,,,,574/.01/2,QH44 .L37,,,OL5740715M,,0,,,,,,,,1601441,djvu,5A1220F7BFDD4B604B281F7717CF48A1,,,G:\\!upload\\!add\\bi\\larson1971_linne_order.djvu,0,2000-01-01 01:00:00,2016-04-03 02:51:08,,,
5680850,Scientific Computing in Electrical Engineering,,Mathematics in Industry / The European Consortium for Mathematics in Industry,,"Angelo Marcello Anile, Giuseppe Alì, G. Mascali",2006,1,Springer,,481,0,English,Техника,,,"9783540328612,3-540-32861-0",,,,,,,,,OL9056370M,,0,,,,,,,,33552868,pdf,59D3B69FFCB431BF2CFB6597E56C11D9,,,G:\\!upload\\!add\\!\\Scientific Computing in Electrical Engineering (2006).pdf,0,2000-01-01 01:00:00,2016-04-03 02:51:08,240000/59d3b69ffcb431bf2cfb6597e56c11d9-d.jpg,,
5680849,Чтобы не было беды. (скорая помощь),,,,"Голиков А.П., Лыков В.М.",1987,,,,79,0,Russian,,homelab,189-199,,,,,,,,,,,,0,,,,,,,T,387305,djvu,59B6D45A4DC9EC2EE7FB603A0C269823,,,"D:\\homelab\\Голиков А.П., Лыков В.М. Чтобы не было беды. (скорая помощь, 1987) .djvu",0,2000-01-01 01:00:00,2016-04-03 02:51:08,,,
5680847,Основы органической химии лекарственных веществ,,,,"Солдатенков А.Т., Колядина Н.М., Шендрик И.В.",2001,,,,96,0,Russian,Химия//Органическая химия,Якова Кротова б-ка,,,,,,,,,,,,,0,,,,,,,,1335157,djvu,FD78D09D2C7D2F4D976BF3C3039B14D4,,,"E:\\!!!chem\\Солдатенков А.Т., Колядина Н.М., Шендрик И.В.~Основы органической химии лекарственных веществ~2001.djvu",0,2000-01-01 01:00:00,2016-04-03 02:51:08,,,
5680848,Химия фукосанов. Реакции и применение,том 2,,,"Хмельницкий Л.И., Новиков С.С., Годовикова Т.И.",1996,,,,217,0,Russian,Химия,Якова Кротова б-ка,,,,,,,,,,,,,0,,,,,,,,3108758,djvu,FF3E768FEE7012A2D8E1B546041B3A53,,,"E:\\!!!chem\\Хмельницкий Л.И., Новиков С.С., Годовикова Т.И.~Химия фукосанов. Реакции и применение 2~1996.djvu",0,2000-01-01 01:00:00,2016-04-03 02:51:08,,,
5680845,Химия нитро- и нитрозогрупп,Т. 1,,,Фойер Г.,1972,,,,534,0,Russian,Химия,Якова Кротова б-ка,,,,,,,,,,,,,0,,,,,,,,8165284,djvu,F9EE396274E92D625906BC33CC43ABB0,,,E:\\!!!chem\\Фойер Г. 1972 ~Химия нитро- и нитрозогрупп. Т. 1.djvu,0,2000-01-01 01:00:00,2016-04-03 02:51:08,,,
5680846,Эпоксидные полимеры и композиции,,,,"Чернин И.З., Смехов Ф.М., Жердев Ю.В.",1982,,,,117,0,Russian,Химия,Якова Кротова б-ка,,,,,,,,,,,,,0,,,,,,,,2410012,djvu,FCA0A91A568C3CD6A4D6BDDBCC187F1F,,,"E:\\!!!chem\\Чернин И.З., Смехов Ф.М., Жердев Ю.В.~Эпоксидные полимеры и композиции~1982.djvu",0,2000-01-01 01:00:00,2016-04-03 02:51:08,,,
5680843,История числа пи,,,,Кымпан Флорика,1971,,Наука,,218,0,Russian,История,mirknig.com,0,,,,510(09),,,,,,,,600,0,,,,,,,4153020,djvu,F7FB6A325139E59CB34ADDF2DB9B34E6,,,,0,2000-01-01 01:00:00,2016-04-03 02:51:08,,,
5680844,Нитрование углеводов и других органических соединений,,,,Топчев А.В,1956,,,,246,0,Russian,Химия//Органическая химия,Якова Кротова б-ка,,,,,,,,,,,,,0,,,,,,,,7799278,djvu,F84ED0B1F15529CA45D2445F880031D3,,,E:\\!!!chem\\Топчев А.В 1956 ~Нитрование углеводов и других органических соединений.djvu,0,2000-01-01 01:00:00,2016-04-03 02:51:08,,,
5680842,"Методы окисления органических соединений. Алканы, алкены, алкины и арены",,,,Хейнс А. ,1988,,,,200,0,Russian,Химия//Органическая химия,Якова Кротова б-ка,,,,,,,,,,,,,0,,,,,,,,4255581,djvu,F795CB22F462CB6807D91531D4ADDEB3,,,"E:\\!!!chem\\Хейнс А. 1988 ~Методы окисления органических соединений. Алканы, алкены, алкины и арены.djvu",0,2000-01-01 01:00:00,2016-04-03 02:51:08,,,
5680840,Синтезы гетероциклических соединений,вып. 11,,,Мнджоян,,,,,36,0,Russian,Химия,Якова Кротова б-ка,,,,,,,,,,,,,0,,,,,,,,560867,djvu,F0A8A4736861FC2F2E3BE7FC0132315E,,,E:\\!!!chem\\Мнджоян - Синтезы гетероциклических соединений вып. 11 .djvu,0,2000-01-01 01:00:00,2016-04-03 02:51:08,,,
5680841,Биоконверсия лигниноцеллюлозных материалов,,,,"Синицын А.П., Гусаков А.В., Черноглазов В.М.",1995,,,,202,0,Russian,Химия,Якова Кротова б-ка,,,,,,,,,,,,,0,,,,,,,,2459019,djvu,F6F193942CEC1DDCFE5C234481E5B406,,,"E:\\!!!chem\\Синицын А.П., Гусаков А.В., Черноглазов В.М.~ Биоконверсия лигниноцеллюлозных материалов~1995.djvu",0,2000-01-01 01:00:00,2016-04-03 02:51:08,,,
5680838,Органический синтез в двухфазных системах,,,,"Яновская Л.А., Юфит С.С.",1982,,,,93,0,Russian,Химия//Органическая химия,Якова Кротова б-ка,,,,,,,,,,,,,0,,,,,,,,1722090,djvu,ED1CDD1C27815FFBF02D74BCC772BA13,,,"E:\\!!!chem\\Яновская Л.А., Юфит С.С.~ Органический синтез в двухфазных системах~1982.djvu",0,2000-01-01 01:00:00,2016-04-03 02:51:08,,,
5680839,Неорганическая биохимия,Т 1,,,Эйхгорн Г.,1978,,,,713,0,Russian,Химия//Неорганическая химия,Якова Кротова б-ка,,,,,,,,,,,,,0,,,,,,,,11309863,djvu,EE4251DC04DD94D964177C177540713C,,,E:\\!!!chem\\Эйхгорн Г. 1978 ~Неорганическая биохимия. Т.djvu,0,2000-01-01 01:00:00,2016-04-03 02:51:08,,,
5680836,Основы биохимии,Т. 1,,,"Уайт А., Хендлер Ф., Смит Э., Хилл Р., Леман ",1981,,,,539,0,Russian,Химия,Якова Кротова б-ка,,,,,,,,,,,,,0,,,,,,,,7634924,djvu,EA80DCA6A928362C75FB272E0B083165,,,"E:\\!!!chem\\Уайт А., Хендлер Ф., Смит Э., Хилл Р., Леман 1981~ Основы биохимии. Т. 1.djvu",0,2000-01-01 01:00:00,2016-04-03 02:51:08,,,
5680837,Синтез макро-циклических соединений,,,,"Яцимирский К.Б., Кольчинский А.Г., Павлищук В.В., Таланова Г.Г.",1987,,,,141,0,Russian,Химия,Якова Кротова б-ка,0,,,,,,,,,,,,0,,,,,,,,2455996,djvu,EA8A2B02AE6ADB1D9F3A9173B5145205,,,"E:\\!!!chem\\Яцимирский К.Б., Кольчинский А.Г., Павлищук В.В., Таланова Г.Г.~Синтез макро-циклических соединений~1987.djvu",0,2000-01-01 01:00:00,2016-04-03 02:51:08,,,
5680835,Изоелектрическое изофокусирование белков в самоорганизующихся и искусственных градиентах рН,,,,"Троицкий Г.В., Ажицкий Г.В. ",1984,,,,110,0,Russian,Химия,Якова Кротова б-ка,,,,,,,,,,,,,0,,,,,,,,4138038,djvu,E807C2C5C13F8E050F25E360E672438B,,,"E:\\!!!chem\\Троицкий Г.В., Ажицкий Г.В.     К 1984~ Изоелектрическое изофокусирование белков в самоорганизующихся и искусственных градиентах рН.djvu",0,2000-01-01 01:00:00,2016-04-03 02:51:08,,,
5680832,Полиуретановые эластомеры,,,,"Райт П., Камминг ",1973,,,,152,0,Russian,Химия,Якова Кротова б-ка,,,,,,,,,,,,,0,,,,,,,,3666003,djvu,E10AB6929CCDAC569B5ED839F880155E,,,"E:\\!!!chem\\Райт П., Камминг 1973 ~Полиуретановые эластомеры.djvu",0,2000-01-01 01:00:00,2016-04-03 02:51:08,,,
5680833,Essais de paléoconchologie comparée. Paris: Chez l’auteur et Comptoir géologique,,,,Cossmann M.,1896,,,Paris,197,0,French,Биология//Палеонтология,,0,,,,,,,,,,,,0,0,1,,,,,,11178795,pdf,E6BBD1840214DB14A942B3810BA77A47,,,,0,2000-01-01 01:00:00,2016-04-03 02:51:08,,,
5680834,Практикум по органической химии,,,,Прянишников Н.Д.,1956,,,,244,0,Russian,Химия//Органическая химия,Якова Кротова б-ка,,,,,,,,,,,,,0,,,,,,,,1701502,djvu,E7C13C2EE2C8446ACC11A4AF676BD66D,,,E:\\!!!chem\\Прянишников Н.Д. 1956~ Практикум по органической химии.djvu,0,2000-01-01 01:00:00,2016-04-03 02:51:08,,,
5680831,Техника лабораторного эксперимента в химии,,,,Степин Б.Д.,1999,,,,299,0,Russian,Техника,Якова Кротова б-ка,,,,,,,,,,,,,0,,,,,,,,7997015,djvu,DE51C93D09E541AC1694D0C2977459D1,,,E:\\!!!chem\\Степин Б.Д. (1999)~ Техника лабораторного эксперимента в химии.djvu,0,2000-01-01 01:00:00,2016-04-03 02:51:08,,,
5680829,Аналитическая химия ванадия,,,,Музгин В.Г. и др.,1981,,,,109,0,Russian,Химия,Якова Кротова б-ка,,,,,,,,,,,,,0,,,,,,,,1986669,djvu,D8468E5029C9E9F6955950FDF952226F,,,E:\\!!!chem\\Музгин В.Г. и др. 1981 ~Аналитическая химия ванадия.djvu,0,2000-01-01 01:00:00,2016-04-03 02:51:08,,,
5680830,Многостадийные синтезы (Методические указания для лабораторного практикума по органической химии),,,,"Петрова Р.А., Потапова Т.И",1985,,,,20,0,Russian,Химия//Органическая химия,Якова Кротова б-ка,,,,,,,,,,,,,0,,,,,,,,833342,djvu,DBF396FD4E401B74E17F0B6112E5DF75,,,"E:\\!!!chem\\Петрова Р.А., Потапова Т.И 1985 Многостадийные синтезы (Методические указания для лабораторного практикума по органической химии).djvu",0,2000-01-01 01:00:00,2016-04-03 02:51:08,,,
5680827,Растворитель как средство управления процессом в жидкостной хроматографии,,,,Рудаков О.Б. ,2003,,РИЦ ВГУ,,300,0,Russian,Бизнес//менеджмент,Якова Кротова б-ка,,,,,,,,,,,,,0,,,,,,,,1092900,djvu,D4B8EAA707D1BD70B100E7AE14815E3F,,,"E:\\!!!chem\\Рудаков О.Б. ~Растворитель как средство управления процессом в жидкостной хроматографии -  издательство- РИЦ ВГУ, 2003 г.djvu",0,2000-01-01 01:00:00,2016-04-03 02:51:08,,,
5680828,Химия пиррола,том 1,,,Фишер Г.,1937,,,,240,0,Russian,Химия,Якова Кротова б-ка,,,,,,,,,,,,,0,,,,,,,,7653902,djvu,D77F8EEDCA1EE0EB5DE0492996B41665,,,E:\\!!!chem\\Фишер Г. 1937 Химия пиррола. Т.djvu,0,2000-01-01 01:00:00,2016-04-03 02:51:08,,,
5680826,Практикум по органической химии (Качественные микрохимические реакции),,,,Рево А.Я. ,1971,,,,104,0,Russian,Химия//Органическая химия,Якова Кротова б-ка,,,,,,,,,,,,,0,,,,,,,,6637822,djvu,D44257A9EC427BF787D2625D2627FAA1,,,E:\\!!!chem\\Рево А.Я. 1971 ~Практикум по органической химии (Качественные микрохимические реакции).djvu,0,2000-01-01 01:00:00,2016-04-03 02:51:08,,,
5680823,Основы энзимологии,,,,Плакунов В.К. ,2001,,,,129,0,Russian,Химия,Якова Кротова б-ка,,,,,,,,,,,,,0,,,,,,,,930463,djvu,D1A53F68D541662C5B78DE2BCBC4E2B0,,,E:\\!!!chem\\Плакунов В.К. (2001) ~Основы энзимологии.djvu,0,2000-01-01 01:00:00,2016-04-03 02:51:08,,,
5680824,Неорганическая биохимия,Т 2,,,Эйхгорн Г.,1978,,,,737,0,Russian,Химия//Неорганическая химия,Якова Кротова б-ка,,,,,,,,,,,,,0,,,,,,,,11693201,djvu,D1BCBC75ACA677C87D9C94EF9965CD9E,,,E:\\!!!chem\\Эйхгорн Г. 1978 ~Неорганическая биохимия. Т.2.djvu,0,2000-01-01 01:00:00,2016-04-03 02:51:08,,,
5680825,Высокоэффективная жидкостная хроматография в биохимии,,,,"Хеншен А., Хупе К.-П., Лотшпайх Ф., Вельтер В. ",1988,,,,688,0,Russian,Химия,Якова Кротова б-ка,,,,,,,,,,,,,0,,,,,,,,6154881,djvu,D33558F0C494B4B9250BF047E6502B69,,,"E:\\!!!chem\\Хеншен А., Хупе К.-П., Лотшпайх Ф., Вельтер В. (1988) ~Высокоэффективная жидкостная хроматография в биохимии.djvu",0,2000-01-01 01:00:00,2016-04-03 02:51:08,,,
5680822,Синтезы гетероциклических соединений,вып. 10,,,Мнджоян,,,,,86,0,Russian,Химия,Якова Кротова б-ка,,,,,,,,,,,,,0,,,,,,,,533014,djvu,D19B44505C53582F2A2860220C7FEEC9,,,E:\\!!!chem\\Мнджоян - Синтезы гетероциклических соединений вып. 10 .djvu,0,2000-01-01 01:00:00,2016-04-03 02:51:08,,,
5680820,Гетероциклические соединения,Т. 2,,,Эльдерфиелд Р.,,,,,438,0,Russian,Химия,Якова Кротова б-ка,,,,,,,,,,,,,0,,,,,,,,3859904,djvu,CF79B32F6DA139D6AD43A4C7AA24CCE8,,,E:\\!!!chem\\Эльдерфиелд Р. 1953-1969~ Гетероциклические соединения. Т. 2.djvu,0,2000-01-01 01:00:00,2016-04-03 02:51:08,,,
5680821,Гетероциклические соединения,Т. 3,,,Эльдерфиелд Р.,,,,,359,0,Russian,Химия,Якова Кротова б-ка,,,,,,,,,,,,,0,,,,,,,,3158605,djvu,D136A46551888F01407EA3E5D14CE22B,,,E:\\!!!chem\\Эльдерфиелд Р. 1953-1969~ Гетероциклические соединения. Т. 3.djvu,0,2000-01-01 01:00:00,2016-04-03 02:51:08,,,
5680819,Электроосаждение металлов из органических растворителей,,,,"Тихонов К.И., Агафонова Н.И.",1979,,,,42,0,Russian,Техника//Металлургия,Якова Кротова б-ка,,,,,,,,,,,,,0,,,,,,,,826677,djvu,CD056D6096B38473B7AADBCA119173D2,,,"E:\\!!!chem\\Тихонов К.И., Агафонова Н.И.~ 1979 Электроосаждение металлов из органических растворителей.djvu",0,2000-01-01 01:00:00,2016-04-03 02:51:08,,,
5680818,"Методы синтеза гетероциклических соединений на основе 1,5-дикетонов и фурфурола",,,,Харченко В.Г.,1979,,,,32,0,Russian,Химия,Якова Кротова б-ка,,,,,,,,,,,,,0,,,,,,,,2801978,djvu,C81F5C3BD1C11E309EB5ABD99D0D4805,,,"E:\\!!!chem\\Харченко В.Г. (1979) ~Методы синтеза гетероциклических соединений на основе 1,5-дикетонов и фурфурола.djvu",0,2000-01-01 01:00:00,2016-04-03 02:51:08,,,
5680816,Химия N-винилпирролидона и его полимеров,,,,Сидельковская Ф.П. ,1970,,,,75,0,Russian,Химия,Якова Кротова б-ка,,,,,,,,,,,,,0,,,,,,,,1393726,djvu,C7D6F01A2F87F20D218482DEC554EA65,,,E:\\!!!chem\\Сидельковская Ф.П. 1970~ Химия N-винилпирролидона и его полимеров.djvu,0,2000-01-01 01:00:00,2016-04-03 02:51:08,,,
5680817,Спутник хроматографиста,,,,"Рудаков О.Б., Востров И.А., Федоров С.В., Филиппов А.А., Селеменев В.Ф., Приданцев А.А.",2004,,"Водолей,",,264,0,Russian,Химия,Якова Кротова б-ка,,,,,,,,,,,,,0,,,,,,,,8453583,djvu,C7FE1C9D274A456F2E9AF1013BEE8077,,,"E:\\!!!chem\\Рудаков О.Б., Востров И.А., Федоров С.В., Филиппов А.А., Селеменев В.Ф., Приданцев А.А.~Спутник хроматографиста издательство- Водолей, 2004 г.djvu",0,2000-01-01 01:00:00,2016-04-03 02:51:08,,,
5680813,Ионная хроматография,,,,"Фритц Дж., Гьерде Д., Попанд К.",1984,,,,219,0,Russian,Химия,Якова Кротова б-ка,,,,,,,,,,,,,0,,,,,,,,1538102,djvu,BBF7310FA1FBF1E648BA49A813EB110B,,,"E:\\!!!chem\\Фритц Дж., Гьерде Д., Попанд К. (1984)~ Ионная хроматография.djvu",0,2000-01-01 01:00:00,2016-04-03 02:51:08,,,
5680814,Вискозные волокна,,,,Серков А.Т. ,1981,,,,146,0,Russian,Химия,Якова Кротова б-ка,,,,,,,,,,,,,0,,,,,,,,2743410,djvu,C0328F1D6BE5507D85A615E90D91A9B2,,,E:\\!!!chem\\Серков А.Т. 1981~ Вискозные волокна.djvu,0,2000-01-01 01:00:00,2016-04-03 02:51:08,,,
5680815,Геология и аммониты юрских отложений Большого Балхана (Западный Туркменистан),,Бюллетень КФ ВНИГНИ №5,,"Безносов Н.В., Митта В.В.",2000,,ВНИГНИ,,122,0,Russian,Биология//Палеонтология,,0,,,,,,,,,,,,0,0,1,,,,,,25888232,pdf,C3D6DEA776EDF934EFD2F80E95702CF1,,,,0,2000-01-01 01:00:00,2016-04-03 02:51:08,,,
5680811,Синтезы органических соединений,Т. 2,,,"Несмеянов А.Н., Бобров П.А.",1950,,,,96,0,Russian,Химия//Органическая химия,Якова Кротова б-ка,,,,,,,,,,,,,0,,,,,,,,1463012,djvu,BA7D37CB483F7C27844B4561263AA639,,,"E:\\!!!chem\\Несмеянов А.Н., Бобров П.А.~Синтезы органических соединений. Т. 2~1950.djvu",0,2000-01-01 01:00:00,2016-04-03 02:51:08,,,
5680812,Все о пище с точки зрения химика,,,,Скурихин И.М. Нечаев А.П.,1991,,,,144,0,Russian,Химия,Якова Кротова б-ка,,,,,,,,,,,,,0,,,,,,,,2526004,djvu,BB1B15B47DABA0BD4C3D86AB2F6DE2E5,,,E:\\!!!chem\\Скурихин И.М. Нечаев А.П. 1991~Все о пище с точки зрения химика.djvu,0,2000-01-01 01:00:00,2016-04-03 02:51:08,,,
5680809,Синтезы органических соединений,Т. 1,,,"Несмеянов А.Н., Бобров П.А.",1950,,,,84,0,Russian,Химия//Органическая химия,Якова Кротова б-ка,,,,,,,,,,,,,0,,,,,,,,1480659,djvu,B893EC39610558C9125F8A565DDD2BAA,,,"E:\\!!!chem\\Несмеянов А.Н., Бобров П.А.~Синтезы органических соединений. Т. 1~1950.djvu",0,2000-01-01 01:00:00,2016-04-03 02:51:08,,,
5680810,Курс коллоидной химии. Поверхностные явления и дисперсные системы,,,,Фролов Ю.Г.,1989,,,,465,0,Russian,Химия,Якова Кротова б-ка,,,,,,,,,,,,,0,,,,,,,,4158652,djvu,B9714E9925A383F63075C2A778EA1F7D,,,E:\\!!!chem\\Фролов Ю.Г. 1989 ~Курс коллоидной химии. Поверхностные явления и дисперсные системы.djvu,0,2000-01-01 01:00:00,2016-04-03 02:51:08,,,
5680807,Фармацевтическая химия,,,,Халецкий А.М.,1966,,,,382,0,Russian,Химия,Якова Кротова б-ка,,,,,,,,,,,,,0,,,,,,,,11959820,djvu,B6E848AE4D067DFC71E8614ED9B8425C,,,E:\\!!!chem\\Халецкий А.М. 1966 ~Фармацевтическая химия.djvu,0,2000-01-01 01:00:00,2016-04-03 02:51:08,,,
5680808,Пены теория и практика их получения и разрушения,,,,Тихомиров,0,,,,132,0,Russian,Химия,Якова Кротова б-ка,0,,,,,,,,,,,,0,,,,,1,,,109784272,pdf,B7AF20EE3CD854F483CA3931A381228A,,,E:/!!!chem/пены теория и практика их получения и разрушения (тихомиров).pdf,0,2000-01-01 01:00:00,2016-04-03 02:51:08,,,
5680805,Рений и его соединения в гетерогенном катализе,,,,"Ряшенцева М.А., Миначев Х.М. ",1983,,,,126,0,Russian,Химия,Якова Кротова б-ка,,,,,,,,,,,,,0,,,,,,,,3921320,djvu,B4D22CC6D04F1E1ADE07298C0C01B91D,,,"E:\\!!!chem\\Ряшенцева М.А., Миначев Х.М. 1983~ Рений и его соединения в гетерогенном катализе.djvu",0,2000-01-01 01:00:00,2016-04-03 02:51:08,,,
5680806,Поликарбонаты,,,,"Смирнова О.В., Ерофеева С.Б.",1975,,,,145,0,Russian,Химия,Якова Кротова б-ка,,,,,,,,,,,,,0,,,,,,,,2125449,djvu,B52A7E3FD6C02A8499E373FC16EE8421,,,"E:\\!!!chem\\Смирнова О.В., Ерофеева С.Б.~ 1975 Поликарбонаты.djvu",0,2000-01-01 01:00:00,2016-04-03 02:51:08,,,
5680803,Курс коллоидной химии,,,,Фридрихсберг Д.А.,1984,,,,369,0,Russian,Химия,Якова Кротова б-ка,,,,,,,,,,,,,0,,,,,,,,3949157,djvu,B2249B0D23F937F2A078499EF528D035,,,E:\\!!!chem\\Фридрихсберг Д.А. 1984~ Курс коллоидной химии.djvu,0,2000-01-01 01:00:00,2016-04-03 02:51:08,,,
5680804,Рост кристаллов,,,,Козлова О.Г.,1967,,МГУ,Москва,239,0,Russian,Физика//Кристаллофизика,,0,,,,,,,,,,,,0,,,,,,,,6199488,djvu,B39106707C3DA9103325760A70036B30,,,,0,2000-01-01 01:00:00,2016-04-03 02:51:08,,,
5680801,"Atlas Peri-Tethys, Paleogeographical maps. Explanatory notes",,,,"Dercourt J., Gaetani M., Vrielynck B., Barrier E., Biju-Duval B., Brunet M.F., Cadet J.P., Crasquin S., Sandulescu M.",2000,,,,279,0,English,Биология//Палеонтология,,0,,,,,,,,,,,,0,0,1,,,,,,30554798,pdf,B0E50A29A1A9AB2FACFF0F05A5D926F1,,,,0,2000-01-01 01:00:00,2016-04-03 02:51:08,,,
5680802,Ферменты рестрикции и их применение,,,,Янулайтис А.А.,1989,,,,204,0,Russian,Биология//Биохимия//Ферментология,Якова Кротова б-ка,,,,,,,,,,,,,0,,,,,,,,1675321,djvu,B1FBDFD510D78462A60517A510174C07,,,E:\\!!!chem\\Янулайтис А.А. (1989) ~Ферменты рестрикции и их применение.djvu,0,2000-01-01 01:00:00,2016-04-03 02:51:08,,,
5680800,Практикум по биохимии,,,,"Северин С.Е., Соловьева Г.А.",1989,,,,508,0,Russian,Химия,Якова Кротова б-ка,,,,,,,,,,,,,0,,,,,,,,5372450,djvu,B084E4F565332B07C61337C0F684ADE6,,,"E:\\!!!chem\\Северин С.Е., Соловьева Г.А.~Практикум по биохимии~1989.djvu",0,2000-01-01 01:00:00,2016-04-03 02:51:08,,,
5680798,Спектроскопия ядерного магнитного резонанса высокого разрешения, Т. 2,,,"Эмсли Дж., Финей Дж., Сатклиф Л. ",1968,,,,468,0,Russian,Физика//Электричество и магнетизм,Якова Кротова б-ка,,,,,,,,,,,,,0,,,,,,,,4042222,djvu,AD8AF43ABA91ADA7A0C74E4ED64F9D74,,,"E:\\!!!chem\\Эмсли Дж., Финей Дж., Сатклиф Л. (1968) ~Спектроскопия ядерного магнитного резонанса высокого разрешения. Т. 2.djvu",0,2000-01-01 01:00:00,2016-04-03 02:51:08,,,
5680799,Атлас моллюсков и фораминифер  морских отложений верхней юры и неокома  Западно-Сибирской нефтегазоносной области. В двух томах. Том 1. Стратиграфический очерк. Моллюски,,,,"Вячкилева Н.П., Климова И.Г., Турбина А.С.",1990,,Недра,Москва,242,0,Russian,Биология//Палеонтология,,0,"5-247-02472-9,5-247-02087-1",,,564+563.12(084.4):551.762.3+551.763.1(571.1),28.1,,,,,OL1316429M,,0,0,1,,,,,T,19862936,pdf,AF589E088070A7E234ED3D3EBB1FBFCE,,,,0,2000-01-01 01:00:00,2016-04-03 02:51:08,,,
5680797,Химия элементоорганических соединений. Спецпрактикум,,,,"Нифантьев Э.Е., Завалишина А.И.",1980,,,,51,0,Russian,Химия//Органическая химия,Якова Кротова б-ка,,,,,,,,,,,,,0,,,,,,,,1986018,djvu,AA7B24AA27CBDA4CD4FC609865D784FA,,,"E:\\!!!chem\\Нифантьев Э.Е., Завалишина А.И.~ Химия элементоорганических соединений. Спецпрактикум~1980.djvu",0,2000-01-01 01:00:00,2016-04-03 02:51:08,,,
5680795,Методы очистки белков,,,,Скоупс Р.,1985,,,,358,0,Russian,Химия,Якова Кротова б-ка,0,,,,,,,,,,,,0,,,,,1,,,11148592,djvu,A95631D8BB58F07EF563A4F68D465F02,38868D430677C3DA5E25332501AFABEA,,E:/!!!chem/Скоупс Р. 1985  ~Методы очистки белков.djvu,0,2000-01-01 01:00:00,2016-04-03 02:51:08,,,
5680796,Синтезы и реакции фурановых веществ,,,,Пономарев А.А.,1960,,,,243,0,Russian,Химия,Якова Кротова б-ка,,,,,,,,,,,,,0,,,,,,,,2951424,djvu,A95CE5C3FC0AE1BAA577DFED3B483BAE,,,E:\\!!!chem\\Пономарев А.А. 1960 ~Синтезы и реакции фурановых веществ.djvu,0,2000-01-01 01:00:00,2016-04-03 02:51:08,,,
5680794,Химия аливатических и алициклических нитросоединений,,,,"Новиков С.С., Швехгеймер Г.А., Севостьянова В.В., Шляпочников В.А.",1974,,,,374,0,Russian,Химия,Якова Кротова б-ка,,,,,,,,,,,,,0,,,,,,,,3678326,djvu,A7D51FDA0AF4EA07E1558E49E7A05DF0,,,"E:\\!!!chem\\Новиков С.С., Швехгеймер Г.А., Севостьянова В.В., Шляпочников В.А.~Химия аливатических и алициклических нитросоединений~1974.djvu",0,2000-01-01 01:00:00,2016-04-03 02:51:08,,,
5680792,Фазовые равновесия в химической технологии,Т. 2,,,Уэйлес С.,1989,,,,360,0,Russian,Химия,Якова Кротова б-ка,,,,,,,,,,,,,0,,,,,,,,5216152,djvu,A59E2CF902D42E2476627B5C1EE3ABF5,,,E:\\!!!chem\\Уэйлес С. 1989 ~Фазовые равновесия в химической технологии. Т. 2.djvu,0,2000-01-01 01:00:00,2016-04-03 02:51:08,,,
5680793,Гетероциклические соединения,Т. 8,,,Эльдерфиелд Р.,1969,,,,364,0,Russian,Химия,Якова Кротова б-ка,,,,,,,,,,,,,0,,,,,,,,2560193,djvu,A772DD9717AE49B7FF627A1BF0DC5FBA,,,E:\\!!!chem\\Эльдерфиелд Р. 1953-1969~ Гетероциклические соединения. Т. 8.djvu,0,2000-01-01 01:00:00,2016-04-03 02:51:08,,,
5680790,Нейрохимия. Основы и принципы,,,,Хухо Ф. ,1990,,,,192,0,Russian,Химия,Якова Кротова б-ка,,,,,,,,,,,,,0,,,,,,,,9799027,djvu,A1A21C0120B830E74CE3ACCDC454F5A6,,,E:\\!!!chem\\Хухо Ф. 1990 ~Нейрохимия. Основы и принципы.djvu,0,2000-01-01 01:00:00,2016-04-03 02:51:08,,,
5680791,Фазовые равновесия в химической технологии,Т. 1,,,Уэйлес С. ,1989,,,,304,0,Russian,Химия,Якова Кротова б-ка,,,,,,,,,,,,,0,,,,,,,,4134784,djvu,A42960F7F4B5882CA28E9DF4E21BFD45,,,E:\\!!!chem\\Уэйлес С. 1989 ~Фазовые равновесия в химической технологии. Т. 1.djvu,0,2000-01-01 01:00:00,2016-04-03 02:51:08,,,
5680788,Электровыделение металлов из неводородных растворов,,,,"Фиалков Ю.Я., Грищенко В.Ф ",1985,,,,121,0,Russian,Физика,Якова Кротова б-ка,,,,,,,,,,,,,0,,,,,,,,2359755,djvu,9DD7AC57CB6D4B9764FF67AB9F3A52D1,,,"E:\\!!!chem\\Фиалков Ю.Я., Грищенко В.Ф 1985~Электровыделение металлов из неводородных растворов.djvu",0,2000-01-01 01:00:00,2016-04-03 02:51:08,,,
5680789,Хими отравлющих веществ,часть 1,,,Франке,1973,,Химия,,300,0,Russian,Химия,Якова Кротова б-ка,,,,,,,,,,,,,0,,,,,,,,4401733,djvu,A13910EFE9447A273798BFE4DB63CCA2,,,E:\\!!!chem\\Часть 1.djvu,0,2000-01-01 01:00:00,2016-04-03 02:51:08,,,
5680786,Синтезы гетероциклических соединений,вып. 16,,,Мнджоян,1987,,,,33,0,Russian,Химия,Якова Кротова б-ка,,,,,,,,,,,,,0,,,,,,,,403284,djvu,93179EE12B42CC9AA673A502D7EE26D2,,,E:\\!!!chem\\Мнджоян - Синтезы гетероциклических соединений вып. 16 1987.djvu,0,2000-01-01 01:00:00,2016-04-03 02:51:08,,,
5680787,Идентификация органических соединений,,,,"Шрайнер Р., Фьюзон Р., Кертин Д., Моррилл",1983,,,,50,0,Russian,Химия//Органическая химия,Якова Кротова б-ка,,,,,,,,,,,,,0,,,,,,,,1375466,djvu,94D4347A88EBEBB2150919A6E0A197AC,,,"E:\\!!!chem\\Шрайнер Р., Фьюзон Р., Кертин Д., Моррилл 1983 ~Идентификация органических соединений.djvu",0,2000-01-01 01:00:00,2016-04-03 02:51:08,,,
5680785,Производство химико-фармацевтических и техно-химических препаратов,,,,Швицер Ю. ,1934,,ОНТИ НКПТ,,245,0,Russian,Техника,Якова Кротова б-ка,,,,,,,,,,,,,0,,,,,,,,8154102,djvu,8FCB8BD72E0CECA1D26C85B536DB6D44,,,"E:\\!!!chem\\Швицер Ю. Производство химико-фармацевтических и техно-химических препаратов М.-Л. ОНТИ НКПТ, 1934.djvu",0,2000-01-01 01:00:00,2016-04-03 02:51:08,,,
5680783,Препаративные методы химии полимеров,,,,"Сёренсон У., Кемпбел",1963,,,,199,0,Russian,Химия,Якова Кротова б-ка,,,,,,,,,,,,,0,,,,,,,,4924754,djvu,8E92BF4E38C99ED08DAF928835472881,,,"E:\\!!!chem\\Сёренсон У., Кемпбел 1963~ Препаративные методы химии полимеров.djvu",0,2000-01-01 01:00:00,2016-04-03 02:51:08,,,
5680784,Молекулярные основы действия ферментов,,,,"Северин С.Е., Кочетов Г.А.",1985,,,,194,0,Russian,Биология//Биохимия//Ферментология,Якова Кротова б-ка,,,,,,,,,,,,,0,,,,,,,,4267997,djvu,8F30BAB1F0CD1DB1F2434C9EBE212AE8,,,"E:\\!!!chem\\Северин С.Е., Кочетов Г.А. (1985)~ Молекулярные основы действия ферментов.djvu",0,2000-01-01 01:00:00,2016-04-03 02:51:08,,,
5680781,Практикум по органическому синтезу,,,,Храмкина М.Н,1977,,,,160,0,Russian,Химия//Органическая химия,Якова Кротова б-ка,,,,,,,,,,,,,0,,,,,,,,2509756,djvu,89613B67F707C6214AFB8D63ACDE9F15,,,E:\\!!!chem\\Храмкина М.Н 1977~ Практикум по органическому синтезу.djvu,0,2000-01-01 01:00:00,2016-04-03 02:51:08,,,
5680782,Катализаторы и каталитические процессы,,,,Танабе К.,1993,,,,87,0,Russian,Химия,Якова Кротова б-ка,,,,,,,,,,,,,0,,,,,,,,1953316,djvu,8A0116C83587A88AAE661CB61585149E,,,E:\\!!!chem\\Танабе К. 1993 ~Катализаторы и каталитические процессы.djvu,0,2000-01-01 01:00:00,2016-04-03 02:51:08,,,
5680779,"Proceedings of the 2nd International Symposium Coleoid Cephalopods through time, Prague 26-29 September 2005",,,,"Marek J., Košťák M.",2006,,"CHARLES UNIVERSITY IN PRAGUE, THE KAROLINUM PRESS",,187,0,English,Образование//Международные конференции и симпозиумы,,0,,,,,,,,,,,,0,0,1,,,,,T,39956898,pdf,7D79BA0DA4464E7C4F48A0AAB6AE91A8,,,,0,2000-01-01 01:00:00,2016-04-03 02:51:08,,,
5680780,Синтезы органических препаратов пиридинового ряда,,,,"Садыков А.С., Отрощенко О.С., Курбатов Ю.В.",1974,,,,31,0,Russian,Химия//Органическая химия,Якова Кротова б-ка,,,,,,,,,,,,,0,,,,,,,,517654,djvu,88D205F337D6A720565C6985152D85DA,,,"E:\\!!!chem\\Садыков А.С., Отрощенко О.С., Курбатов Ю.В.~Синтезы органических препаратов пиридинового ряда~1974.djvu",0,2000-01-01 01:00:00,2016-04-03 02:51:08,,,
5680777,Химия витаминов,,,,Яхимович Р.И. ,1978,,,,248,0,Russian,Химия,Якова Кротова б-ка,,,,,,,,,,,,,0,,,,,,,,2484197,djvu,7C1D43319EB756B9477056DFE4267FFC,,,E:\\!!!chem\\Яхимович Р.И. 1978 Химия витаминов.djvu,0,2000-01-01 01:00:00,2016-04-03 02:51:08,,,
5680778,Биохимия,Т 1,,,Страйер Л.,1984,,,,232,0,Russian,Химия,Якова Кротова б-ка,,,,,,,,,,,,,0,,,,,,,,6783295,djvu,7C97E2E379D03E7E5322518D6A76EE66,,,E:\\!!!chem\\Страйер Л. 1984-1985 Биохимия. Т.djvu,0,2000-01-01 01:00:00,2016-04-03 02:51:08,,,
5680776,Химия ферроцена,,,,Несмеянов А.Н.,1969,,,,594,0,Russian,Химия,Якова Кротова б-ка,,,,,,,,,,,,,0,,,,,,,,15501117,djvu,7B797331C84E790EE39065B718935D5D,,,E:\\!!!chem\\Несмеянов А.Н. 1969 Химия ферроцена.djvu,0,2000-01-01 01:00:00,2016-04-03 02:51:08,,,
5680774,Свободные радикалы,,,,Прайер У.,1970,,,,338,0,Russian,Химия,Якова Кротова б-ка,,,,,,,,,,,,,0,,,,,,,,2299453,djvu,7B109F8638C361DB09A22E1FFB6CE36F,,,"E:\\!!!chem\\Прайер У., 1970 Свободные радикалы.djvu",0,2000-01-01 01:00:00,2016-04-03 02:51:08,,,
5680775,Гетероциклические соединения,Т. 6,,,Эльдерфиелд Р.,,,,,612,0,Russian,Химия,Якова Кротова б-ка,,,,,,,,,,,,,0,,,,,,,,5356051,djvu,7B1EADE2F16952042BDF430DD43E2806,,,E:\\!!!chem\\Эльдерфиелд Р. 1953-1969~ Гетероциклические соединения. Т. 6.djvu,0,2000-01-01 01:00:00,2016-04-03 02:51:08,,,
5680773,Атлас морфологии и анатомии гладиуса кальмаров,,,,Бизиков В.А.,1996,,ВНИРО,,246,0,Russian,Биология//Палеонтология,,0,5-85382-137-7,,,594.582.2/8,,,,,,OL772398M,,0,0,1,,,,,,18941261,pdf,79EF07DFCDD18C32081D5C4D2B0A461A,,,,0,2000-01-01 01:00:00,2016-04-03 02:51:08,,,
5680771,Углеродные волокна,,,,Симамура С. ,1987,,,,152,0,Russian,Химия,Якова Кротова б-ка,,,,,,,,,,,,,0,,,,,,,,2866620,djvu,75999A5D30BCCC6645C3C40BAF3AD4BE,,,E:\\!!!chem\\Симамура С. 1987 ~Углеродные волокна.djvu,0,2000-01-01 01:00:00,2016-04-03 02:51:08,,,
5680772,Органические соединения со связями азот-азот,,,,"Овербергер Ч.Дж., Анселм Ж-П., Ломбардино Дж.Г.",1979,,,,125,0,Russian,Химия//Органическая химия,Якова Кротова б-ка,,,,,,,,,,,,,0,,,,,,,,1411932,djvu,7751D165813683439B40A0861BE08F94,,,"E:\\!!!chem\\Овербергер Ч.Дж., Анселм Ж-П., Ломбардино Дж.Г.~ Органические соединения со связями азот-азот~1979.djvu",0,2000-01-01 01:00:00,2016-04-03 02:51:08,,,
5680770,Полимеры и сополимеры изобутелена. Фундаментальные проблемы и прикладные аспекты,,,,"Сангалов Ю.А., Минскер К.С.",2001,,,,384,0,Russian,Химия,Якова Кротова б-ка,,,,,,,,,,,,,0,,,,,,,,9191064,djvu,7573595B4DF1D8FE0F4025504659CF13,,,"E:\\!!!chem\\Сангалов Ю.А., Минскер К.С.~Полимеры и сополимеры изобутелена. Фундаментальные проблемы и прикладные аспекты~2001.djvu",0,2000-01-01 01:00:00,2016-04-03 02:51:08,,,
5680768,Рост и форма кристаллов,,,,Хонигман Б.,1961,,ИЛ,Москва,223,0,Russian,Физика//Кристаллофизика,,0,,,,,,,,,,,,0,,,,,,,T,8735630,djvu,746AA9DA32359A9F4EE1DFD6E4E83FC5,,,,0,2000-01-01 01:00:00,2016-04-03 02:51:08,,,
5680769,Проницаемость полимерных материалов,,,,Рейтлингер С.А. ,1974,,,,270,0,Russian,Химия,Якова Кротова б-ка,,,,,,,,,,,,,0,,,,,,,,1888117,djvu,74A71ED4F05362264EF8AC4AC3EAC59A,,,E:\\!!!chem\\Рейтлингер С.А. 1974 ~Проницаемость полимерных материалов.djvu,0,2000-01-01 01:00:00,2016-04-03 02:51:08,,,
5680766,Синтезы гетероциклических соединений,вып. 12,,,Мнджоян,,,,,37,0,Russian,Химия,Якова Кротова б-ка,,,,,,,,,,,,,0,,,,,,,,532768,djvu,71047492B906F5C235279B3D6C5F6396,,,E:\\!!!chem\\Мнджоян - Синтезы гетероциклических соединений вып. 12 .djvu,0,2000-01-01 01:00:00,2016-04-03 02:51:08,,,
5680767,Новые синтетические каучуки на основе этилена и альфа-олефинов,,,,Сеидов Н.М.,1981,,,,98,0,Russian,Химия,Якова Кротова б-ка,,,,,,,,,,,,,0,,,,,,,,2469980,djvu,7295419249263369A8CAE76C97DFDA2B,,,E:\\!!!chem\\Сеидов Н.М. 1981 ~Новые синтетические каучуки на основе этилена и альфа-олефинов.djvu,0,2000-01-01 01:00:00,2016-04-03 02:51:08,,,
5680765,Краун-соединения. Свойства и применения,,,,Хираока М.,1986,,,,182,0,Russian,Химия,Якова Кротова б-ка,,,,,,,,,,,,,0,,,,,,,,3086846,djvu,709821FAF8B2B03169E85D3ECD18A98B,,,"E:\\!!!chem\\Хираока М., 1986~ Краун-соединения. Свойства и применения.djvu",0,2000-01-01 01:00:00,2016-04-03 02:51:08,,,
5680763,Синтезы гетероциклических соединений,вып. 15,,,Мнджоян,1985,,,,36,0,Russian,Химия,Якова Кротова б-ка,,,,,,,,,,,,,0,,,,,,,,426255,djvu,6E1A28B9D0D28A4B0341C65300F96055,,,E:\\!!!chem\\Мнджоян - Синтезы гетероциклических соединений вып. 15 1985.djvu,0,2000-01-01 01:00:00,2016-04-03 02:51:08,,,
5680764,Свободные иминоксильные радикалы,,,,Розанцев Э.Г.,1970,,,,112,0,Russian,Химия,Якова Кротова б-ка,,,,,,,,,,,,,0,,,,,,,,2332443,djvu,6EDB0677D54770B37306B43924AED2B1,,,E:\\!!!chem\\Розанцев Э.Г. 1970~ Свободные иминоксильные радикалы.djvu,0,2000-01-01 01:00:00,2016-04-03 02:51:08,,,
5680761,,,,Соросовский образовательный журнал. Химия ацетилена. Темкин О.Н.,Темкин О.Н,0,,,,10,0,Russian,Химия,Якова Кротова б-ка,0,,,,,,,,,,,,0,,,,,1,,,162546,pdf,69583065FA30AD829B9861AD60EA0B73,,no,E:/!!!chem/химия ацетилена.pdf,0,2000-01-01 01:00:00,2016-04-03 02:51:08,,,
5680762,Основы биохимии,,,,Филиппович Ю.Б.,1999,,,,519,0,Russian,Химия,Якова Кротова б-ка,,,,,,,,,,,,,0,,,,,,,,17767089,djvu,6BECB6D2FDFD30E56D76D0739C5C9FE8,,,E:\\!!!chem\\Филиппович Ю.Б. 1999 ~Основы биохимии.djvu,0,2000-01-01 01:00:00,2016-04-03 02:51:08,,,
5680760,Гетероциклические соединения,Т. 4,,,Эльдерфиелд Р.,,,,,539,0,Russian,Химия,Якова Кротова б-ка,,,,,,,,,,,,,0,,,,,,,,5234470,djvu,69504454C0F7BF4386DBD810A5F124D4,,,E:\\!!!chem\\Эльдерфиелд Р. 1953-1969~ Гетероциклические соединения. Т. 4.djvu,0,2000-01-01 01:00:00,2016-04-03 02:51:08,,,
5680758,Гетероциклические соединения,Т. 5,,,Эльдерфиелд Р.,,,,,602,0,Russian,Химия,Якова Кротова б-ка,,,,,,,,,,,,,0,,,,,,,,5387192,djvu,606F2BC5A9716F881020FA074561C002,,,E:\\!!!chem\\Эльдерфиелд Р. 1953-1969~ Гетероциклические соединения. Т. 5.djvu,0,2000-01-01 01:00:00,2016-04-03 02:51:08,,,
5680759,Биотехнология малотонажного производства микробного протеина,,,,"Стахеев И.В., Коломиец Э.И., Здор Н.А. ",1991,,,,264,0,Russian,Техника,Якова Кротова б-ка,,,,,,,,,,,,,0,,,,,,,,1953822,djvu,6411A144CBDBB1F2A28EE12FFD5101B6,,,"E:\\!!!chem\\Стахеев И.В., Коломиец Э.И., Здор Н.А. (1991) ~Биотехнология малотонажного производства микробного протеина.djvu",0,2000-01-01 01:00:00,2016-04-03 02:51:08,,,
5680757,Тоарские аммониты (Dactylioceratidae) севера Сибири,,"Труды института геологии и геофизики, вып. 40",,Дагис А.А.,1968,,Наука,Москва,123,0,Russian,Биология//Палеонтология,,0,,,,564.53(571.5) (571.1),,,,,,,,0,0,1,,,,,,11308405,pdf,5F922B3B2491278C1D7241EB7A394397,,,,0,2000-01-01 01:00:00,2016-04-03 02:51:08,,,
5680756,Principles of Physical Cosmology,,,,Phillip James Edwin Peebles,1993,,Princeton University Press,,732,0,English,Физика//Астрономия//Астрофизика,,,"9780691019338,0-691-01933-9",,,,,523.1,QB981 .P424 1993,,,OL1729058M,,0,,,,,,,,29752395,pdf,59B645867DD9BEDB6E0C05EF61FA4C2A,,,"G:\\!upload\\!add\\!\\Peebles, P.J.E. -Principles of Physical Cosmology (Princeton, 1993)--.pdf",0,2000-01-01 01:00:00,2016-04-03 02:51:08,239000/59b645867dd9bedb6e0c05ef61fa4c2a-d.jpg,,
5680755,"The Jackknife, the Bootstrap, and Other Resampling Plans",,CBMS-NSF Regional Conference Series in Applied Mathematics,,Bradley Efron,1987,,Society for Industrial  Mathematics,,103,0,English,Техника//Военная техника//Оружие,,,"9780898711790,0898711797",,,,,519.5/44,QA276.8 .E375 1982,,,OL3795074M,,0,,,,,1,,,9173133,pdf,59838A5D836B68D9333BA993DB9AA4BC,,,"G:\\!upload\\!add\\!\\The Jackknife, the Bootstrap, and Other Resampling Plans (CBMS-NSF Regional Conference Series in Applied Mathematics) (Bradley Efron) 0898711797.pdf",0,2000-01-01 01:00:00,2016-04-03 02:51:08,239000/59838a5d836b68d9333ba993db9aa4bc-d.jpg,,
5680753,Энциклопедический словарь Брокгауза и Ефрона.,т.26,,,,1899,,,,500,0,Russian,Языкознание//Словари,homelab,189-199,,,,,,,,,,,,0,,,,,,,,8910347,djvu,59433116930C72E23A5433B0EDDB16F5,,,D:\\homelab\\Энциклопедический словарь Брокгауза и Ефрона. т.26 1899.djvu,0,2000-01-01 01:00:00,2016-04-03 02:51:08,,,
5680754,"This Book Needs No Title: Paradoxes, Labyrinths and Conundrums",,Touchstone Books,,Raymond Smullyan,1986,,Touchstone,,194,0,English,Математика//Элементарный уровень,,,"0671628313,9780671628314,0139190279,9780139190278,013919035X,9780139190353",,,,,793.73,PN6361 .S6 1986,,,OL2724094M,,600,,,,0,1,,1,3084676,djvu,5982237BC996017EE3E48F8BE92D6F57,,,G:\\!upload\\!add\\!isbns\\Smullyan_R._This_Book_Needs_No_Title_(Prentice-Hall_1980)(ISBN_0139190279)(600dpi)(T)(191s).djvu,0,2000-01-01 01:00:00,2016-04-03 02:51:08,239000/5982237bc996017ee3e48f8be92d6f57-d.jpg,,
5680752,Ферроцен и родственные соединения,,,,Несмеянов А.Н.,1982,,,,442,0,Russian,Химия,Якова Кротова б-ка,,,,,,,,,,,,,0,,,,,,,,15074905,djvu,593D3179288193211ACBAF75AC42A203,,,E:\\!!!chem\\Несмеянов А.Н. 1982 ~Ферроцен и родственные соединения.djvu,0,2000-01-01 01:00:00,2016-04-03 02:51:08,,,
5680750,"Prions: A Challenge for Science, Medicine and Public Health System",,"Contributions to Microbiology, Vol. 7",,"Holger F. Rabenau, Jindrich Cinatl, Hans Wilhelm Doerr",2001,,S. Karger AG (Switzerland),,173,0,English,Медицина,,,"9783805571241,3805571240",,,,,,,,,OL9619307M,,0,,,,,,,T,1378873,pdf,5914A7E27CD299B941D970130EF64723,,,G:\\!upload\\!add\\bi\\rabenau2001_prions.pdf,0,2000-01-01 01:00:00,2016-04-03 02:51:08,239000/5914a7e27cd299b941d970130ef64723-d.jpg,,
5680751,Cladistic Biogeography: Interpreting Patterns of Plant and Animal Distributions,,Oxford Biogeography Series,,Christopher J. Humphries,1999,2,"Oxford University Press, USA",,200,0,English,География,,,0-19-854818-4,,,,,578/.01/2,QH83 .H86 1999,,,OL384728M,,0,,,,,,,,8945477,pdf,592E2438ACCCD2C41946FB90A55F9995,,,G:\\!upload\\!add\\bi\\humphries1999_cladistic_biogeography.pdf,0,2000-01-01 01:00:00,2016-04-03 02:51:08,239000/592e2438acccd2c41946fb90a55f9995-d.jpg,,
5680748,Цепные псы церкви. Инквизиция на службе Ватикана,,,,Бейджент Р.,2006,,,,162,0,Russian,Религия,homelab,189-199,5-699-14845-0,,,,,,,,,,,0,,,,,,,,8971235,pdf,58EB3F6DAE2326EF9129C2F076232052,,,D:\\homelab\\Бейджент Р. Цепные псы церкви. Инквизиция на службе Ватикана 2006.pdf,0,2000-01-01 01:00:00,2016-04-03 02:51:08,,,
5680749,Statistically Speaking: A Dictionary of Quotations,,,,"C.C. Gaither, Alma E Cavazos-Gaither",1996,1,Taylor & Francis,,429,0,English,Языкознание//Словари,,,"9780750304016,0-7503-0401-4",,,,,519.5,QA273 .S742 1996,,,OL1004458M,,0,,,,,,,T,16768058,pdf,58F387504C1C296A1F2CD468B5DF2ECF,,,G:\\!upload\\!add\\st\\gaither1996_dict_stat_quotations.pdf,0,2000-01-01 01:00:00,2016-04-03 02:51:08,239000/58f387504c1c296a1f2cd468b5df2ecf-d.jpg,,
5680747,A Physicist's Guide to Mathematica,,,,Patrick T. Tam,1997,1st,Academic Press,,526,0,English,Математика,,,"9780126831900,0126831904",,,,,530/.0285/53,QC20.7.E4,,,OL22516979M,,0,,,,,,,,6240997,djvu,58D44DDF3CACECBD83AD9B50C7938A66,,,G:\\!upload\\!add\\!isbns\\TAM P.T. - A physicists guide to mathematica - AP 1997 - ISBN 0126831904.djvu,0,2000-01-01 01:00:00,2016-04-03 02:51:08,239000/58d44ddf3cacecbd83ad9b50c7938a66-d.jpg,,
5680746,Group Theory in Physics,,,,Wu-Ki Tung,1985,,World Scientific Publishing Company,,364,0,English,Физика,,,"9789971966560,9971-966-56-5",,,,,530.1/5222,QC174.17.G7 T86 1985,,,OL3023082M,,0,,,,,,,T,3169070,djvu,58CD1D94CC6AF00BD67A6D8FD48B89DC,,,"G:\\!upload\\!add\\!isbns\\Tung, Wu-Ki - Group Theory in Physics (World Scientific 1st ed. 1985)(364p)(1).djvu",0,2000-01-01 01:00:00,2016-04-03 02:51:08,239000/58cd1d94cc6af00bd67a6d8fd48b89dc-d.jpg,,
5680744,Большая историческая энциклопедия.,т.2 ,,,Жуков Е.,1962,,Советская энциклопедия,,517,0,Russian,История,homelab,189-199,,,,,,,,,,,,0,,,,,,,,18673817,djvu,58C598B255DE6A580B65B522D1FEAB01,,,D:\\homelab\\Много авт. Большая историческая энциклопедия. т.2 (1962) .djvu,0,2000-01-01 01:00:00,2016-04-03 02:51:08,,,
5680745,Большая историческая энциклопедия.,т.15 ,,,Жуков Е.,1974,,Советская энциклопедия,,510,0,Russian,История,homelab,189-199,,,,,,,,,,,,0,,,,,,,,16529472,djvu,58C657A6D92C1FFD239F6E9B5132116A,,,D:\\homelab\\Много авт. Большая историческая энциклопедия. т.15 (1974) .djvu,0,2000-01-01 01:00:00,2016-04-03 02:51:08,,,
5680743,DNA Viruses: Methods and Protocols,,Methods in Molecular Biology 292,,Paul M. Lieberman,2004,1,Humana Press,,497,0,English,Биология//Генетика,,,"9781588293534,1-58829-353-X",,,,,,,,,OL17151395M,,0,,,,,,,,7192296,pdf,58B6D16B2F3F42834F0D038CD3848315,,,"G:\\!upload\\!add\\!\\Humana Press, volume 292, Methods in Molecular Biology- DNA Viruses.pdf",0,2000-01-01 01:00:00,2016-04-03 02:51:08,239000/58b6d16b2f3f42834f0d038cd3848315-d.jpg,,
5680741,Хими отравлющих веществ,часть 2,,,Франке,1973,,Химия,,130,0,Russian,Химия,Якова Кротова б-ка,,,,,,,,,,,,,0,,,,,,,,1879333,djvu,587F6D47DF60EB91DF009AA7CF9E6711,,,E:\\!!!chem\\Часть 2.djvu,0,2000-01-01 01:00:00,2016-04-03 02:51:08,,,
5680742,Flash MX 2004 Games: Art to ActionScript,,,,Nik Lever,2004,,Focal Press,,441,0,English,Компьютеры//Мультимедиа,,,"9780240519630,0-240-51963-9",,,,,,,,,OL9485220M,,0,,,,,,,T,11156582,pdf,588CFCF9E5602A85F489D0F6A92BD9E3,,,G:\\!upload\\!add\\!\\Focal Press - Flash Mx 2004 Games - Art To Actionscript - 2004 - (By Laxxuss).pdf,0,2000-01-01 01:00:00,2016-04-03 02:51:08,239000/588cfcf9e5602a85f489d0f6a92bd9e3-d.jpg,,
5680740,Go It Alone!: The Secret to Building a Successful Business on Your Own,,,,Bruce Judson,2004,,HarperBusiness,,242,0,English,Бизнес,,,"9780060731137,0-06-073113-3",,,,,658.1/141,HD62.5 .J83 2004,,,OL18176761M,,0,,,,,,,T,1622857,pdf,587944D2B7E56B77E36443474E62499A,,,G:\\!upload\\!add\\!\\Harper-Collins - Go It Alone - The Secret To Building A Successful Business On Your Own.pdf,0,2000-01-01 01:00:00,2016-04-03 02:51:08,239000/587944d2b7e56b77e36443474e62499a-d.jpg,,
5680737,Paracelsus: An Introduction to Philosophical Medicine in the Era of the Renaissance,,,,Walter Pagel,1984,2 Revised,S Karger Pub,,207,0,English,Общественные науки прочие//Философия,,,"9783805535182,380553518X",,,,,610/.92/4,R147.P2,,,OL21868047M,,300,,,,0,1,,0,4351109,djvu,580D89D6E5AF1DE0A38E684E56B80861,,,G:\\!upload\\!add\\bi\\pagel1982_paracelsus.djvu,0,2000-01-01 01:00:00,2016-04-03 02:51:08,,,
5680738,Statistics in a Nutshell: A Desktop Quick Reference,,In a Nutshell,,"Sarah Boslaugh, Paul Andrew Watters",2008,,O'Reilly Media,,478,0,English,Образование,,,"0596510497,978-0-596-51049-7",,,,,,,,,,,0,,,,,,,T,2564824,pdf,581FE9B76E3D083083BA31EC97FABCA1,,,G:\\!upload\\!add\\st\\boslaugh2008_stat_nutshell.pdf,0,2000-01-01 01:00:00,2016-04-03 02:51:08,239000/581fe9b76e3d083083ba31ec97fabca1-d.jpg,,
5680739,Complex Analysis through Examples and Exercises,,Texts in the Mathematical Sciences,,E. Pap,1999,1,Kluwer,,342,0,English,Математика//Анализ,,,"9780792357872,0-7923-5787-6",,,,,515/.9,QA331.7 .P364 1999,,,OL33069M,,0,,,,,,,,2573274,djvu,5845A3FFB4E56D8F8BC305B3C6A7A0F2,,,G:\\!upload\\!add\\!\\Pap E - Complex Analysis Through Examples And Exercises (Kluwer 1999).djvu,0,2000-01-01 01:00:00,2016-04-03 02:51:08,239000/5845a3ffb4e56d8f8bc305b3c6a7a0f2-d.jpg,,
5680735,Introduction to Differentiable Manifolds,,,,Serge Lang,2002,2,Springer,,263,0,English,Математика,,,"9780387954776,0-387-95477-5",,,,,516.3/6,QA649 .L3 2002,,,OL3559184M,,0,,,,,,,T,1355199,pdf,57F20271D73885C264F697112BCEF116,,,G:\\!upload\\!add\\!\\Springer - Universitext - Introduction to Differentiable Manifolds 2ed_Serge Lang (2002 263s).pdf,0,2000-01-01 01:00:00,2016-04-03 02:51:08,239000/57f20271d73885c264f697112bcef116-d.jpg,,
5680736,Надежность материала в прочностных расчетах.,,,,Иванов Г.П. и др.,2002,,,,45,0,Russian,Техника//Надежность и безопасность,homelab,189-199,,,,,,,,,,,,0,,,,,,,,11856582,pdf,57F75C8307AAD501D6E29A8E32AA85DC,,,D:\\homelab\\Иванов Г.П. и др. Надежность материала в прочностных расчетах. 2002.pdf,0,2000-01-01 01:00:00,2016-04-03 02:51:08,,,
5680734,Film Directing Fundamentals: See Your Film Before Shooting,,,,Nicholas Proferes,2004,2,Focal Press,,286,0,English,Техника,,,"9780240805627,0240805623",,,,,791.4302/33,PN1995.9.P7 P758 2005,,,OL23240947M,,0,,,,,,,T,6068327,pdf,57C4DC421968D5E78BEBE618ADBEC2B8,,,"G:\\!upload\\!add\\!\\(CINEMA TEXTS) PROFERES, Nicholas T. - Film Directing Fundamentals [2005.Engl.(Focal Press)].pdf",0,2000-01-01 01:00:00,2016-04-03 02:51:08,239000/57c4dc421968d5e78bebe618adbec2b8-d.jpg,,
5680732,Жидкие ракетные топлива.,,,,"Зрелов В.Н., Серегин Е.П.",1975,,,,321,0,Russian,Техника//Ракетная техника,homelab,189-199,,,,,,,,,,,,0,,,,,,,,35067046,pdf,5780ED2BF7871C4616ABDD23617BC334,,,"D:\\homelab\\Зрелов В.Н., Серегин Е.П. Жидкие ракетные топлива. 1975.pdf",0,2000-01-01 01:00:00,2016-04-03 02:51:08,,,
5680733,Проектирование микропроцессорных средств обработки нечеткой информации,,,,"Мелихов А.Н., Баронец В.Д.",1990,,,,61,0,Russian,Техника//Электроника//Микропроцессорная техника,homelab,189-199,,,,,,,,,,,,0,,,,,,,,1025516,djvu,579986BA59B18397FF2C17DBD29E9597,,,"D:\\homelab\\Мелихов А.Н., Баронец В.Д. Проектирование микропроцессорных средств обработки нечеткой информации 1990.djvu",0,2000-01-01 01:00:00,2016-04-03 02:51:08,,,
5680730,Био-органическая химия,,,,Овчинников Ю.А.,1987,,,,816,0,Russian,Химия//Органическая химия,Якова Кротова б-ка,,,,,,,,,,,,,0,,,,,,,,11657380,djvu,57702F48216F37BEB9A1CAF73069E1E9,,,E:\\!!!chem\\Овчинников Ю.А. 1987 ~Био-органическая химия.djvu,0,2000-01-01 01:00:00,2016-04-03 02:51:08,,,
5680731,Flora iberica: Plantas vasculares de la Peninsula Iberica e Islas Baleares,vol 6,,,,1986,,"Real Jardin Botanico, C.S.I.C",,644,0,Spanish,Биология//Растения//Ботаника,,,"9788400062217,84-00-06221-3",,,,,581.946,QK328 .F56 1986,,,OL22110814M,,0,,,,,,,T,9385680,pdf,577DF8986E837EE46C89FC18C9E3C123,,,G:\\!upload\\!add\\bi\\flora_iberica_6.pdf,0,2000-01-01 01:00:00,2016-04-03 02:51:08,,,
5680728,Automatic and Concealable Firearms Design Book,vol 3,,,Gunsmithing,1982,,Paladin Pr,,57,0,English,Техника//Военная техника//Оружие,,,"9780873642248,0-87364-224-4",,,,,,,,,OL11117178M,,0,,,,,,,,31218678,pdf,56F0554FD76032CCF4EF766DA9DA80F9,,,G:\\!upload\\!add\\!\\Automatic And Concealed Weapons Vol 3 Paladin Press.pdf,0,2000-01-01 01:00:00,2016-04-03 02:51:08,,,
5680729,Dictionary Of Video And Television Technology,,Demystifying Technology Series,,"Keith Jack, Vladimir Tsatsoulin",2002,Book & CD Rom,Newnes,,337,0,English,Языкознание//Словари,,,"9781878707994,1-878707-99-X",,,,,,,,,OL3561221M,,0,,,,,,,T,1738105,pdf,576250E8ADB4412BF57E12194D7AC2B1,,,G:\\!upload\\!add\\!\\Newnes - Dictionary Of Video And Television Technology -.pdf,0,2000-01-01 01:00:00,2016-04-03 02:51:08,239000/576250e8adb4412bf57e12194d7ac2b1-d.jpg,,
5680727,Teach Yourself Beginner's Chinese Script,,Teach Yourself Beginner's Script Series,,"Elizabeth Scurfield, Song Lianyi",2003,,McGraw-Hill Companies,,102,0,Chinese,Образование,,,"0340860170,9780340860175",,,,,,,,,,,0,,,,,1,,,3304011,djvu,56EBF06150519559F0279203E44BFDFD,,,G:\\!upload\\!add\\mi\\ling\\scurfield2003_teach_yourself_beginners_chinese_script.djvu,0,2000-01-01 01:00:00,2016-04-03 02:51:08,239000/56ebf06150519559f0279203e44bfdfd-d.jpg,,
5680725,Restful Web Services,,,,"Leonard Richardson, Sam Ruby, David Heinemeier Hansson",2007,1,O'Reilly Media,,440,0,English,Компьютеры//Сети//Интернет,,,"0596529260,9780596529260",,,,,,,,,OL7581510M,,0,,,,,,,T,3223551,pdf,569428A49F833A9EE3F50D0C010AB4C0,,,G:\\!upload\\!add\\!\\richardson2007_restful.pdf,0,2000-01-01 01:00:00,2016-04-03 02:51:08,239000/569428a49f833a9ee3f50d0c010ab4c0-d.jpg,,
5680726,"Quo Vadis, Graph Theory?: A Source Book for Challenges and Directions",,Annals of Discrete Mathematics 55,,"John Gimbel, John W. Kennedy, Louis V. Quintas",1993,,North-Holland,,550,0,English,Математика//Теория графов,,,"9780444894410,0444894411",,,,,511/.5,QA166 .Q6 1993,,,OL1401464M,,0,,,,,,,,4907302,djvu,56DE9CC75F4094DCEA86E85848CB4BEB,,,"G:\\!upload\\!add\\!isbns\\[ADM 056] - Mahadev N.V.R.,Peled U.N. - Threshold graphs and related topics - NH 1995 - ISBN 0444892877.djvu",0,2000-01-01 01:00:00,2016-04-03 02:51:08,239000/56de9cc75f4094dcea86e85848cb4beb-d.jpg,,
5680724,Applying Knowledge Management: Techniques for Building Corporate Memories,,The Morgan Kaufmann Series in Artificial Intelligence,,Ian Watson,2003,1,Morgan Kaufmann,,277,0,English,Бизнес//менеджмент,,,"9781558607606,1-55860-760-9",,,,,,,,,OL8606578M,,0,,,,,,,T,3184092,pdf,567FFBD7CDE9A5EB5FD2EA2B410818DB,,,G:\\!upload\\!add\\!\\Morgan Kaufmann - Applying Knowledge Management - Techniques For Building Corporate Memories - 2003 - (By Laxxuss).pdf,0,2000-01-01 01:00:00,2016-04-03 02:51:08,239000/567ffbd7cde9a5eb5fd2ea2b410818db-d.jpg,,
5680722,Введение в физико-химию растворов полимеров.,,,,Рафиков С.Р. и др.,1978,,,,166,0,Russian,Физика,homelab,189-199,,,,,,,,,,,,0,,,,,,,,29045599,pdf,5628F29E10BE10D5AC62516D1A1B874E,,,D:\\homelab\\Рафиков С.Р. и др. Введение в физико-химию растворов полимеров. 1978.pdf,0,2000-01-01 01:00:00,2016-04-03 02:51:08,,,
5680723,Asymptotic Distribution Theory in Nonparametric Statistics,,Advanced lectures in mathematics,,M. Denker,1985,,Friedrich Vieweg & Sohn Verlag,,337,0,English,Математика//Математическая статистика,,,"9783528089054,3-528-08905-9",,,,,,,,,OL2609051M,,0,,,,,,,T,2153373,djvu,562FE501D3B3CD12942EF6CA538CBCD9,,,"G:\\!upload\\!add\\!isbns\\Weizsacker, Winkler Stochastic Integrals (Vieweg, 1990).djvu",0,2000-01-01 01:00:00,2016-04-03 02:51:08,,,
5680721,Персональный компьютер в радиолюбительской практике,,,,Тяпичев Г.А.,2006,,,,400,0,Russian,Техника//Электроника//Радио,homelab,189-199,,,,,,,,,,,,0,,,,,,,,8425967,djvu,560682F53FED376FFCF3989A5D4FA59D,,,D:\\homelab\\Тяпичев Г.А. Персональный компьютер в радиолюбительской практике 2006.djvu,0,2000-01-01 01:00:00,2016-04-03 02:51:08,,,
5680719,Вероятностные механизмы нервной деятельности,,,,"Коган А.Б., Чораян О.Г.",1980,,,,176,0,Russian,Математика//Вероятность,homelab,189-199,,,,,,,,,,,,0,,,,,,,,3581197,djvu,55BBEBFD1E9C14B5BF73713A4A6610B2,,,"D:\\homelab\\Коган А.Б., Чораян О.Г. Вероятностные механизмы нервной деятельности 1980.djvu",0,2000-01-01 01:00:00,2016-04-03 02:51:08,,,
5680720,Object-Oriented Construction Handbook: Developing Application-Oriented Software with the Tools & Materials Approach,,,,Heinz ZÃ¼llighoven,2004,1,Morgan Kaufmann,,545,0,English,,,,"9781558606876,1-55860-687-4",,,,,005.117,QA76.64 .Z85 2005,,,OL3433658M,,0,,,,,,,,6296529,pdf,55CD6A5B75FF31BD9F5F82B7D40D7761,,,G:\\!upload\\!add\\!\\Morgan Kaufmann - Object-Oriented Construction Handbook - Developing Application-Oriented Software with the Tools & Materials Approach - 2005.pdf,0,2000-01-01 01:00:00,2016-04-03 02:51:08,239000/55cd6a5b75ff31bd9f5f82b7d40d7761-d.jpg,,
5680717,Density Estimation for Statistics and Data Analysis,,Chapman & Hall/CRC Monographs on Statistics & Applied Probability,,Bernard. W. Silverman,1998,,Chapman and Hall/CRC,,92,0,English,Математика//Математическая статистика,,,"9780412246203,0-412-24620-1",,,,,519.5/44,QA276.8 .S555 1986,,,OL2540101M,,0,,,,,,,,5295753,pdf,557A83158B74D9F496D6EC6F8C09497B,,,G:\\!upload\\!add\\!\\1998_Silverman_Density Estimation for Statistics and Data Analysis_Chapman & Hall.pdf,0,2000-01-01 01:00:00,2016-04-03 02:51:08,239000/557a83158b74d9f496d6ec6f8c09497b-d.jpg,,
5680718,Oracle Performance Tuning for 10gR2,,,,Powell G.,2006,2,,,955,0,English,Компьютеры//Базы данных,,,,,,,,,,,,,,0,,,,,,,,5642195,djvu,5585F8F90DF20719C279F6640BC516D6,,,G:\\!upload\\!add\\Oracle\\DJVU\\Powell G. - Oracle Performance Tuning for 10gR2(2006)(Second Edition)(960).djvu,0,2000-01-01 01:00:00,2016-04-03 02:51:08,,,
5680716,Asset Pricing:,,,,John H. Cochrane,2005,Revised,Princeton University Press,,463,0,English,Экономика,,,"9780691121376,0691121370",,,,,332.6,HG4636 .C56 2005,,,OL3306201M,,0,,,,,,,T,3169742,pdf,5569833BA6A69267B7137DE0AB770B4F,,,"G:\\!upload\\!add\\!isbns\\Princeton University Press, Asset Pricing [2001 Isbn0691121370].pdf",0,2000-01-01 01:00:00,2016-04-03 02:51:08,239000/5569833ba6a69267b7137de0ab770b4f-d.jpg,,
5680715,Теоретические и математические аспекты морфогенеза,,,,Преснов Е.В. (ред.),1987,,,,296,0,Russian,Математика//Прикладная математика,homelab,189-199,,,,,,,,,,,,0,,,,,1,,,5208020,djvu,55265AA879CDEFD59E8179A26157B816,,,D:/homelab/Преснов Е.В. ред Теоретические и математические аспекты морфогенеза 1987.djvu,0,2000-01-01 01:00:00,2016-04-03 02:51:08,,,
5680713,Физика. Колебания и волны. 11 кл.,,,,Мякишев Г.Я.,2002,,,,289,0,Russian,Физика//Механика//Колебания и волны,homelab,189-199,,,,,,,,,,,,0,,,,,,,,6080486,djvu,54D789C7831E06C4472C0904685C2F86,,,D:\\homelab\\Мякишев Г.Я. Физика. Колебания и волны. 11 кл. 2002.djvu,0,2000-01-01 01:00:00,2016-04-03 02:51:08,,,
5680714,Расчет элементов и моделирование схем энергетической и информационной электроники,,,,Клочков М.И.,2004,,,,143,0,Russian,Техника,homelab,189-199,,,,,,,,,,,,0,,,,,,,,1422760,pdf,5514541F0695517E871FFA00BB571E24,,,D:\\homelab\\Клочков М.И. Расчет элементов и моделирование шем энергетической и информационной электроники 2004.pdf,0,2000-01-01 01:00:00,2016-04-03 02:51:08,,,
5680711,"Seagrasses: Biology, Ecology and Conservation",,,,"Anthony W. D. Larkum, Robert J. Orth, Carlos Duarte",2006,,Springer,,690,0,English,Биология//Экология,,,"9781402029424,1-4020-2942-X",,,,,,,,,OL8371275M,,0,,,,,,,T,11729723,pdf,54BA9E688C120F28C72BF61CD85BFF0E,,,G:\\!upload\\!add\\bi\\larkum2006_seagrasses.pdf,0,2000-01-01 01:00:00,2016-04-03 02:51:08,239000/54ba9e688c120f28c72bf61cd85bff0e-d.jpg,,
5680712,The Biology of Terrestrial Molluscs,,,,G M Barker,2001,,CABI,,567,0,English,Биология,,,"9780851993188,0-85199-318-4",,,,,,,,,OL18168335M,,0,,,,,,,T,5303267,pdf,54CC0EB18B129FB17465038229BD934D,,,G:\\!upload\\!add\\bi\\biol_terr_moll2001.pdf,0,2000-01-01 01:00:00,2016-04-03 02:51:08,239000/54cc0eb18b129fb17465038229bd934d-d.jpg,,
5680710,Станочные приспособления. ,т.2 ,,,Вардашкин Б.Н. (ред),1984,,,,667,0,Russian,Техника//Промышленое оборудование и технологии,homelab,189-199,,,,,,,,,,,,0,,,,,,,,16023736,djvu,54B2575CB1C6EFDF24CB8EB4108B2780,,,D:\\homelab\\Вардашкин Б.Н. (ред)  Станочные приспособления.  т.2 (1984) .djvu,0,2000-01-01 01:00:00,2016-04-03 02:51:08,,,
5680708,"Advances in Statistical Methods for the Health Sciences: Applications to Cancer and AIDS Studies, Genome Sequence Analysis, and Survival Analysis",,Statistics for Industry and Technology,,"Jean-Louis Auget, N. Balakrishnan, Mounir Mesbah, Geert Molenberghs",2006,1,Birkhäuser Boston,,561,0,English,Медицина//Онкология,,,"9780817643683,0-8176-4368-0",,,,,,,,,OL8074838M,,0,,,,,,,T,6464456,pdf,54737E144A10D3EA79F9FEF7E69E9FB9,,,"G:\\!upload\\!add\\!\\Statistics For Industry And Technology--Advances In Statistical Methods For The Health Sciences - Auget, Balakrishnan, Mesbah (Birkhauser 2007).pdf",0,2000-01-01 01:00:00,2016-04-03 02:51:08,239000/54737e144a10d3ea79f9fef7e69e9fb9-d.jpg,,
5680709,Leonhard Euler,,,,"Emil A. Fellmann, E. Gautschi, Walter Gautschi",2007,1,Birkhäuser Basel,,186,0,English,Математика,,,"9783764375386,3-7643-7538-8",,,,,,,,,OL17580389M,,0,,,,,,,T,5683935,pdf,54AE58E7883F8DA82CAC26B1A1F49BA3,,,G:\\!upload\\!add\\!\\Fellmann E A - Leonhard Euler (Birkhauser 2007)(185s).pdf,0,2000-01-01 01:00:00,2016-04-03 02:51:08,239000/54ae58e7883f8da82cac26b1a1f49ba3-d.jpg,,
5680706,"Измерение, управление и регулирование с помощью PIC микроконтроллеров.",,,,Кохц Д.,2007,,,,148,0,Russian,Техника//Электроника//Микропроцессорная техника,homelab,189-199,,,,,,,,,,,,0,,,,,,,,18787967,pdf,542698F1E146A51050E9E3040508D291,,,"D:\\homelab\\Кохц Д. Измерение, управление и регулирование с помощью PIC микроконтроллеров. 2007.pdf",0,2000-01-01 01:00:00,2016-04-03 02:51:08,,,
5680707,Representation Theory: A First Course,,Graduate Texts in Mathematics / Readings in Mathematics,,"William Fulton, Joe Harris",1991,Corrected,Springer,,285,0,English,Математика//Алгебра,,,"9780387974958,0387974954",,,,,512/.2,QA171 .F85 1991,,,OL1866793M,,0,,,,,,,,6265544,djvu,54549D4E809D24603D4EA94EF448F696,,,"G:\\!upload\\!add\\!isbns\\Fulton W , Harris J - Representation Theory A First Course (Springer, 1991)(L)(T)(Isbn 0387974954)(.djv",0,2000-01-01 01:00:00,2016-04-03 02:51:08,239000/54549d4e809d24603d4ea94ef448f696-d.jpg,,
5680704,Основы технической электродинамики.,,,,"Малков Н.А., Барышев Г.А.",2003,,,,88,0,Russian,Техника,homelab,189-199,,,,,,,,,,,,0,,,,,,,,90164835,pdf,5409E1DA1F5A1FEE3E03B4B7766489ED,,,"D:\\homelab\\Малков Н.А., Барышев Г.А. Основы технической электродинамики. 2003.pdf",0,2000-01-01 01:00:00,2016-04-03 02:51:08,,,
5680705,Расчет динамики промышленных автоматических систем регулирования,,,,Ротач В.Я.,1973,,,,220,0,Russian,Техника,homelab,189-199,,,,,,,,,,,,0,,,,,,,,7313614,pdf,541B8FF2FDDE24E6C17CA512E06C8C9B,,,D:\\homelab\\Ротач В.Я. Расчет динамики промышленных автоматических систем регулирования 1973.pdf,0,2000-01-01 01:00:00,2016-04-03 02:51:08,,,
5680703,Mathematics and 21st Century Biology,,,,National Research Council,2005,,National Academy Press,,163,0,English,Математика,,,"9780309548564,0-309-54856-X",,,,,,,,,OL10359449M,,0,,,,,,,,6235966,pdf,53E703B7B126546A442421496223CE1F,,,G:\\!upload\\!add\\!\\Mathematics and 21st Century Biology.pdf,0,2000-01-01 01:00:00,2016-04-03 02:51:08,,,
5680702,Общая электротехника.,,,,Блажкин А.Т. (ред),1986,,,,592,0,Russian,Техника,homelab,189-199,,,,,,,,,,,,0,,,,,,,,21750976,pdf,53DA96D690948D0C6F50411A68AAA579,,,D:\\homelab\\Блажкин А.Т. (ред) Общая электротехника. 1986.pdf,0,2000-01-01 01:00:00,2016-04-03 02:51:08,,,
5680700,The Magic Anatomy Book,,,,Carol Donner,1988,,W H Freeman & Co (Sd),,157,0,English,Медицина//Анатомия и физиология человека,,,"9780716717157,0-7167-1715-8",,,,,611,QM27 .D66 1986,,,OL2708505M,,0,,,,,,,,5837397,djvu,53C74C72CE4EEB5F2229D20BE9F2C331,,,G:\\!upload\\!add\\bi\\donner1988_tainy_anatomii.djvu,0,2000-01-01 01:00:00,2016-04-03 02:51:08,,,
5680701,The Springer Index of Viruses,,,,"Christian A. Tidona, Gholamreza Darai",2001,1st,Springer,,1556,0,English,,,,"9783540671671,3540671676",,,,,,,,,OL18173224M,,0,,,,,,,T,16362478,pdf,53DA15C10A498FB9A9372D50A7ED54A7,,,G:\\!upload\\!add\\bi\\tidona2001_index_of_viruses.pdf,0,2000-01-01 01:00:00,2016-04-03 02:51:08,239000/53da15c10a498fb9a9372d50a7ed54a7-d.jpg,,
5680699,Гироскопические системы Гироскопические приборы и системы,,,,Пельпор Д.С. и др.,1988,,,,213,0,Russian,,homelab,189-199,,,,,,,,,,,,0,,,,,,,,6735294,djvu,53C1FA27449A23FF9268B49D3B8FC748,,,D:\\homelab\\Пельпор Д.С. и др. Гироскопические системы Гироскопические приборы и системы 1988.djvu,0,2000-01-01 01:00:00,2016-04-03 02:51:08,,,
5680698,A Survey of Minimal Surfaces,,Dover Phoenix Editions,,Robert Osserman,2002,,Dover Pubns,,109,0,English,Математика//Геометрия и топология,,,"9780486495149,0-486-49514-0",,,,,,,,,OL7640610M,,0,,,,,,,,1714237,djvu,53B72745EF693C9D58255355211E5808,,,"G:\\!upload\\!add\\!\\Osserman.Robert,.A.Survey.of.Minimal.Surfaces,.Dover,.2002.109s._WPCBJ_.djvu",0,2000-01-01 01:00:00,2016-04-03 02:51:08,239000/53b72745ef693c9d58255355211e5808-d.jpg,,
5680696,Wastewater Microbiology,,Wiley Series in Ecological and Applied Microbiology,,Gabriel Bitton,2005,3,Wiley-Liss,,765,0,English,Биология//Экология,,,"9780471650713,0-471-65071-4",,,,,628.3/01/579,QR48 .B53 2005,,,OL22620937M,,0,,,,,,,,5798700,djvu,53AB7FE7F394F6062F1595EA795A5735,,,G:\\!upload\\!add\\biology\\MicroBiology\\Wastewater Microbiology - Gabriel Bitton.djvu,0,2000-01-01 01:00:00,2016-04-03 02:51:08,239000/53ab7fe7f394f6062f1595ea795a5735-d.jpg,,
5680697,Data Modeling Essentials,,,,"Graeme Simsion, Graham Witt",2005,3rd,Morgan Kaufmann,,551,0,English,Компьютеры//Организация и обработка данных,,,"9780126445510,0-12-644551-6",,,,,,,,,OL7329017M,,0,,,,,,,,9701122,pdf,53AF0325E5CC5EE242C24B41EB82ADBD,,,G:\\!upload\\!add\\!\\Morgan Kaufmann - Data Modeling Essentials 3rd Edition (2005).pdf,0,2000-01-01 01:00:00,2016-04-03 02:51:08,239000/53af0325e5cc5ee242c24b41eb82adbd-d.jpg,,
5680695,Колометрические методы определения следов металлов,,,,Сендел Е.,1959,,,,899,0,Russian,Физика,Якова Кротова б-ка,,,,,,,,,,,,,0,,,,,,,,15578229,djvu,53902DE85A1A6FBC96BDCBA56176877B,,,E:\\!!!chem\\Сендел Е. (1959)~ Колометрические методы определения следов металлов.djvu,0,2000-01-01 01:00:00,2016-04-03 02:51:08,,,
5680694,"Protein Structure, Stability, and Folding",,Methods in Molecular Biology 168,,Kenneth P. Murphy,2001,1,Humana Press,,261,0,English,Биология//Биотехнология,,,"9780896036826,0-89603682-0",,,,,,,,,OL17009075M,,0,,,,,,,,16225226,pdf,5380BAB59246459CD87F914DF69F2266,,,"G:\\!upload\\!add\\!\\Humana Press, Volume 168, Methods In Molecular Biology-Protein Structure, Stability, And Folding.pdf",0,2000-01-01 01:00:00,2016-04-03 02:51:08,239000/5380bab59246459cd87f914df69f2266-d.jpg,,
5680693,Лучшие конструкции последних лет. Сборник (Приложение к журналу Радио).,,,,"Нефедов А.М., Мстиславский А.Л.",1994,,Символ-Р,,97,0,Russian,Техника//Электроника//Радио,homelab,189-199,,,,,,,,,,,,0,,,,,,,,6849852,djvu,537D94DCAD955966732F70E0E35DBA61,,,"D:\\homelab\\Нефедов А.М., Мстиславский А.Л. Лучшие конструкции последних лет Приложение к журналу Радио 1994.djvu",0,2000-01-01 01:00:00,2016-04-03 02:51:08,239000/537d94dcad955966732f70e0e35dba61-d.jpg,,
5680692,Bergey's Manual® of Systematic Bacteriology: The Proteobacteria (Part C),Volume Two,,,"James T. Staley, David R. Boone, Don J. Brenner, Paul De Vos, Michael Goodfellow, Noel R. Krieg, Fred A. Rainey, George M. Garrity, Karl-Heinz Schleifer, George Garrity",2005,2nd,Springer,,1409,0,English,,,,"9780387241456,0-387-24145-0",,,,,,,,,OL7444635M,,0,,,,,,,,39455710,pdf,533556EF7BBB05931D5DFC50BB06A4BF,,,G:\\!upload\\!add\\bi\\bergeys_2c.pdf,0,2000-01-01 01:00:00,2016-04-03 02:51:08,239000/533556ef7bbb05931d5dfc50bb06a4bf-d.jpg,,
5680689,Физика тонких пленок.,т.2 ,,,Хасс Г. (ред),1967,,,,395,0,Russian,Физика,homelab,189-199,,,,,,,,,,,,0,,,,,,,,10055759,djvu,52C53AA047532472A7E41AD899151329,,,D:\\homelab\\Хасс Г. (ред) Физика тонких пленок. т.2 (1967) .djvu,0,2000-01-01 01:00:00,2016-04-03 02:51:08,,,
5680690,Numerical Taxonomy: The Principles and Practice of Numerical Classification,,A Series of books in biology,,Peter H. A. Sneath,1973,,W H Freeman & Co (Sd),,296,0,English,Математика//Вычислительная математика,,,"9780716706977,0-7167-0697-0",,,,,574/.01/2,QH83 .S58,,,OL5283171M,,300,,,,,,,0,4021077,djvu,52CAD4D0FD6606EC8C816FFF766137D4,,,G:\\!upload\\!add\\bi\\sneath1973_num_taxonomy.djvu,0,2000-01-01 01:00:00,2016-04-03 02:51:08,,,
5680691,Инструментальные методы анализа функциональных групп органических соединений,,,,Сиггия С.,1974,,,,232,0,Russian,Химия//Органическая химия,Якова Кротова б-ка,,,,,,,,,,,,,0,,,,,,,,9554108,djvu,52F64F214C40926B8511EB8C0D5C0F5D,,,E:\\!!!chem\\Сиггия С. (1974)~ Инструментальные методы анализа функциональных групп органических соединений.djvu,0,2000-01-01 01:00:00,2016-04-03 02:51:08,,,
5680688,PCR Cloning Protocols,,Methods in Molecular Biology,,"Bing-Yuan Chen, Harry W. Janes",2002,2,Humana Press,,433,0,English,Биология,,,"9780896039698,0-89603-969-2",,,,,,,,,OL9547926M,,0,,,,,,,,2514520,pdf,52BF5204630FBCE631376F1E36667D1E,,,G:\\!upload\\!add\\!\\Methods In Molecular Biology - PCR Cloning Protocols.pdf,0,2000-01-01 01:00:00,2016-04-03 02:51:08,239000/52bf5204630fbce631376f1e36667d1e-d.jpg,,
5680686,e: The Story of a Number,,,,Eli Maor,1994,1,Princeton University Press,,236,0,English,Математика//Алгебра,,,"9780691033907,0-691-03390-0",,,,,512/.73,QA247.5 .M33 1994,,,OL1427826M,,0,,,,,,,T,9049551,pdf,52ABA947E0D674F26AB06FA410046BF0,,,G:\\!upload\\!add\\!\\Mathematics - E - The Story Of A Number - (Eli Maor) Princeton University Press 1994.pdf,0,2000-01-01 01:00:00,2016-04-03 02:51:08,239000/52aba947e0d674f26ab06fa410046bf0-d.jpg,,
5680687,Практическое руководство по спектрометрии и колориметрии,,,,"Пешкова В.М., Громова М.И.",1965,,,,136,0,Russian,Техника//Промышленое оборудование и технологии,Якова Кротова б-ка,,,,,,,,,,,,,0,,,,,,,,2627558,djvu,52B542BD5B57BCBB79E51B67110C506C,,,"E:\\!!!chem\\Пешкова В.М., Громова М.И.~Практическое руководство по спектрометрии и колориметрии~1965.djvu",0,2000-01-01 01:00:00,2016-04-03 02:51:08,,,
5680684,Мономолекулярные реакции,,,,"Робинсон П., Холбрук К.",1975,,,,383,0,Russian,Физика//Термодинамика и статистическая физика,homelab,189-199,,,,,,,,,,,,0,,,,,,,,8890868,djvu,527F56954FFCD755EE0D926977B9C202,,,"D:\\homelab\\Робинсон П., Холбрук К.  Мономолекулярные реакции 1975.djvu",0,2000-01-01 01:00:00,2016-04-03 02:51:08,,,
5680685,Microbial Phylogeny and Evolution: Concepts and Controversies,,,,Jan Sapp,2005,illustrated edition,"Oxford University Press, USA",,350,0,English,Биология,,,"9780195168778,0-19-516877-1",,,,,,,,,OL17199580M,,0,,,,,,,T,5422518,pdf,52A9122B5294C7A62792ED5271169FA9,,,G:\\!upload\\!add\\bi\\sapp2005_micr_evol.pdf,0,2000-01-01 01:00:00,2016-04-03 02:51:08,239000/52a9122b5294c7a62792ed5271169fa9-d.jpg,,
5680683,Horticulture,,The Green World,,Gail M. Lang,2007,1,Chelsea House Publications,,134,0,English,Биология//Растения//Ботаника,,,"9780791089613,0-7910-8961-4",,,,,,,,,OL11149328M,,0,,,,,,,,2599328,djvu,527D2CAB937E6F755239A19DBE12517C,,,"G:\\!upload\\!add\\biology\\Plants and Mushrooms\\Lang - Horticulture - The Green World (Chelsea, 2007).djvu",0,2000-01-01 01:00:00,2016-04-03 02:51:08,239000/527d2cab937e6f755239a19dbe12517c-d.jpg,,
5680682,Le genre en zoologie: Essai de systematique theorique,,Mémoires du Muséum national d'histoire naturelle: Zoologie,,Alain Dubois,1988,,Éditions du Muséum,,64,0,French,Биология//Зоология,,,"9782856531525,2-85653-152-0",,,,,,,,,OL1780382M,,300,,,,,,,0,1163169,djvu,526D6AE7B202FE2AD45C75E7F1702B00,,,G:\\!upload\\!add\\bi\\dubois1988_genus.djvu,0,2000-01-01 01:00:00,2016-04-03 02:51:08,,,
5680680,Java Programming with Oracle JDBC,,,,Donald Bales,2001,1st,O'Reilly Media,,389,0,English,Компьютеры//Программирование//Языки программирования,,,"9780596000882,0-596-00088-X",,,,,005.75/85,QA76.73.J38 B354 2002,,,OL3585126M,,0,,,,,,,,1488986,djvu,5230388FD3585827F3F99B96E2582617,,,G:\\!upload\\!add\\Oracle\\DJVU\\OReilly.Java.Programming With Oracle Jdbc.djvu,0,2000-01-01 01:00:00,2016-04-03 02:51:08,239000/5230388fd3585827f3f99b96e2582617-d.jpg,,
5680681,Pairs Trading: Quantitative Methods and Analysis,,Wiley Finance,,Ganapathy Vidyamurthy,2004,,Wiley,,223,0,English,Бизнес//Трейдинг,,,"9780471460671,0-471-46067-2",,,,,,,,,OL7617582M,,0,,,,,,,T,3798473,pdf,524037F395462D37B31F2B28FEDE24FB,,,"G:\\!upload\\!add\\!isbns\\Wiley Finance,.Pairs Trading - Quantitative Methods and Analysis.[2004.ISBN.pdf",0,2000-01-01 01:00:00,2016-04-03 02:51:08,239000/524037f395462d37b31f2b28fede24fb-d.jpg,,
5680678,"Encyclopedia of World Cultures, oceania",Vol. 2,,,Terence E. Hays,1991,1,Macmillan,,451,0,English,Образование//Энциклопедии,,,"0816118094,9780816118090",,,,,306.097,GN307.E53 1991,,,OL11361738M,,0,,,,,1,,,6725953,djvu,51CBFE8B93B1FFABEC28089DD2BD69A5,,,G:\\!upload\\!add\\mi\\cult\\enc_wrld_cult_02_oceania.djvu,0,2000-01-01 01:00:00,2016-04-03 02:51:08,239000/51cbfe8b93b1ffabec28089dd2bd69a5-d.jpg,,
5680679,Symmetry,,,,Hermann Weyl,1952,,Princeton University Press,,85,0,English,Математика//Симметрия и группы,,0,"9780691023748,0-691-02374-3",,,,,,,,,,,0,,,,,1,,,3090003,pdf,52192CE079D0CF09A3F260C17041F27E,156b0f0a4de3d50c77e3b32cf640a3fe,,"G:/!upload/!add/!/Symmetry - Hermann Weyl (Princeton University Press, 1952).pdf",0,2000-01-01 01:00:00,2016-04-03 02:51:08,239000/52192ce079d0cf09a3f260c17041f27e-d.jpg,,
5680677,Laboratory Manual and Workbook in Microbiology: Applications to Patient Care,,,,"Josephine A. Morello, Paul A Granato, Helen Eckel Mizer",2002,7th,McGraw-Hill Science/Engineering/Math,,285,0,English,Биология,,,"9780072463545,0-07-246354-6",,,,,,,,,OL9967080M,,0,,,,,,,,2329856,djvu,51BCE7AF951F780BB394160BD42F04E8,,,"G:\\!upload\\!add\\biology\\MicroBiology\\Lab Manual and Workbook in Microbiology 7th ed - J. Morello, et al., (2003) WW.djvu",0,2000-01-01 01:00:00,2016-04-03 02:51:08,239000/51bce7af951f780bb394160bd42f04e8-d.jpg,,
5680675,Real-Time Collision Detection,,The Morgan Kaufmann Series in Interactive 3-D Technology,,Christer Ericson,2005,,Morgan Kaufmann,,633,0,English,Компьютеры//Мультимедиа,,,"1558607323,9781558607323,9780080474144",,,,,,,,,OL8606565M,,0,,,,,1,,T,3142967,pdf,51A16BEF311465DBDB518528307A9EFE,,,G:\\!upload\\!add\\!\\Morgan Kaufmann - Real-Time Collision Detection (Christer Ericson).pdf,0,2000-01-01 01:00:00,2016-04-03 02:51:08,239000/51a16bef311465dbdb518528307a9efe-d.jpg,,
5680676,Advanced Lighting and Materials with Shaders,,,,"Kelly Dempski, Emmanuel Viale",2004,,Wordware Publishing,,361,0,English,,,,"9781556222924,1-55622-292-0",,,,,,,,,OL8594244M,,0,,,,,,,T,14682172,pdf,51B46270436CC66D8996842EE6E40A39,,,G:\\!upload\\!add\\!\\Wordware Publishing - Advanced Lighting and Materials With Shaders.pdf,0,2000-01-01 01:00:00,2016-04-03 02:51:08,239000/51b46270436cc66d8996842ee6e40a39-d.jpg,,
5680674,"Routing, Flow, and Capacity Design in Communication and Computer Networks",,The Morgan Kaufmann Series in Networking,,"Michal Pioro, Deepankar Medhi",2004,1,Morgan Kaufmann,,794,0,English,Компьютеры,,,"9780125571890,0-12-557189-5",,,,,004.6/6,TK5105.5 .P56 2004,,,OL3327550M,,0,,,,,,,T,11916156,pdf,517F7E0A2259FD948814DE679533E738,,,"G:\\!upload\\!add\\!\\Morgan.Kaufmann,.Routing.Flow.and.Capacity.Design.in.Communication.and.Computer.Networks.(2004).DDu.pdf",0,2000-01-01 01:00:00,2016-04-03 02:51:08,,,
5680672,Жизнь животных. Членистоногие. Онихофоры.,т.3,,,Соколов В.Е. (ред),1984,,,,529,0,Russian,Биология//Зоология,homelab,189-199,,,,,,,,,,,,0,,,,,,,,22024514,djvu,514B0D416D5DBADFA55392B1ACAD413E,,,D:\\homelab\\Соколов В.Е. (ред) Жизнь животных. Т.3 Членистоногие. Онихофоры. (1984) .djvu,0,2000-01-01 01:00:00,2016-04-03 02:51:08,,,
5680673,Feature Extraction and Image Processing,,,,"Mark Nixon, Alberto S Aguado",2002,1st,Newnes,,360,0,English,Компьютеры//Алгоритмы и структуры данных//Обработка изображений,,,"9780750650786,0-7506-5078-8",,,,,006.37,TA1637 .N58 2002,,,OL3435842M,,0,,,,,,,,4009326,pdf,517E6177DB7C602F44DA5F5C003B800F,,,"G:\\!upload\\!add\\!\\Feature Extraction in Computer Vision and Image Processing - Nixon, Augado - Newnes 2002.pdf",0,2000-01-01 01:00:00,2016-04-03 02:51:08,239000/517e6177db7c602f44da5f5c003b800f-d.jpg,,
5680670,Цифровая электроника.,,,,Бойт К.,2007,,,,472,0,Russian,Техника//Электроника,homelab,189-199,,,,,,,,,,,,0,,,,,,,,3931154,djvu,50F79A9659DA1CB02B27438695FAD6DA,,,D:\\homelab\\Бойт К. Цифровая электроника. (2007) .djvu,0,2000-01-01 01:00:00,2016-04-03 02:51:08,,,
5680671,IPv6 Advanced Protocols Implementation,,The Morgan Kaufmann Series in Networking,,"Qing Li, Jinmei Tatuya, Keiichi Shima",2007,,Morgan Kaufmann,,1009,0,English,Компьютеры//Сети,,,"9780123704795,0-12-370479-0",,,,,004.6/2,TK5105.585 .L535 2007,,,OL17172561M,,0,,,,,,,T,9991373,pdf,5106F8DBBC16462652CD7E25454F5163,,,G:\\!upload\\!add\\!\\IPv6_Advanced_Protocol_Implementation_(Morgan_Kaufmann-2007).pdf,0,2000-01-01 01:00:00,2016-04-03 02:51:08,239000/5106f8dbbc16462652cd7e25454f5163-d.jpg,,
5680669,Time Series Analysis,,,,James Douglas Hamilton,1994,1,Princeton University Press,,407,0,English,Математика//Математическая статистика,,,"9780691042893,0-691-04289-6",,,,,519.5/5,QA280 .H264 1994,,,OL1397451M,,0,,,,,,,,27131710,pdf,50D9F84B8F22C21F4CA33CF9AF8B4D86,,,"G:\\!upload\\!add\\!\\(Book) Hamilton, James D. 1994 Time-Series Analysis - Princeton University Press.pdf",0,2000-01-01 01:00:00,2016-04-03 02:51:08,239000/50d9f84b8f22c21f4ca33cf9af8b4d86-d.jpg,,
5680667,Integrated Genomics: A Discovery-Based Laboratory Course,,,,"Guy A. Caldwell, Shelli N. Williams, Kim A. Caldwell",2006,1,Wiley,,246,0,English,Биология//Генетика,,,"9780470095010,0-470-09501-6",,,,,,,,,OL7595941M,,0,,,,,,,,1785859,djvu,50B2D5DC76B31B0E805AD04ECF77130A,,,G:\\!upload\\!add\\biology\\Genetics\\Caldwell_Integrated Genomics-A Discovery-Based laboratory Course.djvu,0,2000-01-01 01:00:00,2016-04-03 02:51:08,239000/50b2d5dc76b31b0e805ad04ecf77130a-d.jpg,,
5680668,Сборник. Теория и практика сжигания газа.,ч.4,,,,1968,,,,99,0,Russian,,homelab,189-199,,,,,,,,,,,,0,,,,,,,,14261047,djvu,50C2B2C01CD98464BB55D8A9597DD65E,,,D:\\homelab\\Сборник. Теория и практика сжигания газа. ч.4 1968.djvu,0,2000-01-01 01:00:00,2016-04-03 02:51:08,,,
5680666,Computational Genome Analysis: An Introduction,,Statistics for Biology and Health,,"Richard C. Deonier, Simon Tavaré, Michael S. Waterman",2005,,Springer,,215,0,English,Математика//Вычислительная математика,,,"9780387987859,0-387-98785-1",,,,,,,,,OL7449805M,,0,,,,,,,,544412,djvu,50891473E95AA0A9E542F16A0505D49C,,,"G:\\!upload\\!add\\biology\\Neuroscience\\Dennett - Sweet Dreams - Philosophical Obstacles to a Science of Consciousness (MIT, 2005).djvu",0,2000-01-01 01:00:00,2016-04-03 02:51:08,239000/50891473e95aa0a9e542f16a0505d49c-d.jpg,,
5680664,"Data Mining: Practical Machine Learning Tools and Techniques, Second Edition",,Morgan Kaufmann Series in Data Management Systems,,"Ian H. Witten, Eibe Frank",2005,2,Morgan Kaufmann,,558,0,English,Образование,,,"9780120884070,0-12-088407-0",,,,,,,,,OL7325642M,,0,,,,,,,,8138814,pdf,50854E061DB5870B44C3F5B2778246BA,,,"G:\\!upload\\!add\\!\\Data Mining, Practical Machine Learning Tools and Techniques 2nd.Ed (Morgan Kaufmann 2005)WEKA.pdf",0,2000-01-01 01:00:00,2016-04-03 02:51:08,239000/50854e061db5870b44c3f5b2778246ba-d.jpg,,
5680665,Сборник. Физико-математические и биологические проблемы действия электромагниных полей и ионизации воздуха.,т.1,,,,1975,,,,340,0,Russian,Математика//Прикладная математика,homelab,189-199,,,,,,,,,,,,0,,,,,,,,11225553,djvu,508780AD1D436D0C16443EB21474A25F,,,D:\\homelab\\Сборник. Физико-математические и биологические проблемы действия электромагниных полей и ионизации воздуха. т.1 1975.djvu,0,2000-01-01 01:00:00,2016-04-03 02:51:08,,,
5680662,,,Катера и яхты. 1975-01,,,,,,,104,0,Russian,Техника//Транспорт//Корабли,homelab,189-199,,,,,,,,,,,,0,,,,,,,,6635040,djvu,5059C6B85A480EC8B0229F6E1A490C2F,,,D:\\homelab\\Журнал. Катера и яхты. (1975-01) .djv,0,2000-01-01 01:00:00,2016-04-03 02:51:08,,,
5680663,Теоретические основы энерго- и ресурсосбережения в химической технологии,,,,Калекин В.С.,2006,,,,46,0,Russian,Химия,homelab,189-199,5-8149-0368-6,,,,,,,,,,,0,,,,,,,,2199566,djvu,506AD0BE834DE4C91927F96D86D9F0EF,,,D:\\homelab\\Калекин В.С. Теоретические основы энерго- и ресурсосбережения в химической технологии 2006.djvu,0,2000-01-01 01:00:00,2016-04-03 02:51:08,,,
5680661,Движение заряженных частиц в электрических и магнитых полях,,,,"Арцимович Л.А., Лукьянов С.Ю.",1978,,,,225,0,Russian,Физика//Электричество и магнетизм,homelab,189-199,,,,,,,,,,,,0,,,,,,,,5362084,djvu,500E72E1948CE005484E27D7242CB5E0,,,"D:\\homelab\\Арцимович Л.А., Лукьянов С.Ю. Движение заряженных частиц в электрических и магнитых полях 1978.djvu",0,2000-01-01 01:00:00,2016-04-03 02:51:08,,,
5680659,Visual Effects for Film and Television,,Media Manuals,,Mitch Mitchell,2004,1,Focal Press,,417,0,English,,,,"9780240516752,0-240-51675-3",,,,,,,,,OL9732210M,,0,,,,,,,T,3953641,pdf,4FE40766508149F1ACE605061128F0B3,,,G:\\!upload\\!add\\!\\[Filmmaking] - Focal Press - Fine Cuts - The Art of European Film Editing (2006).pdf,0,2000-01-01 01:00:00,2016-04-03 02:51:08,239000/4fe40766508149f1ace605061128f0b3-d.jpg,,
5680660,Valode & Pistre Architects,,,,Philip Jodidio,2006,1,Birkhäuser Architecture,,171,0,English,Искусство//Архитектура,,,"9783764372002,3-7643-7200-1",,,,,,,,,OL9090943M,,0,,,,,,,T,41021693,pdf,500AC28EE340DA339C26C8F3F72BECB1,,,"G:\\!upload\\!add\\!\\[Architecture Ebook] Visions of Heaven, The Dome in European Architecture, David Stephenson, Princeton Uni Pr, 2005_dg2005.pdf",0,2000-01-01 01:00:00,2016-04-03 02:51:08,239000/500ac28ee340da339c26c8f3f72becb1-d.jpg,,
5680657,Mathematics for Life Science and Medicine,,"Biological and Medical Physics, Biomedical Engineering",,"Yasuhiro Takeuchi, Yoh Iwasa, Kazunori Sato",2007,1,Springer,,232,0,English,Математика,,,"9783540344254,3-540-34425-X",,,,,,,,,OL9427628M,,0,,,,,,,,861605,djvu,4FB70C4E8B720E334E966F3429F091FE,,,G:\\!upload\\!add\\biology\\Biomedical Engineering 65 Ebooks - Rovhal_Knullare\\Mathematics for Life Sciences and Medicine - Takeuchi Iwasa and Sato.djvu,0,2000-01-01 01:00:00,2016-04-03 02:51:08,239000/4fb70c4e8b720e334e966f3429f091fe-d.jpg,,
5680658,"Армии монголо-татар Х-ХИВ веков. Воинское искусство, оружие, снаряжение.",,,,Горелик М.В.,2002,,,,77,0,Russian,Искусство,homelab,189-199,,,,,,,,,,,,0,,,,,,,,17890456,pdf,4FD9E99B20740931D4D991AB072DF010,,,"D:\\homelab\\Горелик М.В. Армии монголо-татар Х-ХИВ веков. Воинское искусство, оружие, снаряжение. 2002.pdf",0,2000-01-01 01:00:00,2016-04-03 02:51:08,,,
5680655,Anti-Arab Racism in the USA: Where it Comes From and What it Means for Politics,,,,Steven Salaita,2006,,Pluto Press,,258,0,English,,,,"9780745325163,0-7453-2516-5",,,,,,,,,OL7955754M,,0,,,,,,,T,1176008,pdf,4FA9380A0CE59741AEC83FDB1EB73C42,,,G:\\!upload\\!add\\!\\Pluto Press Anti-Arab Racism in the USA Where It Comes from and What It Means for Politics Today.pdf,0,2000-01-01 01:00:00,2016-04-03 02:51:08,239000/4fa9380a0ce59741aec83fdb1eb73c42-d.jpg,,
5680656,Промышленный дизайн,,,,Кочегаров Б.Е.,2006,,Владивосток ДВГТУ,,153,0,Russian,Техника,homelab,189-199,,,,,,,,,,,,0,,,,,,,,3932509,pdf,4FA985E040BDABBC7D34CBE2C38FD7ED,,,D:\\homelab\\Кочегаров Б.Е. Промышленный дизайн 2006.pdf,0,2000-01-01 01:00:00,2016-04-03 02:51:08,239000/4fa985e040bdabbc7d34cbe2c38fd7ed-d.jpg,,
5680654,Statistics and Probability for Engineering Applications,,,,William DeCoursey William DeCoursey  Ph.D.  is a chemical engineer who has taught statistics and probability to engineering students for over 15 years at the University of Saskatchewan.,2003,Book and CD-Rom,Newnes,,408,0,English,Техника,,,"9780750676182,0-7506-7618-3",,,,,620.001/5195,TA340 .D45 2003,,,OL3778325M,,0,,,,,,,,2687966,pdf,4F038E04B1E507228FCB512F70BE43A0,,,"G:\\!upload\\!add\\!\\Statistics & Probability for Engineering with MS Excel [DeCoursey_ Newnes, 2003].pdf",0,2000-01-01 01:00:00,2016-04-03 02:51:08,239000/4f038e04b1e507228fcb512f70be43a0-d.jpg,,
5680652,Atlas of Mammalian Chromosomes,,,,"Stephen J. O'Brien, Joan C. Menninger, William G. Nash",2006,1,Wiley-Liss,,759,0,English,Биология//Генетика,,,"9780471350156,0-471-35015-X",,,,,,,,,OL7615536M,,0,,,,,,,,21395201,djvu,4ED3D201CDF24A2C78F0C5688C392E92,,,G:\\!upload\\!add\\biology\\Genetics\\OBrien_Atlas of Mammalian Chromosomes.djvu,0,2000-01-01 01:00:00,2016-04-03 02:51:08,239000/4ed3d201cdf24a2c78f0c5688c392e92-d.jpg,,
5680653,Nonlinear Physics with Mathematica for Scientists and Engineers,,,,"Richard H. Enns, George C. McGuire",2001,1,Birkhäuser Boston,,726,0,English,Математика,,,"9780817642235,0-8176-4223-4",,,,,,,,,OL8074729M,,0,,,,,,,,31453669,pdf,4EE5B8540D77A63AD90EB5BB2E6AFFE7,,,"G:\\!upload\\!add\\!\\Enns R.H., McGuire G.C. Nonlinear physics with Mathematica for scientists and engineers (Birkhauser, 2001)(T)(726s)_MNs_.PDF",0,2000-01-01 01:00:00,2016-04-03 02:51:08,239000/4ee5b8540d77a63ad90eb5bb2e6affe7-d.jpg,,
5680651,Краткий справочник конструктора нестандартного оборудования,т.1,,,Бакуменко В.И. и др.,1997,,Машиностроение,,544,0,Russian,Техника//Нормативная литература,homelab,189-199,5-217-01742-2,,,,,,,,,,,0,,,,,,,,14464223,djvu,4EB1AF03F6DD3BB412A244F9090E6E0A,,,D:\\homelab\\Бакуменко В.И. и др. Краткий справочник  конструктора нестандартного оборудования. т.1 1997.djvu,0,2000-01-01 01:00:00,2016-04-03 02:51:08,239000/4eb1af03f6dd3bb412a244f9090e6e0a-d.jpg,,
5680649,Курс подводного плавания С. М. A. S.,,,,Без авт.,,,,,39,0,Russian,История,homelab,189-199,,,,,,,,,,,,0,,,,,,,T,2306622,pdf,4E8706DEB338D18567CFE714BDAC16EB,,,D:\\homelab\\Без авт. Курс подводного плавания СМАС. () .pdf,0,2000-01-01 01:00:00,2016-04-03 02:51:08,239000/4e8706deb338d18567cfe714bdac16eb-d.jpg,,
5680650,Энциклопедический словарь Брокгауза и Ефрона,Т39а,,,,1903,,,,494,0,Russian,Языкознание//Словари,homelab,189-199,,,,,,,,,,,,0,,,,,,,,8774018,djvu,4E8E7C0182B1BEED87FABB00F7384A7E,,,D:\\homelab\\Энциклопедический словарь Брокгауза и Ефрона Т39а 1903.djvu,0,2000-01-01 01:00:00,2016-04-03 02:51:08,,,
5680647,Теория регулирования и биологические системы,,,,Гродинз Ф.,1966,,,,255,0,Russian,Биология,homelab,189-199,,,,,,,,,,,,0,,,,,,,,3700974,djvu,4E5B3573C2F7AD3D48A870871770A1BC,,,D:\\homelab\\Гродинз Ф. Теория регулирования и биологические системы 1966.djvu,0,2000-01-01 01:00:00,2016-04-03 02:51:08,,,
5680648,Болезни вен и лимфатической системы конечностей,,,,Даудярис И.П.,1984,,Медицина,,193,0,Russian,Медицина//Болезни//Внутренние болезни,homelab,189-199,,,,,,,,,,,,0,,,,,,,,4877831,djvu,4E6073CAFE31E2214F50E644CAF8AAA4,,,D:\\homelab\\Даудярис И.П. Болезни вен и лимфатической системы конечностей 1984.djvu,0,2000-01-01 01:00:00,2016-04-03 02:51:08,239000/4e6073cafe31e2214f50e644caf8aaa4-d.jpg,,
5680646,Non-Life Insurance Mathematics: An Introduction with Stochastic Processes,,Universitext,,Thomas Mikosch,2006,,Springer,,349,0,English,Математика,,,3-540-40650-6,,,,,,,,,OL18210847M,,0,,,,,,,T,4337640,pdf,4E46C356271956E2B486BB7B402C5A9F,,,G:\\!upload\\!add\\!\\[Springer] - [Universitext] - Theory of Probability and Random Processes (Leonid B. Koralov 2007).pdf,0,2000-01-01 01:00:00,2016-04-03 02:51:08,,,
5680645,Oracle Essentials: Oracle Database 11g,,,,"Rick Greenwald, Robert Stackowiak, Jonathan Stern",2007,4,O'Reilly Media,,408,0,English,Компьютеры//Организация и обработка данных,,,"9780596514549,0-596-51454-9",,,,,005.7585,QA76.9.D3 G72834 2008,,,OL23093970M,,0,,,,,,,,2816525,djvu,4E335AF99D5EE38812C1A06D26B81758,,,G:\\!upload\\!add\\Oracle\\DJVU\\OReilly.Oracle.Essentials.Oracle.Database.11g.4th.Edition.Nov.2007.djvu,0,2000-01-01 01:00:00,2016-04-03 02:51:08,239000/4e335af99d5ee38812c1a06d26b81758-d.jpg,,
5680643,,,Животные нашей планеты. Вып.39,,,2009,,,,24,0,Russian,Биология//Зоология,homelab,189-199,,,,,,,,,,,,0,,,,,,,,19607435,djvu,4E16E4A6F19ADAE5B3B8B5A3B74BEEF8,,,D:\\homelab\\Альманах. Животные нашей планеты. вып.39 2009.djvu,0,2000-01-01 01:00:00,2016-04-03 02:51:08,,,
5680644,Методы измерения характеристик антенн СВЧ,,,,Цейтлин Н.М. (ред),1985,,,,368,0,Russian,Техника//Электроника,homelab,189-199,,,,,,,,,,,,0,,,,,,,,4627846,djvu,4E19380C95D5B05412CC684AD7972954,,,D:\\homelab\\Цейтлин Н.М. (ред) Методы измерения характеристик антенн СВЧ 1985.djvu,0,2000-01-01 01:00:00,2016-04-03 02:51:08,,,
5680641,Eukaryotic Membranes and Cytoskeleton: Origins and Evolution,,Advances in Experimental Medicine and Biology,,Gaspar Jekely,2007,1,Springer,,158,0,English,Медицина,,,"0387740201,978-0-387-74020-1",,,,,571.6,QH603.C96 E95 2008,,,OL14762810M,,0,,,,,,,,12128656,pdf,4DF6422D4D462590AD0B1A0E3C94B004,,,G:\\!upload\\!add\\bi\\jekely2007_euk_membr_cytoscel_evol.pdf,0,2000-01-01 01:00:00,2016-04-03 02:51:08,239000/4df6422d4d462590ad0b1a0e3c94b004-d.jpg,,
5680642,Яблоня в саду - перспективные новинки,,Огород. Спецвыпуск,,,2009,,,,18,0,Russian,,homelab,189-199,,,,,,,,,,,,0,,,,,,,,1380349,djvu,4E008B4BE6CBE977ED2ACEB2B0FDFA33,,,D:\\homelab\\Спецвыпуск. Яблоня в саду - перспективные новинки 2009.djvu,0,2000-01-01 01:00:00,2016-04-03 02:51:08,,,
5680640,Anarchy State and Utopia,,,,Robert Nozick,2001,,Wiley-Blackwell,,191,0,English,Наука (общее)//Научно-популярное,,,0-631-19780-X,,,,,,,,,OL7609384M,,0,,,,,,,,17991316,pdf,4DF3C4D89CDC5F537B70F6F7FB2F8DED,,,"G:\\!upload\\!add\\Academic books\\Politics economics and law\\Nozick - Anarchy, state, and utopia.pdf",0,2000-01-01 01:00:00,2016-04-03 02:51:08,239000/4df3c4d89cdc5f537b70f6f7fb2f8ded-d.jpg,,
5680638,Ионизационные явления в газах,,,,Френсис Г.,1964,,,,304,0,Russian,Физика,homelab,189-199,,,,,,,,,,,,0,,,,,,,,6184182,djvu,4D910C1C3E6ED75B56386999CDAC5B8D,,,D:\\homelab\\Френсис Г. Ионизационные явления в газах 1964.djvu,0,2000-01-01 01:00:00,2016-04-03 02:51:08,,,
5680639,Freshwater Aquariums For Dummies,,,,"Maddy Hargrove, Mic Hargrove",2006,2,For Dummies,,370,0,English,Образование,,,"9780470051030,0-470-05103-5",,,,,639.34,SF457 .H37 2006,,,OL17910746M,,0,,,,,,,T,4894976,pdf,4DC2FF950EA66A9EFECACC3707C11847,,,G:\\!upload\\!add\\bi\\hargrovel2006_aquarium.pdf,0,2000-01-01 01:00:00,2016-04-03 02:51:08,239000/4dc2ff950ea66a9efecacc3707c11847-d.jpg,,
5680636,Test Your IQ: 400 Questions to Boost Your Brainpower,,,,"Philip Carter, Ken Russell",2007,,Kogan Page,,192,0,English,Психология,,,"0749448334,9780749448332,9780749450434",,,,,,,,WoqUqQ3pzpYC,OL24257845M,,0,,,,,1,,T,612719,pdf,4D389B63A63BD284E4341A71EA7E84FB,,,"G:\\!upload\\!add\\!\\Psychology - Test Your IQ - 400 Questions to Boost Your Brainpower - (Philip Carter, Ken Russell) Kogan Page 2007.pdf",0,2000-01-01 01:00:00,2016-04-03 02:51:08,239000/4d389b63a63bd284e4341a71ea7e84fb-d.jpg,,
5680637,Plant Diversity and Evolution:,,,,Robert J Henry,2004,First,CABI,,340,0,English,Биология//Растения//Ботаника,,,"9780851999043,0-85199-904-2",,,,,,,,,OL22709476M,,0,,,,,,,T,5409185,pdf,4D6937AE86275836D5929C400621611C,,,G:\\!upload\\!add\\bi\\henry2005_plant_div_evol.pdf,0,2000-01-01 01:00:00,2016-04-03 02:51:08,239000/4d6937ae86275836d5929c400621611c-d.jpg,,
5680635,Drug Delivery: Engineering Principles for Drug Therapy,,Topics in Chemical Engineering,,W. Mark Saltzman,2001,1,"Oxford University Press, USA",,385,0,English,Техника,,,"9780195085891,0-19-508589-2",,,,,,,,,OL18156770M,,0,,,,,,,,7904534,djvu,4D355027C73538386F9551A3498830CC,,,G:\\!upload\\!add\\biology\\Saltzman_Drug delivery_Engineering Principles for Drug Therapy.djvu,0,2000-01-01 01:00:00,2016-04-03 02:51:08,239000/4d355027c73538386f9551a3498830cc-d.jpg,,
5680633,The Early Greek Concept of the Soul,,,,Jan N. Bremmer,1983,,Princeton University Press,,154,0,English,Религия,,,0-691-03131-2,,,,,128/.1,BL795.S62 B73 1983,,,OL3498484M,,0,,,,,,,1,10984423,pdf,4D1FE0DBBCB7ADAF4C0ACB6ED20BEFE7,,,"G:\\!upload\\!add\\!\\The Early Greek Concept of the Soul (Princeton Univ.,1983).pdf",0,2000-01-01 01:00:00,2016-04-03 02:51:08,,,
5680634,Толковый словарь по теории графов в информатике и программировании,,,,"Евстигнеев В.А., Касьянов В.Н.",1999,,,,289,0,Russian,Математика//Теория графов,homelab,189-199,,,,,,,,,,,,0,,,,,,,,23659940,pdf,4D253AB8267DC9361BA2183B4CC7954D,,,"D:\\homelab\\Евстигнеев В.А., Касьянов В.Н. Толковый словарь по теории графов в информатике и программировании 1999.pdf",0,2000-01-01 01:00:00,2016-04-03 02:51:08,,,
5680631,Станочные приспособления. ,т.2,,,Вардашкин Б.Н. (ред),1984,,,,667,0,Russian,Техника//Промышленое оборудование и технологии,homelab,189-199,,,,,,,,,,,,0,,,,,,,,38733673,pdf,4CEF1F8CBE87A6331D8B99FB15FC18FE,,,D:\\homelab\\Вардашкин Б.Н. (ред)  Станочные приспособления.  т.2 1984.pdf,0,2000-01-01 01:00:00,2016-04-03 02:51:08,,,
5680632,Импульсный электрический пробой жидкостей,,,,Ушаков В.Я.,1975,,,,256,0,Russian,Физика,homelab,189-199,,,,,,,,,,,,0,,,,,,,,7035204,djvu,4D13C2FD4FC55B59AE6485268A49600D,,,D:\\homelab\\Ушаков В.Я. Импульсный электрический пробой жидкостей 1975.djvu,0,2000-01-01 01:00:00,2016-04-03 02:51:08,,,
5680629,Сборник. Поведение животных и человека. Сходство и различия,,,,,1989,,,,224,0,Russian,Биология//Зоология,homelab,189-199,,,,,,,,,,,,0,,,,,,,,2120425,djvu,4C9E7108D7253CE8BCE0EA942E926931,,,D:\\homelab\\Сборник. Поведение животных и человека. Сходство и различия 1989.djvu,0,2000-01-01 01:00:00,2016-04-03 02:51:08,,,
5680630,"Data Mining: Practical Machine Learning Tools and Techniques, Second Edition",,Morgan Kaufmann Series in Data Management Systems,,"Ian H. Witten, Eibe Frank",2005,2,Morgan Kaufmann,,558,0,English,Образование,,,"9780120884070,0-12-088407-0",,,,,,,,,OL7325642M,,0,,,,,,,,8150574,pdf,4CDC722466F7955510D5FDF7E1AD3399,,,G:\\!upload\\!add\\!\\Morgan.Kaufmann.Data.Mining.Practical.Machine.Learning.Tools.And.Techniques.2nd.ed.2005.pdf,0,2000-01-01 01:00:00,2016-04-03 02:51:08,239000/4cdc722466f7955510d5fdf7e1ad3399-d.jpg,,
5680628,BPEL Cookbook: Best Practices for SOA-based integration and composite applications development: Ten practical real-world case studies combining business ... management and web services orchestration,,,,"Jeremy Bolie, Michael Cardella, Stany Blanvalet, Matjaz Juric, Sean Carey, Praveen Chandran, Yves Coene, Kevin Geminiuc, Markus Zirn, Harish Gaur",2006,,Packt Publishing,,652,0,English,Компьютеры//Сети//Интернет,,,"9781904811336,1904811337",,,,,,,,,OL8773698M,,0,,,,,,,,8356874,djvu,4C7D4459484642305A32803A19140BD8,,,G:\\!upload\\!add\\Oracle\\DJVU\\Oracle SOA Suite Developers Guide.djvu,0,2000-01-01 01:00:00,2016-04-03 02:51:08,239000/4c7d4459484642305a32803a19140bd8-d.jpg,,
5680626,"IEE Wiring Regulations: Design and Verification of Electrical Installations, Fourth Edition",,Newnes,,Brian Scaddan IEng; MIIE (elec),2002,4,Newnes,,112,0,English,Техника//Электроника//Электротехника,,,"9780750654708,0-7506-5470-8",,,,,,,,,OL10809114M,,0,,,,,,,T,718246,pdf,4C01A9088FBF6215E20C23010D07CD1B,,,G:\\!upload\\!add\\!\\IEE Wiring Regulations - Design and Verification of Electrical Installations.pdf,0,2000-01-01 01:00:00,2016-04-03 02:51:08,,,
5680627,Электрические системы. Математические задачи электроэнергетики,т.1,,,Веников В.А. (ред.),1970,,,,171,0,Russian,Математика,homelab,189-199,,,,,,,,,,,,0,,,,,1,,,11536304,djvu,4C27287D530C6E2C937823E8150FCB05,,,D:/homelab/Веников В.А. ред Электрические системы. Т.1 Математические задачи электроэнергетики 1970.djvu,0,2000-01-01 01:00:00,2016-04-03 02:51:08,,,
5680624,Транзисторные радиопередатчики.,,,,Каганов В.И.,1970,,,,328,0,Russian,Техника//Электроника,homelab,189-199,,,,,,,,,,,,0,,,,,,,,5660371,djvu,4BED6EC410B1B63651803D671ABADD5C,,,D:\\homelab\\Каганов В.И. Транзисторные радиопередатчики. (1970) .djvu,0,2000-01-01 01:00:00,2016-04-03 02:51:08,,,
5680625,Biomechanics: Principles and Applications,,,,"Daniel J. Schneck, Joseph D. Bronzino",2002,1,CRC Press,,309,0,English,Физика,,,"9780849314926,0-8493-1492-5",,,,,,,,,OL17056465M,,0,,,,,,,,2045710,djvu,4BF44185047D0230D5EF44ADF4FE7F75,,,G:\\!upload\\!add\\biology\\Schneck_Biomechanics-Principles and Applications.djvu,0,2000-01-01 01:00:00,2016-04-03 02:51:08,239000/4bf44185047d0230d5ef44adf4fe7f75-d.jpg,,
5680622,Очерки из истории сравнительной анатомии до Дарвина.,,,,Канаев И.И.,1963,,,,157,0,Russian,История,homelab,189-199,,,,,,,,,,,,0,,,,,,,,4358435,djvu,4BE938282D70E0EE3F3CD272665A92E4,,,D:\\homelab\\Канаев И.И. Очерки из истории сравнительной анатомии до Дарвина. (1963) .djvu,0,2000-01-01 01:00:00,2016-04-03 02:51:08,,,
5680623,Аналитическая химия. Аналитика,кн.1 ,,,Харитонов Ю.Я.,2003,,,,614,0,Russian,Химия,homelab,189-199,,,,,,,,,,,,0,,,,,,,,29575778,pdf,4BEBB782BAE495CDA9DF2D0B76DB33E7,,,D:\\homelab\\Харитонов Ю.Я. Аналитическая химия. Аналитика. кн.1 2003.pdf,0,2000-01-01 01:00:00,2016-04-03 02:51:08,,,
5680621,Перестройки топологии при морфогенезе,,,,"Преснов Е.В., Исаева В.В.",1985,,,,193,0,Russian,Математика//Геометрия и топология,homelab,189-199,,,,,,,,,,,,0,,,,,,,,3612655,djvu,4B6304A06786358F7A1DBC04D4268AF1,,,"D:\\homelab\\Преснов Е.В., Исаева В.В. Перестройки топологии при морфогенезе 1985.djvu",0,2000-01-01 01:00:00,2016-04-03 02:51:08,,,
5680619,Переносный транзисторный телевизор «Электроника ВЛ-100»,,Телевизионный и радиоприем. Звукотехника. Выпуск 070.,,"В.Я.Мунин, З.Б.Голынкин, В.Е.Минус, Л.И.Лащик",1973,,Связь,М.,105,0,Russian,Техника//Электроника//Домашняя электроника,homelab,189-199,,,,,,,,,,,"Scan, Djvuing: Сидор Сидоров, 2009",0,,,,,,,,2973949,djvu,4B1C85D51706EB13A4845A20EB7FCCF9,,,D:\\homelab\\Мухин В.Я. и др. Переносной транзисторный телевизор Электроника-ВЛ100. 1973.djvu,0,2000-01-01 01:00:00,2016-04-03 02:51:08,239000/4b1c85d51706eb13a4845a20eb7fccf9-d.jpg,,
5680620,Robot Motion and Control: Recent Developments,,Lecture Notes in Control and Information Sciences 335,,Krzysztof R. Kozlowski,2006,1,Springer,,397,0,English,Техника//Электроника//Робототехника,,,"9781846284045,184628404X",,,,,,,,,OL8962588M,,0,,,,,,,T,4716271,djvu,4B3F88A67F1407AF73EAC400AE9D5F19,,,G:\\!upload\\!add\\!isbns\\LNCIS 335 - Kozlowski K. - Robot motion and control.. recent developments - Springer 2006 - ISBN 184628404x (397s).djvu,0,2000-01-01 01:00:00,2016-04-03 02:51:08,239000/4b3f88a67f1407af73eac400ae9d5f19-d.jpg,,
5680617,Chinese and Related North American Herbs: Phytopharmacology and Therapeutic Values,,,,Thomas S. C. Li,2002,1,CRC Press,,611,0,English,Химия//Фармакология,,,"9781587161285,1-58716-128-1",,,,,,,,,OL8823002M,,0,,,,,,,T,10495748,pdf,4AD61FD324340AD6E5D8B91E76A86B59,,,G:\\!upload\\!add\\biology\\Pharmacology\\Li_Chinese and Related North American Herbs-Phytopharmacology and Therapeutic Values.pdf,0,2000-01-01 01:00:00,2016-04-03 02:51:08,239000/4ad61fd324340ad6e5d8b91e76a86b59-d.jpg,,
5680618,Эктоны.,ч.3,,,Месяц Г.А.,1994,,,,265,0,Russian,Техника//Энергетика,homelab,189-199,,,,,,,,,,,,0,,,,,,,,28153282,pdf,4B0597635EF522413B42D58C24A7F02B,,,D:\\homelab\\Месяц Г.А. Эктоны. ч.3 1994.pdf,0,2000-01-01 01:00:00,2016-04-03 02:51:08,,,
5680616,Косметический ремонт в малогабаритной квартире.,,,,Зайцев В.Б.,2008,,,,132,0,Russian,Медицина//Научно-популярная литература,homelab,189-199,,,,,,,,,,,,0,,,,,,,,92017765,pdf,4AD469B46361D6FC490B5C936070B412,,,D:\\homelab\\Зайцев В.Б. Косметический ремонт в малогабаритной квартире. 2008.pdf,0,2000-01-01 01:00:00,2016-04-03 02:51:08,,,
5680614,"Guitars, Design, Production and Repair",,,,Jim Donahue,2003,,Imprintbooks,,161,0,English,Искусство//Музыка//Гитара,,,"9781591097259,1591097258",,,,,,,,,OL9468808M,,0,,,,,,,,4802798,pdf,4AC8EF183D47C16E376B059DD8DA9251,,,"G:\\!upload\\!add\\!isbns\\Imprintbooks - 2003 - Guitars. Design, Production and Repair - ISBN 1591097258 - 161s - Jakarta-Underground.pdf",0,2000-01-01 01:00:00,2016-04-03 02:51:08,239000/4ac8ef183d47c16e376b059dd8da9251-d.jpg,,
5680615,Introduction to Coding Theory and Algebraic Geometry,,DMV Seminar,,"J. Van Lint, G. Van Der Geer, Jacobus Hendricus Van Lint, Jacobus H. Van Lint, Gerard Van Der Geer",1989,,Birkhauser,,41,0,English,Математика//Геометрия и топология,,,"9780817622305,0-8176-2230-6",,,,,629.8/312,QA268 .L573 1988,,,OL2042650M,,0,,,,,,,,2776361,pdf,4AD041031FA79834483D4180AA159303,,,G:\\!upload\\!add\\!\\Birkhauser - Introduction To Coding Theory And Algebraic Geometry - Jacobus Van Lint.pdf,0,2000-01-01 01:00:00,2016-04-03 02:51:08,,,
5680612,Рынок ценных бумаг - Методические Указания,,,,Иванова-Огорелкова,2004,,,,34,0,Russian,,gaudeamus.narod.ru,,,,,,,,,,,,,0,,,,,,,,481251,pdf,4A790D1443E12C42EB885CD6520D66E2,,,D:\\homelab\\gaudeamus.narod.ru\\Рынок ценных бумаг - МУ - Иванова-Огорелкова - 2004 - 68.pdf,0,2000-01-01 01:00:00,2016-04-03 02:51:08,,,
5680613,Handbook of Raman Spectroscopy,,Practical Spectroscopy,,Ian R. Lewis,2001,1st,CRC Press,,1049,0,English,,,,"9780824705572,0824705572",,,,,543/.08584,QD96.R34 H36 2001,,,OL17919727M,,0,,,,,,,,39158284,pdf,4A8DA510541256F9056058FDA4BB7F9B,,,G:\\!upload\\!add\\!isbns\\Lewis and Edwards_ Handbook of Raman Spectroscopy (Mercell Dekker_ 2001)(ISBN 0824705572).pdf,0,2000-01-01 01:00:00,2016-04-03 02:51:08,239000/4a8da510541256f9056058fda4bb7f9b-d.jpg,,
5680610,Biological Systematics: The State of the Art,,,,Alessandro Minelli,1993,1,Springer,,203,0,English,Биология,,,"9780412364402,0412364409",,,,,574/.014,QH83 .M655 1993,,,OL1396185M,,300,,,,,,,0,2457554,djvu,4A6A9E220536822E0A3C311E96372F67,,,G:\\!upload\\!add\\bi\\minelli1993_biol_syst.djvu,0,2000-01-01 01:00:00,2016-04-03 02:51:08,239000/4a6a9e220536822e0a3c311e96372f67-d.jpg,,
5680611,РМГ 59-2003 ГСИ. Проверка пригодности к применению реактивов с истекшим сроком хранения способом внутрилабораторного контроля точности измерений,,,,ФГУП УНИИМ,2004,,ИПК Издательство стандартов,,11,0,Russian,Химия,Якова Кротова б-ка,,,,,,,,,,,,,0,,,,,,,,366129,pdf,4A71F4BBD7267302A0C48F04BED3FED0,,,"E:\\!!!chem\\РМГ 59-2003 ГСИ. Проверка пригодности к применению реактивов с истекшим сроком хранения способом внутрилабораторного контроля точности измерений авторы- ФГУП УНИИМ издательство- ИПК Издательство стандартов, 2004 г.pdf",0,2000-01-01 01:00:00,2016-04-03 02:51:08,,,
5680609,Физические величины и их единицы.,,,,Стоцкий Л.Р.,1984,,,,246,0,Russian,,homelab,189-199,,,,,,,,,,,,0,,,,,,,,20921675,pdf,4A275E782C7DEC2E65840D8448252877,,,D:\\homelab\\Стоцкий Л.Р. Физические величины и их единицы. 1984.pdf,0,2000-01-01 01:00:00,2016-04-03 02:51:08,,,
5680607,Finite Element Methods with B-Splines,,Frontiers in Applied Mathematics 26,,Klaus Höllig,2003,,Society for Industrial  Mathematics,,156,0,English,Математика//Вычислительная математика,,,"9780898715330,0-89871-533-4",,,,,620/.001/51535,TA645 .H63 2003,,,OL17908369M,,0,,,,,,,T,19534238,pdf,4A0778829F6EF9C07CA13295F5C27E6A,,,G:\\!upload\\!add\\!isbns\\Hollig - Finite Elements Methdos With B-Splines (Siam 2003).pdf,0,2000-01-01 01:00:00,2016-04-03 02:51:08,239000/4a0778829f6ef9c07ca13295f5c27e6a-d.jpg,,
5680608,Информационные системы планирования и управления проектами - Методические Указания,,,,Стахурлов,2006,,,,29,0,Russian,Компьютеры//Информационные системы,gaudeamus.narod.ru,,,,,,,,,,,,,0,,,,,,,,511661,pdf,4A26477623CE976608B42A56FFE9D87C,,,D:\\homelab\\gaudeamus.narod.ru\\Информационные системы планирования и управления проектами - МУ - Стахурлов - 2006 - 29.pdf,0,2000-01-01 01:00:00,2016-04-03 02:51:08,,,
5680605,Neurological Foundations of Cognitive Neuroscience,,Issues in Clinical and Cognitive Neuropsychology,,Mark D'Esposito,2002,illustrated edition,The MIT Press,,303,0,English,Медицина//Неврология,,,"9780262042093,0-262-04209-6",,,,,,,,,OL10236916M,,0,,,,,,,,2614931,djvu,49F615E39CE92CB85140DC3D1E729DEB,,,G:\\!upload\\!add\\biology\\Neuroscience\\Neurological Foundations of Cognitive Neuroscience - Mark DEsposito.djvu,0,2000-01-01 01:00:00,2016-04-03 02:51:08,239000/49f615e39ce92cb85140dc3d1e729deb-d.jpg,,
5680606,Origination of Organismal Form: Beyond the Gene in Developmental and Evolutionary Biology,,Vienna Series in Theoretical Biology,,"Gerd Müller, Stuart Newman, Gerd B. MÃ¼ller, Stuart A. Newman",2003,illustrated edition,The MIT Press,,343,0,English,Биология,,,"9780262134194,0-262-13419-5",,,,,571.3,QH491 .O576 2003,,,OL21662084M,,0,,,,,,,T,3556841,pdf,4A05EB595ACE8F0EABA39E470F9E46D3,,,G:\\!upload\\!add\\bi\\mueller2003_orig_organismal_form.pdf,0,2000-01-01 01:00:00,2016-04-03 02:51:08,239000/4a05eb595ace8f0eaba39e470f9e46d3-d.jpg,,
5680604,How to Think Like a Computer Scientist: Learning with Python,,,,"Allen B. Downey, Jeffrey Elkner, Chris Meyers",2002,,Green Tea Press,,304,0,English,Образование,,,"9780971677500,0-9716775-0-6",,,,,,,,,OL8565295M,,0,,,,,,,T,823524,pdf,49F28DD92258DD9EF9A97EE465426BEE,,,G:\\!upload\\!add\\!\\thinkcspy.pdf,0,2000-01-01 01:00:00,2016-04-03 02:51:08,239000/49f28dd92258dd9ef9a97ee465426bee-d.jpg,,
5680602,Endurance:  Winning Life's Majors the Phil Mickelson Way,,,,David Magee,2005,1,"John Wiley & Sons, Inc.",,224,0,English,,,,"9780471720874,0-471-72087-9",,,,,,,,,OL7620593M,,0,,,,,,,T,1867770,pdf,49B1B52AE8C71D2C5115AA8F01D7B6FB,,,G:\\!upload\\!add\\!\\John.Wiley.&.Sons.-Endurance.Winning.Lifes.Majors.the.Phil.Mickelson.Way.Mar.2005.eBook-TLFeBOOK.pdf,0,2000-01-01 01:00:00,2016-04-03 02:51:08,239000/49b1b52ae8c71d2c5115aa8f01d7b6fb-d.jpg,,
5680603,Эксплуатация резервуаров склада горюче-смазочных материалов.,,,,Ипатов А.М.,1985,,,,88,0,Russian,Техника,homelab,189-199,,,,,,,,,,,,0,,,,,,,,10380718,pdf,49BB266538BCFB59E1B5B29201E5BC1D,,,D:\\homelab\\Ипатов А.М. Эксплуатация резервуаров склада горюче-смазочных материалов. 1985.pdf,0,2000-01-01 01:00:00,2016-04-03 02:51:08,,,
5680601,"Parallel Computing for Bioinformatics and Computational Biology: Models, Enabling Technologies, and Case Studies",,Wiley Series on Parallel and Distributed Computing,,Albert Y. Zomaya,2006,,Wiley-Interscience,,794,0,English,Математика//Вычислительная математика,,,"0471718483,9780471718482",,,,,572.8/0285,QH324.2 .Z66 2005,,,OL17196174M,,0,,,,,,,T,13068703,pdf,49A8F120A52FC59CFBD97FE67F5A1A81,,,G:\\!upload\\!add\\!isbns\\Wiley.Parallel.Computing.for.Bioinformatics.and.Computational.Biology.ebook-Spy.pdf,0,2000-01-01 01:00:00,2016-04-03 02:51:08,239000/49a8f120a52fc59cfbd97fe67f5a1a81-d.jpg,,
5680599,An Introduction to Digital Audio,,Music Technology,,John Watkinson,1995,,Focal Press,,399,0,English,Техника//Электроника,,,"9780240513782,0240513789",,,,,621.389/3,TK7881.4 .W3834 1994,,,OL1090156M,,0,,,,,,,,18843413,pdf,495C66B53D6E482ED091252EA7C9755E,,,G:\\!upload\\!add\\!isbns\\Focal Press - 1995 - Music Technology - An Introduction to Digital Audio - ISBN 0240513789 - 399s.pdf,0,2000-01-01 01:00:00,2016-04-03 02:51:08,239000/495c66b53d6e482ed091252ea7c9755e-d.jpg,,
5680600,"Aufgabensammlung Elektrotechnik, Bd.2, Magnetisches Feld und Wechselstrom",,,,"Martin Vömel, Dieter Zastrow",2003,,Vieweg Verlagsgesellschaft,,234,0,German,Физика//Электричество и магнетизм,,,"9783528038229,3-528-03822-5",,,,,,,,,OL12768489M,,0,,,,,,,,103105236,pdf,49A3938234D806B12E167A60BA49417E,,,G:\\!upload\\!add\\!\\Elektronik - Vieweg - Nachrichtentechnik.pdf,0,2000-01-01 01:00:00,2016-04-03 02:51:08,239000/49a3938234d806b12e167a60ba49417e-d.jpg,,
5680598,The Prokaryotes,vol 5,,,"Martin Dworkin, Stanley Falkow, Eugene Rosenberg, Karl-Heinz Schleifer, Erko Stackebrandt",2006,3,Springer,,964,0,English,,,,"9780387254951,0-387-25495-1",,,,,579.3/012,QR72.5 .P76 2006,,,OL17155082M,,0,,,,,,,,15323716,pdf,49316529B81D4CE3F63896314FE4050A,,,G:\\!upload\\!add\\bi\\dworkin2006_prokaryotes_5.pdf,0,2000-01-01 01:00:00,2016-04-03 02:51:08,239000/49316529b81d4ce3f63896314fe4050a-d.jpg,,
5680596,Проектирование и конструктции вертолетов.,,,,Братухин И.П.,1955,,,,368,0,Russian,Техника,homelab,189-199,,,,,,,,,,,,0,,,,,,,,8569513,djvu,491119631550C8640E6C695A87CE8419,,,D:\\homelab\\Братухин И.П. Проектирование и конструктции вертолетов. (1955) .djvu,0,2000-01-01 01:00:00,2016-04-03 02:51:08,,,
5680597,Атлас ультрафиолетовых спектров поглощения веществ применяющихся в производстве синтетических каучуков,,,,"Фихтенгольц В.С., Золотарева Р.В., Львов Ю.А.",1969,,,,95,0,Russian,Техника,Якова Кротова б-ка,,,,,,,,,,,,,0,,,,,,,,1950643,djvu,493003692F068F971096E5D1EA463A66,,,"E:\\!!!chem\\Фихтенгольц В.С., Золотарева Р.В., Львов Ю.А.~Атлас ультрафиолетовых спектров поглощения веществ применяющихся в производстве синтетических каучуков~1969.djvu",0,2000-01-01 01:00:00,2016-04-03 02:51:08,,,
5680594,Развитие Земли,,,,Садовничий В.А. (ред),,,,,372,0,Russian,Математика//Вычислительная математика,homelab,189-199,,,,,,,,,,,,0,,,,,,,,7573446,pdf,48B2506297120816F77E0414AFFE2DF7,,,D:\\homelab\\Садовничий В.А. (ред) Развитие Земли. () .pdf,0,2000-01-01 01:00:00,2016-04-03 02:51:08,,,
5680595,Idempotent Matrices over Complex Group Algebras,,Universitext,,Ioannis Emmanouil,2005,1,Springer,,288,0,English,Математика//Алгебра,,,"3540279903,9783540279907",,,,,,,,,OL9055775M,,0,,,,,,,T,3597121,pdf,48C6CEECE37C83A2D39FDF6727DDE38E,,,"G:\\!upload\\!add\\!\\Emmanouil - Idempotent matrices over complex group algebras (Universitext, Springer 2006).pdf",0,2000-01-01 01:00:00,2016-04-03 02:51:08,239000/48c6ceece37c83a2d39fdf6727dde38e-d.jpg,,
5680593,Automatic and Concealable Firearms Design Book,vol 3,,,,1982,,Paladin Pr,,57,0,English,Техника//Военная техника//Оружие,,,"9780873642248,0-87364-224-4",,,,,,,,,OL11117178M,,0,,,,,,,,31220689,pdf,48B035DC2E9813F63CAA3AF399F461BE,,,G:\\!upload\\!add\\!\\Firearm Automatic and Concealed Weapons vol.3 Paladin Press(1).pdf,0,2000-01-01 01:00:00,2016-04-03 02:51:08,,,
5680590,Эти удивительные кошки,,,,,2002,,,,272,0,Russian,"Домоводство, досуг//Домашние питомцы",homelab,189-199,"5-17-015129-2,5-271-04618-4",,,,,,,,,,,0,,,,,,,T,5089425,pdf,484700F036533DCDD2A96DC48DFFC3AE,,,D:\\homelab\\Эти удивительные кошки 2002.pdf,0,2000-01-01 01:00:00,2016-04-03 02:51:08,,,
5680591,Organisms and Artifacts: Design in Nature and Elsewhere,,Life and Mind: Philosophical Issues in Biology and Psychology,,Tim Lewens,2004,illustrated edition,The MIT Press,,196,0,English,Наука (общее)//Научно-популярное,,,"0262122618,9780262122610",,,,,,,,,OL9431206M,,0,,,,,,,T,1107236,pdf,484DC3C68D98C4B5B561983BEDA52320,,,G:\\!upload\\!add\\bi\\lewens2004_design.pdf,0,2000-01-01 01:00:00,2016-04-03 02:51:08,239000/484dc3c68d98c4b5b561983beda52320-d.jpg,,
5680592,Text Mining for Biology And Biomedicine,,,,"Sophia Ananiadou, John Mcnaught",2005,,Artech House Publishers,,300,0,English,Медицина,,,"9781580539845,1-58053-984-X",,,,,570.285/635,QH324.2 .T45 2005,,,OL22721056M,,0,,,,,,,T,1572492,pdf,486B62075833F820DBD0EFC923CCF982,,,G:\\!upload\\!add\\st\\anaioudou2006_text_mining_biol.pdf,0,2000-01-01 01:00:00,2016-04-03 02:51:08,239000/486b62075833f820dbd0efc923ccf982-d.jpg,,
5680588,"Mathematical Problems and Proofs: Combinatorics, Number Theory, and Geometry",,,,Branislav Kisacanin,1998,1,Kluwer,,237,0,English,Математика,,,"9780306459672,0-306-45967-1",,,,,511/.6,QA164 .K57 1998,,,OL375337M,,0,,,,,,,,6063542,pdf,47E2AC2C87EC7675018F0CF7065F306F,,,"G:\\!upload\\!add\\!\\Kluwer - Mathematical Problems And Proofs - Combinatorics, Number Theory, and Geometry - 2002xx.pdf",0,2000-01-01 01:00:00,2016-04-03 02:51:08,239000/47e2ac2c87ec7675018f0cf7065f306f-d.jpg,,
5680589,Selected Writings on Aesthetics,,,,"Johann Gottfried Herder, Gregory Moore",2006,annotated edition,Princeton University Press,,468,0,English,,,,"0691115958,9780691115955",,,,,111/.85,BH39 .H456213 2006,,,OL21362643M,,0,,,,,,,T,1385774,pdf,4815ACCC357E4D1C75D530EE48D00A02,,,G:\\!upload\\!add\\!\\Herder [Z] OV. Selected Writings on Aesthetics (IN) BB (v. Moore. Princeton. 2006).pdf,0,2000-01-01 01:00:00,2016-04-03 02:51:08,239000/4815accc357e4d1c75d530ee48d00a02-d.jpg,,
5680587,Светотехника. Краткое справочное пособие,,,,Варфоломеев Л.П.,2004,,Световые Технологии,,128,0,Russian,Техника,homelab,189-199,,,,,,,,,,,,0,,,,,,,,4858031,pdf,47E0FB7C9337276E8EA8EFDAC2C072D7,,,D:\\homelab\\Варфоломеев Л.П. Светотехника 2004.pdf,0,2000-01-01 01:00:00,2016-04-03 02:51:08,239000/47e0fb7c9337276e8ea8efdac2c072d7-d.jpg,,
5680585,Энциклопедический словарь Брокгауза и Ефрона.,т.26а,,,,1899,,,,502,0,Russian,Языкознание//Словари,homelab,189-199,,,,,,,,,,,,0,,,,,,,,10049887,djvu,47B649642B5D19F73FE86E3B9261B956,,,D:\\homelab\\Много авт. Энциклопедический словарь Брокгауза и Ефрона. т.26а 1899.djvu,0,2000-01-01 01:00:00,2016-04-03 02:51:08,,,
5680586,Photoshop LAB Color: The Canyon Conundrum and Other Adventures in the Most Powerful Colorspace,,,,Dan Margulis,2005,,Peachpit Press,,481,0,English,Компьютеры//Программы//Продукты Adobe,,,"9780321356789,0-321-35678-0",,,,,778.660285686,TR267.5.A3 M37 2006,,,OL23092023M,,0,,,,,,,,57384044,pdf,47C69C40F1F88516F069E5AAF9B91D23,,,G:\\!upload\\!add\\!\\margulis_photoshop_lab.pdf,0,2000-01-01 01:00:00,2016-04-03 02:51:08,239000/47c69c40f1f88516f069e5aaf9b91d23-d.jpg,,
5680583,Аэродинамика элементов летательных аппаратов.,,,,Петров К.П.,1985,,,,262,0,Russian,Физика//Механика//Механика жидкости и газа,homelab,189-199,,,,,,,,,,,,0,,,,,,,,347855303,pdf,47A269BD35863D34682841912A8A1742,,,D:\\homelab\\Петров К.П. Аэродинамика элементов летательных аппаратов. 1985.pdf,0,2000-01-01 01:00:00,2016-04-03 02:51:08,,,
5680584,JBuilder 8.0 JFC and SWING Programming,,,,Chuck Easttom,2002,1st,"Wordware Publishing, Inc.",,397,0,English,Компьютеры//Программирование,,,"9781556229008,1-55622-900-3",,,,,,,,,OL8594377M,,0,,,,,,,T,2518985,pdf,47AB363E89D502D1D84478FA86755F99,,,"G:\\!upload\\!add\\!\\Wordware.Publishing,.JBuilder.8.0.JFC.and.Swing.Programming.(2003);.OCR.6.0.ShareConnector.pdf",0,2000-01-01 01:00:00,2016-04-03 02:51:08,239000/47ab363e89d502d1d84478fa86755f99-d.jpg,,
5680581,Numerical Solution of Elliptic Equations,,CBMS-NSF Regional Conference Series in Applied Mathematics,,Garret Birkhoff,1972,,Society for Industrial & Applied Mathematics,,95,0,English,Математика,,,"9780686242512,9780898710014,0686242513,0898710014",,,,,,,,,OL11138811M,,0,,,,0,1,,1,8677046,pdf,474B40F052F32E2BA83157D41EB7DCC0,,,G:\\!upload\\!add\\!\\Numerical Solution Of Elliptic Equations (Cbms-Nsf Regional Conference Series In Applied Mathematics) (Garrett Birkhoff) 0898710014.pdf,0,2000-01-01 01:00:00,2016-04-03 02:51:08,239000/474b40f052f32e2ba83157d41eb7dcc0-d.jpg,,
5680582,Мотивация и деятельность.,т.2,,,Хекхаузен Х.,1986,,,,392,0,Russian,,homelab,189-199,,,,,,,,,,,,0,,,,,,,,6492330,djvu,47957553B16B54C723CA672A7F616D2C,,,D:\\homelab\\Хекхаузен Х. Мотивация и деятельность. т.2 1986.djvu,0,2000-01-01 01:00:00,2016-04-03 02:51:08,,,
5680580,DNA Methylation Protocols,,Methods in Molecular Biology 200,,"Ken I. Mills, Bernie H. Ramsahoye",2002,1,Humana Press,,192,0,English,Биология//Генетика,,,"9780896036185,0-89603-618-9",,,,,,,,,OL17033479M,,0,,,,,,,,1520860,pdf,47415A59C65CAF8751FA908C49876353,,,G:\\!upload\\!add\\!\\Methods In Molecular Biology Vol 200 - DNA Methylation Protocols - Humana Press.pdf,0,2000-01-01 01:00:00,2016-04-03 02:51:08,239000/47415a59c65caf8751fa908c49876353-d.jpg,,
5680578,Joseph Cornell and Astronomy: A Case for the Stars,,,,Kirsten Hoving,2008,illustrated edition,Princeton University Press,,319,0,English,Физика,,,"0691134987,978-0-691-13498-7",,,,,709.2,N6537.C66 H68 2009,,,OL16414042M,,0,,,,,,,T,5051837,pdf,471238186A4744CA29211240621D8710,,,"G:\\!upload\\!add\\!\\Joseph Cornell and Astronomy - A Case for the Stars - K. Hoving (Princeton, 2009) WW.pdf",0,2000-01-01 01:00:00,2016-04-03 02:51:08,239000/471238186a4744ca29211240621d8710-d.jpg,,
5680579,Handbook Of Electrical Design Details,,,,"Sclater, Traister",2003,2,MGH,,455,0,English,Техника//Электроника//Электротехника,,,,,,,,,,,,,,0,,,,,,,,7548281,pdf,4736C2B4D7CA4CB85A68ACE71AC2678E,,,"G:\\!upload\\!add\\!\\&Handbook Of Electrical Design Details, 2Nd Edition (2003){Home Wiring Nec Ansi) - Tlf.pdf",0,2000-01-01 01:00:00,2016-04-03 02:51:08,,,
5680577,Understanding and Using Linear Programming,,Universitext,,"Jiri Matousek, Bernd Gärtner",2006,1,Springer,,229,0,English,Компьютеры//Программирование,,,"9783540306979,3-540-30697-8",,,,,,,,,OL15980543M,,0,,,,,,,T,2383912,pdf,47073FE4CF14BEBC3CB4E0C93898953B,,,"G:\\!upload\\!add\\!\\Matousek, Gartner - Understanding and Using Linear Programming(Universitext, springer 2006)(3540306978)(226s).pdf",0,2000-01-01 01:00:00,2016-04-03 02:51:08,239000/47073fe4cf14bebc3cb4e0c93898953b-d.jpg,,
5680575,Introduction to Biostatistics,,,,"Robert R. Sokal, F. James Rohlf",1987,2,Dover Publications,New York,190,0,English,Математика//Математическая статистика,,0,"9780486469614,0-486-46961-1",,,,,570.1/5195,QH323.5 .S633 2009,,,OL22679497M,,0,0,0,,,,,,5476522,djvu,46F6997291B147C43B66459F68E28C1A,,,G:\\!upload\\!add\\st\\sokal2009_intro_biostat.djvu,0,2000-01-01 01:00:00,2016-04-03 02:51:08,239000/46f6997291b147c43b66459f68e28c1a-d.jpg,,
5680576,Flora iberica: Plantas vasculares de la Peninsula Iberica e Islas Baleares,vol 14,,,,1986,,"Real Jardin Botanico, C.S.I.C",,304,0,Spanish,Биология//Растения//Ботаника,,,"9788400062217,84-00-06221-3",,,,,581.946,QK328 .F56 1986,,,OL22110814M,,0,,,,,,,T,6739375,pdf,46FCAB4B80DCAB6B06AB0C2DB4B0CEFF,,,G:\\!upload\\!add\\bi\\flora_iberica_14.pdf,0,2000-01-01 01:00:00,2016-04-03 02:51:08,,,
5680573,Wetlands,,Biomes of the Earth,,"Peter D. Moore, Richard Garratt",2006,,Chelsea House Publications,,241,0,English,Геология,,,"9780816053247,0-8160-5324-3",,,,,577.68,QH541.5.M3 M664 2006,,,OL3396655M,,0,,,,,,,T,11329051,pdf,46CAD7F2C110E0AE6AA4D55E1EB45B03,,,G:\\!upload\\!add\\bi\\biomes_moore2006_wetlands.pdf,0,2000-01-01 01:00:00,2016-04-03 02:51:08,239000/46cad7f2c110e0ae6aa4d55e1eb45b03-d.jpg,,
5680574,"Content Networking: Architecture, Protocols, and Practice",,The Morgan Kaufmann Series in Networking,,"Markus Hofmann, Leland R. Beaumont",2005,,Morgan Kaufmann,,373,0,English,Компьютеры//Сети,,,"9781558608344,1-55860-834-6",,,,,,,,,OL8606608M,,0,,,,,,,T,8406191,pdf,46E08D87D78EF6037407E797E1A0F8CB,,,"G:\\!upload\\!add\\!\\Morgan Kaufmann - Content Networking - Architecture, Protocols, and Practice (Markus Hofmann and Leland Beaumont,2005).Ebook-TJH-Bookmarked.pdf",0,2000-01-01 01:00:00,2016-04-03 02:51:08,239000/46e08d87d78ef6037407e797e1a0f8cb-d.jpg,,
5680572,Elliptic Partial Differential Equations and Quasiconformal Mappings in the Plane,,PMS-48,,"Kari Astala, Tadeusz Iwaniec, Gaven Martin",2008,First Edition,Princeton University Press,,696,0,English,Математика,,,"0691137773,9780691137773",,,,,515/.93,QA377 .A836 2009,,,OL22501397M,,0,,,,,1,,T,7066141,pdf,4693290A4D5D966E6CC2A302887E63DC,,,"G:\\!upload\\!add\\!\\Elliptic Partial Differential Equations and Quasiconformal Mappings in the Plane (Princeton Mathematical Series) (Kari Astala, et al) 0691137773.pdf",0,2000-01-01 01:00:00,2016-04-03 02:51:08,239000/4693290a4d5d966e6cc2a302887e63dc-d.jpg,,
5680570,Жидкостная хроматография,,,,"Стыскин Е.Л., Ициксон Л.Б., Брауде Е.В.",0,,,,213,0,Russian,Химия,Якова Кротова б-ка,0,,,,,,,,,,,,0,,,,,1,,,2697020,djvu,46723FFCB823EDB2ADC444DE25D3EEA9,,,"E:/!!!chem/Стыскин Е.Л., Ициксон Л.Б., Брауде Е.В.~жидкостная хроматография.djvu",0,2000-01-01 01:00:00,2016-04-03 02:51:08,,,
5680571,Virus Taxonomy: VIIIth Report of the International Committee on Taxonomy of Viruses,,,,"Claude M. Fauquet, M.A. Mayo, J. Maniloff, U. Desselberger, L.A. Ball",2005,2,Academic Press,,1273,0,English,Медицина,,,"9780122499517,0-12-249951-4",,,,,,,,,OL17205959M,,0,,,,,,,T,25910187,pdf,467AC70FA7704111621765C380901A75,,,G:\\!upload\\!add\\bi\\fauquet2005_virus_taxonomy.pdf,0,2000-01-01 01:00:00,2016-04-03 02:51:08,239000/467ac70fa7704111621765c380901a75-d.jpg,,
5680569,Galois Theory,,Universitext,,Steven H. Weintraub,2005,1,Springer,,194,0,English,Математика//Алгебра,,,"9780387287256,0-387-28725-6",,,,,,,,,OL7445102M,,0,,,,,,,T,8711604,pdf,462A7143A556FA488CCA4ECE384E9455,,,G:\\!upload\\!add\\!isbns\\Weintraub S. Galois Theory(Universitext)(Springer)(2006).pdf,0,2000-01-01 01:00:00,2016-04-03 02:51:08,239000/462a7143a556fa488cca4ece384e9455-d.jpg,,
5680567,Проектирование систем автоматики,,,,"Мартыненко И.И., Лысенко В.Ф.",1990,,,,112,0,Russian,Техника,homelab,189-199,,,,,,,,,,,,0,,,,,,,,3269718,djvu,45A462793CA59F6130F0ECFD4C7F163C,,,"D:\\homelab\\Мартыненко И.И., Лысенко В.Ф. Проектирование систем автоматики 1990.djvu",0,2000-01-01 01:00:00,2016-04-03 02:51:08,,,
5680568,Your Money or Your Life: Economy and Religion in the Middle Ages,,,,"Jacques Le Goff, Patricia Ranum",1988,,Zone Books,,59,0,English,История,,,"9780942299144,0-942299-14-0",,,,,330.94/01,HC41 .L4313  1988,,,OL2395543M,,0,,,,,,,,34339566,pdf,45E587DEF355D6C22808B8D06408D14F,,,G:\\!upload\\!add\\Academic books\\History and archaeology\\Le Goff - Your money or your life.pdf,0,2000-01-01 01:00:00,2016-04-03 02:51:08,239000/45e587def355d6c22808b8d06408d14f-d.jpg,,
5680566,Химия фукосанов. Реакции и применение,том 1,,,"Хмельницкий Л.И., Новиков С.С., Годовикова Т.И.",1996,,,,193,0,Russian,Химия,Якова Кротова б-ка,,,,,,,,,,,,,0,,,,,,,,2663640,djvu,452AAE1688554FEB87F2CD64D8941685,,,"E:\\!!!chem\\Хмельницкий Л.И., Новиков С.С., Годовикова Т.И.~Химия фукосанов. Реакции и применение 1~1996.djvu",0,2000-01-01 01:00:00,2016-04-03 02:51:08,,,
5680564,Аналитическая хроматография,,,,"Сакодынский К.И., Бражников В.В., Волков С.А. Зельвенский В.Ю., Ганкина Э.С. Шатц В.Д.",1993,,,,232,0,Russian,Химия,Якова Кротова б-ка,,,,,,,,,,,,,0,,,,,,,,5107543,djvu,44C0DB42E45A119250C4C5EB36F08EFA,,,"E:\\!!!chem\\Сакодынский К.И., Бражников В.В., Волков С.А. Зельвенский В.Ю., Ганкина Э.С. Шатц В.Д. (1993) Аналитическая хроматография.djvu",0,2000-01-01 01:00:00,2016-04-03 02:51:08,,,
5680565,Химия и физика полимеров,,,,"Тугов И.И., Кострыкина Г.И.",1989,,,,215,0,Russian,Физика,Якова Кротова б-ка,,,,,,,,,,,,,0,,,,,,,,9050265,djvu,45287CA3AAFA92574F4DD4F9C700B327,,,"E:\\!!!chem\\Тугов И.И., Кострыкина Г.И.~ Химия и физика полимеров~1989.djvu",0,2000-01-01 01:00:00,2016-04-03 02:51:08,,,
5680563,Data Analysis and Visualization in Genomics and Proteomics,,,,"Francisco Azuaje, Joaquin Dopazo",2005,1,Wiley,,269,0,English,Компьютеры//Организация и обработка данных,,,"9780470094396,0-470-09439-7",,,,,,,,,OL17153320M,,0,,,,,,,,1857967,djvu,44AF5F8F10DF397643D9412D20E605FA,,,G:\\!upload\\!add\\biology\\Genetics\\Data Analysis and Visualization in Genomics and Proteomics -  Francisco Azuaje.djvu,0,2000-01-01 01:00:00,2016-04-03 02:51:08,239000/44af5f8f10df397643d9412d20e605fa-d.jpg,,
5680562,The Forensic Laboratory Handbook: Procedures and Practice,,Forensic Science and Medicine,,"Ashraf Mozayani, Carla Noziglia",2005,1,Humana Press,,394,0,English,,,,"9781588294647,1-58829-464-1",,,,,363.25,HV8073 .F577 2006,,,OL22723914M,,0,,,,,,,,9261550,pdf,448DB59190447C29171519985D8C05F9,,,"G:\\!upload\\!add\\!isbns\\[Isilo Book - Medicine] Pharmacology - Color Atlas Of Pharmacology, Thieme 2nd Ed. (By H. Lullmann Et Al. ,Thieme 2000, Isbn 0865778434).pdf",0,2000-01-01 01:00:00,2016-04-03 02:51:08,239000/448db59190447c29171519985d8c05f9-d.jpg,,
5680560,Marketing Management,,,,"Philip Kotler, Kevin Lane Keller",2006,12,Prentice Hall,,811,0,English,Бизнес//менеджмент,,,"9780131457577,0-13-145757-8",,,,,,,,,OL7336549M,,0,,,,,,,,98126852,pdf,440F55777D91BD1AD73752765D9E0174,,,G:\\!upload\\!add\\!\\Prentice Hall - Marketing Management 12th Ed - Kotler and Keller (2006).pdf,0,2000-01-01 01:00:00,2016-04-03 02:51:08,239000/440f55777d91bd1ad73752765d9e0174-d.jpg,,
5680561,Echidna: Extraordinary Egg-Laying Mammal,,Australian Natural History Series,,"Michael Augee, Brett Gooden, Anne Musser",2006,,CSIRO Publishing,,145,0,English,,,,"9780643092044,0-643-09204-8",,,,,,,,,OL11025905M,,0,,,,,,,T,6871579,pdf,4472591E65C7F4F51AE7E2C0E643E78C,,,G:\\!upload\\!add\\bi\\augee2006_echidna.pdf,0,2000-01-01 01:00:00,2016-04-03 02:51:08,239000/4472591e65c7f4f51ae7e2c0e643e78c-d.jpg,,
5680558,Designing and Building the Sheet Metal Brake,vol 7,,,David J. Gingery,1980,Revised,David J Gingery,,52,0,English,Техника//Строительство,,,"9781878087065,1-878087-06-1",,,,,,,,,OL8658913M,,0,,,,,,,,2503749,pdf,438A6A65B6AAF810B86BC4399EB8C44A,,,G:\\!upload\\!add\\!\\Metalworking The Sheet Metal Brake Vol7 - Gingery.pdf,0,2000-01-01 01:00:00,2016-04-03 02:51:08,239000/438a6a65b6aaf810b86bc4399eb8c44a-d.jpg,,
5680559,Galois Theory,,Universitext,,Steven H. Weintraub,2005,1,Springer,,195,0,English,Математика//Алгебра,,,"9780387287256,0-387-28725-6",,,,,,,,,OL7445102M,,0,,,,,,,T,8841142,pdf,43CE75A4968D0D28EA4B320D4B6CAAFD,,,G:\\!upload\\!add\\!\\Galois Theory (Universitext) (Steven H. Weintraub) 0387287256.pdf,0,2000-01-01 01:00:00,2016-04-03 02:51:08,239000/43ce75a4968d0d28ea4b320d4b6caafd-d.jpg,,
5680557,"Programmable Logic Controllers, Fourth Edition",,,,W. Bolton,2006,4,Newnes,,304,0,English,Математика//Математическая логика,,,"9780750681124,0-7506-8112-8",,,,,,,,,,,0,,,,,,,T,2663091,pdf,4388A5FF25C44832447BE05C208C2EC3,,,G:\\!upload\\!add\\!\\Newnes.Programmable.Logic.Controllers.4th.Edition.pdf,0,2000-01-01 01:00:00,2016-04-03 02:51:08,239000/4388a5ff25c44832447be05c208c2ec3-d.jpg,,
5680555,PhotoShop 7.0 Screen Printing,,Wordware Applications Library,,Joli Ballew,2003,,"Wordware Publishing, Inc.",,586,0,English,Образование,,,"9781556220319,1-55622-031-6",,,,,006.6/86,T385 .B3545 2003,,,OL17966625M,,0,,,,,,,T,18709921,pdf,43403DB9E7A0E70A9232480D8D36F2FC,,,G:\\!upload\\!add\\!\\Wordware.Publishing.Photoshop.7.0.For.Screen.Printers.eBook-LiB.pdf,0,2000-01-01 01:00:00,2016-04-03 02:51:08,239000/43403db9e7a0e70a9232480d8d36f2fc-d.jpg,,
5680556,Gaelic:  a Complete Course for Beginners,,,,"Boyd Robertson, Iain Taylor",1993,2nd,Trafalgar Square,,352,0,English,Образование,,,"9780340559239,0-340-55923-3",,,,,,,,,OL10623394M,,0,,,,,,,,7588104,djvu,4386CD7F5721121D04A2686F0370657E,,,G:\\!upload\\!add\\mi\\ling\\robertson1993_gaelic.djvu,0,2000-01-01 01:00:00,2016-04-03 02:51:08,,,
5680554,International Code of Nomenclature for Cultivated Plants,,,,C. D. Brickell,2004,7,Lubrecht & Cramer Ltd,,74,0,English,Биология//Растения//Ботаника,,,"9789066055278,90-6605-527-8",,,,,,,,,OL12848665M,,0,,,,,,,,968212,djvu,432B75C66D762C5C4E0EE9C986039E5B,,,G:\\!upload\\!add\\bi\\icncp2004.djvu,0,2000-01-01 01:00:00,2016-04-03 02:51:08,,,
5680552,Электрическое оборудование доменных цехов,,,,Агроник С.Г. и др.,1966,,,,196,0,Russian,Техника,homelab,189-199,,,,,,,,,,,,0,,,,,,,,7916443,djvu,4303591EF43D98C91C785AA638EFCCDB,,,D:\\homelab\\Агроник С.Г. и др. Электрическое оборудование доменных цехов 1966.djvu,0,2000-01-01 01:00:00,2016-04-03 02:51:08,,,
5680553,"Phylogenetic Trees Made Easy: A How-To Manual, Second Edition",,,,Barry G. Hall,2004,2nd,"Sinauer Associates, Inc.",,231,0,English,Биология//Генетика,,,"9780878933129,0-87893-312-3",,,,,,,,,OL8127150M,,0,,,,,,,,8343235,djvu,43037DE352C5AD6BC5E605077804169B,,,G:\\!upload\\!add\\bi\\hall2004_phyl_trees_made_easy.djvu,0,2000-01-01 01:00:00,2016-04-03 02:51:08,239000/43037de352c5ad6bc5e605077804169b-d.jpg,,
5680550,,,Животные нашей планеты. Вып.43,,,2009,,,,24,0,Russian,Биология//Зоология,homelab,189-199,,,,,,,,,,,,0,,,,,,,,19692063,djvu,42DF8308B707E535B5145DAB19683603,,,D:\\homelab\\Альманах. Животные нашей планеты. вып.43 2009.djvu,0,2000-01-01 01:00:00,2016-04-03 02:51:08,,,
5680551,Электрическое освещение взрывоопасных и пожароопасных зон.,,,,Пикман И.Я.,1985,,,,108,0,Russian,,homelab,189-199,,,,,,,,,,,,0,,,,,,,,2252761,djvu,42F3FC9D8E12FF08A5312B1F40B69009,,,D:\\homelab\\Пикман И.Я. Электрическое освещение взрывоопасных и пожароопасных зон. (1985) .djvu,0,2000-01-01 01:00:00,2016-04-03 02:51:08,,,
5680548,Tom Henry's Key Word Index - Based on the 1999 code,,Nfpa 70,,Tom Henry,1998,,Tom Henrys Code Electrical,,54,0,English,,,,"9780945495635,0945495633",,,,,621.319/24,TK151 .H526 2002,,,OL11567827M,,0,,,,,,,,3976953,pdf,42C1D3B72BFAC8E3F9BBFB08247987D4,,,"G:\\!upload\\!add\\!\\Tom Henry - 2005 National Electrical Code Key Word Index(Nfpa 70, Nec)(1).pdf",0,2000-01-01 01:00:00,2016-04-03 02:51:08,239000/42c1d3b72bfac8e3f9bbfb08247987d4-d.jpg,,
5680549,Энциклопедический словарь Брокгауза и Ефрона.,т.9,,,,1893,,,,496,0,Russian,Языкознание//Словари,homelab,189-199,,,,,,,,,,,,0,,,,,,,,12569793,djvu,42CD4B3D0192F7A0ADD73417029B10F8,,,D:\\homelab\\Энциклопедический словарь Брокгауза и Ефрона. т.9 1893.djvu,0,2000-01-01 01:00:00,2016-04-03 02:51:08,,,
5680547,How to Do Everything with Microsoft Office Excel 2003,,How to Do Everything,,Guy Hart-Davis,2003,1,McGraw-Hill Osborne Media,,449,0,English,Образование,,,"9780072230710,0-07-223071-1",,,,,005.54,HF5548.4.M523 H364 2003,,,OL3344938M,,0,,,,,,,,9831216,pdf,42AC3408487CF5CDFF64AB39A358DB49,,,G:\\!upload\\!add\\!\\McGraw.Hill.-.How.To.Do.Everything.With.Microsoft.Office.Excel.2003.pdf,0,2000-01-01 01:00:00,2016-04-03 02:51:08,239000/42ac3408487cf5cdff64ab39a358db49-d.jpg,,
5680545,Handbook of Electric Power Calculations,,,,H. Wayne Beaty,2000,3,McGraw-Hill Professional,,529,0,English,,,,"9780071362986,0-07-136298-3",,,,,,,,,OL18141923M,,0,,,,,,,T,8468116,pdf,42A3B8055F44B1FAA4C2582E0A63D0C0,,,G:\\!upload\\!add\\!\\Electrical Engineering - Handbook of Electric Power Calculations (McGraw Hill).pdf,0,2000-01-01 01:00:00,2016-04-03 02:51:08,239000/42a3b8055f44b1faa4c2582e0a63d0c0-d.jpg,,
5680546,"Classification, Evolution, and the Nature of Biology",,,,Alec L. Panchen,1992,1,Cambridge University Press,,209,0,English,Наука (общее)//Научно-популярное,,,"9780521305822,0-521-30582-9",,,,,574/.012,QH83 .P35 1992,,,OL1546943M,,0,,,,,,,0,2495685,djvu,42AA3ABD3A869D583F5651598C576F0E,,,G:\\!upload\\!add\\bi\\panchen1992_classification.djvu,0,2000-01-01 01:00:00,2016-04-03 02:51:08,,,
5680544,Зоны меловой системы в СССР. Нижний отдел,,,,"Богданова Т.Н., Егоян В.Л., Какабадзе М.В., Котетишвили Э.В., Михайлова И.А., Похиалайнен В.П., Прозоровский В.А., Савельев А.А., Сахаров А.С., Шульгина Н.И.",1989,,Наука,Ленинград,124,0,Russian,Биология//Палеонтология,,0,5-02-024522-4,,,551.763.1,,,,,,,,0,0,0,,,,,,12744366,pdf,4299E0DE0D805ED6C9A564D43602E5B7,,,,0,2000-01-01 01:00:00,2016-04-03 02:51:08,,,
5680542,Теплопроводность смесей и композиционных материалов,,,,"Дульнев Г.Н., Заричняк Ю.П.",1974,,,,264,0,Russian,Физика,homelab,189-199,,,,,,,,,,,,0,,,,,,,,4977491,djvu,4233B049892B7E9282AEBD697A20C0FD,,,"D:\\homelab\\Дульнев Г.Н., Заричняк Ю.П. Теплопроводность смесей и композиционных материалов 1974.djvu",0,2000-01-01 01:00:00,2016-04-03 02:51:08,,,
5680543,Палеоботаника.,,,,Криштофович А.Н.,1957,,,,659,0,Russian,Биология//Растения//Ботаника,homelab,189-199,,,,,,,,,,,,0,,,,,,,,22014723,djvu,426516D2F90E951188222A22D7717C2C,,,D:\\homelab\\Криштофович А.Н. Палеоботаника. (1957) .djvu,0,2000-01-01 01:00:00,2016-04-03 02:51:08,,,
5680540,Аналоговые устройства для микропроцессоров и мини-ЭВМ,,,,Гарет П.,1981,,,,274,0,Russian,Техника//Электроника//Микропроцессорная техника,homelab,189-199,,,,,,,,,,,,0,,,,,,,,4805259,djvu,4205F5913C05C03A6703589540825E0D,,,D:\\homelab\\Гарет П. Аналоговые устройства для микропроцессоров и мини-ЭВМ 1981.djvu,0,2000-01-01 01:00:00,2016-04-03 02:51:08,,,
5680541,Designer's Guide to the Cypress PSoC,,Embedded Technology,,Robert Ashby,2005,,Newnes,,260,0,English,,,,"9780750677806,0-7506-7780-5",,,,,004.6,TK7895.E42 A64 2005,,,OL3426150M,,0,,,,,,,,4368707,pdf,422B00237C7803C3FCD30175A22E6162,,,G:\\!upload\\!add\\!\\Newnes Designers Guide to the Cypress PSoC.pdf,0,2000-01-01 01:00:00,2016-04-03 02:51:08,239000/422b00237c7803c3fcd30175a22e6162-d.jpg,,
5680538,"The Circuit Designer's Companion, Second Edition",,EDN Series for Design Engineers,,Tim Williams,2005,2,Newnes,,354,0,English,,,,"9780750663700,0-7506-6370-7",,,,,621.3815 W55c 2004,TK7867 .W55 2004,,,OL14447753M,,0,,,,,,,T,7016718,pdf,41EF3247AC53139F01F30500BAB139D8,,,"G:\\!upload\\!add\\!\\The Circuit Designers Companion (Newnes, 2nd Ed) - PROPER UNSIGNED.pdf",0,2000-01-01 01:00:00,2016-04-03 02:51:08,239000/41ef3247ac53139f01f30500bab139d8-d.jpg,,
5680539,Сборник английских пословиц и поговорок (English Proverbs and Saying),,,,Кусковская С.Ф.,1987,,"Вышэйшая школа, Минск",,257,0,Russian,Языкознание//Иностранные//Английский язык,homelab,189-199,,,,,,,,,,,,0,,,,,,,,4249289,djvu,41F9E9C3D04523BF80C8BC20A172AF4D,,,D:\\homelab\\Кусковская С.Ф. Сборник английских пословиц и поговорок. (1987) .djvu,0,2000-01-01 01:00:00,2016-04-03 02:51:08,239000/41f9e9c3d04523bf80c8bc20a172af4d-d.jpg,,
5680537,Professional Stock Trading: System Design and Automation,,,,"Mark R. Conway, Aaron N. Behle",2002,,Acme Trader,,164,0,English,Бизнес//Трейдинг,,,"9780971853645,0971853649",,,,,,,,,OL8565879M,,0,,,,,,,,14484724,pdf,41E94EE32007A6F728197EFBDC9CADE9,,,"G:\\!upload\\!add\\!isbns\\Acme Trader - 2002 - Professional Stock Trading, Systemsign And Automation - Isbn 0971853649 - 328S(1).pdf",0,2000-01-01 01:00:00,2016-04-03 02:51:08,239000/41e94ee32007a6f728197efbdc9cade9-d.jpg,,
5680534,The Paleobiological Revolution: Essays on the Growth of Modern Paleontology,,,,"David Sepkoski, Michael Ruse",2009,,University Of Chicago Press,,582,0,English,Биология//Палеонтология,,,"0226748618,9780226748610",,,,,560,QE721.2.E85 P347 2009,,,OL16945003M,,0,,,,,1,,T,3302889,pdf,41AD3FCF8848F9DD792F0E4523E48D67,,,"G:\\!upload\\!add\\!\\The Paleobiological Revolution Essays on the Growth of Modern Paleontology-David Sepkoski, Michael Ruse-2009-584p--PaleobiologRevolution.pdf",0,2000-01-01 01:00:00,2016-04-03 02:51:08,239000/41ad3fcf8848f9dd792f0e4523e48d67-d.jpg,,
5680535,Mastering Oracle SQL,,,,"Sanjay Mishra, Alan Beaulieu",2002,1,O'Reilly Media,,336,0,English,Компьютеры//Базы данных,,,"9780596001292,0-596-00129-0",,,,,,,,,OL15540247M,,0,,,,,,,,1141713,djvu,41B09A813F04F7C574FE368C73E7D776,,,"G:\\!upload\\!add\\Oracle\\DJVU\\Mishra S., Beaulieu A. - Mastering Oracle SQL(2002)(1-st)(321).djvu",0,2000-01-01 01:00:00,2016-04-03 02:51:08,239000/41b09a813f04f7c574fe368c73e7d776-d.jpg,,
5680536,Движок для вашего сайта,,,,Колисниченко Д.Н.,2008,,,,357,0,Russian,Образование//Самоучители,homelab,189-199,,,,,,,,,,,,0,,,,,,,,6100012,djvu,41C09530951BC781A56262BDD25B0A9E,,,D:\\homelab\\Колисниченко Д.Н. Движок для вашего сайта 2008.djvu,0,2000-01-01 01:00:00,2016-04-03 02:51:08,,,
5680533,Flowering Plants. Eudicots,VIII,The Families and Genera of Vascular Plants 8,,"Joachim W. Kadereit, J.W. Kadereit, C. Jeffrey",2007,1,Springer,,645,0,English,Биология//Растения//Ботаника,,,"3540310509,9783540310501,9783540310518",,,,,,,,VhUZnM8S47IC,OL18001926M,,0,,,,0,0,,1,23400123,pdf,417DA307DDCC61A8533408F490C1B7E4,,,G:\\!upload\\!add\\biology\\Plants and Mushrooms\\Kubitzki_The Families and Genera of Vascular Plants VIII.pdf,0,2000-01-01 01:00:00,2016-04-03 02:51:08,239000/417da307ddcc61a8533408f490c1b7e4-d.jpg,,
5680531,A Natural History of the Bestiary,,,,"Wilma George, Yapp. W. B.",1991,,Gerald Duckworth & Company,,127,0,English,История,,,"9780715622384,0-7156-2238-2",,,,,,,,,OL1456156M,,0,,,,,,,,5039940,djvu,412891510CF96A552D14DD1B47E29377,,,G:\\!upload\\!add\\bi\\george1991_naming_of_beasts.djvu,0,2000-01-01 01:00:00,2016-04-03 02:51:08,,,
5680532,"Professional ADO.NET 2: Programming with SQL Server 2005, Oracle, and MySQL",,,,"Wallace B. McClure, Gregory A. Beamer, IV John J. Croft, J. Ambrose Little, Bill Ryan, Phil Winstanley, David Yack, Jeremy Zongker",2005,,Wrox,,644,0,English,Компьютеры//Системное администрирование,,,"9780764584374,0-7645-8437-5",,,,,005.74,QA76.9.D37 P763 2006,,,OL22650499M,,0,,,,,,,,6328898,djvu,413FDF68156344EF091E2E62CFDE868F,,,"G:\\!upload\\!add\\Oracle\\DJVU\\McClure W.B., Beamer G.A., Croft J.J. - Professional ADO.NET 2 Programming with SQL Server 2005, Oracle, and MySQL(2006)(614).djvu",0,2000-01-01 01:00:00,2016-04-03 02:51:08,239000/413fdf68156344ef091e2e62cfde868f-d.jpg,,
5680530,Биохимия,Т 2,,,Страйер Л.,1985,,,,308,0,Russian,Химия,Якова Кротова б-ка,,,,,,,,,,,,,0,,,,,,,,8537361,djvu,40F854925DFD8D1844DAF5C2DD60AC71,,,E:\\!!!chem\\Страйер Л. 1984-1985 Биохимия. Т.2.djvu,0,2000-01-01 01:00:00,2016-04-03 02:51:08,,,
5680528,Player's Guide to Arcanis,,Arcanis; d20 system; PCI1110,,Paradigm Concepts; Inc.,2004,,"Paradigm Concepts, Inc.",,376,0,English,,,,"9781931374248,1-931374-24-4",,,,,,,,,OL9344797M,,0,,,,,,,,18930472,pdf,40BF4210AD1184664D47A9A5D2F64719,,,G:\\!upload\\!add\\City\\PGtA.pdf,0,2000-01-01 01:00:00,2016-04-03 02:51:08,239000/40bf4210ad1184664d47a9a5d2f64719-d.jpg,,
5680529,Rank-Deficient and Discrete Ill-Posed Problems: Numerical Aspects of Linear Inversion,,Monographs on Mathematical Modeling and Computation,,Per Christian Hansen,1987,,Society for Industrial  Mathematics,,131,0,English,Математика//Вычислительная математика,,,"9780898714036,0-89871-403-6",,,,,512.9/42,QA218,,,OL22340290M,,0,,,,,,,,15493532,pdf,40F2EA32EC9DEEC0E7AC4FAAD6E02454,,,G:\\!upload\\!add\\!\\Hansen.-.Rank-Deficient.and.Discrete.Ill-Posed.Problems.-.SIAM.1998(1).pdf,0,2000-01-01 01:00:00,2016-04-03 02:51:08,239000/40f2ea32ec9deec0e7ac4faad6e02454-d.jpg,,
5680526,Энциклопедический словарь Брокгауза и Ефрона.,т.31а,,,,1901,,,,503,0,Russian,Языкознание//Словари,homelab,189-199,,,,,,,,,,,,0,,,,,,,,9275601,djvu,40946705FFE357565F8C851787D5D1D6,,,D:\\homelab\\Энциклопедический словарь Брокгауза и Ефрона. т.31а 1901.djvu,0,2000-01-01 01:00:00,2016-04-03 02:51:08,,,
5680527,"Методы и средства измерений, испытаний и контроля",,,,"Никитин В.А., Бойко С.В.",2004,,,,474,0,Russian,,homelab,189-199,5-7410-0692-2,,,,,,,,,,,0,,,,,,,,10991602,pdf,409B50BF2B56140FA0853381B4DB9378,,,"D:\\homelab\\Никитин В.А., Бойко С.В. Методы и средства измерений, испытаний и контроля 2004.pdf",0,2000-01-01 01:00:00,2016-04-03 02:51:08,,,
5680525,,,Катера и яхты.  1974-06,,,,,,,102,0,Russian,Техника//Транспорт//Корабли,homelab,189-199,,,,,,,,,,,,0,,,,,,,,6305439,djvu,40831828A2FB8584B55103D5EF430FA2,,,D:\\homelab\\Журнал. Катера и яхты. (1974-06) .djv,0,2000-01-01 01:00:00,2016-04-03 02:51:08,,,
5680524,Arithmetic and Geometry: Papers Dedicated to I.R. Shafarevich on the Occasion of His Sixtieth Birthday : Arithmetic,,Progress in Mathematics 35,,"Michael Artin, Michael Artin, I. R. Shafarevich, John Torrence Tate",1983,,Birkhauser,,184,0,English,Математика//Геометрия и топология,,,"9783764331320,3-7643-3132-1",,,,,513/.132,QA7 .A67 1983,,,OL3165179M,,0,,,,,,,,11203036,pdf,407E770DC70671316F49B648BE906A3B,,,"G:\\!upload\\!add\\!\\Mathematics - Arithmetic and Geometry, Volume I (Arithmetic) (Progress in Mathematics #35) - (Michael Artin, John tate) Birkhauser 1983.pdf",0,2000-01-01 01:00:00,2016-04-03 02:51:08,,,
5680522,Электроника Полный курс лекций,,,,Прянишников В.А.,2004,,,,210,0,Russian,Образование,homelab,189-199,,,,,,,,,,,,0,,,,,,,,3973036,djvu,401E97D294A9FFC89ED0650C57C9FAD5,,,D:\\homelab\\Прянишников В.А. Электроника Полный курс лекций 2004.djvu,0,2000-01-01 01:00:00,2016-04-03 02:51:08,,,
5680523,Fun With Chinese Characters,vol 2,,,Tan Huay Peng,1983,,Hippocrene Books,,158,0,English,,,,"9971460734,9789971460730",,,,,459.111,,,,OL16208644M,,0,,,,,,,0,11440792,pdf,4063E21AF2969E900D5F542547983B9E,,,G:\\!upload\\!add\\mi\\ling\\peng1986_fun_with_chinese_characters_2.pdf,0,2000-01-01 01:00:00,2016-04-03 02:51:08,,,
5680521,"Parallel Computing for Bioinformatics and Computational Biology: Models, Enabling Technologies, and Case Studies",,Wiley Series on Parallel and Distributed Computing,,Albert Y. Zomaya,2006,,Wiley-Interscience,,813,0,English,Математика//Вычислительная математика,,,"9780471718482,0-471-71848-3",,,,,572.8/0285,QH324.2 .Z66 2005,,,OL17196174M,,0,,,,,,,T,16447475,pdf,3FDAEB5523986864EA76440010216112,,,G:\\!upload\\!add\\!\\Parallel_Computing_for_Bioinformatics_and_Computational_Biology.pdf,0,2000-01-01 01:00:00,2016-04-03 02:51:08,239000/3fdaeb5523986864ea76440010216112-d.jpg,,
5680520,Species - The units of biodiversity,,The Systematics Association Special Volume Series,,"M.F. Claridge, A.H. Dawah, M.R. Wilson",1997,1st,Springer,,447,0,English,,,,"9780412631207,0-412-63120-2",,,,,578.01/2,QH380 .S655 1997,,,OL1017073M,,0,,,,,,,T,36879019,pdf,3FCE1711A00625B5C51B7F89E0818AAF,,,G:\\!upload\\!add\\bi\\claridge1997_species_unit_of_biodiversity.pdf,0,2000-01-01 01:00:00,2016-04-03 02:51:08,239000/3fce1711a00625b5c51b7f89e0818aaf-d.jpg,,
5680518,Principles of Computational Fluid Dynamics,,,,Pieter Wesseling,2000,1,Springer,,649,0,German,Математика//Вычислительная математика,,,"9783540678533,3540678530",,,,,,,,,OL9063454M,,0,,,,,,,,53718805,pdf,3FBBD231836DDA1F5E36AEA13EA615E9,,,"G:\\!upload\\!add\\!\\Principles Of Computational Fluid Dynamics - Wesseling (Springer, 2001)(1).pdf",0,2000-01-01 01:00:00,2016-04-03 02:51:08,239000/3fbbd231836dda1f5e36aea13ea615e9-d.jpg,,
5680519,Unveiled Masters: Essential Guide to Mindflayers PCI1106,,Races of Legend,,Steve Kenson,2002,,Paradigm Concepts,,114,0,English,,,,"9781931374156,1-931374-15-5",,,,,,,,,OL8802966M,,0,,,,,,,,8249592,pdf,3FC6F2FA722CAD5B2D49D09F4C244CC0,,,G:\\!upload\\!add\\City\\PCI1106.pdf,0,2000-01-01 01:00:00,2016-04-03 02:51:08,,,
5680516,Statistical Methods for Rates & Proportions,,,,"Joseph L. Fleiss, Bruce Levin, Myunghee Cho Paik, Joseph Fleiss",2003,3rd,Wiley-Interscience,,793,0,English,Математика//Вероятность,,,"9780471526292,0-471-52629-0",,,,,519.5/38,QA279 .F58 2003,,,OL3578660M,,0,,,,,,,T,5744716,pdf,3F7BD6057399FD6D30E0111F960EFD6A,,,G:\\!upload\\!add\\st\\fleiis2003_stat_rates_prop.pdf,0,2000-01-01 01:00:00,2016-04-03 02:51:08,239000/3f7bd6057399fd6d30e0111f960efd6a-d.jpg,,
5680517,Растения луга,,Атлас родной природы,,"Козлова Т.А., Сивоглазов В.И.",2002,,Эгмонт Россия,,31,0,Russian,Биология//Растения//Ботаника,homelab,189-199,5-85044-410-6,,,,,,,,,,,0,,,,,1,,,563857,djvu,3F8C3A0127D3A4708D35297CBC55728B,,,D:/homelab/Атлас родной природы. Растения луга.djvu,0,2000-01-01 01:00:00,2016-04-03 02:51:08,,,
5680515,Strunz mineralogical tables: Chemical-structural mineral classification system,,,,Hugo Strunz,2001,9th,Schweizerbart,,21,0,English,Химия,,,"9783510651887,3-510-65188-X",,,,,549/.01/2,QE388 .S813 2001,,,OL3638872M,,0,,,,,,,,241687,djvu,3F698E44596E8897745F4AD23E0E2462,,,G:\\!upload\\!add\\mi\\mine\\strunz2001_miner_tables_part.djvu,0,2000-01-01 01:00:00,2016-04-03 02:51:08,239000/3f698e44596e8897745f4ad23e0e2462-d.jpg,,
5680514,"100 и одна конструкция антенн: телевизионных, радиовещательных и Си-Би-радиосвязи",,,,Никитин В.А. и др,1996,,Символ-Р,,166,0,Russian,Техника//Электроника//Телекоммуникации,homelab,189-199,5-86-955-010-6,,,,,,,,,,,0,,,,,,,,12861972,djvu,3F031833EF69B6EEFFA2707CD9C64D75,,,"D:\\homelab\\Никитин В.А. и до. 100 и одна конструкция антенн - телевизионных, радиовещательных, Си-Би радиосвязи 1996.djvu",0,2000-01-01 01:00:00,2016-04-03 02:51:08,239000/3f031833ef69b6eeffa2707cd9c64d75-d.jpeg,,
5680513,Как начать свой бизнес - Тренинг-курс - TACIS - 7 - Практические средства рекламы малых предприятий,,TACIS,,,,,,,16,0,Russian,Бизнес,gaudeamus.narod.ru,,,,,,,,,,,,,0,,,,,,,T,163314,pdf,3EEB6EA78DD5BF94D50FB08101650250,,,D:\\homelab\\gaudeamus.narod.ru\\Как начать свой бизнес - Тренинг-курс - TACIS - 07 - Практические средства рекламы малых предприятий - 16.pdf,0,2000-01-01 01:00:00,2016-04-03 02:51:08,,,
5680511,Чувствительность радиоприемных устройств на полупроводниковых приборах,,Библиотека по радиоэлектронике. Выпуск 0070,,Музыка З.Н.,1981,,Радио и связь,М.,169,0,Russian,Техника//Электроника,homelab,189-199,,,,,,,,,,,"Предоставил: Сидор Сидоров, 2009",0,,,,,,,,2040577,djvu,3E65A1175EAB039057D20E882620FF99,,,D:homelabМузыка З.Н. Чувствительность радиоприемных устройств на полупроводниковых приборах 1981.djvu,0,2000-01-01 01:00:00,2016-04-03 02:51:08,239000/3e65a1175eab039057d20e882620ff99-d.jpg,,
5680512,"The Galactic Black Hole: Studies in High Energy Physics, Cosmology and Gravitation",,"Series in High Energy Physics, Cosmology and Gravitation",,"H Falcke, F Hehl",2002,1st,"Taylor & Francis, IOP",,366,0,English,Физика,,,"9780750308373,0-7503-0837-0",,,,,,,,,OL17078478M,,0,,,,,,,,33188116,pdf,3E754F2A447C6614B143C4EDAFAECDBD,,,G:\\!upload\\!add\\!\\Falcke H. & Hehl  F. W. (Eds)   -   The Galactic Black Hole. Lectures On General Relativity And Astrophysics   -   (IOP 2002).pdf,0,2000-01-01 01:00:00,2016-04-03 02:51:08,239000/3e754f2a447c6614b143c4edafaecdbd-d.jpg,,
5680509,Modern Plastics Handbook,,,,Charles A. Harper,2000,1,McGraw-Hill Professional,,1231,0,English,,,,"9780070267145,0-07-026714-6",,,,,668.4,TA455.P5 M62 2000,,,OL24966023M,,0,,,,,,,,18768634,pdf,3E4DF6BC0D655E4F6EFA8BAA4FC73758,,,G:\\!upload\\!add\\!\\Modern Plastics Handbook - Harper.pdf,0,2000-01-01 01:00:00,2016-04-03 02:51:08,239000/3e4df6bc0d655e4f6efa8baa4fc73758-d.jpg,,
5680510,Classical Theory of Gauge Fields,,,,"Valery Rubakov, Stephen S. Wilson",2002,,Princeton University Press,,2,0,English,Физика//Квантовая физика,,,"9780691059273,0691059276",,,,,,,,,OL7757462M,,0,,,,,,,,177901,pdf,3E5073E3DBF902D77E3CF13F840B6358,,,G:\\!upload\\!add\\!\\[Princeton] Report on Proficiency in English.pdf,0,2000-01-01 01:00:00,2016-04-03 02:51:08,239000/3e5073e3dbf902d77e3cf13f840b6358-d.jpg,,
5680508,Mycorrhizas: Anatomy and Cell Biology,,,,"R. L. Peterson, H. B. Massicotte, L. H. Melville",2004,,NRC Research Press,,182,0,English,Медицина//Анатомия и физиология человека,,,"9780660190877,0-660-19087-7",,,,,581.4/98,QK604.2.M92 P38 2004b,,,OL17145220M,,0,,,,,,,,7227611,djvu,3DA4F825B5764B395A3E18AE707847C9,,,"G:\\!upload\\!add\\biology\\Cell and Molecular Biology\\Peterson - Mycorrhizas - Anatomy and Cell Biology (NRC, 2004).djvu",0,2000-01-01 01:00:00,2016-04-03 02:51:08,,,
5680506,Design and Control of RF Power Amplifiers,,,,"Alireza Shirvani, Bruce A. Wooley",2003,1,Kluwer ,,83,0,English,,,,"9781402075629,1-4020-7562-6",,,,,621.384/12,TK7871.58.P6 S47 2003,,,OL19290284M,,0,,,,,,,,7281180,pdf,3D9A6C8B9C562BB35C20AD9097FF6C9E,,,"G:\\!upload\\!add\\!\\Design and Control of RF Power Amplifiers - Shirvani & Wooley, Kluwer.pdf",0,2000-01-01 01:00:00,2016-04-03 02:51:08,239000/3d9a6c8b9c562bb35c20ad9097ff6c9e-d.jpg,,
5680507,Лабораторные работы по органическому синтезу,,,,"Птицина О.А., Куплетская Н.В., Тимофеева В.К. и др.",1979,,,,130,0,Russian,Биология//Зоология,Якова Кротова б-ка,,,,,,,,,,,,,0,,,,,,,,1677507,djvu,3D9F65A78353F9246D70A40E95DDC4C3,,,"E:\\!!!chem\\Птицина О.А., Куплетская Н.В., Тимофеева В.К. и др.~Лабораторные работы по органическому синтезу~1979.djvu",0,2000-01-01 01:00:00,2016-04-03 02:51:08,,,
5680505,Прикладная физика атомных столкновений. Плазма,,,,"Барнет К., Харрисон М.",1987,,,,432,0,Russian,Физика,homelab,189-199,,,,,,,,,,,,0,,,,,,,,10743204,djvu,3D992BC136F9284B055FCD904899983B,,,"D:\\homelab\\Барнет К., Харрисон М. Прикладная физика атомных столкновений. Плазма 1987.djvu",0,2000-01-01 01:00:00,2016-04-03 02:51:08,,,
5680504,Pocket Atlas of Human Anatomy: Based on the International Nomenclature,,Flexibook,,"Heinz Feneis, Wolfgang, M.D. Dauber",2000,4 Revised,Thieme Medical Publishers,,510,0,English,Медицина//Анатомия и физиология человека,,,"9780865779280,0-86577-928-7",,,,,611,QM25 .F46 2000,,,OL6899604M,,0,,,,,,,,11447797,djvu,3D7CD13C26DBF3E8B24A4AFC52E523C0,,,"G:\\!upload\\!add\\biology\\anatomy and Physiology\\Pocket Atlas of Human Anatomy Based on the International Nomenclature - Heinz Feneis, Wolfgang Dauber.djvu",0,2000-01-01 01:00:00,2016-04-03 02:51:08,239000/3d7cd13c26dbf3e8b24a4afc52e523c0-d.jpg,,
5680502,Котельные установки промышленных предприятий.,,,,"Сидельковский Л.Н., Юренев В.Н.",1988,,,,528,0,Russian,Техника,homelab,189-199,,,,,,,,,,,,0,,,,,,,,20112119,pdf,3D64BA5CB5B410FF120C866DB04D2BF2,,,"D:\\homelab\\Сидельковский Л.Н., Юренев В.Н. Котельные установки промышленных предприятий. 1988.pdf",0,2000-01-01 01:00:00,2016-04-03 02:51:08,,,
5680503,"Mr. Bloomfield's Orchard: The Mysterious World of Mushrooms, Molds, and Mycologists",,,,Nicholas P. Money,2002,illustrated edition,"Oxford University Press, USA",,221,0,English,История,,,"9780195154573,0-19-515457-6",,,,,,,,,OL7390202M,,0,,,,,,,,1275167,djvu,3D6CAAB04B75795D227F85D98F42C8C9,,,"G:\\!upload\\!add\\biology\\Plants and Mushrooms\\Money - Mr. Bloomfields Orchard - The Mysterious World of Mushrooms, Molds, and Mycologists (Oxford, 2002).djvu",0,2000-01-01 01:00:00,2016-04-03 02:51:08,239000/3d6caab04b75795d227f85d98f42c8c9-d.jpg,,
5680500,Химия нитро- и нитрозогрупп,Т. 2,,,Фойер Г. ,1972,,,,301,0,Russian,Химия,Якова Кротова б-ка,,,,,,,,,,,,,0,,,,,,,,3929219,djvu,3D0FE7D4A379D2D35DE1112A2C2F649F,,,E:\\!!!chem\\Фойер Г. 1972 ~Химия нитро- и нитрозогрупп. Т. 2.djvu,0,2000-01-01 01:00:00,2016-04-03 02:51:08,,,
5680501,Adventures in Stochastic Processes,,,,Sidney I. Resnick,2005,4,Birkhäuser Boston,,320,0,English,Математика//Вероятность,,,"9780817635916,0-8176-3591-2",,,,,519.2,QA274 .R46 1992,,,OL1703332M,,0,,,,,,,,11514044,pdf,3D53D124CC6B321B2122E531B312DFDE,,,G:\\!upload\\!add\\!\\Sidney Resnick - 2005 - Adventures in Stochastic Processes - Birkhauser (4th Printing).pdf,0,2000-01-01 01:00:00,2016-04-03 02:51:08,239000/3d53d124cc6b321b2122e531b312dfde-d.jpg,,
5680499,"Quantum Wells, Wires and Dots: Theoretical and Computational Physics of Semiconductor Nanostructures",,,,Paul Harrison,2005,2,Wiley-Interscience,,502,0,English,Математика//Вычислительная математика,,,"9780470010792,0470010797",,,,,537.6/226,QC176.8.Q35 H37 2005,,,OL3425234M,,0,,,,,,,T,5659366,djvu,3D096E1F3A844B570F6A611352AC4BA4,,,"G:\\!upload\\!add\\!isbns\\Harrison P. Quantum wells, wires and dots.. theoretical and computational physics of semiconductor nanostructures (2ed., Wiley, 2005)(ISBN 0470010797)(502s).djv",0,2000-01-01 01:00:00,2016-04-03 02:51:08,239000/3d096e1f3a844b570f6a611352ac4ba4-d.jpg,,
5680497,Genome: The Autobiography of a Species In 23 Chapters,,,,Matt Ridley,2000,First American Edition,HarperCollins,,350,0,English,Биология//Генетика,,,"0060194979,9780060932909,9780060894085,0060894083978,0060894083,0060932902",,,,,,,,,OL18215830M,,0,,,,0,0,,1,1781942,pdf,3CBA2F5EC1C45B974815CF6756ECCB24,,,"G:\\!upload\\!add\\!\\Genome - The Autobiography Of A Species In 23 Chapters - M Ridley (Harper-Collins, 2000) Ww.pdf",0,2000-01-01 01:00:00,2016-04-03 02:51:08,239000/3cba2f5ec1c45b974815cf6756eccb24-d.jpg,,
5680498,"Аэродинамика, устойчивость и управляемость сверхзвуковых самолетов.",,,,Бюшгенс Г.С. (ред),1998,,,,402,0,Russian,Физика//Механика//Механика жидкости и газа,homelab,189-199,,,,,,,,,,,,0,,,,,1,,,313892427,pdf,3CBD019E185BF7B18B555E31850F8503,2505730fa59e0d401cffdcbbfa7dc99d,,"D:/homelab/Бюшгенс Г.С. (ред) Аэродинамика, устойчивость и управляемость сверхзвуковых самолетов. 1998.pdf",0,2000-01-01 01:00:00,2016-04-03 02:51:08,,,
5680495,"Chemoinformatics: Concepts, Methods, and Tools for Drug Discovery",,Methods in Molecular Biology 275,,Jürgen Bajorath,2004,1,Humana Press,,538,0,English,Химия,,,"9781588292612,1-58829-261-4",,,,,,,,,OL17127503M,,0,,,,,,,,11335780,pdf,3C7920A1C839788199FEDD382804F885,,,"G:\\!upload\\!add\\!\\Methods in Molecular Biology Vol 275 - Chemoinformatics - Concepts Methods and Tools for Drug Discovery [Methods in Molec Bio 275] - J. Bajorath (Humana, 2004).pdf",0,2000-01-01 01:00:00,2016-04-03 02:51:08,239000/3c7920a1c839788199fedd382804f885-d.jpg,,
5680496,Word 2000. Руководство разработчика.,,,,Харт-Девис Г.,2000,,,,933,0,Russian,Компьютеры//Программы//Офисные программы,homelab,189-199,,,,,,,,,,,,0,,,,,,,,68571438,pdf,3C7AE6C2D8993026C804A3616F1E1CDD,,,D:\\homelab\\Харт-Девис Г. Word 2000. Руководство разработчика. 2000.pdf,0,2000-01-01 01:00:00,2016-04-03 02:51:08,,,
5680494,Logica Universalis- Towards a General Theory of Logic,,,,Jean-Yves Beziau,2005,1,Birkhäuser Basel,,224,0,English,Математика//Математическая логика,,,"9783764372590,3764372591",,,,,,,,,OL9315085M,,0,,,,,,,,2077220,pdf,3C637CA283802244454711FE3A9D8DDE,,,"G:\\!upload\\!add\\!\\[b] Beziau J.-Y.(ed) Logica Universalis- Towards a General Theory of Logic (Birkhauser,2005)(T)(224s).pdf",0,2000-01-01 01:00:00,2016-04-03 02:51:08,239000/3c637ca283802244454711fe3a9d8dde-d.jpg,,
5680492,Real Computing Made Real,,,,Forman S. Acton,1995,,Princeton University Press,,275,0,English,Компьютеры//Организация и обработка данных,,,"9780691036632,0-691-03663-2",,,,,519.4/0285/51,QA275 .A25 1996,,,OL1278834M,,0,,,,,,,T,22007249,pdf,3C428599963A0419BBBB2327031CDD92,,,G:\\!upload\\!add\\!\\Real Computing Made Real - Preventing Errors in Scientific and Engineering Calculations_Forman S. Acton (Princeton 1996 275s)(1).pdf,0,2000-01-01 01:00:00,2016-04-03 02:51:08,239000/3c428599963a0419bbbb2327031cdd92-d.jpg,,
5680493,Кинетические модели каталитических реакций,,,,Яблонский Г.С. и др.,1983,,,,255,0,Russian,,homelab,189-199,,,,,,,,,,,,0,,,,,,,,9560823,pdf,3C4879FB3487FA005378072CB387D3E1,,,D:\\homelab\\Яблонский Г.С. и др. Кинетические модели каталитических реакций 1983.pdf,0,2000-01-01 01:00:00,2016-04-03 02:51:08,,,
5680491,Nonlinear Methods in Numerical Analysis,,"North-Holland Mathematics Studies, No. 136",,"A. Cuyt, L. Wuytack",1987,,North Holland,,,0,English,Математика//Вычислительная математика,,,"9780444701893,0444701893",,,,,519.4,QA297,,,OL21433585M,,0,,,,,,,,87284346,djvu,3C259DB1D3B8517AFEA76400284B7A7B,,,"G:\\!upload\\!add\\!isbns\\Cuyt A., Wuytack L. Nonlinear methods in numerical analysis (NH, 1987)(ISBN 0444701893)(288s)_MCcf_.djvu",0,2000-01-01 01:00:00,2016-04-03 02:51:08,239000/3c259db1d3b8517afea76400284b7a7b-d.jpg,,
5680489,,,Домашняя лаборатория 2009-12,,,,,,,501,0,Russian,,homelab,189-199,,,,,,,,,,,,0,,,,,,,,7256852,djvu,3BC6BE03C8C63C90BE57AEF2594651CE,,,D:\\homelab\\Интернет-журнал. Домашняя лаборатория 2009-12.djvu,0,2000-01-01 01:00:00,2016-04-03 02:51:08,,,
5680490,Protist Diversity and Geographical Distribution,,Topics in Biodiversity and Conservation ,,"W. Foissner, David Leslie Hawksworth",2009,1,Springer,,212,0,English,,,,"9789048128006,9048128005",,,,,,,,,,,0,,,,,,,T,2792313,pdf,3BFCC26DCF23CC217EE43C9BB79B15A5,,,G:\\!upload\\!add\\bi\\protist_div_distr2009.pdf,0,2000-01-01 01:00:00,2016-04-03 02:51:08,239000/3bfcc26dcf23cc217ee43c9bb79b15a5-d.jpg,,
5680487,Энциклопедический словарь Брокгауза и Ефрона.,т.32а,,,,1901,,,,503,0,Russian,Языкознание//Словари,homelab,189-199,,,,,,,,,,,,0,,,,,,,,11861293,djvu,3BA94A9140C71CBCC1FA7F168F9164BB,,,D:\\homelab\\Энциклопедический словарь Брокгауза и Ефрона. т.32а 1901.djvu,0,2000-01-01 01:00:00,2016-04-03 02:51:08,,,
5680488,Синтез и взаимные превращения монозамещенных ацетиленов,,,,"Щелкунов А.В., Васильева Р.Л., Кричевский Л.А.",1976,,,,118,0,Russian,Химия,Якова Кротова б-ка,0,,,,,,,,,,,,0,,,,,1,,,1626623,djvu,3BB410334EDFFA0B3FFE87A630B16410,85928F942CB56A6503CF54449A3367A6,,"E:/!!!chem/Щелкунов А.В., Васильева Р.Л., Кричевский Л.А.~Синтез и взаимные превращения монозамещенных ацетиленов~1976.djvu",0,2000-01-01 01:00:00,2016-04-03 02:51:08,,,
5680486,"Intraspecific Genetic Diversity: Monitoring, Conservation, and Management",,,,Yuri Petrovich Altukhov,2005,1,Springer,,445,0,English,Бизнес//менеджмент,,,"9783540254904,3-540-25490-0",,,,,,,,,OL9055491M,,0,,,,,,,T,18012171,pdf,3B9CC4F9DCF01199FEABB379E7C4440A,,,G:\\!upload\\!add\\bi\\altukhov2006_genetic_diversity.pdf,0,2000-01-01 01:00:00,2016-04-03 02:51:08,239000/3b9cc4f9dcf01199feabb379e7c4440a-d.jpg,,
5680484,Энциклопедия. Машиностроение. Надежность машин.,т. IV-3,,,Энциклопедия.,2003,,,,591,0,Russian,Техника,homelab,189-199,,,,,,,,,,,,0,,,,,,,,67656028,pdf,3B99E50236B92BF3E5D9C207F06F8C62,,,D:\\homelab\\Энциклопедия. Машиностроение. т. IV--3. Надежность машин. 2003.pdf,0,2000-01-01 01:00:00,2016-04-03 02:51:08,,,
5680485,Molecular Basis of Symbiosis,,Progress in Molecular and Subcellular Biology 41,,Jörg Overmann,2006,1,Springer,,317,0,English,,,,"9783540282105,3-540-28210-6",,,,,,,,,OL9055817M,,0,,,,,,,T,3283788,pdf,3B9AB50AEC4B688372A4078C0D4295AF,,,G:\\!upload\\!add\\bi\\overmann2006_symb_mol_biol.pdf,0,2000-01-01 01:00:00,2016-04-03 02:51:08,239000/3b9ab50aec4b688372a4078c0d4295af-d.jpg,,
5680483,Экономика предприятия - Методические Указания,,,,Трусова,2005,,,,19,0,Russian,Экономика,gaudeamus.narod.ru,,,,,,,,,,,,,0,,,,,,,T,205906,pdf,3B8F468369B0EE5B4673AA1B237A9EBF,,,D:\\homelab\\gaudeamus.narod.ru\\Экономика предприятия - МУ - Жариков-Безуглая - 2005 - 24.pdf,0,2000-01-01 01:00:00,2016-04-03 02:51:08,,,
5680482,"Путь к реальности, или Законы, управляющие Вселенной. Полный путеводитель",,,,Пенроуз Р.,2007,,,,910,0,Russian,Физика,homelab,189-199,,,,,,,,,,,Более полная DJVU версия см. [8FFA652524FF5B21FC1E289209FC4CB5],0,,,,,1,,,120872194,pdf,3B69975814637A6DF44EC9626B369589,,,D:/homelab/Пенроуз Р. Путь к реальности или законы управляющие вселенной. 2007.pdf,0,2000-01-01 01:00:00,2016-04-03 02:51:08,,,
5680481,"Technical Analysis for Direct Access Trading: A Guide to Charts, Indicators, and Other Indispensable Market Analysis Tools",,,,"Rafael Romeu, Umar Serajuddin",2001,,McGraw-Hill Companies,,234,0,English,Компьютеры//Программы//Офисные программы,,,"0071363939,9780071363938",,,,,,,,,OL9561077M,,0,,,,,,,1,963035,pdf,3B4E4BEC117EDACE5D29364820F4004D,,,"G:\\!upload\\!add\\!isbns\\Romeu, Rafael; Serajuddin Umar 2001 - Technical Analysis For Direct Access Trading (McGraw)(Isbn 0071363939).pdf",0,2000-01-01 01:00:00,2016-04-03 02:51:08,239000/3b4e4bec117edace5d29364820f4004d-d.jpg,,
5680479,Arthropod Fossils and Phylogeny,,,,"Gregory D. Edgecombe, Niles Eldredge",1998,0,Columbia University Press,,178,0,English,,,,"9780231096546,0-231-09654-2",,,,,595/.138,QE815 .A78 1998,,,OL688384M,,0,,,,,,,,4385976,djvu,3AFEE8FCF8264229C1E5291783C496DD,,,G:\\!upload\\!add\\bi\\edgecombe1998_arthr_fossils_phylog.djvu,0,2000-01-01 01:00:00,2016-04-03 02:51:08,,,
5680480,Teaching and Learning Vocabulary: Bringing Research to Practice,,,,"Elfrieda H. Hiebert, Michael L. Kamil",2005,illustrated edition,Lawrence Erlbaum Associates,,284,0,English,Образование,,,"9780805852851,0805852859",,,,,,,,,OL17152486M,,0,,,,,,,T,15523018,pdf,3B2F4F359D0427D9319AEE35CAA8E3DD,,,G:\\!upload\\!add\\!isbns\\Lawrence Erlbaum Associates - 2005 - Teaching and Learning Vocabulary. Bringing Research to Practice - ISBN 0805852859 - 284s - YYePG.pdf,0,2000-01-01 01:00:00,2016-04-03 02:51:08,239000/3b2f4f359d0427d9319aee35caa8e3dd-d.jpg,,
5680478,Mathematical Modeling for the Life Sciences,,Universitext,,Jacques Istas,2005,1,Springer,,241,0,English,Математика,,,"9783540253051,354025305X",,,,,,,,,OL9055436M,,0,,,,,,,,7133984,pdf,3AFEC656FB8E2942C2B919CE676086C1,,,G:\\!upload\\!add\\!\\[Springer] - [Universitext] - Non-Life Insurance Mathematics (2nd corrected Printing).pdf,0,2000-01-01 01:00:00,2016-04-03 02:51:08,239000/3afec656fb8e2942c2b919ce676086c1-d.jpg,,
5680477,Диэлектрики и волны.,,,,"А.Р. Xиппель, Перевод с английского. Под редакцией Н.Г. Дроздова.",1960,,Издательство Иностранной литературы. Редакция литературы по вопросам техники,,439,0,Russian,Физика,homelab,189-199,,,,,,,,,,,"Scan, Formatting: propriys, 2010",0,,,,,,,,20196536,djvu,3A78F03D47757D342CA6DDAF7A9366D4,,,D:/homelab/Хиппель А.Р. Диэлекрики и волны 1960.djvu,0,2000-01-01 01:00:00,2016-04-03 02:51:08,239000/3a78f03d47757d342ca6ddaf7a9366d4-d.jpg,,
5680476,Navier-Stokes Equations and Nonlinear Functional Analysis,,CBMS-NSF Regional Conference Series in Applied Mathematics,,Roger Temam,1987,2,Society for Industrial  Mathematics,,160,0,English,Математика,,,"9780898713404,0898713404",,,,,532/.051/01515353,QA911 .T39 1995,,,OL1117569M,,0,,,,0,1,,1,10935869,pdf,3A5173B700D38BFAE812963FFC9EE89E,,,G:\\!upload\\!add\\!\\Navier-Stokes Equations and Nonlinear Functional Analysis (CBMS-NSF Regional Conference Series in Applied Mathematics) (Roger Temam) 0898713404.pdf,0,2000-01-01 01:00:00,2016-04-03 02:51:08,239000/3a5173b700d38bfae812963ffc9ee89e-d.jpg,,
5680474,Цветник на крыше,,,,Шпак Н.А.,2004,,,,112,0,Russian,,homelab,189-199,"5-17-026566-2,966-696-616-6",,,,,,,,,,,0,,,,,,,T,5024494,pdf,3A3A09D9C36AAF37DEC36673B2FF7B45,,,D:\\homelab\\Шпак Н.А. Цветник на крыше 2004.pdf,0,2000-01-01 01:00:00,2016-04-03 02:51:08,,,
5680475,Радиоэлектронные средства систем управления ПВО и ВВС.,,,,Казаков В.Д. и др.,1987,,,,109,0,Russian,Бизнес//менеджмент,homelab,189-199,,,,,,,,,,,,0,,,,,,,,172135210,pdf,3A4A5FC5FEC88CBB2812D81BEDB7AB62,,,D:\\homelab\\Казаков В.Д. и др. Радиоэлектронные средства систем управления ПВО и ВВС. 1987.pdf,0,2000-01-01 01:00:00,2016-04-03 02:51:08,,,
5680473,Теория возбудимых сред,,,,Маркин В.С. и др.,1981,,,,276,0,Russian,,homelab,189-199,,,,,,,,,,,,0,,,,,,,,5761999,djvu,3A15B63E5125871FD2EE007905883A75,,,D:\\homelab\\Маркин В.С. и др. Теория возбудимых сред 1981.djvu,0,2000-01-01 01:00:00,2016-04-03 02:51:08,,,
5680471,Geometry and Monadology (Leibniz's Analysis Situs and Philosophy of Space),,Science Networks. Historical Studies,,Vincenzo De Risi,2007,1,BirkhÃ¤user Basel,,676,0,English,Математика//Геометрия и топология,,,"9783764379858,3-7643-7985-5",,,,,,,,,OL9091158M,,0,,,,,,,T,3275794,pdf,39E64B104EFDF359032E133313BFDA2E,,,G:\\!upload\\!add\\!\\De Risi V. Geometry And Monadology Leibnizs Analysis Situs And Philosophy Of Space (Birkhauser 2007)1.pdf,0,2000-01-01 01:00:00,2016-04-03 02:51:08,239000/39e64b104efdf359032e133313bfda2e-d.jpg,,
5680472,From Aristotle to Darwin,,,,"Etienne Gilson, John Lyon",1984,,University of Notre Dame Press,,228,0,English,,,,"0268009678,9780722035177,9780268009670,0722035179",,,,,574/.01,QH331,,,OL21226356M,,0,,,,,1,,T,2184046,djvu,3A0D086A6EBCF74F04A049BA8BAFB665,,,G:\\!upload\\!add\\bi\\gilson1984_from_aristotle_to_darwin.djvu,0,2000-01-01 01:00:00,2016-04-03 02:51:08,,,
5680470,Справочник по проектированию котельных установок систем централизованного теплоснабжения,,,,"Либерман М.Б., Нянковская М.Т.",1979,,,,224,0,Russian,,homelab,189-199,,,,,,,,,,,,0,,,,,,,,5611989,djvu,39D860239BA1A9D5F16D3492BDB920A8,,,"D:\\homelab\\Либерман М.Б., Нянковская М.Т. Справочник по проектированию котельных установок систем централизованного теплоснабжения 1979.djvu",0,2000-01-01 01:00:00,2016-04-03 02:51:08,,,
5680468,Экструзия профильных изделий из термопластов.,,,,Володин В.П.,2005,,,,467,0,Russian,Техника,homelab,189-199,,,,,,,,,,,,0,,,,,,,,2875506,djvu,39AFF94263933251D9525E24C2EA5718,,,D:\\homelab\\Володин В.П. Экструзия профильных изделий из термопластов. (2005) .djvu,0,2000-01-01 01:00:00,2016-04-03 02:51:08,,,
5680469,"Forensic DNA Typing, Second Edition: Biology, Technology, and Genetics of STR Markers",,,,John M. Butler,2005,2,Academic Press,,680,0,English,Биология//Генетика,,,"9780121479527,0-12-147952-8",,,,,,,,,OL7325948M,,0,,,,,,,,3599832,djvu,39B72F06FDACD77B2B864E972F1450AB,,,G:\\!upload\\!add\\biology\\Genetics\\Butler_Forensic DNA Typing-Biology Technology and genetics of STR Markers 2nd ed.djvu,0,2000-01-01 01:00:00,2016-04-03 02:51:08,239000/39b72f06fdacd77b2b864e972f1450ab-d.jpg,,
5680466,Butterflies of Britain & Europe,,Collins Field Guide,,"Tom Tolman, Richard Lewington",2001,illustrated edition,Harpercollins Pub Ltd,,268,0,English,,,,"9780002199926,000-2199920",,,,,,,,,OL20298119M,,0,,,,,,,,65953838,pdf,3988799BEDE9DA1307E64EBF771E3843,,,G:\\!upload\\!add\\bi\\en\\tolman2001_butterflies_europe.pdf,0,2000-01-01 01:00:00,2016-04-03 02:51:08,239000/3988799bede9da1307e64ebf771e3843-d.jpg,,
5680467,"Biological Invasions: Economic and Environmental Costs of Alien Plant, Animal, and Microbe Species",,,,David Pimentel  Ph.D.,2002,1,CRC Press,,382,0,English,Биология//Растения//Ботаника,,,"9780849308369,0-8493-0836-4",,,,,,,,,OL15569478M,,0,,,,,,,,2200735,djvu,39A392A49934936D225B597348E2F0D4,,,G:\\!upload\\!add\\biology\\Pimentel_Biological Invasions.djvu,0,2000-01-01 01:00:00,2016-04-03 02:51:08,239000/39a392a49934936d225b597348e2f0d4-d.jpg,,
5680465,Plumbing,,,,Steve Muscroft,2005,,Newnes,,494,0,English,,,,"9780750666930,0-7506-66935",,,,,,,,,OL9542556M,,0,,,,,,,T,6523215,pdf,397BDC96F971BD681546EE3B4A12D749,,,G:\\!upload\\!add\\!\\Plumbing - Plumbing - (Steve Muscroft) Elsevier Newnes 2005.pdf,0,2000-01-01 01:00:00,2016-04-03 02:51:08,239000/397bdc96f971bd681546ee3b4a12d749-d.jpg,,
5680463,Как наблюдали небо раньше и как наблюдают его теперь,,,,Огородников К.Ф.,1938,,,,86,0,Russian,Техника//Электроника,homelab,189-199,,,,,,,,,,,,0,,,,,,,,2915164,djvu,395FF451A667729D4DF766E2005AE1F1,,,D:\\homelab\\Огородников К.Ф. Как наблюдали небо раньше и как наблюдают его теперь 1938.djvu,0,2000-01-01 01:00:00,2016-04-03 02:51:08,,,
5680464,Схемотехника Аналоговая схемотехника,,,,Ашанин В.Н. и  др. ,2007,,,,267,0,Russian,Техника,homelab,189-199,,,,,,,,,,,,0,,,,,,,,2504026,pdf,396E8A417C67B07EDB00665B9DC28A48,,,D:\\homelab\\Ашанин В.Н. и  др. Схемотехника Аналоговая схемотехника 2007.pdf,0,2000-01-01 01:00:00,2016-04-03 02:51:08,,,
5680462,Zoo and Aquarium History: Ancient Animal Collections To Zoological Gardens,,,,Vernon N. Kisling,2001,1,CRC Press,,440,0,English,История,,,"9780849321009,0-8493-2100-X",,,,,,,,,OL16987499M,,0,,,,,,,,9686999,pdf,395DAA2BE728871B10E2F2FEDE7F29CC,,,G:\\!upload\\!add\\bi\\kisling2001_zoo_history.pdf,0,2000-01-01 01:00:00,2016-04-03 02:51:08,239000/395daa2be728871b10e2f2fede7f29cc-d.jpg,,
5680460,Philosophy of Biology,,Dimensions of Philosophy,,Elliott Sober,2000,2nd,Westview Press,,240,0,English,Общественные науки прочие//Философия,,,"9780813391267,0-8133-9126-1",,,,,,,,,OL8024997M,,0,,,,,,,,1365645,pdf,3958AB4CA8B2F5B4E7DDAB2DB589815C,,,G:\\!upload\\!add\\bi\\sober2000_phylos_biol.pdf,0,2000-01-01 01:00:00,2016-04-03 02:51:08,239000/3958ab4ca8b2f5b4e7ddab2db589815c-d.jpg,,
5680461,Сильные и сверхсильные магнитные поля и их применения.,,,,Херлах Ф. (ред),1988,,,,456,0,Russian,Физика//Электричество и магнетизм,homelab,189-199,,,,,,,,,,,,0,,,,,,,,50357804,pdf,395C4950C5DB0B5AB0731DB42C82FC85,,,D:\\homelab\\Херлах Ф. (ред) Сильные и сверхсильные магнитные поля и их применения. 1988.pdf,0,2000-01-01 01:00:00,2016-04-03 02:51:08,,,
5680459,Wеб-дизайн. Просто как дважды два.,,,,Борисенко А.А.,2008,,,,162,0,Russian,Компьютеры//Сети,homelab,189-199,,,,,,,,,,,,0,,,,,,,,79605840,pdf,394AEA468F186129C95C6FF04F942021,,,D:\\homelab\\Борисенко А.А. Wеб-дизайн. Просто как дважды два. 2008.pdf,0,2000-01-01 01:00:00,2016-04-03 02:51:08,,,
5680458,"Codes, Ciphers and Secret Writing",,Test Your Code Breaking Skills,,Martin Gardner,1984,,Dover Publications,,49,0,English,Образование//Элементарный уровень,,,"9780486247618,0-486-24761-9",,,,,001.54/36,Z103 .G3 1984,,,OL2845934M,,0,,,,,,,,2457298,pdf,392D84EAB48630829F27D70B877C882D,,,"G:\\!upload\\!add\\!\\Dover Publications - Gardner Martin - Codes, Ciphers And Secret Writing [1972](1).pdf",0,2000-01-01 01:00:00,2016-04-03 02:51:08,239000/392d84eab48630829f27d70b877c882d-d.jpg,,
5680456,Surprises in Theoretical Physics,,,,Rudolf Peierls,1979,illustrated edition,Princeton University Press,,177,0,English,Физика,,,"9780691082424,0-691-08242-1",,,,,530.1,QC20 .P35,,,OL4433817M,,0,,,,,,,T,7671552,pdf,391BAC1BF40D0BE1EE40DD59BFEEB6C9,,,G:\\!upload\\!add\\!\\Surprises in Theoretical Physics_Rudolf Peierls (Princeton ).pdf,0,2000-01-01 01:00:00,2016-04-03 02:51:08,239000/391bac1bf40d0be1ee40dd59bfeeb6c9-d.jpg,,
5680457,"Introduction to Fiber Optics, Third Edition",,,,"John Crisp, Barry Elliott",2005,3,Newnes,,252,0,English,Техника//Электроника//Волоконная оптика,,,"9780750667562,0-7506-67567",,,,,621.36/92,TK5103.15 .C75 2005,,,OL23098382M,,0,,,,,,,T,1206544,pdf,391C27918FD31E31E5118CFBB9217D06,,,G:\\!upload\\!add\\!\\Newnes Introduction to Fiber Optics 3rd.pdf,0,2000-01-01 01:00:00,2016-04-03 02:51:08,239000/391c27918fd31e31e5118cfbb9217d06-d.jpg,,
5680455,Engineering a Compiler (book draft),,,,"Keith Cooper, Linda Torczon",2003,1,Morgan Kaufmann,,353,0,English,Компьютеры,,0,"155860698X,9781558606982",,,,,,,,,,,0,,,,,,,,2720226,pdf,391AB0243192B877F850C93A56B2C778,,,G:/!upload/!add/!/[Morgan Kaufmann] Bob Morgan - Engineering A Compiler.pdf,0,2000-01-01 01:00:00,2016-04-03 02:51:08,http://ecx.images-amazon.com/images/I/51gXSAsXhJL.jpg,,
5680454,Физический эксперимент в школе. Пособие для учителей,Вып.5,Физический эксперимент в школе. Пособие для учителей. Выпуск 5,,"Лисенкер Герш Рувимович, Составитель Герш Рувимович Лисенкер",1975,,Просвещение,М,204,0,Russian,Физика,homelab,189-199,,,,,,,,,,,"Scan, Djvuing: Сидор Сидоров, 2009",0,,,,,,,,2517478,djvu,39123854A7AFAD67D9933F10C89D36B6,,,D:\\homelab\\Лисенкер Г.Р. Физический эксперимент в школе. Пособие для учителей. вып.5 1975.djvu,0,2000-01-01 01:00:00,2016-04-03 02:51:08,239000/39123854a7afad67d9933f10c89d36b6-d.jpg,,
5680452,Reconstructing the Tree of Life: Taxonomy and Systematics of Species Rich Taxa,,Systematics Association Special Volumes,,"Trevor R. Hodkinson, John A.N. Parnell",2006,1,CRC Press,,374,0,English,,,,"9780849395796,0-8493-9579-8",,,,,578.01/2,QH83 .R43 2007,,,OL17905296M,,0,,,,,,,T,7929632,pdf,38FFCF9CF51A1E985F7B2A4F0CC5EDD4,,,G:\\!upload\\!add\\bi\\hodkinson2006_tol.pdf,0,2000-01-01 01:00:00,2016-04-03 02:51:08,239000/38ffcf9cf51a1e985f7b2a4f0cc5edd4-d.jpg,,
5680453,Linnaeus: Nature and Nation,,,,Lisbet Koerner,1999,1,Harvard University Press,,157,0,English,Наука (общее)//Научно-популярное,,,"9780674097452,0-674-09745-9",,,,,,,,,OL22128736M,,300,,,,,,,0,1979445,djvu,39042B44B7182056D236B80165E8F72E,,,G:\\!upload\\!add\\bi\\koerner1999_linnaeus.djvu,0,2000-01-01 01:00:00,2016-04-03 02:51:08,239000/39042b44b7182056d236b80165e8f72e-d.jpg,,
5680451,Plant Evolution in the Mediterranean,,,,John D. Thompson,2005,,"Oxford University Press, USA",,302,0,English,Биология//Растения//Ботаника,,,"9780198515333,0-19-851533-2",,,,,,,,,OL7400242M,,0,,,,,,,,7482937,pdf,38FA2D6D5B0B96C7472B705949A276FF,,,G:\\!upload\\!add\\bi\\thompson2005_pl_evol_mediterr.pdf,0,2000-01-01 01:00:00,2016-04-03 02:51:08,239000/38fa2d6d5b0b96c7472b705949a276ff-d.jpg,,
5680449,Синтезы органических соединений с изотопами углерода,Ч 1,,,"Мэррей А., Уильямс Д.Л ",1961,,,,351,0,Russian,Химия//Органическая химия,Якова Кротова б-ка,,,,,,,,,,,,,0,,,,,,,,7182783,djvu,38F06B5054FC16EB06E5129349EE97E9,,,"E:\\!!!chem\\Мэррей А., Уильямс Д.Л 1961~ Синтезы органических соединений с изотопами углерода. Ч.djvu",0,2000-01-01 01:00:00,2016-04-03 02:51:08,,,
5680450,Радиолаборатория юного конструктора,,,,Ломанович В.А.,1968,,ДОСААФ,,82,0,Russian,Техника//Электроника//Радио,homelab,189-199,,,,,,,,,,,,0,,,,,,,,1674646,djvu,38F17567F73DD4434464104DE9083B57,,,D:\\homelab\\Ломанович В.А. Радиолаборатория юного конструктора. (1968) .djvu,0,2000-01-01 01:00:00,2016-04-03 02:51:08,239000/38f17567f73dd4434464104de9083b57-d.jpg,,
5680447,Exceptional Fossil Preservation,,,,"David J. Bottjer, Walter Etter, James W. Hagadorn, Carol M. Tang",2002,,Columbia University Press,,420,0,English,,,,"9780231102544,0-231-10254-2",,,,,,,,,OL17055105M,,0,,,,,,,T,26373940,pdf,38ACDCBEFCE51D91FB3D2989FE96761D,,,G:\\!upload\\!add\\bi\\bottjer2002_except_foss.pdf,0,2000-01-01 01:00:00,2016-04-03 02:51:08,239000/38acdcbefce51d91fb3d2989fe96761d-d.jpg,,
5680448,Краткий справочник конструктора нестандартного оборудования,т.2,,,Бакуменко В.И. и др.,1997,,Машиностроение,,528,0,Russian,Техника//Нормативная литература,homelab,189-199,5-217-01742-2,,,,,,,,,,,0,,,,,,,,15859959,djvu,38E1F3B1219E7C661709FC395216D2F5,,,D:\\homelab\\Бакуменко В.И. и др. Краткий справочник  конструктора нестандартного оборудования. т.2 1997.djvu,0,2000-01-01 01:00:00,2016-04-03 02:51:08,239000/38e1f3b1219e7c661709fc395216d2f5-d.jpg,,
5680446,Scanning Microscopy for Nanotechnology: Techniques and Applications,,,,"Weilie Zhou, Zhong Lin Wang",2006,1,Springer,,534,0,English,Техника//Нанотехнологии,,,"9780387333250,0387333258",,,,,,,,,OL17210574M,,0,,,,,,,T,117342320,pdf,386F2B465E2A8DFE31645F87456DBC0C,,,"G:\\!upload\\!add\\!isbns\\Zhou W., Wang Z. (eds) Scanning microscopy for nanotechnology.. techniques and applications (Springer, 2006)(ISBN 0387333258)(534s).pdf",0,2000-01-01 01:00:00,2016-04-03 02:51:08,239000/386f2b465e2a8dfe31645f87456dbc0c-d.jpg,,
5680444,"Morphology, Molecules, Evolution and Phylogeny in Polychaeta and Related Taxa",,Developments in Hydrobiology,,"Universität Osnabrück, Günter Purschke",2005,1,Springer,,391,0,English,,,,"9781402029516,1-4020-2951-9",,,,,,,,,OL8371279M,,0,,,,,,,T,21273433,pdf,3863BAA65CBFCC4FDEE05E92079B791C,,,G:\\!upload\\!add\\bi\\bartolomaeus2005_polychaeta_phylog.pdf,0,2000-01-01 01:00:00,2016-04-03 02:51:08,239000/3863baa65cbfcc4fdee05e92079b791c-d.jpg,,
5680445,Data Model Patterns: A Metadata Map,,The Morgan Kaufmann Series in Data Management Systems,,David C. Hay,2006,1,Morgan Kaufmann,,427,0,English,Компьютеры//Организация и обработка данных,,,"9780120887989,0-12-088798-3",,,,,,,,,OL7325742M,,0,,,,,,,,2947068,pdf,386D5C8F9D2187913ED7DBA4D71FCD6E,,,G:\\!upload\\!add\\!\\data-model-patterns-a-metadata-map-the-morgan-kaufmann-series-in-data-management-systems.pdf,0,2000-01-01 01:00:00,2016-04-03 02:51:08,239000/386d5c8f9d2187913ed7dba4d71fcd6e-d.jpg,,
5680442,Path Integrals in Physics: Stochastic Process & Quantum Mechanics,Volume-2,,,"M. Chaichian, A. Demichev",2001,1st,"Taylor & Francis, IOP",,356,0,English,Математика//Вероятность,,,"9780750308014,0-7503-0801-X",,,,,,,,,OL18168099M,,0,,,,,,,T,3210210,pdf,3807F30908A79059DED6696F4B0B6320,,,"G:\\!upload\\!add\\!\\IOP,.Path.Integrals.in.Physics.Volume-2.Quantum.Field.Theory.(2001).EEn.LotB.pdf",0,2000-01-01 01:00:00,2016-04-03 02:51:08,239000/3807f30908a79059ded6696f4b0b6320-d.jpg,,
5680443,Кристаллы квантовой и нелинейной оптики.,,,,Блистанов А.А.,2000,,,,432,0,Russian,Физика//Квантовая физика,homelab,189-199,,,,,,,,,,,,0,,,,,,,,18731941,pdf,381C8EC54919DBD5E63959538A0FAB22,,,D:\\homelab\\Блистанов А.А. Кристаллы квантовой и нелинейной оптики. 2000.pdf,0,2000-01-01 01:00:00,2016-04-03 02:51:08,,,
5680441,Flora iberica: Plantas vasculares de la Peninsula Iberica e Islas Baleares,vol 21,,,,1986,,"Real Jardin Botanico, C.S.I.C",,416,0,Spanish,Биология//Растения//Ботаника,,,"9788400062217,84-00-06221-3",,,,,581.946,QK328 .F56 1986,,,OL22110814M,,0,,,,,,,T,16710017,pdf,37E9A38E975D4EFB35F45034516D38E3,,,G:\\!upload\\!add\\bi\\flora_iberica_21.pdf,0,2000-01-01 01:00:00,2016-04-03 02:51:08,,,
5680440,Автомобильные радиоприемники. Справочник,,,,Крупинин Иван Тимофеевич,1978,,Энергия,М.,177,0,Russian,,homelab,189-199,,,,,,,,,,,"Scan, Djvuing: Сидор Сидоров, 2009",0,,,,,,,,4681379,djvu,37E1F79D9AB9FC1507044983AD2568E3,,,D:\\homelab\\Крупинин И.Т. Автомобильные радиоприемники Справочник 1978.djvu,0,2000-01-01 01:00:00,2016-04-03 02:51:08,239000/37e1f79d9ab9fc1507044983ad2568e3-d.jpg,,
5680438,The Evolution of Plants,,,,"K. J. Willis, J. C. McElwain",2002,,"Oxford University Press, USA",,195,0,English,Биология//Растения//Ботаника,,,"9780198500650,0-19-850065-3",,,,,581.3/8,QK980 .W56 2002,,,OL3582886M,,0,,,,,,,,20276311,pdf,3792843454F2035EBC156191CF22FFF5,,,G:\\!upload\\!add\\bi\\willis2002_evol_plants.pdf,0,2000-01-01 01:00:00,2016-04-03 02:51:08,239000/3792843454f2035ebc156191cf22fff5-d.jpg,,
5680439,Ten Lectures on the Probabilistic Method,,CBMS-NSF Regional Conference Series in Applied Mathematics,,Joel Spencer,1987,2,Society for Industrial  Mathematics,,97,0,English,Математика//Вероятность,,,0898713250,,,,,,,,,,,0,,,,,,,T,6798006,pdf,37A484CB0DBE92CF92C50B188E97BBD9,,,G:\\!upload\\!add\\!\\Ten Lectures on the Probabilistic Method (CBMS-NSF Regional Conference Series in Applied Mathematics) (Joel Spencer) 0898713250.pdf,0,2000-01-01 01:00:00,2016-04-03 02:51:08,239000/37a484cb0dbe92cf92c50b188e97bbd9-d.jpg,,
5680437,The Joy of Sets: Fundamentals of Contemporary Set Theory,,Undergraduate Texts in Mathematics,,Keith Devlin,1993,2nd,Springer,,200,0,English,Математика//Анализ,,,"9780387940946,0-387-94094-4",,,,,511.3/22,QA248 .D38 1993,,,OL1397210M,,0,,,,,,,,1463123,djvu,37625881DC01B8E8BB41876E7FCDA5C0,,,G:\\!upload\\!add\\!isbns\\The Joy of Sets_Fundamentals of Contemporary Set Theory_Second Edition_Keith Devlin_Springer_1993_ISBN 0 387 94094 4.djvu,0,2000-01-01 01:00:00,2016-04-03 02:51:08,239000/37625881dc01b8e8bb41876e7fcda5c0-d.jpg,,
5680435,Neutron Scattering in Biology: Techniques and Applications,,"Biological and Medical Physics, Biomedical Engineering",,J. Fitter,2006,1,Springer,,569,0,English,Биология,,,"9783540291084,3-540-29108-3",,,,,,,,,OL9055970M,,0,,,,,,,,3864639,djvu,373D152A044C43DF4E35565D74B8074B,,,G:\\!upload\\!add\\biology\\Biomedical Engineering 65 Ebooks - Rovhal_Knullare\\Neutron Scattering in Biology - Fitter Gutberlet and Katsaras.djvu,0,2000-01-01 01:00:00,2016-04-03 02:51:08,239000/373d152a044c43df4e35565d74b8074b-d.jpg,,
5680436,"Algae: Anatomy, Biochemistry, and Biotechnology",,,,"Laura Barsanti, Paolo Gualtieri",2005,1,CRC Press,,320,0,English,Биология//Биотехнология,,,"9780849314674,0-8493-1467-4",,,,,579.8,QK566 .G83 2005,,,OL22723892M,,0,,,,,,,T,8540418,pdf,375B67C57050D5194875B66034889167,,,G:\\!upload\\!add\\bi\\barsanti2006_algae.pdf,0,2000-01-01 01:00:00,2016-04-03 02:51:08,239000/375b67c57050d5194875b66034889167-d.jpg,,
5680434,Gurus on Leadership,,,,Mark A. Thomas,2006,,Thorogood,,180,0,English,,,,"9781854183460,1-85418-346-X",,,,,,,,,,,0,,,,,,,T,1305218,pdf,3717C00640E551FBF71C6392946159B6,,,G:\\!upload\\!add\\!\\Thorogood.Gurus.on.Leadership.Apr.2005.eBook-TLFeBOOK.pdf,0,2000-01-01 01:00:00,2016-04-03 02:51:08,239000/3717c00640e551fbf71c6392946159b6-d.jpg,,
5680431,Traditional and Contemporary Guitar Finger-Picking Styles,,,,Happy Traum,1996,,Music Sales Corp,,72,0,English,Искусство//Музыка//Гитара,,,"9780825601033,0-8256-0103-7",,,,,,,,,OL8164173M,,0,,,,,,,,16834488,pdf,36DD63FBE3F308196DB95095443DF23F,,,G:\\!upload\\!add\\Guitar\\Guitar Finger Picking Styles - Happy Traum.pdf,0,2000-01-01 01:00:00,2016-04-03 02:51:08,,,
5680432,Параллельные миры.,,,,Каку М.,2008,,,,419,0,Russian,Физика,homelab,189-199,,,,,,,,,,,,0,,,,,,,,15876921,pdf,36E0C3CB282199086DDD542193C25AE6,,,D:\\homelab\\Каку М. Параллельные миры. 2008.pdf,0,2000-01-01 01:00:00,2016-04-03 02:51:08,,,
5680433,Все о рыболовных снастях,,,,,,,,,383,0,Russian,Физкультура и спорт//Спортивное рыболовство,homelab,189-199,,,,,,,,,,,,0,,,,,,,,14933629,pdf,36FF65F73222313BF6A84573FC891591,,,D:\\homelab\\Нет авт. Все о рыболовных снастях.pdf,0,2000-01-01 01:00:00,2016-04-03 02:51:08,,,
5680429,Identification Guide to the Ant Genera of the World,,,,Barry Bolton,1994,,Harvard University Press,,226,0,English,Биология,,,"9780674442801,0-674-44280-6",,,,,595.79/6/012,QL568.F7 B58 1994,,,OL1429925M,,0,,,,,,,,19224114,pdf,36C94CC61E03DF64E4DFE2E96EBAB138,,,G:\\!upload\\!add\\bi\\bolton1994_identification_guide_to_the_ant_genera_of_the_world.pdf,0,2000-01-01 01:00:00,2016-04-03 02:51:08,239000/36c94cc61e03df64e4dfe2e96ebab138-d.jpg,,
5680430,Hair of West European Mammals: Atlas and Identification Key,,,,B. J. Teerink,1991,,Cambridge University Press,,224,0,English,,,,"9780521402644,0-521-40264-6",,,,,599.094,QL726 .T44 1991,,,OL2030213M,,0,,,,,,,0,11406088,djvu,36CC964B93BA02BB0E63F1D9FD4FB072,,,G:\\!upload\\!add\\bi\\en\\teerink1991_hairs.djvu,0,2000-01-01 01:00:00,2016-04-03 02:51:08,239000/36cc964b93ba02bb0e63f1d9fd4fb072-d.jpg,,
5680427,Душистые вещества с мускусным запахом,,,,"Шулов Л.М., Хейфиц Л.А.",1964,,,,22,0,Russian,Химия,Якова Кротова б-ка,,,,,,,,,,,,,0,,,,,,,,1055735,djvu,366431E0D5280A37B62DB2A29B1F76D7,,,"E:\\!!!chem\\Шулов Л.М., Хейфиц Л.А.~ Душистые вещества с мускусным запахом~1964.djvu",0,2000-01-01 01:00:00,2016-04-03 02:51:08,,,
5680428,Invertebrate Medicine,,,,Gregory A. Lewbart,2006,1,Wiley-Blackwell,,360,0,English,Медицина,,,"9780813818443,0-8138-1844-3",,,,,639.7,SF997.5.I5 L49 2006,,,OL3402370M,,0,,,,,,,T,14777654,pdf,36B2B3EC925F50C7C40B602E7384ED54,,,G:\\!upload\\!add\\bi\\lewbart2006_invertebr_medicine.pdf,0,2000-01-01 01:00:00,2016-04-03 02:51:08,239000/36b2b3ec925f50c7c40b602e7384ed54-d.jpg,,
5680426,"Credit Risk: Pricing, Measurement, and Management",,Princeton Series in Finance,,"Darrell Duffie, Kenneth J. Singleton",2003,illustrated edition,Princeton University Press,,414,0,English,Бизнес//менеджмент,,,"9780691090467,0-691-09046-7",,,,,,,,,OL7758126M,,0,,,,,,,T,9047006,pdf,36571BB8C5EF441A62D2A7EE0ACC0F74,,,"G:\\!upload\\!add\\!\\Risk Market - Credit Risk - Pricing, Measurement and Management - D Duffie & K J Singleton (Princeton Univ Press) - 2003 [0691090467](1).pdf",0,2000-01-01 01:00:00,2016-04-03 02:51:08,239000/36571bb8c5ef441a62d2a7ee0acc0f74-d.jpg,,
5680424,Дело Тутанхамона,,,,Кристиан Ж.,,,,,196,0,Russian,,homelab,189-199,,,,,,,,,,,,0,,,,,,,,1708521,pdf,36440A05C090684A7A423EF3E3767352,,,D:\\homelab\\Кристиан Ж. Дело Тутанхамона.pdf,0,2000-01-01 01:00:00,2016-04-03 02:51:08,,,
5680425,Introduction to Physical Polymer Science,,,,L. H. Sperling,2005,4,Wiley-Interscience,,866,0,English,Наука (общее)//Научно-популярное,,,"9780471706069,047170606X",,,,,668.9,QD381 .S635 2006,,,OL3405746M,,0,,,,,,,,8059789,djvu,364D12E110E999CABCD1D13493382A33,,,G:\\!upload\\!add\\!isbns\\Sperling L.H. - Introduction to physical polymer science - Wiley 2006 4ed - ISBN 047170606x (866s).djvu,0,2000-01-01 01:00:00,2016-04-03 02:51:08,239000/364d12e110e999cabcd1d13493382a33-d.jpg,,
5680422,Марковские процессы с локальным взаимодействием,,,,Лиггетт Т.,1989,,,,551,0,Russian,Математика//Математическая статистика,homelab,189-199,,,,,,,,,,,,0,,,,,,,,8397905,djvu,3611B3DAE14F465092A3E671E37CB4DE,,,D:\\homelab\\Лиггетт Т. Марковские процессы с локальным взаимодействием 1989.djvu,0,2000-01-01 01:00:00,2016-04-03 02:51:08,,,
5680423,Нижнемеловые отложения севера Тихоокеанского кольца,,,,Авдейко Г.П.,1968,,Наука,,159,0,Russian,Биология//Палеонтология,,0,,,,551.7(571.66),,,,,,,,0,0,1,,,,,,12207681,pdf,3626D46EFC36622E2A1467F6FF6154DF,,,,0,2000-01-01 01:00:00,2016-04-03 02:51:08,,,
5680421,Практикум по аналитической химии Анализ пищевых продуктов,кн.2,,,Коренман Я.И.,2005,,,,290,0,Russian,Техника//Пищевые производства,homelab,189-199,"5-9532-0270-9,5-9532-0272-5",,,,,,,,,,,0,,,,,,,T,5447313,djvu,35FA933DB245198AA15C3DF9DF0DE46E,,,D:\\homelab\\Коренман Я.И. Практикум по аналитической химии Анализ пищевых продуктов. кн.2 2005.djvu,0,2000-01-01 01:00:00,2016-04-03 02:51:08,,,
5680419,Scientific Essentialism,,Cambridge Studies in Philosophy,,Brian Ellis,2001,1,Cambridge University Press,,162,0,English,Общественные науки прочие//Философия,,,"9780521800945,0-521-80094-3",,,,,,,,,OL21095834M,,300,,,,,,,0,1747969,djvu,35C204B9D964A1FABD4BBD6C4A40BDD5,,,G:\\!upload\\!add\\bi\\ellis2001_sci_essent.djvu,0,2000-01-01 01:00:00,2016-04-03 02:51:08,239000/35c204b9d964a1fabd4bbd6c4a40bdd5-d.jpg,,
5680420,"The Extravagant Universe: Exploding Stars, Dark Energy, and the Accelerating Cosmos",,Princeton Science Library,,Robert P. Kirshner,2002,,Princeton University Press,,310,0,English,Физика//Астрономия,,,"9780691058627,0-691-05862-8",,,,,,,,,OL7757437M,,0,,,,,,,,22605018,pdf,35D91C9269473001D787464792EDE721,,,"G:\\!upload\\!add\\!\\The Extravagant Universe - R Kirshner (Princeton, 2002) Ww.pdf",0,2000-01-01 01:00:00,2016-04-03 02:51:08,239000/35d91c9269473001d787464792ede721-d.jpg,,
5680417,What Is Biodiversity?,,,,"James Maclaurin, Kim Sterelny",2008,1,University Of Chicago Press,,231,0,English,Биология//Экология,,,"9780226500805,0-226-50080-2",,,,,,,,,OL10192398M,,0,,,,,,,T,1304565,pdf,35747E07A39DE79C1D1B39EFDF5805B4,,,G:\\!upload\\!add\\bi\\mclaurin2008_what_is_biodiv.pdf,0,2000-01-01 01:00:00,2016-04-03 02:51:08,,,
5680418,Химическая термодинамика,,,,"Пригожин И., Дефей",1966,,,,502,0,Russian,Физика//Термодинамика и статистическая физика,Якова Кротова б-ка,,,,,,,,,,,,,0,,,,,,,,8541244,djvu,358602EB1DD4A538E3103D0CCDC75CBA,,,"E:\\!!!chem\\Пригожин И., Дефей 1966 ~Химическая термодинамика.djvu",0,2000-01-01 01:00:00,2016-04-03 02:51:08,,,
5680415,Лук,,,Огород. Спецвыпуск,,,,,,4,0,Russian,,homelab,189-199,,,,,,,,,,,,0,,,,,,,,2265076,djvu,354D6E8F17874670EBD0E9A6B2BA6FBA,,no,D:\\homelab\\Спецвыпуск. Лук.djvu,0,2000-01-01 01:00:00,2016-04-03 02:51:08,,,
5680416,Vibration Fundamentals,,Plant Engineering Maintenance Series,,R. Keith Mobley President and CEO of Integrated Systems  Inc.,1999,,Butterworth-Heinemann,,299,0,English,Биология//Экология,,,"9780750671507,0-7506-7150-5",,,,,621.8/16,TS192 .M626 1999,,,OL371304M,,0,,,,,,,T,13299758,pdf,3567AC4AB2D187ECAC1CE53B2F96EE0F,,,G:\\!upload\\!add\\!\\MOBLEY R. K. - Vibration Fundamentals_ Plant engineering maintenance series - (NEWNES 1999; 299 p).pdf,0,2000-01-01 01:00:00,2016-04-03 02:51:08,239000/3567ac4ab2d187ecac1ce53b2f96ee0f-d.jpg,,
5680414,Тлеющий разряд повышенного давления.,,,,"Голубев В.С., Пашкин С.В.",1990,,,,335,0,Russian,Физика,homelab,189-199,,,,,,,,,,,,0,,,,,,,,31395148,pdf,35426D97FC42CAF751E13B1684403B5E,,,"D:\\homelab\\Голубев В.С., Пашкин С.В. Тлеющий разряд повышенного давления. 1990.pdf",0,2000-01-01 01:00:00,2016-04-03 02:51:08,,,
5680413,Joe Celko's SQL Programming Style,,The Morgan Kaufmann Series in Data Management Systems,,Joe Celko,2005,,Morgan Kaufmann,,237,0,English,Компьютеры//Базы данных,,,"9780120887972,0-12-088797-5",,,,,,,,,OL7325741M,,0,,,,,,,T,1828949,pdf,353353597141B937CBE126E6DBF9548E,,,G:\\!upload\\!add\\!\\Morgan Kaufmann - Joe Celkos SQL Programming Style (2005) - DDU.pdf,0,2000-01-01 01:00:00,2016-04-03 02:51:08,239000/353353597141b937cbe126e6dbf9548e-d.jpg,,
5680411,Frontiers of Numerical Analysis: Durham 2004,,Universitext,,"James Blowey, Alan Craig",2005,1,Springer,,268,0,English,Математика//Вычислительная математика,,,"9783540239215,3-540-23921-9",,,,,518,QA297 .L59 2004,,,OL3480575M,,0,,,,,,,,2889548,pdf,3530A1BD90C5671F2693F9858591B6A0,,,"G:\\!upload\\!add\\!\\Frontiers of Numerical Analysis, Durham 2004 (Universitext) (James Blowey, Alan Craig) 3540239219.pdf",0,2000-01-01 01:00:00,2016-04-03 02:51:08,239000/3530a1bd90c5671f2693f9858591b6a0-d.jpg,,
5680412,"Programming Ruby: The Pragmatic Programmers' Guide, Second Edition",,,,"Dave Thomas, Chad Fowler, Andy Hunt",2005,2nd,Pragmatic Bookshelf,,833,0,English,Компьютеры//Программирование,,,"9780974514055,0-9745140-5-5",,,,,005.133,QA76.64 .T494 2005,,,OL3439591M,,0,,,,,,,,5295334,pdf,3531303A94C1F1FADF9BAF5034F318F7,,,G:\\!upload\\!add\\!\\thomas2005_pr_ruby.pdf,0,2000-01-01 01:00:00,2016-04-03 02:51:08,239000/3531303a94c1f1fadf9baf5034f318f7-d.jpg,,
5680409,ProENGINEER-Praktikum 4 Auflage,,,,unknown,2006,,Vieweg Friedr. + Sohn Ver,,229,0,German,,,,"9783528331245,3-528-33124-0",,,,,,,,,,,0,,,,,,,,7704195,pdf,350CE37B7902BE76D69D848396DE8245,,,G:\\!upload\\!add\\!isbns\\Vieweg Teubner - ProENGINEER-Praktikum 4 Auflage 2006.pdf,0,2000-01-01 01:00:00,2016-04-03 02:51:08,239000/350ce37b7902be76d69d848396de8245-d.jpg,,
5680410,Linear Algebra Done Right,,Undergraduate Texts in Mathematics,,Sheldon Axler,1997,2nd,Springer,,261,0,English,Математика//Алгебра,,,"9780387982595,0387982590",,,,,512/.5,QA184 .A96 1997,,,OL670720M,,0,,,,,,,T,1744789,djvu,350F1E585B42B8BF9AFE1AD2CD323F17,,,G:\\!upload\\!add\\!isbns\\UTM - Axler S. - Linear Algebra done right - Springer 1997 2ed - ISBN 0387982590 (261s).djvu,0,2000-01-01 01:00:00,2016-04-03 02:51:08,239000/350f1e585b42b8bf9afe1ad2cd323f17-d.jpg,,
5680408,"Encyclopedia of World Cultures, middle_america_and_the_caribbean",Vol. 8,,,James W. Dow,1995,1,G. K. Hall,,368,0,English,Образование//Энциклопедии,,,"0816118167,9780816118168",,,,,306.097,GN307.E53 1991,,,OL11361745M,,0,,,,,1,,,3318070,djvu,34EBCE11FAA20E0517614B02BB44CE82,,,G:\\!upload\\!add\\mi\\cult\\enc_wrld_cult_08_middle_america_and_the_caribbean.djvu,0,2000-01-01 01:00:00,2016-04-03 02:51:08,239000/34ebce11faa20e0517614b02bb44ce82-d.jpg,,
5680407,Кузнечно-штамповочное оборудование.,,,,Бочаров Ю.А.,2008,,,,481,0,Russian,Техника,homelab,189-199,,,,,,,,,,,,0,,,,,,,,29316236,pdf,34EAC122F42EC5CB05045B0CA4ECEE93,,,D:\\homelab\\Бочаров Ю.А. Кузнечно-штамповочное оборудование. 2008.pdf,0,2000-01-01 01:00:00,2016-04-03 02:51:08,,,
5680405,DNA Repair Protocols,,Methods in Molecular Biology,,Daryl S. Henderson,2005,2nd,Humana Press,,517,0,English,Биология//Генетика,,,"9781588295132,1-58829-513-3",,,,,,,,,OL18204188M,,0,,,,,,,,2916597,djvu,349E5AE1A3BBE3E37A8B5E785B32561C,,,G:\\!upload\\!add\\biology\\Henderson_DNA Repair Protocols-Mammalian Systems 2nd ed MMB314.djvu,0,2000-01-01 01:00:00,2016-04-03 02:51:08,239000/349e5ae1a3bbe3e37a8b5e785b32561c-d.jpg,,
5680406,Кузнечно-штамповочное оборудование.,,,,Бочаров Ю.А.,2008,,,,481,0,Russian,Техника,homelab,189-199,,,,,,,,,,,,0,,,,,,,,7497469,djvu,34D34E921387BBCB03922A6EAA027B8C,,,D:\\homelab\\Бочаров Ю.А. Кузнечно-штамповочное оборудование. (2008) .djvu,0,2000-01-01 01:00:00,2016-04-03 02:51:08,,,
5680404,The New Financial Order: Risk in the 21st Century,,,,Robert J. Shiller,2003,,Princeton University Press,,385,0,English,Экономика,,,"9780691091723,0-691-09172-2",,,,,,,,,OL7758174M,,0,,,,,,,T,1673343,pdf,34967F6CEC3EAB5FC448ADF656132A45,,,G:\\!upload\\!add\\!\\The New Financial Order Risk in the 21st Century - Robert J. Shiller (Princeton University Press) - 2003 [0691091722].pdf,0,2000-01-01 01:00:00,2016-04-03 02:51:08,239000/34967f6cec3eab5fc448adf656132a45-d.jpg,,
5680403,Эксперимент по курсу элементарной физики. Жидкости и газы,Часть 2,,,"Авторы: Рудольф Гирке и Георг Шпрокхоф. Перевод с немецкого А.П.Ломана. Под редакцией Л.А.Знаменского, П.А.Рымкевича.",1959,,Учпедгиз,М.,370,0,Russian,Физика//Общие курсы,homelab,189-199,,,,,,,,,,,"Scan: AAW, Formatting: bolega, 2009",0,,,,,,,,7336226,djvu,348EEB54FC42D0E9DF1BC56626DA68AB,,,"D:\\homelab\\Гирке Р., Шпрокхоф Г. Эксперимент по курсу элементарной физики Ч2 Жидкости и газы 1959.djvu",0,2000-01-01 01:00:00,2016-04-03 02:51:08,239000/348eeb54fc42d0e9df1bc56626da68ab-d.jpg,,
5680402,Nuclear Transfer Protocols: Cell Reprogramming and Transgenesis,,Methods in Molecular Biology 348,,Paul J. Verma,2006,1,Humana Press,,764,0,English,Компьютеры//Программирование,,,"9781588292803,1-58829-280-0",,,,,,,,,OL17199566M,,0,,,,,,,,6981135,pdf,348C4AEF59269CCFF36B37A939D837FB,,,"G:\\!upload\\!add\\!\\Methods in Molecular Biology Vol 348 - Nuclear Transfer Protocols [Methods in Molec Bio 348] - P. Verma, A. Tronson (Humana, 2006) WW.pdf",0,2000-01-01 01:00:00,2016-04-03 02:51:08,239000/348c4aef59269ccff36b37a939d837fb-d.jpg,,
5680400,The Theory of Finite Groups: An Introduction,,Universitext,,"Hans Kurzweil, Bernd Stellmacher",2003,1,Springer,,389,0,English,Математика//Симметрия и группы,,,"9780387405100,0-387-40510-0",,,,,,,,,OL7445825M,,0,,,,,,,T,2139046,pdf,346FE81CC39EB772EFD312CA705EEEF1,,,"G:\\!upload\\!add\\!\\The Theory Of Finite Groups, An Introduction (Universitext) (Hans Kurzweil, Bernd Stellmacher) 0387405100.pdf",0,2000-01-01 01:00:00,2016-04-03 02:51:08,239000/346fe81cc39eb772efd312ca705eeef1-d.jpg,,
5680401,Справочник по электроснабжению промышленных предприятий,,Электрооборудование и автоматизация,,Федоров А.А. (ред.),1981,,,,624,0,Russian,Техника,homelab,189-199,,,,,,,,,,,,0,,,,,1,,,8561169,djvu,3470A87F1DC81634524D44008DC54265,,,D:/homelab/Федоров А.А. ред. Справочник по электроснабжению промышленных предприятий Электрооборудование и автоматизация 1981.djvu,0,2000-01-01 01:00:00,2016-04-03 02:51:08,,,
5680399,Большая историческая энциклопедия.,т.14 ,,,Жуков Е.,1973,,Советская энциклопедия,,524,0,Russian,История,homelab,189-199,,,,,,,,,,,,0,,,,,,,,21452881,djvu,345DF6C4BE352947758F8E7595C5DEF7,,,D:\\homelab\\Много авт. Большая историческая энциклопедия. т.14 (1973) .djvu,0,2000-01-01 01:00:00,2016-04-03 02:51:08,,,
5680397,Bazooka: How To Build Your Own,vol 1,,,Anthony Lewis,1993,,Paladin Press,,28,0,English,Образование,,,"9780873647380,0-87364-738-6",,,,,623.4/426,UF628 .L48 1993,,,OL1149422M,,0,,,,,,,,1499726,pdf,342A72AAA98F06D94E4D5C9B5CF80CAB,,,G:\\!upload\\!add\\!\\Paladin Press Bazooka How To Build Your Own Vol 1.pdf,0,2000-01-01 01:00:00,2016-04-03 02:51:08,239000/342a72aaa98f06d94e4d5c9b5cf80cab-d.jpg,,
5680398,Algorithms for Computer Algebra,,,,"Keith O. Geddes, Stephen R. Czapor, George Labahn",1992,1,Kluwer,,302,0,English,Математика//Компьютерная алгебра,,,"9780792392590,0-7923-9259-0",,,,,512/.00285,QA155.7.E4 G43 1992,,,OL1722246M,,0,,,,,,,,33040483,pdf,343FE31EFD7105329DB99CD54C702528,,,"G:\\!upload\\!add\\!\\Kluwer Academic - Algorithms For Computer Algebra (1992, Scan, a4).pdf",0,2000-01-01 01:00:00,2016-04-03 02:51:08,239000/343fe31efd7105329db99cd54c702528-d.jpg,,
5680396,Late Cretaceous,,"Turonian) Flora of Southern Negev, Israel",,"V. Krassilov, Z. Lewy, Eviatar Nevo",2005,,Pensoft Publishers,,253,0,English,Биология//Растения//Ботаника,,,"9789546422293,954-642-229-0",,,,,,,,,,,0,,,,,,,T,23753617,pdf,342907D4A9880C40D77D558421F76FBE,,,G:\\!upload\\!add\\bi\\krassilov2005_turonian.pdf,0,2000-01-01 01:00:00,2016-04-03 02:51:08,239000/342907d4a9880c40d77d558421f76fbe-d.jpg,,
5680394,Физика авроральных явлений.,,,,Арыков А.А. и др.,1988,,,,263,0,Russian,Физика,homelab,189-199,,,,,,,,,,,,0,,,,,,,,12650514,pdf,341A413E6768D3E09681A7641E5FD13B,,,D:\\homelab\\Арыков А.А. и др. Физика авроральных явлений. 1988.pdf,0,2000-01-01 01:00:00,2016-04-03 02:51:08,,,
5680395,Навигационная бионика.,,,,"Селезнев В.П., Селезнева Н.В.",1987,,,,257,0,Russian,,homelab,189-199,,,,,,,,,,,,0,,,,,,,,5739698,djvu,341FF79CFCDAFE40F38A97FC12329D37,,,"D:\\homelab\\Селезнев В.П., Селезнева Н.В. Навигационная бионика. (1987) .djvu",0,2000-01-01 01:00:00,2016-04-03 02:51:08,,,
5680392,Классический массаж.,,,,Колосова С.,2004,,,,31,0,Russian,Психология,homelab,189-199,,,,,,,,,,,,0,,,,,,,,9073847,djvu,34097BE3B77AC5F6F1D71FC23012B9D6,,,D:\\homelab\\Колосова С. Классический массаж. 2004.djvu,0,2000-01-01 01:00:00,2016-04-03 02:51:08,,,
5680393,Oracle Database 10g: The Complete Reference,,Osborne ORACLE Press Series,,Kevin Loney,2004,1,McGraw-Hill Osborne Media,,1348,0,English,,,,"9780072253511,0-07-225351-7",,,,,,,,,OL7302529M,,0,,,,,,,,9362465,djvu,3413D71216E58678E9C098D53553AF26,,,G:\\!upload\\!add\\Oracle\\DJVU\\Oracle Database 10g - The Complete Reference.djvu,0,2000-01-01 01:00:00,2016-04-03 02:51:08,239000/3413d71216e58678e9c098d53553af26-d.jpg,,
5680391,Зарубежный опыт социальной работы: Учебное пособие,,,,Корнюшина,2004,,ТИДОТ ДВГУ,,84,0,Russian,Образование,gaudeamus.narod.ru,,,,,,,,,,,,,0,,,,,,,,1228581,pdf,3408252C9034F44505F604415D541C9E,,,D:\\homelab\\gaudeamus.narod.ru\\Зарубежный опыт социальной работы - УП - Корнюшина - 2004 - 84.pdf,0,2000-01-01 01:00:00,2016-04-03 02:51:08,239000/3408252c9034f44505f604415d541c9e-d.jpg,,
5680389,Fundamentals of Psychopharmacology,,,,Brian E. Leonard,2003,3,Wiley,,226,0,English,Химия//Фармакология,,,"9780471521785,0-471-52178-7",,,,,,,,,OL7618577M,,0,,,,,,,T,14063324,pdf,33FDBB56997F22621C775F8C42BFF67A,,,"G:\\!upload\\!add\\biology\\Pharmacology\\Fundamentals of Psychopharmacology 3rd ed - B. Leonard (Wiley, 2003).pdf",0,2000-01-01 01:00:00,2016-04-03 02:51:08,239000/33fdbb56997f22621c775f8c42bff67a-d.jpg,,
5680390,Энциклопедический словарь Брокгауза и Ефрона,Т39,,,,1903,,,,491,0,Russian,Языкознание//Словари,homelab,189-199,,,,,,,,,,,,0,,,,,,,,9346186,djvu,3402782074E13D64F6EA2D3CAF462AAB,,,D:\\homelab\\Энциклопедический словарь Брокгауза и Ефрона Т39 1903.djvu,0,2000-01-01 01:00:00,2016-04-03 02:51:08,,,
5680388,Жизнь животных. Млекопитающие.,т.7,,,Соколов В.Е. (ред),1989,,,,623,0,Russian,Биология//Зоология,homelab,189-199,,,,,,,,,,,,0,,,,,,,,86684615,pdf,33CB0AE363296656DA0E9DE0301AE2E7,,,D:\\homelab\\Соколов В.Е. (ред) Жизнь животных. Т.7 Млекопитающие. 1989.pdf,0,2000-01-01 01:00:00,2016-04-03 02:51:08,,,
5680385,Abstraktion - Einfuhrung in die Programmierung,,,,"Klaeren, Sperber",2008,,Teubner B.G. GmbH,,331,0,German,,,,"3-519-00505-0,3-8351-0064-5,978-3-8351-0155-5",,,,,,,,,,,0,,,,,,,T,16956672,pdf,337ADD7C636BB2B6706C38030D7FF58A,,,G:\\!upload\\!add\\!isbns\\Vieweg Teubner - Abstraktion - Einfuhrung in die Programmierung 2008.pdf,0,2000-01-01 01:00:00,2016-04-03 02:51:08,,,
5680386,Всемирная история.,т.05,,,Жуков Е.М. (ред),1958,,Изд. Социально-экономической литературы,,862,0,Russian,История,homelab,189-199,,,,,,,,,,,,0,,,,,,,,11182091,djvu,3380ED2E8D8DC8C47FC92B40E2D693B1,,,D:\\homelab\\Жуков Е.М. (ред) Всемирная история. т.05 1958.djvu,0,2000-01-01 01:00:00,2016-04-03 02:51:08,,,
5680387,Уних - универсальная среда программирования.,,,,"Керниган Б.В., Пайк Р.",1992,,,,467,0,Russian,Компьютеры//Программирование,homelab,189-199,,,,,,,,,,,,0,,,,,,,,5389893,pdf,33C17F9E67C0EC8717F873C6DEDD639B,,,"D:\\homelab\\Керниган Б.В., Пайк Р. Уних - универсальная среда программирования. (1992) .pdf",0,2000-01-01 01:00:00,2016-04-03 02:51:08,,,
5680384,Геологическое строение Московского региона. Геологические практики: Учебно-методическое пособие,,,,"Белая Н.И., Дубинин Е.П., Ушаков С.А.",2001,,Издательство Московского Университета (МГУ),,52,0,Russian,Образование,,0,5-211-04502-5,,,55,26.3,,,,,,,0,0,0,,,,,,16377721,pdf,337A23DF69BFE9D468F3348E62569491,,,,0,2000-01-01 01:00:00,2016-04-03 02:51:08,,,
5680383,Микроконтроллеры серии 8051. Практический подход,,,,Магда Ю.С.,2008,,ДМК Пресс,,224,0,Russian,Техника//Электроника//Микропроцессорная техника,homelab,189-199,5-94074-394-3,,,,,,,,,,,0,,,,,,,,3861616,pdf,337538D3893BE4A5CC5A9B7207DD3C1A,,,D:\\homelab\\Магда Ю.С. Микроконтроллеры серии 8051. Практический подход 2008.pdf,0,2000-01-01 01:00:00,2016-04-03 02:51:08,239000/337538d3893be4a5cc5a9b7207dd3c1a-d.jpg,,
5680381,Аэродинамика птиц-парителей.,,,,Виноградов И.Н.,1951,,,,129,0,Russian,Биология//Зоология,homelab,189-199,,,,,,,,,,,,0,,,,,,,,52756454,pdf,3357EC73DEF433972C6FFA2E5544F986,,,D:\\homelab\\Виноградов И.Н. Аэродинамика птиц-парителей. 1951.pdf,0,2000-01-01 01:00:00,2016-04-03 02:51:08,,,
5680382,,,Катера и яхты. 1975-01,,,,,,,104,0,Russian,Техника//Транспорт//Корабли,homelab,189-199,,,,,,,,,,,,0,,,,,,,,22475310,pdf,335FC98D0124381F4215D62EF8564942,,,D:\\homelab\\Журнал. Катера и яхты. 1975-01.pdf,0,2000-01-01 01:00:00,2016-04-03 02:51:08,,,
5680379,Handbook of Parametric and Nonparametric Statistical Procedures: Third Edition,,,,David J. Sheskin,2003,3,Chapman & Hall,,1184,0,English,,,,"9781584884408,1-58488-440-1",,,,,519.5,QA276.25,,,OL21994209M,,0,,,,,,,,68682438,pdf,32FF05808F5E2258A32F7FF69240C01D,,,"G:\\!upload\\!add\\!\\(Book) Sheskin,D. J. 2004 Handbook of Parametric and Nonparametric Statistical Procedures (3rd Ed) - Chapman & Hall+CRC Press.pdf",0,2000-01-01 01:00:00,2016-04-03 02:51:08,239000/32ff05808f5e2258a32f7ff69240c01d-d.jpg,,
5680380,Video Demystified - A Handbook For The Digital Engineer,,Demystifying Technology,,Keith Jack,2004,4th,Newnes,,952,0,English,Образование,,,"9780750678223,0-7506-7822-4",,,,,,,,,OL16146281M,,0,,,,,,,T,10017536,pdf,331A516AFB7465FC05BC648F9E06BDEF,,,"G:\\!upload\\!add\\!isbns\\Video Demystified - A Handbook For The Digital Engineer 4Th Ed - K Jack (Newnes, 2005) Ww.pdf",0,2000-01-01 01:00:00,2016-04-03 02:51:08,239000/331a516afb7465fc05bc648f9e06bdef-d.jpg,,
5680377,Isomonodromic Deformations and Frobenius Manifolds: An Introduction,,Universitext,,Claude Sabbah,2007,1,Springer,,289,0,English,Математика,,,"1848000537,978-1-84800-053-7",,,,,515.354,QA331 .S2313 2008,,,OL23157312M,,0,,,,,,,,5099061,pdf,32C945D12D9D6E0F846AC3F9D5E089BE,,,G:\\!upload\\!add\\!\\Mathematics - Isomonodromic Deformations And Frobenius Manifolds - An Introduction (Universitext) - (Claude Sabbah) Springer 2007.pdf,0,2000-01-01 01:00:00,2016-04-03 02:51:08,239000/32c945d12d9d6e0f846ac3f9d5e089be-d.jpg,,
5680378,Энциклопедический словарь Брокгауза и Ефрона.,т.18,,,,1896,,,,500,0,Russian,Языкознание//Словари,homelab,189-199,,,,,,,,,,,,0,,,,,,,,9682449,djvu,32E2FFA9CD05CD9D1B302FB94C00A1EF,,,D:\\homelab\\Энциклопедический словарь Брокгауза и Ефрона. т.18 1896.djvu,0,2000-01-01 01:00:00,2016-04-03 02:51:08,,,
5680376,Системы и сети передачи информации: Учебное пособие для вузов,,,,Гаранин М.В. и др.,2001,,Радио и связь,,336,0,Russian,Образование,homelab,189-199,5-256-01475-7,,,,,,,,,,,0,,,,,,,,4461093,djvu,32C8CF8F31660E186BCC23B37C7007C0,,,D:\\homelab\\Гаранин М.В. и др. Системы и сети передачи информации. (2001) .djvu,0,2000-01-01 01:00:00,2016-04-03 02:51:08,239000/32c8cf8f31660e186bcc23b37c7007c0-d.jpg,,
5680374,Microarray Technology and Its Applications,,"Biological and Medical Physics, Biomedical Engineering",,"Uwe R. Müller, Dan V. Nicolau",2004,1,Springer,,388,0,English,Физика,,,"9783540229315,3-540-22931-0",,,,,,,,,OL22621230M,,0,,,,,,,,3064506,djvu,329E7AE552B16D79FF95A2C9F69BB869,,,G:\\!upload\\!add\\biology\\Biomedical Engineering 65 Ebooks - Rovhal_Knullare\\Microarray Technology and Its Applications - U.R. Muller & D.V. Nicolau.djvu,0,2000-01-01 01:00:00,2016-04-03 02:51:08,239000/329e7ae552b16d79ff95a2c9f69bb869-d.jpg,,
5680375,"The Analysis of Means: A Graphical Method for Comparing Means, Rates, and Proportions",,ASA-SIAM Series on Statistics and Applied Probability,,"Peter S. Wludyka, and Karen A. F. Copeland Peter R. Nelson",2005,,"SIAM, Society for Industrial and Applied Mathematics",,260,0,English,Биология//Генетика,,,"9780898715927,089871592X",,,,,,,,,OL8271966M,,0,,,,,1,,,9210628,pdf,32B4110331E92421CEA4927DBDBB7245,,,"G:\\!upload\\!add\\!\\The Analysis of Means (ASA-SIAM Series on Statistics and Applied Probability) (Peter R. Nelson, Peter S. Wludyka, Karen A. F. Copeland) 089871592X.pdf",0,2000-01-01 01:00:00,2016-04-03 02:51:08,239000/32b4110331e92421cea4927dbdbb7245-d.jpg,,
5680372,Introduction to Singularities and Deformations,,Springer Monographs in Mathematics,,"Gert-Martin Greuel, Christoph Lossen, Eugenii I. Shustin",2007,1,Springer,,480,0,English,Математика,,,"9783540283805,3-540-28380-3",,,,,,,,,OL9055847M,,0,,,,,,,,32900708,pdf,325B89E29AE38DD7E69241BE3CADF807,,,G:\\!upload\\!add\\!\\E Birkhauser - Introduction to Singularities and Deformations - G. M. Gruel 2007 a.pdf,0,2000-01-01 01:00:00,2016-04-03 02:51:08,239000/325b89e29ae38dd7e69241be3cadf807-d.jpg,,
5680373,Chinese and Related North American Herbs: Phytopharmacology and Therapeutic Values,,,,Thomas S. C. Li,2002,1,CRC Press,,611,0,English,Химия//Фармакология,,,"9781587161285,1-58716-128-1",,,,,,,,,OL8823002M,,0,,,,,,,,1888517,djvu,325EBA2325EFC196DB90308F19F19CCE,,,G:\\!upload\\!add\\biology\\Pharmacology\\Li_Chinese and Related North American Herbs-Phytopharmacology and Therapeutic Values.djvu,0,2000-01-01 01:00:00,2016-04-03 02:51:08,239000/325eba2325efc196db90308f19f19cce-d.jpg,,
5680370,Legacy of Damnation,,Arcanis; d20 System; PCI1108,,Brian Schoner,2004,,"Paradigm Concepts, Inc.",,130,0,English,,,,"9781931374224,1-931374-22-8",,,,,,,,,OL9535331M,,0,,,,,,,,7480428,pdf,3238FDC8996E1BB9FEAB09F3A4F1DCF8,,,G:\\!upload\\!add\\City\\PCI1108.pdf,0,2000-01-01 01:00:00,2016-04-03 02:51:08,,,
5680371,Синтезы гетероциклических соединений,вып. 13,,,Мнджоян,,,,,32,0,Russian,Химия,Якова Кротова б-ка,,,,,,,,,,,,,0,,,,,,,,446023,djvu,323EFC4F9589B02F498EBC2954FCF7E3,,,E:\\!!!chem\\Мнджоян - Синтезы гетероциклических соединений вып. 13 .djvu,0,2000-01-01 01:00:00,2016-04-03 02:51:08,,,
5680368,Первые русские фотоаппараты,,,,Сыров А.,1951,,,,31,0,Russian,Техника,homelab,189-199,,,,,,,,,,,,0,,,,,,,,3705885,djvu,3202609A012F4BD0390E9D10A7E07611,,,D:\\homelab\\Сыров А. Первые русские фотоаппараты 1951.djvu,0,2000-01-01 01:00:00,2016-04-03 02:51:08,,,
5680369,The Breadth of Symplectic and Poisson Geometry: Festschrift in Honor of Alan Weinstein,,Progress in Mathematics,,"Jerrold E. Marsden, Tudor S. Ratiu",2005,1,Birkhäuser Boston,,663,0,German,Математика//Геометрия и топология,,,"9780817635657,0-8176-3565-3",,,,,,,,,OL8074443M,,0,,,,,,,,6085854,pdf,3216B6F58448164D6771078A97E29DC6,,,"G:\\!upload\\!add\\!\\The Breadth of Symplectic and Poisson Geometry - J. Marsden, T. Ratiu (Birkhauser, 2005) WW.pdf",0,2000-01-01 01:00:00,2016-04-03 02:51:08,239000/3216b6f58448164d6771078a97e29dc6-d.jpg,,
5680366,Agile Web Development with Rails,,,,"Dave Thomas, David Hansson, Leon Breedt, Mike Clark, James Duncan Davidson, Justin Gehtland, Andreas Schwarz",2007,2,Pragmatic Bookshelf,,714,0,English,Компьютеры//Сети//Интернет,,,"9780977616633,0-9776166-3-0",,,,,,,,,OL15627670M,,0,,,,,,,,5986009,pdf,31CBCCB0CC7A3309F60A7C988B71630F,,,G:\\!upload\\!add\\!\\thomas2007_agile_rails.pdf,0,2000-01-01 01:00:00,2016-04-03 02:51:08,239000/31cbccb0cc7a3309f60a7c988b71630f-d.jpg,,
5680367,Electrical Power Cable Engineering,,"Power Engineering Power Engineering, 7 ",,William A. Thue,1998,1,CRC Press,,322,0,English,Техника,,,"9780824799762,0-8247-9976-3",,,,,621.319/34,TK3351 .E45 1999,,,OL379133M,,0,,,,,,,,10136764,djvu,31FC4366FD180053F23698299B92FC2C,,,G:\\!upload\\!add\\!\\Thue W.A. - Electrical power cable engineering - Dekker 1998.djvu,0,2000-01-01 01:00:00,2016-04-03 02:51:08,239000/31fc4366fd180053f23698299b92fc2c-d.gif,,
5680364,Op Amp Applications Handbook,,Analog Devices Series,,Walt Jung,2004,,Newnes,,895,0,English,,,,"9780750678445,0-7506-7844-5",,,,,621.39/5,TK7871.58.O6 J8515 2004,,,OL3307782M,,0,,,,,,,T,17305010,pdf,31A68874C69655A509E87EB94264752F,,,G:\\!upload\\!add\\!\\(Ebook) Operational Amplifier Applications Handbook(Newnes)(2004) - Jung(1).pdf,0,2000-01-01 01:00:00,2016-04-03 02:51:08,239000/31a68874c69655a509e87eb94264752f-d.jpg,,
5680365,Фармакология с рецептурой.,,,,Гаевый М.Д. и др.,2007,,,,460,0,Russian,Биология//Экология,homelab,189-199,,,,,,,,,,,,0,,,,,,,,17496793,pdf,31C698D1235246F020AF8E0B4FA08BF4,,,D:\\homelab\\Гаевый М.Д. и др. Фармакология с рецептурой. 2007.pdf,0,2000-01-01 01:00:00,2016-04-03 02:51:08,,,
5680363,Diagnostic Bacteriology Protocols,,Methods in Molecular Biology 345,,Louise OConnor,2006,2,Humana Press,,237,0,English,Биология,,,"9781588295941,1-58829-594-X",,,,,616.9/201,QR67.2 .D52 2006,,,OL22732498M,,0,,,,,,,,4333402,pdf,315282D2904671E0604F9BCAC1D2EB88,,,"G:\\!upload\\!add\\!\\Diagnostic Bacteriology Protocols (Methods in Molecular Biology, Vol 345).pdf",0,2000-01-01 01:00:00,2016-04-03 02:51:08,239000/315282d2904671e0604f9bcac1d2eb88-d.jpg,,
5680361,Geometric Function Theory: Explorations in Complex Analysis,,Cornerstones,,Steven G. Krantz,2005,1,Birkhäuser Boston,,305,0,English,Математика//Геометрия и топология,,,"9780817643393,0-8176-4339-7",,,,,,,,,OL8074817M,,0,,,,,,,,3797734,pdf,312D3293C04F8CAE07F93D3A848DB12D,,,"G:\\!upload\\!add\\!\\Geometric Function Theory - Explorations In Complex Analysis - S Krantz (Birkhauser, 2006) Ww.pdf",0,2000-01-01 01:00:00,2016-04-03 02:51:08,239000/312d3293c04f8cae07f93d3a848db12d-d.jpg,,
5680362,Выращивание диэлектрических лазерных кристаллов.,,,,Арсеньев П.А. и др.,1986,,,,242,0,Russian,Физика//Кристаллофизика,homelab,189-199,,,,,,,,,,,,0,,,,,,,,3325119,djvu,31316E2BAF41F032A91010867640B9D1,,,D:\\homelab\\Арсеньев П.А. и др. Выращивание диэлектрических лазерных кристаллов. (1986) .djvu,0,2000-01-01 01:00:00,2016-04-03 02:51:08,,,
5680360,"Motivic Homotopy Theory: Lectures at a Summer School in Nordfjordeid, Norway, August 2002",,Universitext,,"Bjorn Ian Dundas, Marc Levine, P.A. Østvær, Oliver Röndigs, Vladimir Voevodsky, Björn Jahren",2006,1,Springer,,226,0,English,Математика//Геометрия и топология,,,"9783540458951,3-540-45895-6",,,,,,,,,OL9058051M,,0,,,,,,,,8279937,pdf,311C6BD6CD13475C915ADD7037F2C5C8,,,G:\\!upload\\!add\\!\\Dundas et al - Motivic Homotopy Theory (Universitext).pdf,0,2000-01-01 01:00:00,2016-04-03 02:51:08,239000/311c6bd6cd13475c915add7037f2c5c8-d.jpg,,
5680358,Digital Watermarking,,The Morgan Kaufmann Series in Multimedia Information and Systems,,"Ingemar Cox, Matthew Miller, Jeffrey Bloom, Mathew Miller",2001,1st,Morgan Kaufmann,,569,0,English,Компьютеры//Мультимедиа,,,"1558607145,9781558607149,9780585448206",,,,,005.8,,,,OL18481565M,,0,,,,,1,,T,9240613,pdf,30F499AB13E803CD5BCF4C9218395330,,,G:\\!upload\\!add\\!\\Morgan Kaufmann - Digital Watermarking.pdf,0,2000-01-01 01:00:00,2016-04-03 02:51:08,239000/30f499ab13e803cd5bcf4c9218395330-d.jpg,,
5680359,Handbuch Kraftfahrzeugelektronik 1 Auflage,,,,Ulrich Port,2006,,Vieweg Friedr. + Sohn Ver,,746,0,German,,,,"9783528039714,3-528-03971-X",,,,,,,,,,,0,,,,,,,,38961536,pdf,310FF84B9BCEE209976D50C244FEF2B3,,,G:\\!upload\\!add\\!isbns\\Vieweg.Verlag.-.Handbuch.Kraftfahrzeugtechnik.1.Auflage.2006.GERMAN.RETAiL.eBOOk-sUppLeX.pdf,0,2000-01-01 01:00:00,2016-04-03 02:51:08,239000/310ff84b9bcee209976d50c244fef2b3-d.jpg,,
5680357,"Elementary Mathematical and Computational Tools for Electrical and Computer Engineers Using MATLAB, Second Edition",,,,Jamal T. Manassah,2001,1,CRC Press,,349,0,English,Математика,,,"9780849310805,0-8493-1080-6",,,,,,,,,OL8258892M,,0,,,,,,,T,9551184,pdf,30F01BC8D1F755A9480227F7AA981E63,,,G:\\!upload\\!add\\!\\Matlab - Elementary Mathematical And Computational Tools For Electrical And Computer Engineers Using Matlab.pdf,0,2000-01-01 01:00:00,2016-04-03 02:51:08,239000/30f01bc8d1f755a9480227f7aa981e63-d.jpg,,
5680356,Physics and Chemistry Basis of Biotechnology,Volume 7,,,"M. de Cuyper, Jeff W.M. Bulte",2001,1,Springer,,341,0,English,Биология//Биотехнология,,,"9780792370918,0-792-37091-0",,,,,,,,,OL18165540M,,0,,,,,,,,2621048,djvu,30DB9B90F6A601C9AECF15CF4AFE7DD8,,,G:\\!upload\\!add\\biology\\Biotechnology\\Physics And Chemistry Basis Of Biotechnology - De Cuyper & Bulte.djvu,0,2000-01-01 01:00:00,2016-04-03 02:51:08,239000/30db9b90f6a601c9aecf15cf4afe7dd8-d.jpg,,
5680353,Life in the Universe,,Frontiers in Space,,Joseph A. Angelo,2007,1,Facts on File,,353,0,English,Техника//Аэрокосмическое оборудование,,,"9780816057764,0-8160-5776-1",,,,,,,,,OL11360065M,,0,,,,,,,T,5888805,pdf,30A967F2A00C8F9FAA1E8D5DF008AF00,,,G:\\!upload\\!add\\mi\\angelo2007_life_in_the_universe.pdf,0,2000-01-01 01:00:00,2016-04-03 02:51:08,239000/30a967f2a00c8f9faa1e8d5df008af00-d.jpg,,
5680354,Black Book Companion: State-Of-The-Art Improvised,,,,Paladin Press,1990,illustrated edition,Paladin Press,,63,0,English,,,,"9780873645775,0-87364-577-4",,,,,,,,,OL1972678M,,0,,,,,,,,33390184,pdf,30B2A07857D00746D648B896D5DB1D7A,,,G:\\!upload\\!add\\!\\Anarchy - Paladin Press - Black Book Companion - State-Of-The-Art Improvised Munitions.pdf,0,2000-01-01 01:00:00,2016-04-03 02:51:08,239000/30b2a07857d00746d648b896d5db1d7a-d.jpg,,
5680355,"Fluid Dynamics: Theory, Computation, and Numerical Simulation",,,,Constantine Pozrikidis,2001,1,Kluwer,,453,0,English,Математика//Вычислительная математика,,,"9780792373513,0-7923-7351-0",,,,,,,,,OL18160602M,,0,,,,,,,,105176871,pdf,30B86FC055BCDBAD34DF5AE3CD52183C,,,"G:\\!upload\\!add\\!\\[Physics] Shankar R. - Principles of Quantum Mechanics (Kluwer, 1994).pdf",0,2000-01-01 01:00:00,2016-04-03 02:51:08,239000/30b86fc055bcdbad34df5ae3cd52183c-d.jpg,,
5680352,Cladistics: Theory and Practice of Parsimony Analysis,,"Systematics Association Publications, 11",,"Ian Kitching, Peter Forey, Christopher Humphries, David Williams",1998,2,"Oxford University Press, USA",,238,0,English,Математика//Анализ,,,"9780198501398,0-19-850139-0",,,,,570/.1/2,QH83 .C486 1998,,,OL350960M,,0,,,,,,,,4020713,djvu,3078E48F270E08D11773CCF7596CAEEA,,,G:\\!upload\\!add\\bi\\kitching1998_cladistics.djvu,0,2000-01-01 01:00:00,2016-04-03 02:51:08,239000/3078e48f270e08d11773ccf7596caeea-d.jpg,,
5680350,Фотографические рецепты и таблицы,,,,Лауберт Ю.К.,1917,,,,345,0,Russian,Искусство//Фотография,homelab,189-199,,,,,,,,,,,,0,,,,,,,,6511084,djvu,30517897786E0282AD1CFB81F5B6BB4D,,,D:\\homelab\\Лауберт Ю.К. Фотографические рецепты и таблицы 1917.djvu,0,2000-01-01 01:00:00,2016-04-03 02:51:08,239000/30517897786e0282ad1cfb81f5b6bb4d-d.jpg,,
5680351,Термодинамика соединений лантаноидов. Справочник,,,,Гордиенко С.П. и др.,1979,,,,376,0,Russian,Физика//Термодинамика и статистическая физика,homelab,189-199,,,,,,,,,,,,0,,,,,,,,9245475,djvu,3061991F0C659272F9709085DDB86232,,,D:\\homelab\\Гордиенко С.П. и др. Термодинамика соединений лантаноидов. Справочник 1979.djvu,0,2000-01-01 01:00:00,2016-04-03 02:51:08,,,
5680348,Инерция зрения,,,,Луизов А.В.,1961,,,,249,0,Russian,Техника,homelab,189-199,,,,,,,,,,,,0,,,,,,,,5562824,djvu,303AA1FE4F62E846C783F4DC50DC8C58,,,D:\\homelab\\Луизов А.В. Инерция зрения 1961.djvu,0,2000-01-01 01:00:00,2016-04-03 02:51:08,,,
5680349,Основы биохимии,Т. 3,,,"Уайт А., Хендлер Ф., Смит Э., Хилл Р., Леман ",1981,,,,731,0,Russian,Химия,Якова Кротова б-ка,,,,,,,,,,,,,0,,,,,,,,11035454,djvu,304946FCAE62F954A60E59F687B87700,,,"E:\\!!!chem\\Уайт А., Хендлер Ф., Смит Э., Хилл Р., Леман 1981~ Основы биохимии. Т. 3.djvu",0,2000-01-01 01:00:00,2016-04-03 02:51:08,,,
5680347,Сборник задач по радиохимии,,,,"Авторы: Р.В.Аменицкая, В.М.Глазов, И.А.Коршунов, В.Ф.Куцепин, Н.Ф.Новоторов, А.А.Орлова, А.М.Петров. Под редакцией И.А.Коршунова.",1969,"издание второе, исправленное и дополненное",Высшая школа,М.,154,0,Russian,Математика,homelab,189-199,,,,,,,,,,,"Scan, Djvuing: Pohorsky, 2009",600,,,,,,,,2508614,djvu,30093FE73E4057239FCF45142B2CAB41,,,D:\\homelab\\Коршунов И.А. Сборник задач по радиохимии 1969.djvu,0,2000-01-01 01:00:00,2016-04-03 02:51:08,239000/30093fe73e4057239fcf45142b2cab41-d.jpg,,
5680346,Эктоны,ч.1 ,,,Месяц Г.А.,1993,,Наука,,185,0,Russian,Техника//Энергетика,homelab,189-199,5-02-007393-8,,,,,,,,,OL413774M,,0,,,,,,,,5423589,djvu,2FF85339E3C754ACC43188646C455C88,,,D:\\homelab\\Месяц Г.А. Эктоны. ч.1 (1993) .djvu,0,2000-01-01 01:00:00,2016-04-03 02:51:08,239000/2ff85339e3c754acc43188646c455c88-d.jpg,,
5680344,"A Broadcast Engineering Tutorial for Non-Engineers, Third Edition",,,,Graham A. Jones,2005,3,Focal Press,,90,0,English,Техника,,,"9780240807003,0-240-80700-6",,,,,621.384,TK6561 .J66 2005,,,OL3395030M,,0,,,,,,,T,3243489,pdf,2FE9FDAA5BE81E5CEFFD0F7A35BF2484,,,G:\\!upload\\!add\\!\\Focal Press - A Broadcast Engineering Tutorial For Non Engineers.pdf,0,2000-01-01 01:00:00,2016-04-03 02:51:08,239000/2fe9fdaa5be81e5ceffd0f7a35bf2484-d.jpg,,
5680345,"Java Data Mining: Strategy, Standard, and Practice: A Practical Guide for architecture, design, and implementation",,The Morgan Kaufmann Series in Data Management Systems,,"Mark F. Hornick, Erik MarcadÃ©, Sunil Venkayala",2006,1,Morgan Kaufmann,,523,0,English,Компьютеры//Организация и обработка данных,,,"9780123704528,0-12-370452-9",,,,,,,,,OL7327376M,,0,,,,,,,T,6113262,pdf,2FF73F7FB0A07D6EA28C48E10AF66172,,,"G:\\!upload\\!add\\!\\Java Data Mining - Strategy, Standard, and Practice; Mark F. Hornick, Erik Marcade, Sunil Venkayala (Morgan Kaufmann, 2007).pdf",0,2000-01-01 01:00:00,2016-04-03 02:51:08,239000/2ff73f7fb0a07d6ea28c48e10af66172-d.jpg,,
5680343,"Вегетативные расстройства. Клиника, диагностика, лечение.",,,,Вейн А.М.,2003,,,,377,0,Russian,Медицина//Клиническая медицина,homelab,189-199,,,,,,,,,,,,0,,,,,,,,300137653,pdf,2FE5ED917846BFEA3838AF6E7AB338AF,,,"D:\\homelab\\Вейн А.М. Вегетативные расстройства. Клиника, диагностика, лечение. 2003.pdf",0,2000-01-01 01:00:00,2016-04-03 02:51:08,,,
5680342,Сборник. Теория и практика сжигания газа.,ч.5,,,,1972,,,,49,0,Russian,,homelab,189-199,,,,,,,,,,,,0,,,,,,,,4186097,djvu,2FD33A56A87EC9EEFB3143F43FC03C2D,,,D:\\homelab\\Сборник. Теория и практика сжигания газа. ч.5 1972.djvu,0,2000-01-01 01:00:00,2016-04-03 02:51:08,,,
5680340,"Révision, étude systématique et évolution du genre Gregoryceras  Spath, 1924 (Ammonoidea, Oxfordien)",XIX,Annales du museum d'histoire naturelle de nice. Tome XIX,,Bert D.,2004,,,,187,0,French,Образование,,0,,,,,,,,,,,,0,0,1,,,,,T,20335100,pdf,2F841213C9789200E6EDD0A359C99FA7,,,,0,2000-01-01 01:00:00,2016-04-03 02:51:08,,,
5680341,Ethnobiological Classification,,,,Brent Berlin,1992,,Princeton University Press,,178,0,English,Биология,,,"9780691094694,0-691-09469-1",,,,,574.6/1,GN468.4 .B47 1992,,,OL1546017M,,0,,,,,,,,2600211,djvu,2F9B60C7219E79C0972E501B8F268970,,,G:\\!upload\\!add\\bi\\berlin1992_ethnobiol_classif.djvu,0,2000-01-01 01:00:00,2016-04-03 02:51:08,,,
5680338,Инерцоид,,,,Толчин В.,1977,,,,103,0,Russian,,homelab,189-199,,,,,,,,,,,,0,,,,,,,,1215247,djvu,2F6B49C3BC81DDF9ED5E133F65DBBAD0,,,D:\\homelab\\Толчин В. Инерцоид 1977.djvu,0,2000-01-01 01:00:00,2016-04-03 02:51:08,,,
5680339,A Linguistic History of Arabic,,,,Jonathan Owens,2009,,"Oxford University Press, USA",,164,0,English,История,,,"9781429493055,9780199563302,9780199290826,0199290822,0199563306",,,,,492.7018,PJ6075 .O945 2009,,,OL22728622M,,0,,,,,1,,,14557843,pdf,2F74D71C847021C12B8C45CFDBE40D01,,,G:\\!upload\\!add\\Academic books\\Languages\\Arabic & other Eastern languages\\Owens-Linguistic_History_of_Arabic.pdf,0,2000-01-01 01:00:00,2016-04-03 02:51:08,239000/2f74d71c847021c12b8c45cfdbe40d01-d.jpg,,
5680337,The Geometry of Stock Market Profits,,,,Michael Jenkins,1996,,Traders Press,,160,0,English,Математика//Геометрия и топология,,,"0934380279,9780934380270",,,,,,,,,OL8390075M,,0,,,,,1,,T,24266220,pdf,2F5716E9BA1CEC1912118FD8C88378F4,,,G:\\!upload\\!add\\!isbns\\Traders Press - 1996 - The Geometry Of Stock Market Profits - Isbn 0934380279 - 160s - Ocr.pdf,0,2000-01-01 01:00:00,2016-04-03 02:51:08,239000/2f5716e9ba1cec1912118fd8c88378f4-d.jpg,,
5680336,Integrability,,Lecture Notes in Physics 767,,Alexander Mikhailov,2008,1,Springer,,347,0,English,Физика,,,"9783540881100,3540881107",,,,,515/.45,QC20.7.I58 I577 2009,,,OL23988406M,,0,,,,,,,,3111689,djvu,2F3D03B50A396878E2D7C066FB71EE2E,,,G:\\!upload\\!add\\!isbns\\LNP 767 - Mikhailov A.V. - Integrability - Springer 2009 - ISBN 3540881107 (347s).djvu,0,2000-01-01 01:00:00,2016-04-03 02:51:08,239000/2f3d03b50a396878e2d7c066fb71ee2e-d.jpg,,
5680335,Don't Know Much About History: Everything You Need to Know About American History but Never Learned,,"Davis, Kenneth C. Don't Know Much.",,Kenneth C. Davis,2003,1,HarperCollins,,380,0,English,Образование,,,"9780060083816,0-06-008381-6",,,,,973,E178.25 .D37 2003,,,OL3565646M,,0,,,,,,,T,2705538,pdf,2F35C53CE649642CA7E31E998CD572B4,,,"G:\\!upload\\!add\\!\\Dont Know Much About History. Everything you Need to Know About American History but Never Learned - Kenneth C. Davis (Harper Collins, 2003).pdf",0,2000-01-01 01:00:00,2016-04-03 02:51:08,239000/2f35c53ce649642ca7e31e998cd572b4-d.jpg,,
5680334,Экономические основы социальной работы - Учебное Пособие,,,,Заяц,2003,,,,75,0,Russian,Образование,gaudeamus.narod.ru,,,,,,,,,,,,,0,,,,,,,,690417,pdf,2EE3EB2AFAAC8F627E8A5F572EC0FDBE,,,D:\\homelab\\gaudeamus.narod.ru\\Экономические основы социальной работы - УП - Заяц - 2003 - 75.pdf,0,2000-01-01 01:00:00,2016-04-03 02:51:08,,,
5680333,Дикорастущие плоды и ягоды и их переработка.,,,,"Рыбицкий Н.А., Гаврилов И.С.",1994,,,,128,0,Russian,,homelab,189-199,,,,,,,,,,,,0,,,,,,,,5963070,pdf,2EE240622535F6128184937B6658B6D9,,,"D:\\homelab\\Рыбицкий Н.А., Гаврилов И.С. Дикорастущие плоды и ягоды и их переработка. 1994.pdf",0,2000-01-01 01:00:00,2016-04-03 02:51:08,,,
5680332,Аналитическая химия Лития,,,,"Полуэктов Н.С., Мешкова С.Б., Полуэктова Е.Н.",1975,,,,103,0,Russian,Химия,Якова Кротова б-ка,,,,,,,,,,,,,0,,,,,,,,1638758,djvu,2E7A09957505D07A32BD44F2F7335840,,,"E:\\!!!chem\\Полуэктов Н.С., Мешкова С.Б., Полуэктова Е.Н.~Аналитическая химия Лития~1975.djvu",0,2000-01-01 01:00:00,2016-04-03 02:51:08,,,
5680331,Statistics and Probability for Engineering Applications,,,,William DeCoursey William DeCoursey  Ph.D.  is a chemical engineer who has taught statistics and probability to engineering students for over 15 years at the University of Saskatchewan.,2003,Book and CD-Rom,Newnes,,367,0,English,Техника,,,"9780750676182,0-7506-7618-3",,,,,620.001/5195,TA340 .D45 2003,,,OL3778325M,,0,,,,,,,T,3087189,pdf,2E4E0F1609428CEB3A0B1C3BCB4CDB6B,,,G:\\!upload\\!add\\!\\Statistics and Probability for Engineering Applications - With Microsoft Excel_W.J.DeCoursey(Newnes 2003 417s).pdf,0,2000-01-01 01:00:00,2016-04-03 02:51:08,239000/2e4e0f1609428ceb3a0b1c3bcb4cdb6b-d.jpg,,
5680330,Паровые турбины и турбоустановки Уральского турбинного завода,,,,Баринберг Г.Д. и др.,2010,,,,488,0,Russian,Техника//Энергетика,homelab,189-199,,,,,,,,,,,,0,,,,,,,,9187158,djvu,2E267FABF120F94F436295E1E2C47738,,,D:\\homelab\\Баринберг Г.Д. и др. Паровые турбины и турбоустановки Уральского турбинного завода 2010.djvu,0,2000-01-01 01:00:00,2016-04-03 02:51:08,,,
5680328,The Ecology of the Cambrian Radiation,,,,"Andrey Zhuravlev, Robert Riding",2000,0,Columbia University Press,,536,0,English,Биология//Экология,,,"9780231106122,0-231-10612-2",,,,,,,,,OL16998505M,,0,,,,,,,T,10706409,pdf,2D7CB3277A6C37FBEE84054055F6A7E0,,,G:\\!upload\\!add\\bi\\zhuravlev2001_cambrian.pdf,0,2000-01-01 01:00:00,2016-04-03 02:51:08,239000/2d7cb3277a6c37fbee84054055f6a7e0-d.jpg,,
5680329,"Knowledge, Nature, and the Good: Essays on Ancient Philosophy",,,,John M. Cooper,2004,,Princeton University Press,,421,0,English,История,,,"9780691117232,0691117233,0691117241,9780691117249,9781400826445",,,,,180,B171 .C684 2004,,,OL3692651M,,0,,,,1,0,,1,1293430,pdf,2E16F2D62AC30D3BB0DE80BE85957867,,,"G:\\!upload\\!add\\!\\Cooper, J. - Knowledge, nature and the good; Essays on Ancient Philosophy (Princeton, 2004)(IN).pdf",0,2000-01-01 01:00:00,2016-04-03 02:51:08,239000/2e16f2d62ac30d3bb0de80be85957867-d.jpg,,
5680327,Slaves of the Moon: The Essential Guide to Lycanthropes (Races of Legend),,PCI1107,,Mike Mearls,2004,,"Paradigm Concepts, Inc.",,98,0,English,,,,"9781931374217,1-931374-21-X",,,,,,,,,OL8802968M,,0,,,,,,,,3995634,pdf,2D5A0A9B89779DD80E2DF5893BC8CDBC,,,G:\\!upload\\!add\\City\\SlavesOfTheMoon_Final.pdf,0,2000-01-01 01:00:00,2016-04-03 02:51:08,239000/2d5a0a9b89779dd80e2df5893bc8cdbc-d.jpg,,
5680326,The Korean War,,,,William Stueck,1995,,Princeton University Press,,497,0,English,История,,,"9780691037677,0-691-03767-1",,,,,951.904/2,DS918 .S819 1995,,,OL1119864M,,0,,,,,,,,2901635,pdf,2D24F06F792633B5B208BC6C76FDA84F,,,G:\\!upload\\!add\\!\\Princeton University Press The Korean War.pdf,0,2000-01-01 01:00:00,2016-04-03 02:51:08,239000/2d24f06f792633b5b208bc6c76fda84f-d.jpg,,
5680325,Vascular Epiphytes: General Biology and Related Biota,,Cambridge Tropical Biology Series,,David H. Benzing,2008,1,Cambridge University Press,,370,0,English,Биология,,,"9780521048958,9780511525438,0521266300,0521048958,0511525435,9780521266307",,,,,582.5,QK922 .B46 1990,,,OL2056939M,,300,,,,,1,,1,3220966,djvu,2CFD18BB462B0A0882057BD88BDC53D9,,,G:\\!upload\\!add\\bi\\benzig1990_epiphytes.djvu,0,2000-01-01 01:00:00,2016-04-03 02:51:08,239000/2cfd18bb462b0a0882057bd88bdc53d9-d.jpg,,
5680324,Физиология спорта и двигательной активности,,,,"Уилмор Дж., Костилл Д.",,,,,503,0,Russian,Физкультура и спорт,homelab,189-199,,,,,,,,,,,,0,,,,,,,,9029242,djvu,2CE34ED7DB5EDC3D557DC1DA471906A3,,,"D:\\homelab\\Уилмор Дж., Костилл Д. Физиология спорта и двигательной активности.djvu",0,2000-01-01 01:00:00,2016-04-03 02:51:08,,,
5680322,Making Headway. Phrasal verbs and idioms,,,,Graham Workman,1993,,Oxford University Press,,98,0,English,Языкознание,,,"0194355098,9780194355094",,,,,,,,,OL10130739M,,0,,,,0,1,,0,5271995,pdf,2CA969F4C37AE7F4D99C50042FDFEC30,,,G:\\!upload\\!add\\!\\Oxford.University.Press.-.Making.Headway.-.Phrasal.verbs.and.idioms.pdf,0,2000-01-01 01:00:00,2016-04-03 02:51:08,239000/2ca969f4c37ae7f4d99c50042fdfec30-d.jpg,,
5680323,Dirac Operators in Representation Theory,,Mathematics: Theory & Applications,,"Jing-Song Huang, Pavle Pandzic",2006,1,Birkhäuser Boston,,202,0,English,Математика//Теория операторов,,,"9780817632182,0-8176-3218-2",,,,,,,,,OL8074294M,,0,,,,,,,,1644107,pdf,2CAB2603F562E2BDD738D887A3AA509D,,,"G:\\!upload\\!add\\!\\Dirac Operators in Representation Theory - J. Huang, P. Pandzic (Birkhauser, 2006) WW.pdf",0,2000-01-01 01:00:00,2016-04-03 02:51:08,239000/2cab2603f562e2bdd738d887a3aa509d-d.jpg,,
5680321,Linux 3D Graphics Programming,,,,Norman Lin,2001,,"Wordware Publishing, Inc.",,617,0,English,Компьютеры//Мультимедиа,,,"9781556227233,1-55622-723-X",,,,,,,,,OL8594331M,,0,,,,,,,,6804453,pdf,2C88E32978A313BCE32D974DB29A99DE,,,G:\\!upload\\!add\\!\\Wordware Publishing Linux 3D Graphics Programming.pdf,0,2000-01-01 01:00:00,2016-04-03 02:51:08,239000/2c88e32978a313bce32d974db29a99de-d.jpg,,
5680320,Analog and Digital Circuits for Electronic Control System Applications: Using the TI MSP430 Microcontroller,,,,Jerry Luecke,2004,,Newnes,,329,0,English,Техника//Электроника//Микропроцессорная техника,,,"9780750678100,0-7506-7810-0",,,,,,,,,OL15477825M,,0,,,,,,,,5119505,pdf,2C4FE79D9CF3A0A1B0DE5A106D5D30EC,,,G:\\!upload\\!add\\!\\(ebook) Newnes - Analog and Digital Circuits for Electronic Control System Applications (2005) LRN LotB.pdf,0,2000-01-01 01:00:00,2016-04-03 02:51:08,,,
5680319,Mathematics for Physicists,,Dover Books on Mathematics,,"Philippe Dennery, Andre Krzywicki",1996,,Dover Publications,,398,0,English,Математика,,,"9780486691930,0-486-69193-4",,,,,515,QC20 .D39 1996,,,OL973850M,,0,,,,,,,,12827378,djvu,2BF76888D8D9852E037063CC48751B87,,,"G:\\!upload\\!add\\!\\Physics - Mathematics For Physicists - (Philippe Dennery, Andre Krzywicki) Dover Publications 1995.djvu",0,2000-01-01 01:00:00,2016-04-03 02:51:08,239000/2bf76888d8d9852e037063cc48751b87-d.jpg,,
5680318,Invasive Plants: Ecological and Agricultural Aspects,,,,S. Inderjit,2005,1,Birkhäuser Basel,,286,0,English,Биология//Растения//Ботаника,,,"3764371374,9783764371371,9783764373801",,,,,,,,,OL9090905M,,0,,,,,1,,T,3284278,pdf,2BDB16CF86B73F77645E670D63E77A24,,,G:\\!upload\\!add\\bi\\inderjit2005_invasive_plants.pdf,0,2000-01-01 01:00:00,2016-04-03 02:51:08,239000/2bdb16cf86b73f77645e670d63e77a24-d.jpg,,
5680317,Asymptotic Analysis for Periodic Structures,,Studies in mathematics and its applications,,"Alain Bensoussan, etc.",1978,,Elsevier Science Ltd,,725,0,English,Математика//Анализ,,,"9780444851727,0444851720",,,,,515/.35,QA379 .B45,,,OL4718783M,,0,,,,,,,,3754046,djvu,2BA9903E0153FE533B303945BAAEE7BC,,,"G:\\!upload\\!add\\!isbns\\SMA 005 - Bensoussan A.,Lions J.L.,Papanicolaou G. - Asymptotic analysis for periodic structures - NH 1978 - ISBN 0444851720.djvu",0,2000-01-01 01:00:00,2016-04-03 02:51:08,239000/2ba9903e0153fe533b303945baaee7bc-d.jpg,,
5680315,Синтезы гетероциклических соединений,вып. 08,,,Мнджоян,,,,,44,0,Russian,Химия,Якова Кротова б-ка,,,,,,,,,,,,,0,,,,,,,,854708,djvu,2ACF1EA4897916FE6D6EDD74F6580C12,,,E:\\!!!chem\\Мнджоян - Синтезы гетероциклических соединений вып. 08 .djvu,0,2000-01-01 01:00:00,2016-04-03 02:51:08,,,
5680316,Газопламенная обработка металлов с использованием газов-заменителей ацетилена,,,,Нинбург А.К.,1976,,Машиностроение,,79,0,Russian,Техника//Машиностроение,homelab,189-199,,,,,,,,,,,,0,,,,,,,,7771824,djvu,2B1BCC660DFB5A5F9AC3FAF3EC9B21BA,,,D:\\homelab\\Нинбург А.К. Газопламенная обработка металлов с использованием газов - заменителей ацетилена. (1976) .djvu,0,2000-01-01 01:00:00,2016-04-03 02:51:08,239000/2b1bcc660dfb5a5f9ac3faf3ec9b21ba-d.gif,,
5680314,Гетероциклические соединения,Т. 1,,,Эльдерфиелд Р.,1953,,,,556,0,Russian,Химия,Якова Кротова б-ка,,,,,,,,,,,,,0,,,,,,,,5317657,djvu,2A8BC606C16CEBB0E77D712C2D316C20,,,E:\\!!!chem\\Эльдерфиелд Р. 1953-1969~ Гетероциклические соединения. Т. 1.djvu,0,2000-01-01 01:00:00,2016-04-03 02:51:08,,,
5680313,PCR Cloning Protocols: From Molecular Cloning to Genetic Engineering,,Methods in Molecular Biology,,Bruce A. White,1997,1st,Humana Press,,469,0,English,Техника,,,"9780896033436,0-89603-343-0",,,,,574.87/3282,QH442.2 .P37 1997,,,OL8253571M,,0,,,,,,,,32612411,pdf,2A7A17340E3C921185599F0D2400E274,,,G:\\!upload\\!add\\!\\PCR Cloning Protocols From Molecular Cloning to Genetic Engineering (Methods in Molecular Biology).pdf,0,2000-01-01 01:00:00,2016-04-03 02:51:08,,,
5680311,Ковка и штамповка стали.,т.2,,,Сторожев М.В. (ред),1967,,,,899,0,Russian,,homelab,189-199,,,,,,,,,,,,0,,,,,,,,37197058,pdf,2A6CA36D5D9C62C5A982BC0FE31154F0,,,D:\\homelab\\Сторожев М.В. (ред) Ковка и штамповка стали. т.2 1967.pdf,0,2000-01-01 01:00:00,2016-04-03 02:51:08,,,
5680312,The Focal Easy Guide to Combustion 4: For New Users and Professionals,,,,Gary M Davis,2005,,Focal Press,,348,0,English,,,,"9780240520100,0-240-52010-6",,,,,,,,,OL9792216M,,0,,,,,,,T,8479517,pdf,2A7260341B59BAA2EADB214B0CB280E1,,,G:\\!upload\\!add\\!\\The Focal Easy Guide to Discreet Combustion 4 (Computer Motion Graphics) [Focal-Press 2005].pdf,0,2000-01-01 01:00:00,2016-04-03 02:51:08,239000/2a7260341b59baa2eadb214b0cb280e1-d.jpg,,
5680310,Методы получения особо чистых неорганических веществ,,,,"Степин Б.Д., Горштейн И.Г., Блюм Г.З., Курдюмов Г.М., Оглоблина И.П.",1969,,,,241,0,Russian,Химия//Неорганическая химия,Якова Кротова б-ка,,,,,,,,,,,,,0,,,,,,,,5573231,djvu,2A68C61CFAC80524882DB9026EE2F29C,,,"E:\\!!!chem\\Степин Б.Д., Горштейн И.Г., Блюм Г.З., Курдюмов Г.М., Оглоблина И.П. (1969)~ Методы получения особо чистых неорганических веществ.djvu",0,2000-01-01 01:00:00,2016-04-03 02:51:08,,,
5680309,Ultra-wideband Radar Technology,,,,James D. Taylor,2000,1,CRC Press,,421,0,English,,,,"9780849342677,0-8493-4267-8",,,,,621.3848,TK6580 .U44 2001,,,OL22334292M,,0,,,,,,,,30846461,pdf,2A38A884F0941E1BA6C1701BA74A6DA6,,,G:\\!upload\\!add\\!\\Radar.-.CRC.Press.-.Ultra-wideband.technology.-.J.D.Taylor.pdf,0,2000-01-01 01:00:00,2016-04-03 02:51:08,239000/2a38a884f0941e1ba6c1701ba74a6da6-d.jpg,,
5680308,The Handbook of Microbiological Media for the Examination of Food,,,,Ronald M. Atlas,2006,2,CRC Press,,465,0,English,,,,"0849335612,9780849335617,9781420002980",,,,,664/.001/579,QR115 .A84 2006,,,OL3430011M,,0,,,,,1,,,6304099,pdf,2A04532436BB259F0D6CDD855EF12C5F,,,G:\\!upload\\!add\\biology\\MicroBiology\\Atlas_Handbook of Microbiological Media for the Examination of Food 2nd ed.pdf,0,2000-01-01 01:00:00,2016-04-03 02:51:08,239000/2a04532436bb259f0d6cdd855ef12c5f-d.jpg,,
5680307,"Data Mining: Practical Machine Learning Tools and Techniques, Second Edition",,Morgan Kaufmann Series in Data Management Systems,,"Ian H. Witten, Eibe Frank",2005,2,Morgan Kaufmann,,558,0,English,Образование,,,"9780120884070,0-12-088407-0",,,,,,,,,OL7325642M,,0,,,,,,,,3866512,pdf,29F04BC1296D33CB190FE9FA40DE22B5,,,"G:\\!upload\\!add\\!\\Morgan Kaufmann - Data Mining, Practical Machine Learning Tools and Techniques 2nd.Ed (2005)WEKA(1).pdf",0,2000-01-01 01:00:00,2016-04-03 02:51:08,239000/29f04bc1296d33cb190fe9fa40de22b5-d.jpg,,
5680306,Systems for Planning and Control in Manufacturing,,IIE Core Textbooks Series,,"D. K. Harrison, D. J. Petty",2002,1st,Butterworth-Heinemann,,310,0,English,,,,"9780750649773,0-7506-49771",,,,,658.514,TS176 .H369 2002,,,OL22535692M,,0,,,,,,,T,3728049,pdf,29DBB6E461E28E9D3660EDA4FA1B79EC,,,"G:\\!upload\\!add\\!\\Systems for Planning and Control in Manufacturing - D. Harrison, D. Petty (Newnes, 2002) WW.pdf",0,2000-01-01 01:00:00,2016-04-03 02:51:08,239000/29dbb6e461e28e9d3660eda4fa1b79ec-d.jpg,,
5680304,Межвидовые отношения муравьев,,,,Резникова Ж.И.,1983,,,,207,0,Russian,,homelab,189-199,,,,,,,,,,,,0,,,,,,,,4510473,djvu,29D19FD3698E48AC2C0B734B032B9DE9,,,D:\\homelab\\Резникова Ж.И. Межвидовые отношения муравьев 1983.djvu,0,2000-01-01 01:00:00,2016-04-03 02:51:08,,,
5680305,Transformation Geometry: An Introduction to Symmetry,,Undergraduate Texts in Mathematics,,George E. Martin,1982,,Springer,,248,0,English,Математика//Геометрия и топология,,,"0387906363,9780387906362,0387912053,9780387912059",,,,,516/.1,QA601 .M36 1982,,,OL3481414M,,600,,,,0,1,,1,2747322,djvu,29D58C5C7BF94D6C3EA5A961FDDFD1B4,,,"G:\\!upload\\!add\\!\\Martin - Transformation Geometry, An Introduction to Symmetry(Universitext, springer 1996)(0387906363)(237s).djvu",0,2000-01-01 01:00:00,2016-04-03 02:51:08,239000/29d58c5c7bf94d6c3ea5a961fddfd1b4-d.jpg,,
5680303,Физика тонких пленок.,т.2,,,Хасс Г. (ред),1967,,,,395,0,Russian,Физика,homelab,189-199,,,,,,,,,,,,0,,,,,,,,55725380,pdf,29ABB848BB643FC0125135442A8AACD5,,,D:\\homelab\\Хасс Г. (ред) Физика тонких пленок. т.2 1967.pdf,0,2000-01-01 01:00:00,2016-04-03 02:51:08,,,
5680302,Genomics: The Science and Technology Behind the Human Genome Project,,,,"Charles R. Cantor, Cassandra L. Smith",1999,,John Wiley & Sons,,614,0,English,Наука (общее)//Научно-популярное,,,"9780471220565,0-471-22056-6",,,,,,,,,,,0,,,,,,,,3116584,djvu,299A03F1E9C9A0C838E029DF669A9509,,,"G:\\!upload\\!add\\biology\\Genetics\\Genomics - The Science and Tech Behind the Human Genome Project - C. Cantor, C. Smith (Wiley, 1999) WW.djvu",0,2000-01-01 01:00:00,2016-04-03 02:51:08,,,
5680301,Target Discovery and Validation Reviews and Protocols: Emerging Strategies for Targets and Biomarker Discovery,vol 2,Methods in Molecular Biology 361,,Mouldy Sioud,2006,1,Humana Press,,361,0,English,Биология//Биохимия,,,"9781588296566,1-58829-656-3",,,,,616.99/4075,RC270.3.T84 T37 2007,,,OL12325678M,,0,,,,,,,,5844434,pdf,298A3D47514E3BAD2BA0D63A2AB3D525,,,"G:\\!upload\\!add\\!\\Methods in Molecular Biology Vol 361 - Target Discovery and Validation - Reviews and Protocols [Vol 2] - M. Sioud (Humana, 2007) WW.pdf",0,2000-01-01 01:00:00,2016-04-03 02:51:08,239000/298a3d47514e3bad2ba0d63a2ab3d525-d.jpg,,
5680299,Taiga,,Biomes of the Earth,,"Trevor Day, Richard Garratt",2006,,Chelsea House Publications,,241,0,English,Биология,,,"9780816053292,0-8160-5329-4",,,,,577.3/7,QH86 .D39 2006,,,OL3397087M,,0,,,,,,,T,17148259,pdf,29449B13085793A0952FB1CCF2455B22,,,G:\\!upload\\!add\\bi\\day2006_biomes_taiga.pdf,0,2000-01-01 01:00:00,2016-04-03 02:51:08,239000/29449b13085793a0952fb1ccf2455b22-d.jpg,,
5680300,Methods of Multivariate Analysis,,Wiley Series in Probability and Statistics,,Alvin C. Rencher,2002,2,Wiley-Interscience,,738,0,English,Математика//Анализ,,,"9780471418894,0-471-41889-7",,,,,519.5/35,QA278 .R45 2002,,,OL3951786M,,0,,,,,,,T,3871386,pdf,2949FFCBD61738E0D5A5F21368DD1F9B,,,G:\\!upload\\!add\\st\\rencher2002_multivar_meth.pdf,0,2000-01-01 01:00:00,2016-04-03 02:51:08,239000/2949ffcbd61738e0d5a5f21368dd1f9b-d.jpg,,
5680298,"Encyclopedia of World Cultures, south_asia",Vol. 3,,,Paul Hockings,1992,1,Macmillan,,410,0,English,Образование//Энциклопедии,,,"0816118124,9780816118120",,,,,306.097,GN307.E53 1991,,,OL11361741M,,0,,,,,1,,,4011079,djvu,29367B435435A7004720DF8603E2A728,,,G:\\!upload\\!add\\mi\\cult\\enc_wrld_cult_03_south_asia.djvu,0,2000-01-01 01:00:00,2016-04-03 02:51:08,239000/29367b435435a7004720df8603e2a728-d.jpg,,
5680297,Неопределенность в нервной системе,,,,Бернс Б.,1969,,,,252,0,Russian,,homelab,189-199,,,,,,,,,,,,0,,,,,,,,5032485,djvu,2932C1353F4C9BF54DAAF4FB4CFB56A8,,,D:\\homelab\\Бернс Б. Неопределенность в нервной системе 1969.djvu,0,2000-01-01 01:00:00,2016-04-03 02:51:08,,,
5680295,Машины и аппараты химических производств.,,,,Поникаров И.И. и др.,1989,,,,369,0,Russian,Техника,homelab,189-199,,,,,,,,,,,,0,,,,,,,,33948511,pdf,292DA4DC32B5EA01AA9F11EA136C0456,,,D:\\homelab\\Поникаров И.И. и др. Машины и аппараты химических производств. 1989.pdf,0,2000-01-01 01:00:00,2016-04-03 02:51:08,,,
5680296,Flora iberica: Plantas vasculares de la Peninsula Iberica e Islas Baleares,vol 2,,,,1986,,"Real Jardin Botanico, C.S.I.C",,947,0,Spanish,Биология//Растения//Ботаника,,,"9788400062217,84-00-06221-3",,,,,581.946,QK328 .F56 1986,,,OL22110814M,,0,,,,,,,T,20779317,pdf,2932676B7777806C3BC409753BF3C0A3,,,G:\\!upload\\!add\\bi\\flora_iberica_2.pdf,0,2000-01-01 01:00:00,2016-04-03 02:51:08,,,
5680294,Mathematics and Physics,vol 3,Progress in Physics - Vol 3,,Jurij (Yu.) Ivanovich Manin,1981,1ST,Birkhauser,,81,0,English,Математика,,,"3764330279,9783764330279",,,,,530.1/5,QA37.2 .M3413,,,OL21854333M,"Only chapters 1,2,3 (missing 4 and 5).",0,,,,,1,,1,3222411,pdf,291BCD8DDC2C48B051CA4A45B5276B6D,,,"G:\\!upload\\!add\\!\\Mathematics and Physics - Y. Manin (Birkhauser, 1981) WW.pdf",0,2000-01-01 01:00:00,2016-04-03 02:51:08,,,
5680293,Beginning Python,,Programmer to Programmer,,"Peter C. Norton, Alex Samuel, Dave Aitel, Eric Foster-Johnson, Leonard Richardson, Jason Diamond, Aleatha Parker, Michael Roberts",2005,,Wrox,,679,0,English,Компьютеры//Программирование//Языки программирования,,,"9780764596544,0-7645-9654-3",,,,,,,,,OL15978122M,,0,,,,,,,T,4150041,pdf,28FAC5EB018F03CFA9A9CCA88B4E134F,,,G:\\!upload\\!add\\!\\norton2005_begin_python.pdf,0,2000-01-01 01:00:00,2016-04-03 02:51:08,239000/28fac5eb018f03cfa9a9cca88b4e134f-d.jpg,,
5680292,Environmental Microbiology: Methods and Protocols,,Methods in Biotechnology,,"John F. T. Spencer, Alicia L. Ragout de Spencer",2004,1,Humana Press,,439,0,English,Биология//Экология,,,"9781588291165,1-58829-116-2",,,,,579,QR100 .E584 2004,,,OL21802139M,,0,,,,,,,,1755280,djvu,2898C396C8404ED2A4466FB2B67076B3,,,G:\\!upload\\!add\\biology\\MicroBiology\\Spencer J.F.T. Environmental Microbiology[c] Methods and Protocols (2004)(en)(448s).djvu,0,2000-01-01 01:00:00,2016-04-03 02:51:08,239000/2898c396c8404ed2a4466fb2b67076b3-d.jpg,,
5680290,Programming 16-Bit PIC Microcontrollers in C: Learning to Fly the PIC 24,,Embedded Technology,,Lucio Di Jasio,2007,,Newnes,,380,0,English,Образование,,,"9780750682923,0-7506-8292-2",,,,,,,,,OL15613247M,,0,,,,,,,,6276110,pdf,283CFA88F5AA194F542BB7DF74E5B165,,,G:\\!upload\\!add\\!\\Programming 16-Bit Pic Microcontrollers In C Pic24 (2007) Newnes.pdf,0,2000-01-01 01:00:00,2016-04-03 02:51:08,239000/283cfa88f5aa194f542bb7df74e5b165-d.jpg,,
5680291,Биофизическое действие СВЧ-излучений,,,,Исмаилов Э.Ш.,1987,,,,144,0,Russian,Техника//Электроника,homelab,189-199,,,,,,,,,,,,0,,,,,,,,3050628,djvu,28806822FEF8182C1305BE442FD4E3DA,,,D:\\homelab\\Исмаилов Э.Ш. Биофизическое действие СВЧ-излучений 1987.djvu,0,2000-01-01 01:00:00,2016-04-03 02:51:08,,,
5680289,PCR Cloning Protocols,,Methods in Molecular Biology,,"Bing-Yuan Chen, Harry W. Janes",2002,2,Humana Press,,433,0,English,Биология,,,"9780896039698,0-89603-969-2",,,,,,,,,OL9547926M,,0,,,,,,,,2687032,pdf,283481DF995A85BF88449C19CFA4C667,,,G:\\!upload\\!add\\!\\Methods In Molecular Biology - PCR Cloning Protocols(1).pdf,0,2000-01-01 01:00:00,2016-04-03 02:51:08,239000/283481df995a85bf88449c19cfa4c667-d.jpg,,
5680287,XML for Bioinformatics,,,,Ethan Cerami,2005,1,Springer,,311,0,English,Компьютеры//Web-дизайн,,,"9780387230283,0-387-23028-9",,,,,,,,,OL7444468M,,0,,,,,,,T,4328528,pdf,280DB87371382289902D5D102D7F4BD2,,,G:\\!upload\\!add\\bi\\cerami2005_xml_bioinf.pdf,0,2000-01-01 01:00:00,2016-04-03 02:51:08,239000/280db87371382289902d5d102d7f4bd2-d.jpg,,
5680288,Science As a Process: An Evolutionary Account of the Social and Conceptual Development of Science,,Science and Its Conceptual Foundations Series,,David L. Hull,1988,,Univ of Chicago Pr (Tx),,301,0,English,Наука (общее)//Научно-популярное,,,"9780226360508,0-226-36050-4",,,,,575.016,Q158.5 .H84 1988,,,OL21393267M,,300,,,,,,,0,5070524,djvu,282AA7F3E07AAEA24D850450BEFEACBE,,,G:\\!upload\\!add\\bi\\hull1988_sci_as_process.djvu,0,2000-01-01 01:00:00,2016-04-03 02:51:08,,,
5680286,Human Anatomy and Physiology,,,,,1991,,Whittier Pubn,,287,0,English,Медицина//Анатомия и физиология человека,,,"9781878045065,1-878045-06-7",,,,,,,,,OL8658725M,,0,,,,,,,,37766777,pdf,280810E8DF4459EBCCD798DA5DC8C217,,,G:\\!upload\\!add\\!\\Biology - Human Anatomy Textbook.pdf,0,2000-01-01 01:00:00,2016-04-03 02:51:08,,,
5680284,The Poor Man's James Bond,vol 2,,,Kurt Saxon,1987,,Atlan Formularies,,486,0,English,Химия//Пиротехника и взрывчатые вещества,,,"9781881801023,1-881801-02-0",,,,,,,,,OL12144476M,,0,,,,,,,,94270389,pdf,27EBD795DF296D409491EC116DF246ED,,,G:\\!upload\\!add\\!\\Firearms - Homemade - Poor Mans James Bond Vol 2 (Paladin Press-1988).pdf,0,2000-01-01 01:00:00,2016-04-03 02:51:08,,,
5680285,Designing  Autonomous Mobile Robots: Inside the Mind of an Intelligent Machine,,,,John M. Holland,2003,,Newnes,,355,0,English,Техника,,,"9780750676830,0-7506-7683-3",,,,,629.8/932,TJ211.495 .H65 2004,,,OL3325096M,,0,,,,,,,,5877850,pdf,27FC8907F02ECA2B2C282A73B5392757,,,G:\\!upload\\!add\\!\\Newnes.Designing.Autonomous.Mobile.Robots.pdf,0,2000-01-01 01:00:00,2016-04-03 02:51:08,239000/27fc8907f02eca2b2c282a73b5392757-d.jpg,,
5680283,Учебник английского языка.,ч.1 ,,,Бонк Н.А. и др.,2001,,,,639,0,Russian,Образование,homelab,189-199,,,,,,,,,,,,0,,,,,,,,3889933,djvu,27E79A9F6C574DC826B06AB7526845FF,,,D:\\homelab\\Бонк Н.А. и др. Учебник английского языка. ч.1 (2001) .djvu,0,2000-01-01 01:00:00,2016-04-03 02:51:08,,,
5680282,Fractals and Chaos: An Illustrated Course,,,,Paul S. Addison,1997,,Institute of Physics Publishing,,310,0,English,"Физика//Механика//Нелинейная динамика, хаос",,,"9780750303996,0-7503-0399-9",,,,,514/.742,QA614.86 .A23 1997,,,OL672129M,,0,,,,,,,T,7088757,pdf,27BD479EAF0E29DAABB2AE07A4E956E4,,,G:\\!upload\\!add\\!\\IOP - Fractals and Chaos - An Illustrated Course - 1997.pdf,0,2000-01-01 01:00:00,2016-04-03 02:51:08,239000/27bd479eaf0e29daabb2ae07a4e956e4-d.jpg,,
5680281,UNIX для программистов и пользователей,,,,"Гласс Г., Эйблс К.",2004,,,,852,0,Russian,Компьютеры//Операционные системы,homelab,189-199,,,,,,,,,,,,0,,,,,,,,11279438,djvu,27A5F58213AF4344FF13C5E8B4B52F3A,,,"D:\\homelab\\Гласс Г., Эйблс К. UNIX для программистов и пользователей 2004.djvu",0,2000-01-01 01:00:00,2016-04-03 02:51:08,,,
5680279,Защита плодовых деревьев от болезней.,,,,"Григорцевич Л.Н., Макаревич А.И.",1998,,,,33,0,Russian,Медицина//Болезни//Внутренние болезни,homelab,189-199,,,,,,,,,,,,0,,,,,,,,699828,djvu,2759BEEB317E764CF659FD32A1BFB677,,,"D:\\homelab\\Григорцевич Л.Н., Макаревич А.И. Защита плодовых деревьев от болезней. (1998) .djvu",0,2000-01-01 01:00:00,2016-04-03 02:51:08,,,
5680280,Тонкие доводочные процесы обработки деталей машин и приборов,,,,Ящерицин П.И. и др.,1976,,«Наука и техника»,,166,0,Russian,Техника,homelab,189-199,,,,,,,,,,,,0,,,,,,,,4226428,djvu,277EE699FFA52E1A683AB969A788EC37,,,D:\\homelab\\Ящерицин П.И. и др. Тонкие доводочные процессы обработки деталей машин и приборов 1976.djvu,0,2000-01-01 01:00:00,2016-04-03 02:51:08,239000/277ee699ffa52e1a683ab969a788ec37-d.jpg,,
5680278,Synopsis and Classification of Living Organisms (2 Volumes),vol 2,,,McGraw,1982,,Mcgraw-Hill (Tx),,674,0,English,Биология,,,"9780070790315,0-07-079031-0",,,,,574.012,QH83,,,OL22188011M,,0,,,,,,,,36957334,djvu,273678E0C3AFE4DC503F8FAD9C79DA8F,,,G:\\!upload\\!add\\bi\\parker1982_synop_classif_2.djvu,0,2000-01-01 01:00:00,2016-04-03 02:51:08,,,
5680277,Extremal Combinatorial Problems and their Applications,,Mathematics and Its Applications,,"B.S. Stechkin, V.I. Baranov",1995,1,Kluwer,,205,0,English,Математика//Комбинаторика,,,"9780792336310,0-7923-3631-3",,,,,511/.66,QA164 .B36713 1995,,,OL794517M,,0,,,,,,,,6334654,djvu,272190B2B08CE6244F7D11C6B4C7E5DC,,,"G:\\!upload\\!add\\!\\Baramov, Stechkin - Extremal Combinatorial Problems and Applications (Kluwer 1995).djvu",0,2000-01-01 01:00:00,2016-04-03 02:51:08,239000/272190b2b08ce6244f7d11c6b4c7e5dc-d.jpg,,
5680275,Основы электромагнитной совместимости современного энергооборудования,,,,Кужекин И.П.,2008,,,,73,0,Russian,Физика//Электричество и магнетизм,homelab,189-199,,,,,,,,,,,,0,,,,,,,,1057541,djvu,26F81CF8DDD2807120ADB153322633A3,,,D:\\homelab\\Кужекин И.П. Основы электромагнитной совместимости современного энергооборудования 2008.djvu,0,2000-01-01 01:00:00,2016-04-03 02:51:08,,,
5680276,Тепло- и массообменные аппараты ТЭС и АЭС.,,,,Ильченко О.Т.,1992,,,,207,0,Russian,Техника,homelab,189-199,,,,,,,,,,,,0,,,,,,,,8764554,pdf,272088DF8551B02C011493713F27EB66,,,D:\\homelab\\Ильченко О.Т. Тепло- и массообменные аппараты ТЭС и АЭС. 1992.pdf,0,2000-01-01 01:00:00,2016-04-03 02:51:08,,,
5680274,Complete PCB Design Using OrCad Capture and Layout,,,,Kraig Mitzner,2007,,Newnes,,529,0,English,Компьютеры//Программы//САПР,,,"9780750682145,0-7506-8214-0",,,,,,,,,OL16032760M,,0,,,,,,,,51187219,pdf,26DB7C3B56D4D84FC64D0B6B0C4AFD17,,,G:\\!upload\\!add\\!\\Newnes - Complete PCB Design Using OrCad Capture and Layout.pdf,0,2000-01-01 01:00:00,2016-04-03 02:51:08,239000/26db7c3b56d4d84fc64d0b6b0c4afd17-d.jpg,,
5680272,Энциклопедический словарь Брокгауза и Ефрона.,т.доп1а,,,,1905,,,,483,0,Russian,Языкознание//Словари,homelab,189-199,,,,,,,,,,,,0,,,,,,,,59485659,pdf,26A16F4E2AB9618663FD8FADF1DB6BB2,,,D:\\homelab\\Энциклопедический словарь Брокгауза и Ефрона. т.доп1а 1905.pdf,0,2000-01-01 01:00:00,2016-04-03 02:51:08,,,
5680273,Активные РС-фильтры высокого порядка,,,,Капустян В.И.,1985,,,,250,0,Russian,,homelab,189-199,,,,,,,,,,,,0,,,,,,,,1871482,djvu,26ADE5F422B52C2F97429915352D6AF8,,,D:\\homelab\\Капустян В.И. Активные РС-фильтры высокого порядка 1985.djvu,0,2000-01-01 01:00:00,2016-04-03 02:51:08,,,
5680271,Детская энциклопедия,т.5,,,,1962,,,,668,0,Russian,Образование//Энциклопедии,homelab,189-199,,,,,,,,,,,,0,,,,,,,,26902972,djvu,268431DF1ED7222DA4238BC525E163B3,,,D:\\homelab\\Детская энциклопедия т.5 1962.djvu,0,2000-01-01 01:00:00,2016-04-03 02:51:08,,,
5680270,R Programming for Bioinformatics,,Chapman & Hall/CRC Computer Science & Data Analysis,,Robert Gentleman,2008,1,Chapman and Hall/CRC,,327,0,English,Биология//Молекулярная//Биоинформатика,,,"1420063677,978-1-4200-6367-7",,,,,572.80285/5133,QH324.2 .G46 2008,,,OL11816903M,,0,,,,,,,T,1555422,pdf,2677A827D3F54B466678B4684B9CD6DF,,,G:\\!upload\\!add\\bi\\gentleman2009_r_progr_bioinf.pdf,0,2000-01-01 01:00:00,2016-04-03 02:51:08,239000/2677a827d3f54b466678b4684b9cd6df-d.jpg,,
5680268,Dinosaur Atlas: An Amazing Journey Through a Lost World,,,,John Malam,2006,,DK CHILDREN,,96,0,English,Биология//Палеонтология,,,"9780756622350,0-7566-2235-2",,,,,,,,,OL16148155M,,0,,,,,,,1,135149409,pdf,2665AD100851BC72F7C228853B889B3D,,,"G:\\!upload\\!add\\!\\Paleontology - Dinosaur Atlas - An Amazing Journey Through A Lost World - (John Malam, John Woodward) Dorling Kindersley 2006.pdf",0,2000-01-01 01:00:00,2016-04-03 02:51:08,239000/2665ad100851bc72f7c228853b889b3d-d.jpg,,
5680269,Before the Backbone: Views on the Origin of the Vertebrates,,,,H. Gee,1996,1,Springer,,364,0,English,Биология,,,"9780412483004,0-412-48300-9",,,,,596.138,QL607.5 .G44 1996,,,OL820396M,,0,,,,,,,T,21608234,pdf,267527734ED7A78AD3DB0C5BC5A92359,,,G:\\!upload\\!add\\bi\\gee1996_orig_vertebr.pdf,0,2000-01-01 01:00:00,2016-04-03 02:51:08,239000/267527734ed7a78ad3db0c5bc5a92359-d.jpg,,
5680267,"A Practical Guide to Linux(R) Commands, Editors, and Shell Programming",,,,Mark G. Sobell,2005,1,Prentice Hall PTR,,1644,0,English,Компьютеры//Операционные системы,,,"9780131478237,0-13-147823-0",,,,,005.4/46,QA76.76.O63 S59483 2005,,,OL18398558M,,0,,,,,,,T,70270663,pdf,26070B03FB2D90820A89055A3171C747,,,"G:\\!upload\\!add\\!\\Prentice Hall, A Practical Guide to Linux Commands Editors and Shell Programming (2005) DDU LotB.pdf",0,2000-01-01 01:00:00,2016-04-03 02:51:08,239000/26070b03fb2d90820a89055a3171c747-d.jpg,,
5680266,Электромагнитные поля в нейрофизиологии,,,,"Холодов Ю.А., Шишло М.А.",1979,,,,169,0,Russian,Физика//Электричество и магнетизм,homelab,189-199,,,,,,,,,,,,0,,,,,,,,2458465,djvu,25F821A061EF82C8D2A1DD5630F0ECB7,,,"D:\\homelab\\Холодов Ю.А., Шишло М.А. Электромагнитные поля в нейрофизиологии 1979.djvu",0,2000-01-01 01:00:00,2016-04-03 02:51:08,,,
5680265,Vertebrate Palaeontology,,,,Michael J. Benton,2005,3,Wiley-Blackwell,,467,0,English,Биология//Палеонтология,,,"9780632056378,0-632-05637-1",,,,,566,QE841 .B44 2005,,,OL3681987M,,0,,,,,,,T,12142341,pdf,25E48EE4F2583671CECBEC1A3CDAB4A7,,,G:\\!upload\\!add\\bi\\benton2005_vert_paleont.pdf,0,2000-01-01 01:00:00,2016-04-03 02:51:08,239000/25e48ee4f2583671cecbec1a3cdab4a7-d.jpg,,
5680264,"Encyclopedia of World Cultures, indexes",Vol. 10,,,David Levinson,1995,1,Macmillan,,340,0,English,Образование//Энциклопедии,,,"0816118175,9780816118175",,,,,306.097,GN307.E53 1991,,,OL11361746M,,0,,,,,1,,,2820771,djvu,257382BF989194B8965A72B4A37FF376,,,G:\\!upload\\!add\\mi\\cult\\enc_wrld_cult_10_indexes.djvu,0,2000-01-01 01:00:00,2016-04-03 02:51:08,239000/257382bf989194b8965a72b4a37ff376-d.jpg,,
5680262,Self-Regularity: A New Paradigm for Primal-Dual Interior-Point Algorithms,,Princeton Series in Applied Mathematics,,"Jiming Peng, Cornelis Roos, Tamas Terlaky",2002,,Princeton University Press,,202,0,English,Компьютеры//Алгоритмы и структуры данных,,,"9780691091938,0-691-09193-5",,,,,519.6,QA402.5 .P4185 2002,,,OL3383953M,,0,,,,,,,T,1240807,pdf,250EA166860C1FAF944C63E0E13A433F,,,"G:\\!upload\\!add\\!\\Self-Regularity, A New Paradigm for Primal-Dual Interior-Point Algorithms (Princeton Series in Applied Mathematics) (Jiming Peng, et al) 0691091935.pdf",0,2000-01-01 01:00:00,2016-04-03 02:51:08,239000/250ea166860c1faf944c63e0e13a433f-d.jpg,,
5680263,Programming 16-Bit PIC Microcontrollers in C: Learning to Fly the PIC 24,,Embedded Technology,,Lucio Di Jasio,2007,,Newnes,,32,0,English,Образование,,,"9780750682923,0-7506-8292-2",,,,,,,,,OL15613247M,,0,,,,,,,,101776,pdf,2515F94C1F67F424C120B4CD0ECEEAFC,,,G:\\!upload\\!add\\!\\[Political Economy] - Macroeconomics_Revolution and Evolution in Twentieth-Century Macroeconomics. (M.Woodford)(Princeton 1999).pdf,0,2000-01-01 01:00:00,2016-04-03 02:51:08,239000/2515f94c1f67f424c120b4cd0eceeafc-d.jpg,,
5680261,Энциклопедический словарь Брокгауза и Ефрона.,т.28а,,,,1900,,,,492,0,Russian,Языкознание//Словари,homelab,189-199,,,,,,,,,,,,0,,,,,,,,10305469,djvu,24F27163AEA37D1017C43C31CA228293,,,D:\\homelab\\Энциклопедический словарь Брокгауза и Ефрона. т.28а 1900.djvu,0,2000-01-01 01:00:00,2016-04-03 02:51:08,,,
5680259,Mathematical Analysis: Linear and Metric Structures and Continuity,,,,"Mariano Giaquinta, Giuseppe Modica",2007,1,Birkhäuser Boston,,475,0,English,Математика,,,"9780817643744,0-8176-4374-5",,,,,,,,,OL11388109M,,0,,,,,,,T,19172233,pdf,24C73D0C7D88A2A48B6DAE6E13D1B9B1,,,"G:\\!upload\\!add\\!\\Mathematical Analysis - Linear and Metric Structures and Continuity - M. Giaquinta, G. Modica (Birkhauser, 2007) WW(1).pdf",0,2000-01-01 01:00:00,2016-04-03 02:51:08,239000/24c73d0c7d88a2a48b6dae6e13d1b9b1-d.jpg,,
5680260,Dynamic Programming,,,,Richard Bellman,1957,,Princeton Univ Pr,,365,0,English,Компьютеры//Программирование,,,"9780691079516,0-691-07951-X",,,,,,,,,OL15106809M,,0,,,,,,,,28168186,pdf,24D5EEC92B30DD94609B87DE8FDAB2ED,,,G:\\!upload\\!add\\!\\-Bellman (1957) Dynamic Programming. Princeton.pdf,0,2000-01-01 01:00:00,2016-04-03 02:51:08,,,
5680258,Термодинамика и макрокинетика природных иерархических процессов,,,,Гладышев Г.П.,1988,,,,288,0,Russian,Физика//Термодинамика и статистическая физика,homelab,189-199,,,,,,,,,,,,0,,,,,,,,7525731,djvu,24C4E5374F52CCFE3AA47EE171D2326C,,,D:\\homelab\\Гладышев Г.П. Термодинамика и макрокинетика природных иерархических процессов 1988.djvu,0,2000-01-01 01:00:00,2016-04-03 02:51:08,,,
5680257,Mixed-signal and DSP Design Techniques,,Analog Devices,,Walt Kester,2003,1,Newnes,,419,0,English,,,,"9780750676113,0750676116",,,,,,,,,OL15388489M,,0,,,,,,,T,5343789,pdf,24BA1F5636D7F0C69734DC74F7C6F3B9,,,"G:\\!upload\\!add\\!\\Mixed-Signal and DSP Design Techniques; Walt Kester (Newnes, 2003).pdf",0,2000-01-01 01:00:00,2016-04-03 02:51:08,239000/24ba1f5636d7f0c69734dc74f7c6f3b9-d.jpg,,
5680256,"The Neuroscience of Social Interaction: Decoding, Imitating, and Influencing the Actions of Others",,,,"Chris Frith, Daniel Wolpert",2004,1,"Oxford University Press, USA",,363,0,English,Медицина//Неврология,,,"9780198529255,0-19-852925-2",,,,,612.82,RC455 .N435 2004,,,OL3319478M,,0,,,,,,,,1789705,djvu,24B4F98A8B6FA29DDDF1A96B1A02FB93,,,"G:\\!upload\\!add\\biology\\Neuroscience\\Frith - The Neuroscience of Social Interaction (Oxford, 2004).djvu",0,2000-01-01 01:00:00,2016-04-03 02:51:08,239000/24b4f98a8b6fa29dddf1a96b1a02fb93-d.jpg,,
5680254,Studies in Lie Theory: Dedicated to A. Joseph on his Sixtieth Birthday,,Progress in Mathematics,,"Joseph Bernstein, Vladimir Hinich, Anna Melnikov",2006,1,Birkhäuser Boston,,506,0,English,Математика//Симметрия и группы,,,"9780817643423,0-8176-4342-7",,,,,,,,,OL8074820M,,0,,,,,,,T,4420250,pdf,244E09FADFCBA8D7E631BD92B788BE15,,,"G:\\!upload\\!add\\!\\Studies In Lie Theory - J Bernstein, Et Al , (Birkhauser, 2006) Ww.pdf",0,2000-01-01 01:00:00,2016-04-03 02:51:08,239000/244e09fadfcba8d7e631bd92b788be15-d.jpg,,
5680255,Энциклопедический словарь Брокгауза и Ефрона.,т.11,,,,1893,,,,476,0,Russian,Языкознание//Словари,homelab,189-199,,,,,,,,,,,,0,,,,,,,,11812850,djvu,24859ACED9A91151046E2255B75ED374,,,D:\\homelab\\Энциклопедический словарь Брокгауза и Ефрона. т.11 1893.djvu,0,2000-01-01 01:00:00,2016-04-03 02:51:08,,,
5680253,Excel by Example: A Microsoft Excel Cookbook for Electronics Engineers,,,,Aubrey Kagan,2004,,Newnes,,385,0,English,Компьютеры//Программирование,,,"9780750677561,0-7506-7756-2",,,,,621.381/0285/554,TK153 .K16 2004,,,OL23177856M,,0,,,,,,,,15485813,pdf,24426021374C7C786D35A2BFAE5D6D45,,,G:\\!upload\\!add\\!\\Newnes - Excel by Example - A Microsoft Excel Cookbook for Electronic Engineers - 2004 - (By Laxxuss).pdf,0,2000-01-01 01:00:00,2016-04-03 02:51:08,239000/24426021374c7c786d35a2bfae5d6d45-d.jpg,,
5680252,Курс химической кинетики,,,,Замараев К.И.,,,,,311,0,Russian,Химия,homelab,189-199,,,,,,,,,,,,0,,,,,,,T,2802603,pdf,241B5B5DB10CDE3A2DBDA075E30E88B4,,,D:\\homelab\\Замараев К.И. Курс химической кинетики.pdf,0,2000-01-01 01:00:00,2016-04-03 02:51:08,,,
5680251,Берриас Северного Кавказа (урухский разрез),,,,"Колпенская Н.Н., Никифорова Е.В., Сочеванова О.А., Сей И.И., Калачева Е.Д.",2000,,Всесоюзный научно-исследовательский  геологоразведочный институт (ВНИГРИ),Санкт-Петербург,276,0,Russian,Биология//Палеонтология,,0,5-88953-054-2,,,,,,,,,,,0,0,1,,,,,T,38321968,pdf,241657199EB92349CFA85903BCEB3758,,,,0,2000-01-01 01:00:00,2016-04-03 02:51:08,,,
5680250,Typologies and Taxonomies: An Introduction to Classification Techniques,,Quantitative Applications in the Social Sciences,,Kenneth D. Bailey,1994,1,"Sage Publications, Inc",,49,0,English,,,,"9780803952591,0-8039-5259-7",,,,,300/.12,H61.2 .B34 1994,,,OL1084244M,,0,,,,,,,,555417,djvu,24135874DBFC2074AB8014BD9715DDC0,,,G:\\!upload\\!add\\bi\\bailey1994_typol_and_taxon.djvu,0,2000-01-01 01:00:00,2016-04-03 02:51:08,239000/24135874dbfc2074ab8014bd9715ddc0-d.jpg,,
5680249,Унифицированные цветные телевизоры блочно-модульной конструкции УПИМЦТ-61-II,,Телевизионный и радиоприем. Звукотехника. Выпуск 105.,,"С.А.Ельяшкевич, Л.Е.Кевеш, А.Ф.Мосолов, А.Е.Пескин, Д.Я.Филлер",1979,,Связь,М.,129,0,Russian,Техника//Электроника//Домашняя электроника,homelab,189-199,,,,,,,,,,,"Scan, Djvuing: Сидор Сидоров, 2009",0,,,,,,,,4769353,djvu,23F79C643D5942C91D00CE29C734755E,,,D:\\homelab\\Ельяшкевич С.А. (ред) Унифицированные телевизоры блочно-модульной конструкции УПИМЦТ-61-ИИ. (1979) .djvu,0,2000-01-01 01:00:00,2016-04-03 02:51:08,239000/23f79c643d5942c91d00ce29c734755e-d.jpg,,
5680248,The Field Guide to Wild Flowers,,,,"Carol Southby, Steven Daniel",2003,,Main Street,,223,0,English,,,,"9781402706950,1-4027-0695-2",,,,,,,,,OL8393030M,,0,,,,,,,,14501241,pdf,23F644E9106E7F62944A76721A25E2A8,,,G:\\!upload\\!add\\bi\\mathews2003_field_guide_amer_wild_flowers.pdf,0,2000-01-01 01:00:00,2016-04-03 02:51:08,239000/23f644e9106e7f62944a76721a25e2a8-d.jpg,,
5680246,Онкология.,,,,Ганцев Ш.Х.,2006,,,,513,0,Russian,Медицина//Онкология,homelab,189-199,,,,,,,,,,,,0,,,,,,,,161987965,pdf,23DAB588EF1622A29CA0959820F08E68,,,D:\\homelab\\Ганцев Ш.Х. Онкология. 2006.pdf,0,2000-01-01 01:00:00,2016-04-03 02:51:08,,,
5680247,Методы исследования переменных звезд.,,,,Никонов В.Б. (ред),1971,,,,333,0,Russian,,homelab,189-199,,,,,,,,,,,,0,,,,,,,,16875517,djvu,23F40167941C5F0B6F937E70D1F26858,,,D:\\homelab\\Никонов В.Б. (ред) Методы исследования переменных звезд. (1971) .djvu,0,2000-01-01 01:00:00,2016-04-03 02:51:08,,,
5680245,Гибриды и малоизвестные виды водных растений,,,,Папченков В.Г.,2007,,,,71,0,Russian,Биология//Растения//Ботаника,homelab,189-199,,,,,,,,,,,,0,,,,,,,,5295922,djvu,23D06C379C95315E6FD17A795E03E1F5,,,D:\\homelab\\Папченков В.Г. Гибриды и малоизвестные виды водных растений 2007.djvu,0,2000-01-01 01:00:00,2016-04-03 02:51:08,,,
5680243,Канализация населенных мест и промышленных предприятий.,,,,Лихачев Н.И. и др.,1981,,,,638,0,Russian,Техника,homelab,189-199,,,,,,,,,,,,0,,,,,,,,45407418,pdf,23B4FD49F347F2ED115418291DB75094,,,D:\\homelab\\Лихачев Н.И. и др. Канализация населенных мест и промышленных предприятий. 1981.pdf,0,2000-01-01 01:00:00,2016-04-03 02:51:08,,,
5680244,Charles Darwin and The Origin of Species,,Greenwood Guides to Historic Events 1500-1900,,Keith A. Francis,2006,annotated edition,Greenwood,,223,0,English,Биология,,,"9780313317484,0-313-31748-8",,,,,576.8/2092,QH365.O8 F73 2007,,,OL10420054M,,0,,,,,,,,675174,djvu,23B9ED48AA480E78FF43519F6AC18A77,,,G:\\!upload\\!add\\biology\\darwin_and_the_origin.djvu,0,2000-01-01 01:00:00,2016-04-03 02:51:08,239000/23b9ed48aa480e78ff43519f6ac18a77-d.jpg,,
5680242,Home Workshop; The Art of Woodworking,,,,Time-Life Books,1993,,Time-Life Books,,148,0,English,Образование//Международные конференции и симпозиумы,,,"9780809499205,0809499207",,,,,684/.08,TT152 .H6 1993b,,,OL1399165M,,0,,,,,,,1,99315581,pdf,23A07F88103BC34BA0B217A70A6B6C75,,,G:\\!upload\\!add\\!isbns\\Bricolage - Time-Life Books - 1993 - Art Of Woodworking - Home Workshop - Isbn 0809499207 - 148S.pdf,0,2000-01-01 01:00:00,2016-04-03 02:51:08,,,
5680241,Fuzzy Modeling and Genetic Algorithms for Data Mining and Exploration,,The Morgan Kaufmann Series in Data Management Systems ,,Earl Cox,2005,1st,Morgan Kaufmann,,553,0,English,Компьютеры//Алгоритмы и структуры данных,,,"9780121942755,0121942759",,,,,,,,,OL22616311M,,0,,,,,,,T,3612460,pdf,23803279FA3B8DA851FC02661C262D7C,,,G:\\!upload\\!add\\!\\Morgan Kaufmann - Fuzzy Modeling Tools For Data Mining And Knowledge Discovery - 2008.pdf,0,2000-01-01 01:00:00,2016-04-03 02:51:08,239000/23803279fa3b8da851fc02661c262d7c-d.jpg,,
5680239,"1,001 Street Fighting Secrets: The Principles Of Contemporary Fighting Arts",,,,Sammy Franco,1997,,Paladin Press,,214,0,English,,,,"0873648870,9780873648875",,,,,,,,,OL770954M,,0,,,,,1,,,67209733,pdf,234E6745A47F3F6CEB4B1912F14BEAF5,,,G:\\!upload\\!add\\!\\Ebook - Self Defense - 1001 Street Fighting Secrets - Paladin Press.pdf,0,2000-01-01 01:00:00,2016-04-03 02:51:08,239000/234e6745a47f3f6ceb4b1912f14beaf5-d.jpg,,
5680240,"Trees, Crops and Soil Fertility: Concepts and Research Methods",,,,"G Schroth, F L Sinclair",2003,First,CABI,,451,0,English,Техника//Нефтегазовые технологии,,,"9780851995939,0-85199-593-4",,,,,,,,,OL17085343M,,0,,,,,,,,1664112,djvu,235643EBF535F55043CE7FD60BE3759B,,,"G:\\!upload\\!add\\biology\\Plants and Mushrooms\\Schroth - Trees, Crops and Soil Fertility - Concepts and Research Methods (CABI, 2003).djvu",0,2000-01-01 01:00:00,2016-04-03 02:51:08,239000/235643ebf535f55043ce7fd60be3759b-d.jpg,,
5680238,Probability Theory and Combinatorial Optimization,,CBMS-NSF Regional Conference Series in Applied Mathematics,,J. Michael Steele,1997,illustrated edition,Society for Industrial  Mathematics,,162,0,English,Математика//Вероятность,,,"9780898713800,0-89871-380-3",,,,,519.7,QA273.45 .S74 1997,,,OL1003234M,,0,,,,,,,,10347528,pdf,2331EE3C01A7A2B9937EFDC37DBABE05,,,"G:\\!upload\\!add\\!\\Probability Theory and Combinatorial Optimization - J Michael Steele (SIAM, 1997).pdf",0,2000-01-01 01:00:00,2016-04-03 02:51:08,239000/2331ee3c01a7a2b9937efdc37dbabe05-d.jpg,,
5680237,An Introduction to Infinite-Dimensional Analysis,,Universitext,,Giuseppe da Prato,2006,1,Springer,,215,0,English,Математика//Анализ,,,"9783540290209,3-540-29020-6",,,,,,,,,OL9055955M,,0,,,,,,,,2226700,pdf,2315DFC7DBA7D0B1FBD09578BDCB0401,,,"G:\\!upload\\!add\\!\\Da Prato, G. An Introduction to Infinite-Dimensional Analysis (Universitext) 3540290206.pdf",0,2000-01-01 01:00:00,2016-04-03 02:51:08,239000/2315dfc7dba7d0b1fbd09578bdcb0401-d.jpg,,
5680235,Plants Invade the Land,,,,"Patricia G. Gensel, Dianne Edwards",2001,0,Columbia University Press,,300,0,English,Биология//Растения//Ботаника,,,"9780231111607,0-231-11160-6",,,,,,,,,OL17011069M,,0,,,,,,,T,7867015,pdf,22CCFCCEB76C7017A76EC21160E4EE5E,,,G:\\!upload\\!add\\bi\\gensel2001_plants_invade_land.pdf,0,2000-01-01 01:00:00,2016-04-03 02:51:08,239000/22ccfcceb76c7017a76ec21160e4ee5e-d.jpg,,
5680236,Аналитическая химия. Аналитика,кн.1 ,,,Харитонов Ю.Я.,2003,,,,614,0,Russian,Химия,homelab,189-199,"5-06-003835-1,5-06-003966-8",,,,,,,,,OL12535064M,,0,,,,,,,,7337798,djvu,22D3089EEE454833883B06AE3582DDCC,,,D:\\homelab\\Харитонов Ю.Я. Аналитическая химия. Аналитика. кн.1 (2003) .djvu,0,2000-01-01 01:00:00,2016-04-03 02:51:08,,,
5680234,The History of Approximation Theory: From Euler to Bernstein,,,,"Karl-Georg Steffens, George A. Anastassiou",2006,1,Birkhäuser Boston,,235,0,English,История,,,"9780817643539,0-8176-4353-2",,,,,,,,,OL8074827M,,0,,,,,,,,2370802,pdf,22C0C671ECA2202317F4A31E4AC3DBB2,,,"G:\\!upload\\!add\\!\\The History of Approximation Theory - from Euler to Bernstein - K. Steffens (Birkhauser, 2006) WW(1).pdf",0,2000-01-01 01:00:00,2016-04-03 02:51:08,239000/22c0c671eca2202317f4a31e4ac3dbb2-d.jpg,,
5680233,Graph Theory in Memory of G.A. Dirac,,Annals of Discrete Mathematics 41,,Lars Dovling Anderson,1989,,North-Holland,,599,0,English,Математика//Теория графов,,,"9780444871299,0444871292",,,,,511/.5,QA166 .G732 1989,,,OL2052860M,,0,,,,,,,,4659086,djvu,228960B867C61509F4900AB2EAC6DC30,,,"G:\\!upload\\!add\\!isbns\\[ADM 049] - BoicescuV.,Filipoiu A.,Georgescu G.,Rudeanu S. - Lukasiewicz-Moisil algebras - NH 1991 - ISBN 0444884440.djvu",0,2000-01-01 01:00:00,2016-04-03 02:51:08,239000/228960b867c61509f4900ab2eac6dc30-d.jpg,,
5680232,Focal Easy Guide to Maya 5: For new users and professionals,,The Focal Easy Guide,,Jason Patnode,2004,1,Focal Press,,245,0,English,Компьютеры,,,"9780240519524,0-240-51952-3",,,,,,,,,OL9481267M,,0,,,,,,,T,5442177,pdf,2288F698CBE2A06E9FC048CFC296D503,,,"G:\\!upload\\!add\\!isbns\\Focal.Press,.The.Focal.Easy.Guide.To.Maya.5.(2004).DDU;.BM._br.__OCR.7.0-2.5._br.__LotB.pdf",0,2000-01-01 01:00:00,2016-04-03 02:51:08,239000/2288f698cbe2a06e9fc048cfc296d503-d.jpg,,
5680230,The Genetics and Biology of Sex Determination,,Novartis Foundation Symposia,,Novartis Foundation,2002,,Wiley,,275,0,English,"Психология//Любовь, эротика",,,"9780470843468,0-470-84346-2",,,,,571.8/1,QP278.5 .G466 2002,,,OL21463893M,,0,,,,,,,,1738143,djvu,227B23A8B905C3030C821719796D142C,,,G:\\!upload\\!add\\biology\\Genetics\\The Genetics and Biology of Sex Determination - Novartis Foundation.djvu,0,2000-01-01 01:00:00,2016-04-03 02:51:08,239000/227b23a8b905c3030c821719796d142c-d.jpg,,
5680231,Pocket Atlas of Radiographic Anatomy,,Thieme Flexibook,,"Torsten Moeller, Emil Reif",2000,2nd Rev&Ex,Thieme,,385,0,English,Медицина//Анатомия и физиология человека,,,"9780865778740,0-86577-874-4",,,,,,,,,OL22163619M,,0,,,,,,,,6338348,djvu,2281B72A23E6D8C5CD3FA2A208EA12E6,,,"G:\\!upload\\!add\\biology\\anatomy and Physiology\\Pocket Atlas Of Radiographic Anatomy 2d ed - Torsten B. Moller, Emil Reif.djvu",0,2000-01-01 01:00:00,2016-04-03 02:51:08,239000/2281b72a23e6d8c5cd3fa2a208ea12e6-d.jpg,,
5680229,Живой мир. детское,,,,Паркер С.,2008,,,,66,0,Russian,Техника//Транспорт//Авиация,homelab,189-199,,,,,,,,,,,,0,,,,,,,,2448008,djvu,226B7AA950022015FC50EA5B0442C4B1,,,D:\\homelab\\Паркер С. Живой мир. детское 2008.djvu,0,2000-01-01 01:00:00,2016-04-03 02:51:08,,,
5680228,Web Dragons: Inside the Myths of Search Engine Technology,,The Morgan Kaufmann Series in Multimedia Information and Systems,,"Ian H. Witten, Marco Gori, Teresa Numerico",2006,1,Morgan Kaufmann,,275,0,English,Компьютеры//Сети//Интернет,,,"9780123706096,0-12-370609-2",,,,,,,,,OL7327418M,,0,,,,,,,T,5854945,pdf,2262E19E0A53E93FD160C2ACC96D37CA,,,G:\\!upload\\!add\\!\\Morgan Kaufmann Web Dragons Inside The Myths Of Search Engine Technology.pdf,0,2000-01-01 01:00:00,2016-04-03 02:51:08,239000/2262e19e0a53e93fd160c2acc96d37ca-d.jpg,,
5680227,Metal Catalyzed Cascade Reactions,,Topics in Organometallic Chemistry,,Thomas J.J. Müller,2006,1,Springer,,294,0,English,Химия//Органическая химия,,,"9783540329589,3-540-32958-7",,,,,,,,,OL9056382M,,0,,,,,,,,3362041,djvu,2237895D08261A6D0AD8D620EE6FD0FC,,,G:\\!upload\\!add\\!\\AAVV - Topics in organometallic chem 19.. metal catalyzed cascade reactions - Springer 2006.djvu,0,2000-01-01 01:00:00,2016-04-03 02:51:08,239000/2237895d08261a6d0ad8d620ee6fd0fc-d.jpg,,
5680225,Как начать свой бизнес - Тренинг-курс - TACIS - 6 - Источники финансирования бизнеса на Украине,,TACIS,,,,,,,8,0,Russian,Бизнес,gaudeamus.narod.ru,,,,,,,,,,,,,0,,,,,,,,103632,pdf,22005787B6DBABEED2F895DBF6714329,,,D:\\homelab\\gaudeamus.narod.ru\\Как начать свой бизнес - Тренинг-курс - TACIS - 06 - Источники финансирования бизнеса на Украине - 8.pdf,0,2000-01-01 01:00:00,2016-04-03 02:51:08,,,
5680226,Constructional Morphology and Evolution,,,,"Norbert Schmidt-Kittler, Klaus Vogel",1991,,Springer,,40,0,English,Техника//Строительство,,,"9780387532790,0-387-53279-X",,,,,574.4,QH351 .C65 1991,,,OL1534825M,,0,,,,,,,,460237,djvu,220DB33BE60356BB50E5B4DF2222E5EA,,,G:\\!upload\\!add\\bi\\schmidt-kittler1991_constr_morph_evol_ch1.djvu,0,2000-01-01 01:00:00,2016-04-03 02:51:08,,,
5680224,The Extended Organism: The Physiology of Animal-Built Structures,,,,J. Scott Turner,2000,illustrated edition,Harvard University Press,,247,0,English,Биология//Зоология,,,"9780674001510,0-674-00151-6",,,,,,,,,OL7670291M,,0,,,,,,,T,2259652,pdf,21EF1E35025602CFA83A3B1C6FB9E933,,,G:\\!upload\\!add\\bi\\turner2000_ext_organism.pdf,0,2000-01-01 01:00:00,2016-04-03 02:51:08,239000/21ef1e35025602cfa83a3b1c6fb9e933-d.jpg,,
5680223,Основы биохимии,Т. 2,,,"Уайт А., Хендлер Ф., Смит Э., Хилл Р., Леман ",1981,,,,619,0,Russian,Химия,Якова Кротова б-ка,,,,,,,,,,,,,0,,,,,,,,8811274,djvu,21C053822B6FD203AF3C5BCAB7D314E6,,,"E:\\!!!chem\\Уайт А., Хендлер Ф., Смит Э., Хилл Р., Леман 1981~ Основы биохимии. Т. 2.djvu",0,2000-01-01 01:00:00,2016-04-03 02:51:08,,,
5680222,Developmental Genetics and Plant Evolution,,Systematics Association Special Volumes,,"Quentin C.B. Cronk, Richard M. Bateman, Julie A. Hawkins",2002,1,CRC Press,,564,0,English,Биология//Растения//Ботаника,,,"9780415257916,0-4-15-2579-1-3",,,,,,,,,OL18141223M,,0,,,,,,,T,51284449,pdf,219935B04D7EE339865D97463F037118,,,G:\\!upload\\!add\\bi\\cronk2002_dev_gen_plant_evol.pdf,0,2000-01-01 01:00:00,2016-04-03 02:51:08,239000/219935b04d7ee339865d97463f037118-d.jpg,,
5680220,The Origins of Order: Self-Organization and Selection in Evolution,,,,Stuart A. Kauffman,1993,,"Oxford University Press, USA",,730,0,English,Биология,,,"9780195058116,0-19-505811-9",,,,,577,QH325 .K39 1993,,,OL1533417M,,0,,,,,,,,9902929,djvu,2144F5456AA829AB9AC30D8B5ADD9D72,,,G:\\!upload\\!add\\bi\\kauffman1993_orig_of_order.djvu,0,2000-01-01 01:00:00,2016-04-03 02:51:08,,,
5680221,"Symmetry, Ornament and Modularity",,Series on Knots and Everything 30,,Slavik Vlado Jablan,2002,,World Scientific Publishing Company,,343,0,English,Математика//Симметрия и группы,,,"9789812380807,9812380809",,,,,,,,,OL9196240M,,0,,,,,,,,5588147,djvu,21705FBC5020687241B0610BCD4AFFFA,,,G:\\!upload\\!add\\!isbns\\SKE 030 - Jablan S.V. - Symmetry ornament and modularity - WS 2002 - ISBN 9812380809.djvu,0,2000-01-01 01:00:00,2016-04-03 02:51:08,239000/21705fbc5020687241b0610bcd4afffa-d.jpg,,
5680219,"Basic Engineering Mathematics, Fourth Edition",,,,John Bird BSc (Hons)  CEng  CMath  CSci  FIET  MIEE  FIIE  FIMA  FCollT,2005,4,Newnes,,297,0,English,Математика,,,"9780750665759,0-7506-6575-0",,,,,620.001/51,TA330 .B513 2005,,,OL3437199M,,0,,,,,,,,2501262,pdf,212B6A23738714F29AC1A00E56A14282,,,G:\\!upload\\!add\\!\\Newnes Basic Engineering Mathematics 4th.pdf,0,2000-01-01 01:00:00,2016-04-03 02:51:08,239000/212b6a23738714f29ac1a00e56a14282-d.jpg,,
5680218,Гармонический осциллятор в современной физике. От атомов до кварков.,,,,Мошинский М.,1972,,,,152,0,Russian,Физика,homelab,189-199,,,,,,,,,,,,0,,,,,,,T,2590274,djvu,2112BA640DB5E5EA792EF4618FAD9BE3,,,D:\\homelab\\Мошинский М. Гармонический осциллятор в современной физике. От атомов до кварков. 1972.djvu,0,2000-01-01 01:00:00,2016-04-03 02:51:08,,,
5680217,Real Estate Riches: How to Become Rich Using Your Banker's Money,,,,Dolf de Roos,2004,1,Wiley,,219,0,English,Образование,,,"0471711802,9780471711803,9780471716204",,,,,,,,,OL24267646M,,0,,,,,1,,T,2082097,pdf,210048C30798050619268CC21BAF21BD,,,G:\\!upload\\!add\\!\\John.Wiley.&amp;.Sons.-Real.Estate.Riches.How.to.Become.Rich.Using.Your.Bankers.Money.Oct.2004.eBook-TLFeBOOK.pdf,0,2000-01-01 01:00:00,2016-04-03 02:51:08,239000/210048c30798050619268cc21baf21bd-d.jpg,,
5680216,Прогнозирование и проектирование в социальной работе - Учебно-методическое Пособие,,,,Дашибалова,2006,,,,52,0,Russian,Образование,gaudeamus.narod.ru,,,,,,,,,,,,,0,,,,,,,T,557453,pdf,20D74A9C865DD4A65C3E70AEA0BB867D,,,D:\\homelab\\gaudeamus.narod.ru\\Прогнозирование и проектирование в социальной работе - УМП - Дашибалова - 2006 - 104.pdf,0,2000-01-01 01:00:00,2016-04-03 02:51:08,,,
5680214,The Art and Science of Psychotherapy,,,,"Stefan Hofmann, Joel Weinberger",2006,1,Routledge,,342,0,English,Наука (общее)//Научно-популярное,,,"9780415952156,0-415-95215-8",,,,,,,,,OL7497578M,,0,,,,,,,,1140593,djvu,20A5C62B2DDC32C355088DCF384D04D9,,,"G:\\!upload\\!add\\biology\\Neuroscience\\The Art and Science of Psychotherapy - S. Hoffmann, J. Weinberger (Routledge, 2007) WW.djvu",0,2000-01-01 01:00:00,2016-04-03 02:51:08,239000/20a5c62b2ddc32c355088dcf384d04d9-d.jpg,,
5680215,An Introduction to the Heisenberg Group and the Sub-Riemannian Isoperimetric Problem,,Progress in Mathematics,,"Luca Capogna, Donatella Danielli, Scott D. Pauls, Jeremy T. Tyson",2007,1,Birkhäuser Basel,,234,0,English,Математика//Симметрия и группы,,,"9783764381325,3-7643-8132-9",,,,,,,,,OL12867097M,,0,,,,,,,T,2602090,pdf,20C198138F564D18CA22EC788ABE93F5,,,G:\\!upload\\!add\\!\\Birkhauser - An Introduction to the Heisenberg Group and the Sub-Riemannian Isoperimetric Problem.pdf,0,2000-01-01 01:00:00,2016-04-03 02:51:08,239000/20c198138f564d18ca22ec788abe93f5-d.jpg,,
5680213,The Psychology of Proof: Deductive Reasoning in Human Thinking,,,,Lance J. Rips,1994,,The MIT Press,,447,0,English,Психология,,,"9780262181532,0262181533",,,,,160,BF442 .R56 1994,,,OL1398247M,,0,,,,,,,,29285944,pdf,209EF0E31B9E8F0B00C874A2AA1B8035,,,G:\\!upload\\!add\\!isbns\\The Mit Press - 1994 - The Psychology Of Proof Deductive Reasoning In Human Thinking - Isbn 0262181533 - 447S.pdf,0,2000-01-01 01:00:00,2016-04-03 02:51:08,239000/209ef0e31b9e8f0b00c874a2aa1b8035-d.jpg,,
5680212,Токсикология таллия и его соединений. Вопросы гигиены труда при работе с ними.,,,,"Спиридонова В.С., Шабалина Л.П.",1977,,,,35,0,Russian,Биология//Экология,homelab,189-199,,,,,,,,,,,,0,,,,,,,,48440670,pdf,209E8AB86627F5F6999CAB2DC3FD100F,,,"D:\\homelab\\Спиридонова В.С., Шабалина Л.П. Токсикология таллия и его соединений. Вопросы гигиены труда при работе с ними. 1977.pdf",0,2000-01-01 01:00:00,2016-04-03 02:51:08,,,
5680211,Беседы о теории относительности,,Научно-популярная серия  ,,Кузнецов Б.Г.,1965,,Наука,М.,225,0,Russian,Физика//Теория относительности и гравитация,homelab,189-199,,,,,,,,,,,"Scan, Djvuing: Pohorsky, 2009",600,,,,,,,,4493344,djvu,208A2885F7D8C796000C49C8B8081671,,,D:\\homelab\\Кузнецов Б.Г. Беседы о теории относительности 1965.djvu,0,2000-01-01 01:00:00,2016-04-03 02:51:08,239000/208a2885f7d8c796000c49c8b8081671-d.jpg,,
5680210,The Cambridge Companion to Christian Doctrine,,Cambridge Companions to Religion,,Colin E. Gunton,1997,,Cambridge University Press,,157,0,English,,,,"9780521471183,0521471184",,,,,230,BT80 .C29 1997,,,OL1006210M,,0,,,,,,,,10705641,pdf,20772BD757F0FF78543FA91F740D501D,,,"G:\\!upload\\!add\\Academic books\\Theology, philosophy and the history of ideas\\Cambridge Series\\The Cambridge Companions\\The Cambridge Companion to Postmodern Theology.pdf",0,2000-01-01 01:00:00,2016-04-03 02:51:08,239000/20772bd757f0ff78543fa91f740d501d-d.jpg,,
5680208,Вредные химические вещества. Радиоактивные вещества,,,,Баженов В.А. и др.,1990,,,,464,0,Russian,Химия,homelab,189-199,,,,,,,,,,,,0,,,,,,,,9830850,djvu,203C34821296951B6512B89A38DA7503,,,D:\\homelab\\Баженов В.А. и др. Вредные химические вещества. Радиоактивные вещества 1990.djvu,0,2000-01-01 01:00:00,2016-04-03 02:51:08,,,
5680209,"The Fungal Community: Its Organization and Role in the Ecosystem, Third Edition",,Mycology,,"John Dighton, James F. White Jr., Peter Oudemans",2005,3,CRC Press,,890,0,English,,,,"9780824723552,0-8247-2355-4",,,,,,,,,OL18243855M,,0,,,,,,,,15446818,pdf,2051E0E6AE3AE4BFB05665A8E4A3467B,,,G:\\!upload\\!add\\bi\\dighton2005_fungal_community.pdf,0,2000-01-01 01:00:00,2016-04-03 02:51:08,239000/2051e0e6ae3ae4bfb05665a8e4a3467b-d.jpg,,
5680207,Волны вокруг нас.,,,,"Кадомцев Б.Б., Рыдник В.И.",1981,,,,154,0,Russian,Физика,homelab,189-199,,,,,,,,,,,,0,,,,,,,,21695238,pdf,2030844FBFCA98BCED3C3A9D67F9F8DC,,,"D:\\homelab\\Кадомцев Б.Б., Рыдник В.И. Волны вокруг нас. 1981.pdf",0,2000-01-01 01:00:00,2016-04-03 02:51:08,,,
5680206,"Mammals from the Age of Dinosaurs: Origins, Evolution, and Structure",,,,"Zofia Kielan-Jaworowska, Richard L. Cifelli, Zhe-Xi Luo",2004,,Columbia University Press,,649,0,English,Биология//Палеонтология,,,"9780231119184,0-231-11918-6",,,,,,,,,OL9900053M,,0,,,,,,,,13897182,djvu,1FA7EEDBD6DE7F067E40EDD945B051D0,,,G:\\!upload\\!add\\bi\\kielan-jaworowska2004_mammals_pale.djvu,0,2000-01-01 01:00:00,2016-04-03 02:51:08,239000/1fa7eedbd6de7f067e40edd945b051d0-d.jpg,,
5680205,Available Light: Anthropological Reflections on Philosophical Topics.,,,,Clifford Geertz,2000,First Edition,Princeton University Press,,142,0,English,Общественные науки прочие//Философия,,,"9780691049748,0-691-04974-2",,,,,,,,,OL7757225M,,0,,,,,,,,8730285,pdf,1F9A3DDA7D366AF43182D00CF2033EAB,,,"G:\\!upload\\!add\\!\\GEERTZ, Clifford, 2000, Available light, Princeton, Princeton University Press.PDF",0,2000-01-01 01:00:00,2016-04-03 02:51:08,239000/1f9a3dda7d366af43182d00cf2033eab-d.jpg,,
5680204,Complex Geometry: An Introduction,,Universitext,,Daniel Huybrechts,2004,1,Springer,,320,0,English,Математика//Геометрия и топология,,,"9783540212904,3540212906",,,,,,,,,OL22606396M,,0,,,,,,,,2442892,djvu,1F8C5CE40234AFB4A9963205E7040EA7,,,"G:\\!upload\\!add\\!isbns\\Huybrechts D. Complex geometry.. an introduction (Universitext, Springer, 2005)(ISBN 3540212906)(320s).djvu",0,2000-01-01 01:00:00,2016-04-03 02:51:08,239000/1f8c5ce40234afb4a9963205e7040ea7-d.jpg,,
5680203,Основные закономерности низкочастотной электромагнитобиологии,,,,Плеханов Г.Ф.,1990,,,,188,0,Russian,Физика//Электричество и магнетизм,homelab,189-199,,,,,,,,,,,,0,,,,,,,,1953716,djvu,1F4D3311865D4E783BEF8CABF2FD8321,,,D:\\homelab\\Плеханов Г.Ф. Основные закономерности низкочастотной электромагнитобиологии 1990.djvu,0,2000-01-01 01:00:00,2016-04-03 02:51:08,,,
5680202,Избранные методы синтеза органических соединений,,,,"Репинская И.Б., Шварцберг М.С.",2000,,,,282,0,Russian,Химия//Органическая химия,Якова Кротова б-ка,,,,,,,,,,,,,0,,,,,,,,1464795,djvu,1F3B6A69156CD574C53860E677443BCB,,,"E:\\!!!chem\\Репинская И.Б., Шварцберг М.С.~ Избранные методы синтеза органических соединений~2000.djvu",0,2000-01-01 01:00:00,2016-04-03 02:51:08,,,
5680200,Большая историческая энциклопедия.,т.6 ,,,Жуков Е.,1965,,Советская энциклопедия,,521,0,Russian,История,homelab,189-199,,,,,,,,,,,,0,,,,,,,,14924066,djvu,1F234580277BD765E129D1A28E87648F,,,D:\\homelab\\Много авт. Большая историческая энциклопедия. т.6 (1965) .djvu,0,2000-01-01 01:00:00,2016-04-03 02:51:08,,,
5680201,Основы проектирования микропроцессорных устройств автоматики,,,,"Каган Б.М., Сташин В.В.",1987,,,,306,0,Russian,Техника//Электроника//Микропроцессорная техника,homelab,189-199,,,,,,,,,,,,0,,,,,,,,6608161,djvu,1F26B3DA086D727DC3D4645E7A519709,,,"D:\\homelab\\Каган Б.М., Сташин В.В. Основы проектирования микропроцессорных устройств автоматики 1987.djvu",0,2000-01-01 01:00:00,2016-04-03 02:51:08,,,
5680198,История Франции.,т.2,,,Манфред А.З.,1973,,,,666,0,Russian,История,homelab,189-199,,,,,,,,,,,,0,,,,,,,,7956324,djvu,1F017E4D2F125D68A353064AC8305E2A,,,D:\\homelab\\Манфред А.З. История Франции. т.2 1973.djvu,0,2000-01-01 01:00:00,2016-04-03 02:51:08,,,
5680199,What Is This Thing Called Science?,,,,"A. F. Chalmers, Alan F. Chalmers, Alan F. Chalmers",1999,3,Hackett Pub Co,,144,0,English,Наука (общее)//Научно-популярное,,,"9780872204522,0-87220-452-9",,,,,501,Q175 .C446 1999,,,OL22132716M,,0,,,,,,,,13298673,pdf,1F10D9DC0D88F5AD55D9A6B97CEBAA66,,,G:\\!upload\\!add\\mi\\phls\\chalmers1999_science.pdf,0,2000-01-01 01:00:00,2016-04-03 02:51:08,239000/1f10d9dc0d88f5ad55d9a6b97cebaa66-d.jpg,,
5680197,"Encyclopedia of World Cultures, europe",Vol. 4,,,Linda A. Bennett,1992,1,Macmillan,,337,0,English,Образование//Энциклопедии,,,"0816118116,9780816118113",,,,,306.097,GN307.E53 1991,,,OL11361740M,,0,,,,,1,,,3795238,djvu,1EF8D4FC30A9CE37A47B4487198988C2,,,G:\\!upload\\!add\\mi\\cult\\enc_wrld_cult_04_europe.djvu,0,2000-01-01 01:00:00,2016-04-03 02:51:08,239000/1ef8d4fc30a9ce37a47b4487198988c2-d.jpg,,
5680196,"Устройства интегральной электроники - Акустоэлектроника Основы теории, расчета и проектирования",,,,Дмитриев В.Ф.,2006,,,,170,0,Russian,Техника,homelab,189-199,5-8088-0197-4,,,,,,,,,,,0,,,,,,,T,3340787,pdf,1ECD9BCD7C3DD43E72F390BC7CDA4684,,,"D:\\homelab\\Дмитриев В.Ф. Устройства интегральной электроники - Акустоэлектроника Основы теории, расчета и проектирования 2006.pdf",0,2000-01-01 01:00:00,2016-04-03 02:51:08,,,
5680194,,,Катера и яхты. 1974-06,,,,,,,102,0,Russian,Техника//Транспорт//Корабли,homelab,189-199,,,,,,,,,,,,0,,,,,,,,22709045,pdf,1E9256F07014E14A0E2E6A28C53DC68C,,,D:\\homelab\\Журнал. Катера и яхты. 1974-06.pdf,0,2000-01-01 01:00:00,2016-04-03 02:51:08,,,
5680195,Морфогенез растений,,,,Синнот Э.,1963,,,,604,0,Russian,Биология//Растения//Ботаника,homelab,189-199,,,,,,,,,,,,0,,,,,,,,14051148,djvu,1EA2D2EA790CB42C02EB9C470922C017,,,D:\\homelab\\Синнот Э. Морфогенез растений 1963.djvu,0,2000-01-01 01:00:00,2016-04-03 02:51:08,,,
5680193,Molecular population genetics and evolution,,Frontiers of biology,,Masatoshi Nei,1975,,American Elsevier Pub. Co,,290,0,English,Биология//Генетика,,,"9780444107510,0444-10751-7",,,,,575.1,QH455 .N44,,,OL5074135M,,0,,,,,,,,4455143,djvu,1E6F240D7CE4153C94D33689624C6BF9,,,G:\\!upload\\!add\\biology\\Evolution\\Molecular population genetics and evolution - Masatoshi Nei.djvu,0,2000-01-01 01:00:00,2016-04-03 02:51:08,,,
5680191,Энциклопедический словарь Брокгауза и Ефрона.,т.35а,,,,1902,,,,502,0,Russian,Языкознание//Словари,homelab,189-199,,,,,,,,,,,,0,,,,,,,,12615401,djvu,1E40424811E4D15C210744D4B1CDBE47,,,D:\\homelab\\Энциклопедический словарь Брокгауза и Ефрона. т.35а 1902.djvu,0,2000-01-01 01:00:00,2016-04-03 02:51:08,,,
5680192,Linkers & Loaders,,The Morgan Kaufmann Series in Software Engineering and Programming ,,John R. Levine,1999,1st,Morgan Kaufmann,,299,0,English,Компьютеры//Операционные системы,,,"9781558604964,1558604960",,,,,,,,,OL8606474M,,0,,,,,,,,3688074,pdf,1E59A6245547B0407000B8ADAEACA5C1,,,G:\\!upload\\!add\\!\\Morgan Kaufmann - Linkers & Loaders.pdf,0,2000-01-01 01:00:00,2016-04-03 02:51:08,239000/1e59a6245547b0407000b8adaeaca5c1-d.jpg,,
5680190,Animal Evolution: Interrelationships of the Living Phyla,,,,Claus Nielsen,2001,2,"Oxford University Press, USA",,288,0,English,Биология//Зоология,,,"9780198506812,0-19-8506813",,,,,,,,,OL7400078M,,0,,,,,,,,8714212,djvu,1E377CAB74071885926DA6E030835CFE,,,G:\\!upload\\!add\\bi\\nielsen2001_animal_evol.djvu,0,2000-01-01 01:00:00,2016-04-03 02:51:08,239000/1e377cab74071885926da6e030835cfe-d.jpg,,
5680189,Унифицированные телевизоры блочно-модульной конструкции УПИМЦТ-61-ИИ.,,,,Ельяшкевич С.А. (ред),1979,,,,129,0,Russian,Техника//Электроника//Домашняя электроника,homelab,189-199,,,,,,,,,,,,0,,,,,,,,13874407,pdf,1DFD51F3D3C2708FA979691100D9BFED,,,D:\\homelab\\Ельяшкевич С.А. (ред) Унифицированные телевизоры блочно-модульной конструкции УПИМЦТ-61-ИИ. 1979.pdf,0,2000-01-01 01:00:00,2016-04-03 02:51:08,,,
5680188,Технология и оборудование контактной сварки.,,,,Орлов Б.Д. и др.,1975,,,,,0,Russian,Техника,homelab,189-199,,,,,,,,,,,,0,,,,,,,,80850944,pdf,1DEAACC286BA6F815DBFBA9A3600E60D,,,D:\\homelab\\Орлов Б.Д. и др. Технология и оборудование контактной сварки. 1975.pdf,0,2000-01-01 01:00:00,2016-04-03 02:51:08,,,
5680187,Point-Based Graphics,,The Morgan Kaufmann Series in Computer Graphics,,"Markus Gross, Hanspeter Pfister",2007,1,Morgan Kaufmann,,553,0,English,Компьютеры//Сети,,,"0123706041,978-0-12-370604-1",,,,,006.6,T385 .G769 2007,,,OL17441018M,,0,,,,,,,T,24952460,pdf,1DE19AB818AD1FAF8140168E50710313,,,G:\\!upload\\!add\\!\\Gross M & Pfister H - Point Based Graphics (Morgan Kaufmann in Computer Graphics Elsevier 2007).pdf,0,2000-01-01 01:00:00,2016-04-03 02:51:08,239000/1de19ab818ad1faf8140168e50710313-d.jpg,,
5680186,Mushrooms,,Handbooks,,Thomas Laessoe,2003,,Dorling Kindersley Publishers Ltd,,305,0,English,,,,,,,,,,,,,,,0,,,,,,,,146098096,djvu,1DDEB2BB51F1500BB39A109C3929D46B,,,G:\\!upload\\!add\\bi\\lesso2003_griby.djvu,0,2000-01-01 01:00:00,2016-04-03 02:51:08,,,
5680184,Microbiology,,,,Lansing M. Prescott,2002,5,McGraw-Hill Science/Engineering/Math,,1147,0,English,Биология,,,"9780072829051,0-07-282905-2",,,,,,,,,OL9549028M,,0,,,,,,,,25564621,djvu,1D9F36404CD44B66C611D0A3580F4A11,,,"G:\\!upload\\!add\\biology\\MicroBiology\\Prescott - Microbiology 5e (McGraw, 2002).djvu",0,2000-01-01 01:00:00,2016-04-03 02:51:08,239000/1d9f36404cd44b66c611d0a3580f4a11-d.jpg,,
5680185,"Learning and Soft Computing: Support Vector Machines, Neural Networks, and Fuzzy Logic Models",,Complex Adaptive Systems,,Vojislav Kecman,2001,1,The MIT Press,,576,0,English,Образование,,,"9780262112550,0-262-1-1255-8",,,,,,,,,OL10237226M,,0,,,,,,,T,71511457,pdf,1DD9D3F53E17567466DDDB69B70DFB58,,,"G:\\!upload\\!add\\!\\MIT Press - Learning And Soft Computing. Support Vector Machines, Neural Networks, And Fuzzy Logic Models (2001).pdf",0,2000-01-01 01:00:00,2016-04-03 02:51:08,239000/1dd9d3f53e17567466dddb69b70dfb58-d.jpg,,
5680183,The Origins of Larvae,,,,D. Williamson,2003,2nd,Springer,,141,0,English,,,,"9781402015144,1-4020-1514-3",,,,,,,,,OL8370722M,,0,,,,,,,,2284185,djvu,1D98A1222AAAFB1DC5D4F1650E93FD6D,,,G:\\!upload\\!add\\bi\\williamson2003_orig_larvae.djvu,0,2000-01-01 01:00:00,2016-04-03 02:51:08,239000/1d98a1222aaafb1dc5d4f1650e93fd6d-d.jpg,,
5680182,Микроэлектронные электросистемы. Применения в радиоэлектронике,,,,Конев Ю.И. и др.,1987,,Радио и связь,,241,0,Russian,Техника//Электроника//Радио,homelab,189-199,,,,,,,,,,,,0,,,,,,,,3497350,djvu,1D8F963A4E80C60BFE3ADF70FFBD1B7D,,,D:\\homelab\\Конев Ю.И. и др. Микроэлектронные электросистемы Применение в радиоэлектронике 1987.djvu,0,2000-01-01 01:00:00,2016-04-03 02:51:08,239000/1d8f963a4e80c60bfe3adf70ffbd1b7d-d.jpg,,
5680180,The Construction of Buildings,vol 1,,,Robin Barry,1999,7 Sub,Wiley-Blackwell,,286,0,English,Техника//Строительство,,,"9780632052615,0-632-05261-9",,,,,690,TH146 .B3 1999,,,OL11016960M,,0,,,,,,,,16162430,pdf,1CE4A48D2CAA3336CA88990F121087BC,,,"G:\\!upload\\!add\\!\\Engineering - The Construction Of Buildings, Seventh Edition Volume 1 - Blackwell Science 1999.pdf",0,2000-01-01 01:00:00,2016-04-03 02:51:08,239000/1ce4a48d2caa3336ca88990f121087bc-d.jpg,,
5680181,The Blind Watchmaker: Why the Evidence of Evolution Reveals a Universe without Design,,,,Richard Dawkins,1996,,W. W. Norton & Company,,345,0,English,Религия,,,"9780393315707,0-393-31570-3",,,,,576.8/2,QH366.2,,,OL22208265M,,0,,,,,,,,2393255,djvu,1CECC39D15C8E5F3AAABE28442F5636A,,,G:\\!upload\\!add\\biology\\Richard Dawkins - The Blind Watchmaker.djvu,0,2000-01-01 01:00:00,2016-04-03 02:51:08,239000/1cecc39d15c8e5f3aaabe28442f5636a-d.jpg,,
5680179,"Motivic Homotopy Theory: Lectures at a Summer School in Nordfjordeid, Norway, August 2002",,Universitext,,"Bjorn Ian Dundas, Marc Levine, P.A. Østvær, Oliver Röndigs, Vladimir Voevodsky, Björn Jahren",2006,1,Springer,,226,0,English,Математика//Геометрия и топология,,,"9783540458951,3-540-45895-6",,,,,,,,,OL9058051M,,0,,,,,,,,8275862,pdf,1CE3FADF792C66D048366E50A6EEDBEE,,,G:\\!upload\\!add\\!\\Motivic Homotopy Theory (Universitext) (B Dundas) 3540458956.pdf,0,2000-01-01 01:00:00,2016-04-03 02:51:08,239000/1ce3fadf792c66d048366e50a6eedbee-d.jpg,,
5680178,Operation of Restructured Power Systems,,"The Kluwer International Series in Engineering and Computer Science, Volume 621",,"Kankar Bhattacharya, Math H.J. Bollen, Jaap E. Daalder",2001,1,Kluwer,,322,0,English,,,,"9780792373971,0-7923-7397-9",,,,,333.793/2,TK1001 .B48 2001,,,OL20643843M,,0,,,,,,,T,19321119,pdf,1CB2019E0608808A7BCE5E6E897B5C3E,,,G:\\!upload\\!add\\!\\Kluwer Academic Publishers HVDC and FACTS Controllers Applications of Static Converters in Power Systems.pdf,0,2000-01-01 01:00:00,2016-04-03 02:51:08,239000/1cb2019e0608808a7bce5e6e897b5c3e-d.jpg,,
5680177,Genomic Imprinting: Methods and Protocols,,Methods in Molecular Biology,,Andrew Ward,2002,1st,Humana Press,,389,0,English,Биология//Генетика,,,"9780896037410,0-89603-741-X",,,,,,,,,OL8253704M,,0,,,,,,,,2426082,djvu,1C890A8178F1A052C271465F53F1536B,,,G:\\!upload\\!add\\biology\\Genetics\\Genomic Imprinting - Andrew Ward.djvu,0,2000-01-01 01:00:00,2016-04-03 02:51:08,239000/1c890a8178f1a052c271465f53f1536b-d.jpg,,
5680176,Как начать свой бизнес - Тренинг-курс - TACIS - 1 - Личность успешного предпринимателя,,TACIS,,,,,,,29,0,Russian,Бизнес,gaudeamus.narod.ru,,,,,,,,,,,,,0,,,,,,,T,165758,pdf,1C7712FF24BA025740D151398659A615,,,D:\\homelab\\gaudeamus.narod.ru\\Как начать свой бизнес - Тренинг-курс - TACIS - 01 - Личность успешного предпринимателя - 29.pdf,0,2000-01-01 01:00:00,2016-04-03 02:51:08,,,
5680174,Приспособления для алмазной заточки режущего инструмента,,,,Захаренко И.П. и др.,1977,,Технiка,,108,0,Russian,,homelab,189-199,,,,,,,,,,,,0,,,,,,,,5495693,djvu,1C4EB6B48CE717E41CE03572571E37C1,,,D:\\homelab\\Захаренко И.П. и др. Приспособления для алмазной заточки режущего инструмента 1977.djvu,0,2000-01-01 01:00:00,2016-04-03 02:51:08,239000/1c4eb6b48ce717e41ce03572571e37c1-d.jpg,,
5680175,Aphids on the World's Herbaceous Plants and Shrubs 2 Volume Set,,,,"Roger L. Blackman, Victor F. Eastop",2007,,Wiley,,1450,0,English,Биология//Растения//Ботаника,,,"9780471489733,0-471-48973-5",,,,,,,,,OL7618111M,,0,,,,,,,T,10617905,pdf,1C5EB3A1BB7E832AA68ADB03BDBE26F6,,,G:\\!upload\\!add\\bi\\blackman2006_aphids_on_the_worlds_herbaceous_plants_and_shrubs.pdf,0,2000-01-01 01:00:00,2016-04-03 02:51:08,239000/1c5eb3a1bb7e832aa68adb03bdbe26f6-d.jpg,,
5680173,Меловая система России и ближнего зарубежья: проблемы стратиграфии и палеогеографии: Материалы Четвертого Всероссийского совещания,,,,"Дзюба О.С., Захаров В.А., Шурыгин Б.Н.",2008,,Издательство Сибирского отделения Российской академии наук,Новосибирск,209,0,Russian,География,,0,978-5-7692-1018-1,,,551.763+551.863,26.323,,,,,,,0,0,1,,,,,T,29342048,pdf,1C122D2350B8D34306E7DBA8F320923B,,,,0,2000-01-01 01:00:00,2016-04-03 02:51:08,,,
5680172,,,Животные нашей планеты. Вып.36,,,2009,,,,24,0,Russian,Биология//Зоология,homelab,189-199,,,,,,,,,,,,0,,,,,,,,18267194,djvu,1C03664EA7686C75F8A312D67BFEDC43,,,D:\\homelab\\Альманах. Животные нашей планеты. вып.36 2009.djvu,0,2000-01-01 01:00:00,2016-04-03 02:51:08,,,
5680171,Электрооптические кристаллы.,,,,"Сонин А.С., Василевская А.С.",1971,,,,327,0,Russian,Техника//Электроника,homelab,189-199,,,,,,,,,,,,0,,,,,,,,16151874,pdf,1BFC00AF76D748B4040CA4EA336CEA9E,,,"D:\\homelab\\Сонин А.С., Василевская А.С. Электрооптические кристаллы. 1971.pdf",0,2000-01-01 01:00:00,2016-04-03 02:51:08,,,
5680170,Combat Knife Throwing: A New Approach to Knife Throwing and Knife Fighting,,This Book Could Save Your Life!,,Ralph Thorn,2002,,Loompanics Unlimited,,65,0,English,Техника//Военная техника//Оружие,,,"9781559502276,1-55950-227-4",,,,,,,,,OL8610900M,,0,,,,,,,,3095660,pdf,1BF7C2CF0268E3CA397160861F94DFB9,,,G:\\!upload\\!add\\!\\Combat Knife Throwing.pdf,0,2000-01-01 01:00:00,2016-04-03 02:51:08,239000/1bf7c2cf0268e3ca397160861f94dfb9-d.jpg,,
5680168,Principles of Stratigraphy,,,,Michael E. Brookfield,2004,,Wiley-Blackwell,,352,0,English,Геология,,,"9781405111645,1-4051-1164-X",,,,,,,,,OL8405156M,,0,,,,,,,T,11523929,djvu,1BDCFF36822BB395516C4B993694150A,,,G:\\!upload\\!add\\bi\\brookfield2004_princ_stratigr.djvu,0,2000-01-01 01:00:00,2016-04-03 02:51:08,239000/1bdcff36822bb395516c4b993694150a-d.jpg,,
5680169,Технология вина,,,,"Кишковский З.Н., Мержаниан А.А.",1984,,,,252,0,Russian,Техника//Промышленое оборудование и технологии,homelab,189-199,,,,,,,,,,,,0,,,,,,,,5380160,djvu,1BDDB012CE0C66C40229C33968594C17,,,"D:\\homelab\\Кишковский З.Н., Мержаниан А.А. Технология вина 1984.djvu",0,2000-01-01 01:00:00,2016-04-03 02:51:08,,,
5680167,Essential Wavelets for Statistical Applications and Data Analysis,,,,Todd Ogden,1996,1,Birkhäuser Boston,,216,0,English,"Математика//Вейвлеты,обработка сигналов",,,"9780817638641,0-8176-3864-4",,,,,519.5,QA403.3 .O43 1997,,,OL8074557M,,0,,,,,,,T,8952854,pdf,1BC8EE4A116D4AECAA9517A55FEA0997,,,G:\\!upload\\!add\\!\\Essential wavelets for statistical applications and data analysis_R.Todd Ogden (Birkhauser 1997 216s).pdf,0,2000-01-01 01:00:00,2016-04-03 02:51:08,239000/1bc8ee4a116d4aecaa9517a55fea0997-d.jpg,,
5680166,Самодельные фотоувеличители,,,,Бунимович Д.З.,1954,,,,128,0,Russian,,homelab,189-199,,,,,,,,,,,,0,,,,,,,T,5849220,djvu,1BBB7D25E5A268FA744F2D5CFE4DED14,,,D:\\homelab\\Бунимович Д.З. Самодельные фотоувеличители 1954.djvu,0,2000-01-01 01:00:00,2016-04-03 02:51:08,,,
5680165,Introductory Biostatistics,,,,Chap T. Le,2003,1,Wiley-Interscience,,553,0,English,Математика//Математическая статистика,,,"9780471418160,0-471-41816-1",,,,,610.15195,QH323.5 .L373 2003,,,OL3704935M,,0,,,,,,,,1332494,djvu,1BA042A4A9B1F2EB9E34AFAADF939A59,,,G:\\!upload\\!add\\biology\\Mathematical Biology\\Biostatistics\\Introductory Biostatistics - Chap T. Le.djvu,0,2000-01-01 01:00:00,2016-04-03 02:51:08,239000/1ba042a4a9b1f2eb9e34afaadf939a59-d.jpg,,
5680163,Сделай сам. Электроинструменты для домашних работ.,,,,Без авт.,2000,,АСТ,,34,0,Russian,История,homelab,189-199,,,,,,,,,,,,0,,,,,,,,5173995,djvu,1B93E43F29B9CBCE96671BCC312273A7,,,D:\\homelab\\Без авт. Сделай сам. Электроинструменты для домашних работ. (2000) .djvu,0,2000-01-01 01:00:00,2016-04-03 02:51:08,239000/1b93e43f29b9cbce96671bcc312273a7-d.png,,
5680164,Tempo and Mode in Evolution: Genetics and Paleontology 50 Years After Simpson,,,,"for the National Academy of Sciences, Walter M. Fitch, Francisco J. Ayala",1995,,National Academies Press,,334,0,English,Биология//Генетика,,,"9780309051910,0-309-05191-6",,,,,575,QH366.2 .T46 1995,,,OL10357413M,,0,,,,,,,T,12016389,pdf,1B95F9A02A71CE470EDA5127722AD7E5,,,G:\\!upload\\!add\\!\\Fitch Walter M & Ayala Francisco J (1995) Tempo And Mode In Evolution - Genetics & Paleontology 50 Years After Simpson.pdf,0,2000-01-01 01:00:00,2016-04-03 02:51:08,239000/1b95f9a02a71ce470eda5127722ad7e5-d.jpg,,
5680162,"Botanical Latin: History, Grammar, Syntax, Terminology, and Vocabulary",,,,William T. Stearn,1985,Revised,David & Charles Publishers,,292,0,English,Биология//Растения//Ботаника,,,"9780715385487,0-7153-8548-8",,,,,581/.014,QK10 .S7 1983,,,OL18323403M,,0,,,,,,,0,6437750,djvu,1B81235E8893D81190AE581EFCA6C374,,,G:\\!upload\\!add\\bi\\stern1985_botanical_latin.djvu,0,2000-01-01 01:00:00,2016-04-03 02:51:08,239000/1b81235e8893d81190ae581efca6c374-d.jpg,,
5680161,"Discovering Birds: The Emergence of Ornithology as a Scientific Discipline, 1760-1850",,,,Paul Lawrence Farber,1997,,The Johns Hopkins University Press,,113,0,English,,,,"9780801855375,0-8018-5537-3",,,,,598/.09,QL673 .F37 1997,,,OL1002085M,,300,,,,,,,0,1693675,djvu,1B332AC3942372CF9540A54E575364F9,,,G:\\!upload\\!add\\bi\\farber1997_discover_birds.djvu,0,2000-01-01 01:00:00,2016-04-03 02:51:08,239000/1b332ac3942372cf9540a54e575364f9-d.jpg,,
5680160,"If It's Purple, Someone's Gonna Die: The Power of Color in Visual Storytelling",,,,Patti Bellantoni,2005,,Focal Press,,277,0,English,,,,"9780240806884,0-240-80688-3",,,,,791.43/01,PN1995.9.C546 B46 2005,,,OL3393262M,,0,,,,,,,T,4223405,pdf,1B1EDDEAB441F5497FC3A102F155DE0C,,,G:\\!upload\\!add\\!\\Focal Press - If Its Purple Someones Gonna Die-The Power Of Color In Visual Storytelling [2005].pdf,0,2000-01-01 01:00:00,2016-04-03 02:51:08,239000/1b1eddeab441f5497fc3a102f155de0c-d.jpg,,
