21573217,Легенда для взрослых,,«Тайны Земли»,,Майя Быкова,1990,,,,97,0,Russian,,www.infanata.com,,,,,,,,,,,,1146114077-сре,0,,,,,,1,1,706729,pdf,95382F9BD256D55B1F91DB66743B7ECE,,,N:\\natahaus\\!2009\\2009-07\\[1146114077]Легенда для взрослых.-Майя Быкова.pdf,0,2000-01-01 01:00:00,2016-04-03 02:51:08,279000/95382f9bd256d55b1f91db66743b7ece-d.jpg,,
21573218,Легенда для взрослых,,«Тайны Земли»,,Майя Быкова,1990,,,,210,0,Russian,,www.infanata.com,,,,,,,,,,,,1146114077-сре,0,,,,,,,0,6026443,djvu,C39ACB497A3A084CA5881EC1970FAFA9,57161aebf4f9a1f5d99c8c2972894455,no,N:\\natahaus\\!2009\\2009-07\\[1146114077]Легенда для взрослых.-Майя Быкова.i.djvu,0,2000-01-01 01:00:00,2016-04-03 02:51:08,279000/c39acb497a3a084ca5881ec1970fafa9-d.jpg,,
21573219,Монеты СССР [Каталог],,,,А. А. Щелоков,1990,"[2-е изд., перераб. и доп.]",Финансы и статистика,М,120,0,Russian,47,www.infanata.com,,5-279-00460-X,,,,,,,,,OL1912020M,1146114079-Нор,0,,,,,,,0,20918472,djvu,375E699B6843FF016F34F595C0584AAD,,,N:\\natahaus\\!2009\\2009-07\\[1146114079]Монеты СССР.-А.А.Щелоков.djvu,0,2000-01-01 01:00:00,2016-04-03 02:51:08,279000/375e699b6843ff016f34f595c0584aad-d.jpg,,
21573220,Пантера крупным планом,Часть 1,Танк на поле боя. Вып. 39,,Иванов С.В. (редактор-составитель),2009,,ООО АРС,,68,0,Russian,64,www.infanata.com,,,,,,,,,,,,1146114087-хор,0,,,,,,,0,37678276,pdf,B2EB9D78F0BE3C91CDC91784BCC75A7E,,,N:\\natahaus\\!2009\\2009-07\\[1146114087]Танк на поле боя.Вып.39.Пантера крупным планом.Часть 1.-Иванов С.В.(редактор-составитель).pdf,0,2000-01-01 01:00:00,2016-04-03 02:51:08,279000/b2eb9d78f0be3c91cdc91784bcc75a7e-d.jpg,,
21573221,Хайдаров. Французский без акцента. Начальный курс,,,,Я.Р.Хайдаров,2009,,,,94,0,Russian,314,www.infanata.com,0,978-5-9925-0293-0,,,,,,,,,,1146114103-192,0,,,,,,,0,17711315,pdf,E2693F79AE78A4D05637C2B7665B87DD,,,"N:\
atahaus!20092009-07[1146114103]Хайдаров.Французский без акцента.Начальный курс.-Я.Р.Хайдаров.pdf",0,2000-01-01 01:00:00,2016-04-03 02:51:08,279000/e2693f79ae78a4d05637c2b7665b87dd-d.jpg,,
21573222,Пантера крупным планом,Часть 2,Танк на поле боя. Вып. 40,,Иванов С.В. (редактор-составитель),2009,,ООО АРС,,68,0,Russian,64,www.infanata.com,,,,,,,,,,,,1146114116-хор,0,,,,,,,0,30857521,pdf,6749F6615BB1D2678CD7BB1AA2C816EF,,,N:\\natahaus\\!2009\\2009-07\\[1146114116]Танк на поле боя.Вып.40.Пантера крупным планом.Часть 2.-Иванов С.В.(редактор-составитель).pdf,0,2000-01-01 01:00:00,2016-04-03 02:51:08,279000/6749f6615bb1d2678cd7bb1aa2c816ef-d.jpg,,
21573223,Пантера крупным планом,Часть 3,Танк на поле боя. Вып. 41,,Иванов С.В. (редактор-составитель),2009,,ООО АРС,,68,0,Russian,64,www.infanata.com,,,,,,,,,,,,1146114117-хор,0,,,,,,,0,33815979,pdf,D684C35BDE642569AD93D85D203AA317,,,N:\\natahaus\\!2009\\2009-07\\[1146114117]Танк на поле боя.Вып.41.Пантера крупным планом.Часть 3.-Иванов С.В.(редактор-составитель).pdf,0,2000-01-01 01:00:00,2016-04-03 02:51:08,279000/d684c35bde642569ad93d85d203aa317-d.jpg,,
21573224,История принципов физического эксперимента от античности до XVII в.,,,,Ахутин Анатолий Валерианович,1976,,"Наука, Москва",,292,0,Russian,64,www.infanata.com,,,,,,,,,,,,1146114125-сре,0,,,,,,,,66048,doc,9CD5314C8F3AC869FCF8FAC46E7E8E37,,,N:\\natahaus\\!2009\\2009-07\\[1146114125]Ахутин А.В.- История принципов физического эксперимента от античности до XVII в..-Ахутин Анатолий Валерианович.doc,0,2000-01-01 01:00:00,2016-04-03 02:51:08,279000/9cd5314c8f3ac869fcf8fac46e7e8e37-d.jpg,,
21573225,Русско-китайский и китайско-русский словарь наименований товаров,,,,Хао Цзяньхэн и др.,2008,,Шанъу Иньшугуань,,351,0,Russian,322,www.infanata.com,,7-100-03317-9,,,,,,,,,,1146114133-,0,,,,,,,0,7448110,djvu,BE18F2F94971D53C1FD0D64F30B2D0C7,4a2cbb51f2302d2b83b0fb668bc1c6cd,no,N:\\natahaus\\!2009\\2009-07\\[1146114133]Русско-китайский и китайско-русский словарь наименований товаров.-Хао Цзяньхэн и др..djvu,0,2000-01-01 01:00:00,2016-04-03 02:51:08,279000/be18f2f94971d53c1fd0d64f30b2d0c7-d.jpg,,
21573226,Русско-китайский и китайско-русский словарь наименований товаров,,,,Хао Цзяньхэн и др.,2008,,Шанъу Иньшугуань,,351,0,Russian,322,www.infanata.com,,7-100-03317-9,,,,,,,,,,1146114133-,0,,,,,,,0,12836138,pdf,F38B774C52DB9C24DB8AC77EA1AED8C5,,,N:\\natahaus\\!2009\\2009-07\\[1146114133]Русско-китайский и китайско-русский словарь наименований товаров.-Хао Цзяньхэн и др..pdf,0,2000-01-01 01:00:00,2016-04-03 02:51:08,279000/f38b774c52db9c24db8ac77ea1aed8c5-d.jpg,,
21573227,Самые надежные рыбацкие узлы,,,,А.А.Окуневский,2004,,Издательский Дом Рученькиных,СПб,50,0,Russian,25,www.infanata.com,,,,,,,,,,,,1146114148-хор,0,,,,,,,0,782708,djvu,0F1772969F84E056AF6D0B9B24FA46F0,fdecafa7520842980b1fb5a89e8f4cfc,no,N:\\natahaus\\!2009\\2009-07\\[1146114148]Самые надежные рыбацкие узлы.-А.А.Окуневский.djvu,0,2000-01-01 01:00:00,2016-04-03 02:51:08,279000/0f1772969f84e056af6d0b9b24fa46f0-d.jpg,,
21573228,Самые надежные рыбацкие узлы,,,,А.А.Окуневский,2004,,Издательский Дом Рученькиных,СПб,50,0,Russian,25,www.infanata.com,,,,,,,,,,,,1146114148-хор,0,,,,,,1,0,3168610,pdf,A9E505AAF30394A09CDD005338ED7477,,,N:\\natahaus\\!2009\\2009-07\\[1146114148]Самые надежные рыбацкие узлы.-А.А.Окуневский.pdf,0,2000-01-01 01:00:00,2016-04-03 02:51:08,279000/a9e505aaf30394a09cdd005338ed7477-d.jpg,,
21573229,Дневник Бриджет Джонс,,,,Филдинг Х.,1999,,Penguin (Non-Classics),,288,0,Russian,314,www.infanata.com,0,014028009X,,,,,823/.914,PR6056.I4588 B75 2001,,,,1146114165-,0,,,,,,,,1747456,doc,02869C11827E37830939A58A4E6A1EA9,,,N:/natahaus/!2009/2009-07/[1146114165]Дневник Бриджет Джонс-Bridget Joness Diary.-Хелен Филдинг.doc,0,2000-01-01 01:00:00,2016-04-03 02:51:08,279000/02869c11827e37830939a58a4e6a1ea9-d.jpg,,
21573230,Тайна Чарльза Диккенса,,,,Гениева Е.Ю. Парчевская Б.М.,1990,,Книжная палата,,535,0,Russian,111,www.infanata.com,,,,,,,,,,,,1146114166-отл,0,,,,,,,1,9302718,pdf,1B4D52B40B86523748E25BDCD2C497A6,,,N:\\natahaus\\!2009\\2009-07\\[1146114166]Библиографические разыскания Тайна Чарльза Диккенса.-Гениева Е.Ю.Парчевская Б.М..pdf,0,2000-01-01 01:00:00,2016-04-03 02:51:08,279000/1b4d52b40b86523748e25bdcd2c497a6-d.jpg,,
21573231,Календарь астрологический зороастрийский,,,,Павел Глоба,2006,,Парадокс,,850,0,Russian,205,www.infanata.com,0,,,,,,,,,,,1146114169-,0,,,,,,,0,29340116,djvu,205310C83D291A525566FD9DDD79F683,017f371d9f334394d3369c3385fa8844,no,"N:\
atahaus!20092009-07[1146114169]Глоба.Календарь астрологический зороастрийский.2006.-Павел Глоба.djvu",0,2000-01-01 01:00:00,2016-04-03 02:51:08,279000/205310c83d291a525566fd9ddd79f683-d.jpg,,
21573232,"The Elephant Man – адаптированная книга (Oxford Bookworms Library, stage 1)",,"Oxford Bookworms Library, stage 1",,"Tim Vicary, Tricia Hedge, Jennifer Bassett",,,Oxford University Press,,55,0,English,183,www.infanata.com,,"9780194229401,0-19-422940-8",,,,,,,,,OL7385003M,1146114184-64,0,,,,,,,0,2033224,djvu,2E976760A964B3116FE3591984477DCA,ce4f0f02881ab7c89159c201c5a6ea57,no,"N:\\natahaus\\!2009\\2009-07\\[1146114184]The Elephant Man - адаптированная книга(Oxford Bookworms Library,stage 1)+ аудио.-Tim Vicary.djvu",0,2000-01-01 01:00:00,2016-04-03 02:51:08,279000/2e976760a964b3116fe3591984477dca-d.jpg,,
21573233,"The Elephant Man – адаптированная книга (Oxford Bookworms Library, stage 1)",,"Oxford Bookworms Library, stage 1",,"Tim Vicary, Tricia Hedge, Jennifer Bassett",,,Oxford University Press,,55,0,English,183,www.infanata.com,,"9780194229401,0-19-422940-8",,,,,,,,,OL7385003M,1146114184-64,0,,,,,,,,72192,doc,7A87F8D036BD982BEF844E5FE8DACE84,,,"N:\\natahaus\\!2009\\2009-07\\[1146114184]The Elephant Man - адаптированная книга(Oxford Bookworms Library,stage 1)+ аудио.-Tim Vicary.doc",0,2000-01-01 01:00:00,2016-04-03 02:51:08,279000/7a87f8d036bd982bef844e5fe8dace84-d.jpg,,
21573234,Сборник песен Виктора Курбатова,,,,Виктор Курбатов,1995,,Челябинск. Областной центр народного творчетва,,76,0,Russian,62,www.infanata.com,,,,,,,,,,,,1146114188-хор,0,,,,,,,0,25789773,pdf,29CE2CB76742B55DD3C4D03CA3BDD9D9,,,N:\\natahaus\\!2009\\2009-07\\[1146114188]Сборник песен Виктора Курбатова.-Виктор Курбатов.pdf,0,2000-01-01 01:00:00,2016-04-03 02:51:08,279000/29ce2cb76742b55dd3c4d03ca3bdd9d9-d.gif,,
21573235,"Униформа III Рейха. Бронетанковые войска, 1934-1945 гг",,Иллюстрированная история войн ХХ века,,Вернер Хорн,2006,,Эксмо,Москва,144,0,Russian,67,www.infanata.com,,5-699-15948-7,,,,,,,,,OL12584791M,1146114206-хор,0,,,,,,,0,61416721,pdf,9EDAF4FF5AEC11E6C54441C967362D71,,,N:\\natahaus\\!2009\\2009-07\\[1146114206]Бронетанковые войска.1934-1945.-Вернер Хорн.pdf,0,2000-01-01 01:00:00,2016-04-03 02:51:08,279000/9edaf4ff5aec11e6c54441c967362d71-d.jpg,,
21573236,Хинди-русский словарь,,,,В. М. Бескровный,1959,,Государственное издательство иностранных и кациональных словарей,,1310,0,Russian,322,www.infanata.com,,,,,,,,,,,,1146114209-,0,,,,,,1,0,59004058,pdf,41C769110AE97E1472DB25DE906A1A3E,,,N:\\natahaus\\!2009\\2009-07\\[1146114209]Хинди-русский словарь.-В.М.Бескровный.pdf,0,2000-01-01 01:00:00,2016-04-03 02:51:08,279000/41c769110ae97e1472db25de906a1a3e-d.jpg,,
21573237,Хинди-русский словарь,,,,В. М. Бескровный,1959,,Государственное издательство иностранных и кациональных словарей,,12,0,Russian,322,www.infanata.com,,,,,,,,,,,,1146114209-,0,,,,,,,0,677752,pdf,99D11A776E94F264E330ACB44C957F35,,,N:\\natahaus\\!2009\\2009-07\\[1146114209]Хинди-русский словарь.-В.М.Бескровный.окончание.pdf,0,2000-01-01 01:00:00,2016-04-03 02:51:08,279000/99d11a776e94f264e330acb44c957f35-d.jpg,,
21573238,Нахимов П.С. Документы и материалы,,Материалы по истории русского флота. Русские флотоводцы,,Под редакцией А.А.Самарова. ,1954,,Воениздат,М.,856,0,Russian,64,www.infanata.com,,,,,,,,,,,,"Scan, Formatting: Андрей Мятишкин, 2009",0,,,,,,,0,10672624,djvu,3D5B232B5DAEF3373F917F1ABE32B709,e0f91ede9c4b3cfe710b99faa785b9df,no,N:\\natahaus\\!2009\\2009-07\\[1146114210]П.С.Нахимов.Документы и материалы.-разные(под редакцией А.А.Самарова).I.djvu,0,2000-01-01 01:00:00,2016-04-03 02:51:08,279000/3d5b232b5daef3373f917f1abe32b709-d.jpg,,
21573239,Война в Южной Осетии - Август 2008,,Танк на поле боя № 29,,Составитель Иванов С.В.,2009,,Московское общество истории техники,,72,0,Russian,64,www.infanata.com,,,,,,,,,,,,1146114211-хор,0,,,,,,,0,9432614,djvu,69170ED6260D93EEA30743CFC835F467,771615acf3a8a71c3e5735be71a1511a,no,N:\\natahaus\\!2009\\2009-07\\[1146114211]Война в Южной Осетии - Август 2008.-Составитель Иванов С.В..djvu,0,2000-01-01 01:00:00,2016-04-03 02:51:08,279000/69170ed6260d93eea30743cfc835f467-d.jpg,,
21573240,Жутко громко & запредельно близко,,Интеллектуальный бестселлер,,Джонатан Сафран Фоер,2007,,Эксмо,,416,0,Russian,110,www.infanata.com,,978-5-699-22808-9,,,,,,,,,,1146114224-Выч,0,,,,,,,,9501184,doc,7192CEC84FD3497B399561F55E7BAE30,,,N:\\natahaus\\!2009\\2009-07\\[1146114224]Джонатан Сафран Фоер Жутко громко & запредельно близко.-Джонатан Сафран Фоер.doc,0,2000-01-01 01:00:00,2016-04-03 02:51:08,279000/7192cec84fd3497b399561f55e7bae30-d.jpg,,
21573241,Жутко громко & запредельно близко,,Интеллектуальный бестселлер,,Джонатан Сафран Фоер,2007,,Эксмо,,416,0,Russian,110,www.infanata.com,,978-5-699-22808-9,,,,,,,,,,1146114224-Выч,0,,,,,,,,4218187,fb2,5C1099310FA44299A98FA8DB7A81817D,,,N:\\natahaus\\!2009\\2009-07\\[1146114224]Джонатан Сафран Фоер Жутко громко & запредельно близко.-Джонатан Сафран Фоер.fb2,0,2000-01-01 01:00:00,2016-04-03 02:51:08,279000/5c1099310fa44299a98fa8db7a81817d-d.jpg,,
21573242,Жутко громко & запредельно близко,,Интеллектуальный бестселлер,,Джонатан Сафран Фоер,2007,,Эксмо,,276,0,Russian,110,www.infanata.com,,978-5-699-22808-9,,,,,,,,,,1146114224-Выч,0,,,,,,,1,4063791,pdf,8A54B4AAB2742866AC79FD7CFDB01910,,,N:\\natahaus\\!2009\\2009-07\\[1146114224]Джонатан Сафран Фоер Жутко громко & запредельно близко.-Джонатан Сафран Фоер.pdf,0,2000-01-01 01:00:00,2016-04-03 02:51:08,279000/8a54b4aab2742866ac79fd7cfdb01910-d.jpg,,
21573243,Двенадцать башен,,,,Ли Юй,1985,,Художественная литература,,358,0,Russian,111,www.infanata.com,,,,,,,,,,,,1146114227-,0,,,,,,,1,10917138,djvu,076FA16254D1A0886A3B2DDA5001B451,,,N:\\natahaus\\!2009\\2009-07\\[1146114227]Двенадцать башен.-Ли Юй.djvu,0,2000-01-01 01:00:00,2016-04-03 02:51:08,279000/076fa16254d1a0886a3b2dda5001b451-d.jpg,,
21573244,Двенадцать башен,,,,Ли Юй,1985,,Художественная литература,,358,0,Russian,111,www.infanata.com,,,,,,,,,,,,1146114227-,0,,,,,,,1,19222046,pdf,A036DC94546BCBC8988EE7854DBE7EE1,,,N:\\natahaus\\!2009\\2009-07\\[1146114227]Двенадцать башен.-Ли Юй.pdf,0,2000-01-01 01:00:00,2016-04-03 02:51:08,279000/a036dc94546bcbc8988ee7854dbe7ee1-d.jpg,,
21573245,Индия Лингвострановед. слов.: Свыше 10000 слов. ст,,,,Ульциферов А.Г.,2003,,Рус. яз.-медиа,М,583,0,Russian,322,www.infanata.com,,5-9576-0010-5,,,,,,,,,,1146114231-хор,0,,,,,,,0,17350450,djvu,3E2B98D122554F06B3EACA0411B75A2D,c86eefc61065aad36d744b15a4bfae80,no,N:\\natahaus\\!2009\\2009-07\\[1146114231]Индия.Лингвострановедческий словарь.-Ульциферов А.Г..djvu,0,2000-01-01 01:00:00,2016-04-03 02:51:08,279000/3e2b98d122554f06b3eaca0411b75a2d-d.jpg,,
21573246,Общая психология: Учебно-методическое пособие,,,,"Гамезо M.B., Герасимова B.C., Машурцева Д.А., Орлова Л.М.",2007,,Ось-89,,352,0,Russian,183,www.infanata.com,,,,,,,,,,,,1146114260-сре,0,,,,,,,,3702272,doc,D9650516AA9D7090F9D40E83C3BDEC7D,,,"N:\\natahaus\\!2009\\2009-07\\[1146114260]Общая психология-Учебно-методическое пособие-Под общ.ред.М.В.Гамезо.-Гамезо M.B.,Герасимова B.C.,Машурцева Д.А.,Орл.doc",0,2000-01-01 01:00:00,2016-04-03 02:51:08,279000/d9650516aa9d7090f9d40e83c3bdec7d-d.jpg,,
21573247,Ганна Собачко,,,,Г. А. Местечкин,1965,,Мистецтво,Киев,32,0,Russian,44,www.infanata.com,,,,,,,,,,,,1146114261-отл,0,,,,,,,0,12108869,pdf,5EC89FED27455393BE96C2CA4669712F,,,N:\\natahaus\\!2009\\2009-07\\[1146114261]Ганна Собачко.-Г.А.Местечкин.pdf,0,2000-01-01 01:00:00,2016-04-03 02:51:08,279000/5ec89fed27455393be96c2ca4669712f-d.jpg,,
21573248,Неофициальная история крупного писателя - китайская сатирическая повесть,,,,Чэнь Мяо,,,,,,0,Russian,64,www.infanata.com,,,,,,,,,,,,1146114264-,0,,,,,,,,845824,doc,FB5A65553FF3826C6A81A60FD012FD81,,,N:\\natahaus\\!2009\\2009-07\\[1146114264]Неофициальная история крупного писателя - китайская сатирическая повесть.-Чэнь Мяо.doc,0,2000-01-01 01:00:00,2016-04-03 02:51:08,279000/fb5a65553ff3826c6a81a60fd012fd81-d.jpg,,
21573249,Неофициальная история крупного писателя - китайская сатирическая повесть,,,,Чэнь Мяо,,,,,,0,Russian,64,www.infanata.com,,,,,,,,,,,,1146114264-,0,,,,,,,,714176,fb2,55ED8A567507AE9F50C6FD5640099742,,,N:\\natahaus\\!2009\\2009-07\\[1146114264]Неофициальная история крупного писателя - китайская сатирическая повесть.-Чэнь Мяо.fb2,0,2000-01-01 01:00:00,2016-04-03 02:51:08,279000/55ed8a567507ae9f50c6fd5640099742-d.jpg,,
21573250,Коммерческая деятельность. Конспект лекций,,Конспект лекций,,"Е. Н. Егорова, Е. Ю. Логинова",2008,,Эксмо,,157,0,Russian,183,www.infanata.com,,,,,,,,,,,,1146114272-PDF,0,,,,,,,0,34540529,pdf,E3B8792733DE707F19CBC65F5FE5A094,,,"N:\\natahaus\\!2009\\2009-07\\[1146114272]Коммерческая деятельность.Конспект лекций.-Е.Н.Егорова,Е.Ю.Логинова.pdf",0,2000-01-01 01:00:00,2016-04-03 02:51:08,279000/e3b8792733de707f19cbc65f5fe5a094-d.jpg,,
21573251,Easy English - Living Language - идеальная программа для изучающих английский язык для начинающих,,ESL,,Living Language,2004,,Living Language - Random House Company,,146,0,English,314,www.infanata.com,,"1400020859,978-1-4000-2085-0",,,,,,,,,OL8362500M,1146114273-128,0,,,,,,1,0,88540548,pdf,C1FB1F1052846545E3B64F234D63D0CD,,,N:\\natahaus\\!2009\\2009-07\\[1146114273]Easy English - Living Language - идеальная программа для изучающих английский язык для начинающих.-Christopher A.Wa.pdf,0,2000-01-01 01:00:00,2016-04-03 02:51:08,279000/c1fb1f1052846545e3b64f234d63d0cd-d.jpg,,
21573252,Логистика: конспект лекций,,"Экзамен в кармане, Хит сезона",,Л. А. Мишина,2008,,Эксмо,Москва,160,0,Russian,183,www.infanata.com,,978-5-699-22325-1,,,,,,,,,,1146114274-PDF,0,,,,,,,0,2673739,djvu,369DDE860C5F5A66B66C2865590D006F,cd38e605b223de15c53cac3b0690d9d0,no,N:\\natahaus\\!2009\\2009-07\\[1146114274]Логистика.Конспект лекций.-Л.А.Мишина.djvu,0,2000-01-01 01:00:00,2016-04-03 02:51:08,279000/369dde860c5f5a66b66c2865590d006f-d.jpg,,
21573253,Логистика: конспект лекций,,"Экзамен в кармане, Хит сезона",,Л. А. Мишина,2008,,Эксмо,Москва,160,0,Russian,183,www.infanata.com,,978-5-699-22325-1,,,,,,,,,,1146114274-PDF,0,,,,,,,1,354018,pdf,BF0716A150475180B2A66A72A95FFB3C,,,N:\\natahaus\\!2009\\2009-07\\[1146114274]Логистика.Конспект лекций.-Л.А.Мишина.pdf,0,2000-01-01 01:00:00,2016-04-03 02:51:08,279000/bf0716a150475180b2a66a72a95ffb3c-d.jpg,,
21573254,Логистика: конспект лекций,,"Экзамен в кармане, Хит сезона",,Л. А. Мишина,2008,,Эксмо,Москва,160,0,Russian,183,www.infanata.com,,978-5-699-22325-1,,,,,,,,,,1146114274-PDF,0,,,,,,,0,35018687,pdf,60A45BAC1AFC14D9BCEC86B556FEB182,,,N:\\natahaus\\!2009\\2009-07\\[1146114274]Логистика.Конспект лекций.-Л.А.Мишина.OSR.pdf,0,2000-01-01 01:00:00,2016-04-03 02:51:08,279000/60a45bac1afc14d9bcec86b556feb182-d.jpg,,
21573255,Логистика: конспект лекций,,"Экзамен в кармане, Хит сезона",,Л. А. Мишина,2008,,Эксмо,Москва,31,0,Russian,183,www.infanata.com,,978-5-699-22325-1,,,,,,,,,,1146114274-PDF,0,,,,,,,1,171568,pdf,2759B4F3C9B52CC2BBAA2AEDF2177B5E,,,N:\\natahaus\\!2009\\2009-07\\[1146114274]Логистика. Шпаргалки.-Л.А.Мишина.pdf,0,2000-01-01 01:00:00,2016-04-03 02:51:08,279000/2759b4f3c9b52cc2bbaa2aedf2177b5e-d.jpg,,
21573256,Финансовая статистика: конспект лекций,,Экзамен в кармане,,Г. С. Шерстнева,2008,,Эксмо,Москва,157,0,Russian,183,www.infanata.com,,978-5-699-24564-2,,,,,,,,,,1146114282-PDF,0,,,,,,,0,2873567,djvu,80B543A299D20844C6469CBFDC5EBD2A,716fc5c9ce373c75d6f6df8222658509,no,N:\\natahaus\\!2009\\2009-07\\[1146114282]Финансовая статистика.Конспект лекций.-Г.С.Шерстнева.djvu,0,2000-01-01 01:00:00,2016-04-03 02:51:08,279000/80b543a299d20844c6469cbfdc5ebd2a-d.jpg,,
21573257,Интерактивный курс Adobe Photoshop CS4,,Интерактивный курс,,,2009,,Новая Школа,,,0,Russian,95,www.infanata.com,,,,,,,,,,,,1146114286-,0,,,,,,,,297325,chm,55A4DEDAA21774C28C40058A221318D2,,,N:\\natahaus\\!2009\\2009-07\\[1146114286]Интерактивный курс Adobe Photoshop CS4.chm,0,2000-01-01 01:00:00,2016-04-03 02:51:08,279000/55a4dedaa21774c28c40058a221318d2-d.jpg,,
21573258,Авианосцы мира 1939-1945. спец. выпуск 2,,Наваль коллекция,,"С.А.Балакин, М.Э.Морозов",2000,,,,44,0,Russian,67,www.infanata.com,,,,,,,,,,,,1146114293-удо,0,,,,,,1,0,24378141,pdf,48A405B5E91D6531B05499194284E432,,,"N:\\natahaus\\!2009\\2009-07\\[1146114293]Авианосцы мира.1939-1945 гг.Ч1.-С.А.Балакин,М.Э.Морозов.pdf",0,2000-01-01 01:00:00,2016-04-03 02:51:08,279000/48a405b5e91d6531b05499194284e432-d.jpg,,
21573259,"Униформа III Рейха. Пехота, 1933-1945",,Иллюстрированная история войн ХХ века,,Вернер Хорн,2006,,Эксмо,Москва,144,0,Russian,64,www.infanata.com,,5-699-15946-0,,,,,,,,,,1146114297-хор,0,,,,,,,0,7190923,djvu,02C34A2623FC67FC2394702EB343194F,828045925d4089bfb76c6a1f52d9197b,no,N:\\natahaus\\!2009\\2009-07\\[1146114297]Униформа III Рейха.Пехота.1933-1945.-Вернер Хорн.djvu,0,2000-01-01 01:00:00,2016-04-03 02:51:08,279000/02c34a2623fc67fc2394702eb343194f-d.jpg,,
21573260,"Униформа III Рейха. Пехота, 1933-1945",,Иллюстрированная история войн ХХ века,,Вернер Хорн,2006,,Эксмо,Москва,144,0,Russian,64,www.infanata.com,,5-699-15946-0,,,,,,,,,,1146114297-хор,0,,,,,,,0,70699199,pdf,0B07CFCF41C1CF529F493DD69E99CE01,,,N:\\natahaus\\!2009\\2009-07\\[1146114297]Униформа III Рейха.Пехота.1933-1945.-Вернер Хорн.pdf,0,2000-01-01 01:00:00,2016-04-03 02:51:08,279000/0b07cfcf41c1cf529f493dd69e99ce01-d.jpg,,
21573261,Битва за Сталинград,,Военная история,,А. Мерников,2001,,АСТ,,49,0,Russian,64,www.infanata.com,,5-17-011081-2,,,,,,,,,,1146114299-хор,0,,,,,,,0,1986926,djvu,F5DCBB8C94E3729FFFE6A5E3569B6791,cadffeadb18043a9c22f5b15e930b32c,no,N:\\natahaus\\!2009\\2009-07\\[1146114299]Битва за Сталинград.-Мерников А..djvu,0,2000-01-01 01:00:00,2016-04-03 02:51:08,279000/f5dcbb8c94e3729fffe6a5e3569b6791-d.jpg,,
21573262,Лёгкий танк Pz.I,,,,Тарас Д.,2002,,АСТ,Москва,57,0,Russian,67,www.infanata.com,0,5-17-008834-5,,,623.4,68.513,,,,,,1146114334-хор,300,,,,,,,0,2394856,djvu,FA4DDE32006F4F1D7D52AE8A0F7A82E9,2380a6f13ddf3b598f77a72e79a71973,no,N:\\natahaus\\!2009\\2009-07\\[1146114334]Лёгкий танк Pz.I.-Тарас Д..djvu,0,2000-01-01 01:00:00,2016-04-03 02:51:08,279000/fa4dde32006f4f1d7d52ae8a0f7a82e9-d.jpg,,
21573263,Fluent English - Living Language - идеальная программа для изучающих английский язык давно и серьезно,,,,Living Language,2009,,Living Language - Random House Company,,232,0,English,314,www.infanata.com,,"1400020883,978-1-4000-2088-1",,,,,428.2/4,PE1128 .R2155 2005,,,OL3420790M,1146114349-128,0,,,,,,,1,1613043,pdf,FFBED4E29D06DCB9BA0FC4459276F11F,,,N:\\natahaus\\!2009\\2009-07\\[1146114349]Fluent English - Living Language - идеальная программа для изучающих английский язык давно и серьезно.-Barbara Raif.pdf,0,2000-01-01 01:00:00,2016-04-03 02:51:08,279000/ffbed4e29d06dcb9ba0fc4459276f11f-d.jpg,,
21573264,Архетипическое исследование сновидений,,Мастерская практического психолога,,"Лебедько В.,Найденов Е., Исьемин А.",2008,,Бахрах-М,Самара,240,0,Russian,194,www.infanata.com,,978-5-94648-069-7,,,,,,,,,,1146114372-,0,,,,,,,,1059978,fb2,65AED42D7F3EC09F5234058DF21A17AD,,,"N:\\natahaus\\!2009\\2009-07\\[1146114372]Архетипическое исследование сновидений - Лебедько В.,Найденов Е.,Исьемин А..-Лебедько В.,Найденов Е.,Исьемин А.fb2",0,2000-01-01 01:00:00,2016-04-03 02:51:08,279000/65aed42d7f3ec09f5234058df21a17ad-d.jpg,,
21573265,Из истории русской культуры. (Киевская и Московская Русь),Том II. Книга 1 часть 1,Язык. Семиотика. Культура,,"Сост. А. Ф. Литвина, Ф. Б. Успенский",2002,,Языки славянской культуры,,307,0,Russian,191,www.infanata.com,,5-7859-0142-0,,,,,,,,,OL22516989M,1146114374-отл,0,,,,,,,1,3091888,pdf,1D0986E1ACC8B2EBC44C2C1F0036FC79,,,"N:\\natahaus\\!2009\\2009-07\\[1146114374]Из истории русской культуры.Том II.Книга 1.Ч1(Киевская и Московская Русь).-Сост.А.Ф.Литвина,Ф.Б.Успенский.pdf",0,2000-01-01 01:00:00,2016-04-03 02:51:08,279000/1d0986e1acc8b2ebc44c2c1f0036fc79-d.jpg,,
21573266,Из истории русской культуры. (Киевская и Московская Русь),Том II. Книга 1 часть 2,Язык. Семиотика. Культура,,"Сост. А. Ф. Литвина, Ф. Б. Успенский",2002,,Языки славянской культуры,,173,0,Russian,191,www.infanata.com,,5-7859-0142-0,,,,,,,,,OL22516989M,1146114374-отл,0,,,,,,,1,2185198,pdf,8C8384208F1CA7475126FF6D5CB16163,,,"N:\\natahaus\\!2009\\2009-07\\[1146114374]Из истории русской культуры.Том II.Книга 1.Ч2(Киевская и Московская Русь).-Сост.А.Ф.Литвина,Ф.Б.Успенский.pdf",0,2000-01-01 01:00:00,2016-04-03 02:51:08,279000/8c8384208f1ca7475126ff6d5cb16163-d.jpg,,
21573267,Из истории русской культуры. (Киевская и Московская Русь),Том II. Книга 1 часть 3,Язык. Семиотика. Культура,,"Сост. А. Ф. Литвина, Ф. Б. Успенский",2002,,Языки славянской культуры,,260,0,Russian,191,www.infanata.com,,5-7859-0142-0,,,,,,,,,OL22516989M,1146114374-отл,0,,,,,,,1,3002991,pdf,5AC939735EEB89193B984E92C3AF3EB7,,,"N:\\natahaus\\!2009\\2009-07\\[1146114374]Из истории русской культуры.Том II.Книга 1.Ч3(Киевская и Московская Русь).-Сост.А.Ф.Литвина,Ф.Б.Успенский.pdf",0,2000-01-01 01:00:00,2016-04-03 02:51:08,279000/5ac939735eeb89193b984e92c3af3eb7-d.jpg,,
21573268,Из истории русской культуры. (Киевская и Московская Русь),Том II. Книга 1 часть 4,Язык. Семиотика. Культура,,"Сост. А. Ф. Литвина, Ф. Б. Успенский",2002,,Языки славянской культуры,,207,0,Russian,191,www.infanata.com,,5-7859-0142-0,,,,,,,,,OL22516989M,1146114374-отл,0,,,,,,,1,1961918,pdf,B4C6A4D8FF12A7BCCE0CB6CD63306628,,,"N:\\natahaus\\!2009\\2009-07\\[1146114374]Из истории русской культуры.Том II.Книга 1.Ч4(Киевская и Московская Русь).-Сост.А.Ф.Литвина,Ф.Б.Успенский.pdf",0,2000-01-01 01:00:00,2016-04-03 02:51:08,279000/b4c6a4d8ff12a7bcce0cb6cd63306628-d.jpg,,
21573269,Царство китайского языка - веселый путь овладения китайским языком. Учебник 1А и 1Б,,,,,2007,,Beijing Language and Culture University Press,,40,0,Russian,183,www.infanata.com,0,978-7-5619-1898-2,,,,,,,,,,,0,,,,,,,0,69812304,pdf,940C0AF263ED4EE8643611F3EC526B78,,,"N:/natahaus/!2009/2009-07/[1146114392]Царство китайского языка - веселый путь овладения китайским языком.Учебник 1А.-Liu Fuhua,Wang Wei,.pdf",0,2000-01-01 01:00:00,2016-04-03 02:51:08,279000/940c0af263ed4ee8643611f3ec526b78-d.jpg,,
21573270,Cow: A Bovine Biography,,,,"Florian Werner, Doris Ecker, Temple Grandin",2012,,Greystone Books,,240,0,English,,,0,"1553655818,9781553655817",,,,,,,,,,,0,,,,,,,,5537307,epub,7c428334e64ffe0a77c930ed8392a07b,,,Cow,0,2000-01-01 01:00:00,2016-04-03 02:51:08,869000/7c428334e64ffe0a77c930ed8392a07b-d.jpg,,
21573271,Царство китайского языка - веселый путь овладения китайским языком. Учебник 1А и 1Б,,,,,2007,,Beijing Language and Culture University Press,,40,0,Russian,183,www.infanata.com,0,978-7-5619-1898-2,,,,,,,,,,,0,,,,,,,0,70516795,pdf,DF178423B68129CFF3B1906613DCD74E,,,"N:/natahaus/!2009/2009-07/[1146114392]Царство китайского языка - веселый путь овладения китайским языком.Учебник 1Б.-Liu Fuhua,Wang Wei.OSR.pdf",0,2000-01-01 01:00:00,2016-04-03 02:51:08,279000/df178423b68129cff3b1906613dcd74e-d.jpg,,
21573272,Ваханский язык,,,,Т. Н. Пахалина,1975,,НАУКА,,348,0,Russian,314,www.infanata.com,,,,,,,,,,,,1146114393-,0,,,,,,1,0,17490037,pdf,AE642DECCE9CF40F3E7DE5F8274B5E9B,,,N:\\natahaus\\!2009\\2009-07\\[1146114393]Ваханский язык.-Т.Н.Пахалина.pdf,0,2000-01-01 01:00:00,2016-04-03 02:51:08,279000/ae642decce9cf40f3e7de5f8274b5e9b-d.jpg,,
21573273,Царство китайского языка - веселый путь овладения китайским языком. Учебник 2А и 2Б,,,,,2007,,Beijing Language and Culture University Press,,40,0,Russian,183,www.infanata.com,0,978-7-5619-1903-3,,,,,,,,,,,0,,,,,,,0,70714235,pdf,4EC4E76A9C901D267D4E2687968DD273,,,"N:/natahaus/!2009/2009-07/[1146114396]Царство китайского языка - веселый путь овладения китайским языком.Учебник 2А.-Liu Fuhua,Wang Wei,.pdf",0,2000-01-01 01:00:00,2016-04-03 02:51:08,279000/4ec4e76a9c901d267d4e2687968dd273-d.jpg,,
21573274,Царство китайского языка - веселый путь овладения китайским языком. Учебник 2А и 2Б,,,,,2007,,Beijing Language and Culture University Press,,40,0,Russian,183,www.infanata.com,0,978-7-5619-1903-3,,,,,,,,,,,0,,,,,,1,0,29848297,pdf,496B79E574A8525D331BF41450F438BB,,,"N:/natahaus/!2009/2009-07/[1146114396]Царство китайского языка - веселый путь овладения китайским языком.Учебник 2Б.-Liu Fuhua,Wang Wei,.pdf",0,2000-01-01 01:00:00,2016-04-03 02:51:08,279000/496b79e574a8525d331bf41450f438bb-d.jpg,,
21573275,Штурмовик Ил-2. ''Летающий танк'',,Арсенал коллекция,,Растренин О.В.,2007,,Яуза [и др.],Москва,182,0,Russian,67,www.infanata.com,,978-5-699-23791-3,,,,,,,,,,1146114401-хор,0,,,,,,1,1,88449207,pdf,E2456A8BA5338C4ABE033B5A8D8B721F,,,N:\\natahaus\\!2009\\2009-07\\[1146114401]Штурмовик Ил-2.Летающий танк.-Растренин О.В..pdf,0,2000-01-01 01:00:00,2016-04-03 02:51:08,279000/e2456a8ba5338c4abe033b5a8d8b721f-d.jpg,,
21573276,Увлекательная филумения: история страны на спичечных этикетках,,Энциклопедия коллекционера,,В.Г. Бармаков,2008,,Эксмо,Москва,319,0,Russian,41,www.infanata.com,,978-5-699-24865-0,,,,,,,,,,1146114409-хор,0,,,,,,,1,5280532,djvu,CDF681A6B316B951BA860EB02B846E5C,,,N:\\natahaus\\!2009\\2009-07\\[1146114409]Увлекательная филумения.-В.Г.Бармаков.djvu,0,2000-01-01 01:00:00,2016-04-03 02:51:08,279000/cdf681a6b316b951ba860eb02b846e5c-d.jpg,,
21573277,Увлекательная филумения: история страны на спичечных этикетках,,Энциклопедия коллекционера,,В.Г. Бармаков,2008,,Эксмо,Москва,319,0,Russian,41,www.infanata.com,,978-5-699-24865-0,,,,,,,,,,1146114409-хор,0,,,,,,,1,11501675,pdf,20F3991D78F94A7BF176F759EE7FA7E0,,,N:\\natahaus\\!2009\\2009-07\\[1146114409]Увлекательная филумения.-В.Г.Бармаков.pdf,0,2000-01-01 01:00:00,2016-04-03 02:51:08,279000/20f3991d78f94a7bf176f759ee7fa7e0-d.jpg,,
21573278,Царство китайского языка - веселый путь овладения китайским языком. Учебник 3А и 3Б,,,,,2007,,Beijing Language and Culture University Press,,48,0,Russian,183,www.infanata.com,0,978-7-5619-1905-7,,,,,,,,,,,0,,,,,,1,0,37375196,pdf,B7FE96DAC51CEFDEE6EAA3B9A4DA4C64,,,"N:/natahaus/!2009/2009-07/[1146114410]Царство китайского языка - веселый путь овладения китайским языком.Учебник 3А.-Liu Fuhua,Wang Wei,.pdf",0,2000-01-01 01:00:00,2016-04-03 02:51:08,279000/b7fe96dac51cefdee6eaa3b9a4da4c64-d.jpg,,
21573279,The Amazing Life of Cats,,Inspired Living,,Candida Baker,2012,,Allen & Unwin,,320,0,English,,,0,"1742376614,9781742376615",,,,,,,,,,,0,,,,,,,,2418869,epub,b24c6b59561c7a69b6096c819616fe02,,,The_Amazing_Life_of_Cats,0,2000-01-01 01:00:00,2016-04-03 02:51:08,869000/b24c6b59561c7a69b6096c819616fe02-d.jpg,,
21573280,Царство китайского языка - веселый путь овладения китайским языком. Учебник 3А и 3Б + аудиокурс,,Царство китайского языка,,,2007,,Beijing Language and Culture University Press,,48,0,Russian,183,www.infanata.com,0,978-7-5619-1905-7,,,,,,,,,,,0,,,,,,1,0,37099937,pdf,2D85C86664C86C32CF828C4BEDF3D3C1,,,"N:/natahaus/!2009/2009-07/[1146114410]Царство китайского языка - веселый путь овладения китайским языком.Учебник 3Б.-Liu Fuhua,Wang Wei,.pdf.pdf",0,2000-01-01 01:00:00,2016-04-03 02:51:08,279000/2d85c86664c86c32cf828c4bedf3d3c1-d.jpg,,
21573281,Introduction to Programmable Logic Controllers,,Electrical Trades Series,,Gary Dunning,2001,,Delmar,,69,0,English,,,0,"0766817687, 9780766817685",,,,,,,,VIgd_XKyA9gC,,,0,,,,,,,1,677600,pdf,c5a7ccbd5616ebb0298b44723dd77d4f,,,Introduction to PLC Controllers - N. Matic (2001) WW,0,2000-01-01 01:00:00,2016-04-03 02:51:08,867000/c5a7ccbd5616ebb0298b44723dd77d4f-d.jpg,,
21573282,"Литература древнего Востока. Иран, Индия, Китай (тексты)",,,,"Ю. М. Алиханова, В. Б. Никитина, Л. Е. Померанцева",1984,,Московского университета,,356,0,Russian,205,www.infanata.com,,,,,,,,,,,,1146114417-,0,,,,,,,1,18699412,pdf,68CAE7EA084A67681C9C4A8DBFEFEE3F,,,"N:\\natahaus\\!2009\\2009-07\\[1146114417]Литература древнего Востока.Иран,Индия,Китай(тексты).-Ю.М.Алиханова,В.Б.Никитина,Л.Е.Померанцева.pdf",0,2000-01-01 01:00:00,2016-04-03 02:51:08,279000/68cae7ea084a67681c9c4a8dbfefee3f-d.jpg,,
21573283,Познавательные опыты в школе и дома: [Для мл. и сред. шк. возраста],,,,Под редакцией Элистер Смит,2001,,Росмэн,М,94,0,Russian,181,www.infanata.com,,"5-8451-0644-3,0-7460-2288-3",,,,,,,,,,1146114427-,0,,,,,,,0,7155541,pdf,B102A9824B9D9224907939C9566E6D34,,,N:\\natahaus\\!2009\\2009-07\\[1146114427]Познавательные опыты в школе и дома.-Под редакцией Элистер Смит.pdf,0,2000-01-01 01:00:00,2016-04-03 02:51:08,279000/b102a9824b9d9224907939c9566e6d34-d.jpg,,
21573284,"Уход за лицом в домашних условиях: просто, правильно, эффективно",,Парикмахерская дома,,Лилия Кудинова,2007,,Эксмо,Москва,64,0,Russian,164,www.infanata.com,,978-5-699-23174-4,,,,,,,,,,1146114434-,0,,,,,,1,0,2897249,djvu,FA0E29D88FB16C5AC8574ABB17405148,1a5d0b6a7a14328f93931a6c45436109,no,N:\\natahaus\\!2009\\2009-07\\[1146114434]Уход за лицом в домашних условиях.Просто.Правильно.Эффективно.-Лилия Кудинова.djvu,0,2000-01-01 01:00:00,2016-04-03 02:51:08,279000/fa0e29d88fb16c5ac8574abb17405148-d.jpg,,
21573285,Лечение болезней ног,,Здоровье и красота,,Савельева Юлия,2005,,РИПОЛ классик,,65,0,Russian,151,www.infanata.com,,5-7905-2614-4,,,,,,,,,,1146114437-отл,0,,,,,,1,0,1514252,djvu,6B07A5E8248DA395CEB4373BC7DABB77,566da462a4a9aeb39e798e8c2bd60309,no,N:\\natahaus\\!2009\\2009-07\\[1146114437]Лечение болезней ног.-Савельева Юлия.djvu,0,2000-01-01 01:00:00,2016-04-03 02:51:08,279000/6b07a5e8248da395ceb4373bc7dabb77-d.jpg,,
21573286,Лечение болезней ног,,Здоровье и красота,,Савельева Юлия,2005,,РИПОЛ классик,,65,0,Russian,181,www.infanata.com,,5-7905-2614-4,,,,,,,,,,1146114437-отл,0,,,,,,,1,1087562,pdf,7A7B0A5C6D60B3CE8C0619277488E463,,,N:\\natahaus\\!2009\\2009-07\\[1146114437]Лечение болезней ног.-Савельева Юлия.pdf,0,2000-01-01 01:00:00,2016-04-03 02:51:08,279000/7a7b0a5c6d60b3ce8c0619277488e463-d.jpg,,
21573287,,,,School English 1(149) January 2008,,2008,,,,36,0,English,,www.infanata.com,0,,,,,,,,,,,periodic,0,,,,,,,0,50415938,pdf,24C59EB9E597BD3BFF382E43283059D6,,ban,"N:/natahaus/!2009/2009-07/[1146114439]School English _1(149)January 2008.-ООО КОНЦЕПТ,г.Самара.pdf",0,2000-01-01 01:00:00,2016-04-03 02:51:08,279000/24c59eb9e597bd3bff382e43283059d6-d.jpg,,
21573288,"Школа лентяев, или Оздоровительная гимнастика Жим Лам для внутренних органов",,,,"Норбеков Мирзакарим, Ламыкин Олег",2009,,"АСТ, Астрель",Москва,352,0,Russian,164,www.infanata.com,,"978-5-17-056741-6,978-5-271-22467-6",,,,,,,,,,1146114447-отл,0,,,,,,,,1806659,fb2,18F98E23A70A712D46E03EC77D4A70B2,,,"N:\\natahaus\\!2009\\2009-07\\[1146114447]Школа лентяев,или Оздоровительная гимнастика Жим Лам для внутренних органов.-Норбеков Мирзакарим,Ламыкин Олег.fb2",0,2000-01-01 01:00:00,2016-04-03 02:51:08,279000/18f98e23a70a712d46e03ec77d4a70b2-d.jpg,,
21573289,"Школа лентяев, или Оздоровительная гимнастика Жим Лам для внутренних органов",,,,"Норбеков Мирзакарим, Ламыкин Олег",2009,,"АСТ, Астрель",Москва,352,0,Russian,164,www.infanata.com,,"978-5-17-056741-6,978-5-271-22467-6",,,,,,,,,,1146114447-отл,0,,,,,,,,22005564,rtf,417F4345997A02541992AAEBD27B5959,,,"N:\\natahaus\\!2009\\2009-07\\[1146114447]Школа лентяев,или Оздоровительная гимнастика Жим Лам для внутренних органов.-Норбеков Мирзакарим,Ламыкин Олег.rtf",0,2000-01-01 01:00:00,2016-04-03 02:51:08,279000/417f4345997a02541992aaebd27b5959-d.jpg,,
21573290,Обзор собрания предметов ламайского культа кн. Э. Э. Ухтомского,,Bibliotheca Buddhica,,Грюнведель А.,1905,,"Типография Императорской Академии Наук, Санкт-Петербург",,224,0,Russian,205,www.infanata.com,0,,,,,,,,,,,1146114448-,0,,,,,,,0,5498859,pdf,2AEF37CD8353470D23B601A6C92206A9,,,"N:\
atahaus!20092009-07[1146114448]Обзор собрания предметов ламайского культа кн.Э.Э.Ухтомского.-Грюнведель А..pdf",0,2000-01-01 01:00:00,2016-04-03 02:51:08,279000/2aef37cd8353470d23b601a6c92206a9-d.jpg,,
21573291,Когда крестилась Киевская Русь?,,Досье новой хронологии,,Йордан Табов,2003,,Нева,СПб,217,0,Russian,64,www.infanata.com,,"5-7654-2555-0,5-94849-476-4",,,,,,,,,OL12586143M,1146114469-хор,0,,,,,,,,5538592,fb2,25A53BEED89F199332333B576D49B78C,,,N:\\natahaus\\!2009\\2009-07\\[1146114469]Когда крестилась Киевская Русь.-Йордан Табов.fb2,0,2000-01-01 01:00:00,2016-04-03 02:51:08,279000/25a53beed89f199332333b576d49b78c-d.jpg,,
21573292,Флаги рассказывают,,,,Мамаев К. К.,1972,,Аврора Ленинград,,113,0,Russian,41,www.infanata.com,,,,,,,,,,,,1146114480-хор,0,,,,,,1,1,3081552,pdf,C6C0E100A9AD842AEC1F159C52E58315,,,N:\\natahaus\\!2009\\2009-07\\[1146114480]Флаги рассказывают.-Мамаев К.К..pdf,0,2000-01-01 01:00:00,2016-04-03 02:51:08,279000/c6c0e100a9ad842aec1f159c52e58315-d.jpg,,
21573293,Блэксед: Арктическая нация,,Blacksad,,"Хуан Диас Каналес (художник), Хуанхо Гуарнидо (сценарист)",2003,,Simon & Schuster,,58,0,Russian,111,www.infanata.com,,,,,,,,,,,,1146114495-хор,0,,,,,,1,0,23951492,pdf,40D070DBCA58DCFF8A8869E96AFB4306,,,"N:\\natahaus\\!2009\\2009-07\\[1146114495]Блэксед-Арктическая нация.-Хуан Диас Каналес(художник),Хуанхо Гуарнидо(сценарист).pdf",0,2000-01-01 01:00:00,2016-04-03 02:51:08,279000/40d070dbca58dcff8a8869e96afb4306-d.jpg,,
21573294,Питание и диета для офисных работников,,,,Пухова О. А.,,,,,87,0,Russian,164,www.infanata.com,,,,,,,,,,,,1146114499-,0,,,,,,,0,7059164,djvu,B4409E2B0D19A1CF6B0FBAD7B92B4241,013e44dac23cf15b952157cd3fde2394,no,N:\\natahaus\\!2009\\2009-07\\[1146114499]Питание и диета для офисных работников.-Пухова О.А..djvu,0,2000-01-01 01:00:00,2016-04-03 02:51:08,279000/b4409e2b0d19a1cf6b0fbad7b92b4241-d.jpg,,
21573295,Российский летописец - Н.И. Костомаров,,,,Н.И. Костомаров,1989,,Книга,,133,0,Russian,64,www.infanata.com,,,,,,,,,,,,1146114504-OCR,0,,,,,,,1,937265,pdf,47729291C248EBBFD79611E250CD5532,,,N:\\natahaus\\!2009\\2009-07\\[1146114504]Российский летописец - Н.И.Костомаров.-Н.И.Костомаров.pdf,0,2000-01-01 01:00:00,2016-04-03 02:51:08,279000/47729291c248ebbfd79611e250cd5532-d.jpg,,
21573296,Средневековая андалусская проза,,,,"Ибн Хазм, Ибн Туфейль и др.",1985,,Художественная литература,,486,0,Russian,64,www.infanata.com,,,,,,,,,,,,1146114507-,0,,,,,,,0,15060089,djvu,ED4DA191A9188B72BE79C5C9B74D4ED4,a3107e46a3756e012937b7d8124a4f07,no,"N:\\natahaus\\!2009\\2009-07\\[1146114507]Средневековая андалусская проза.-Ибн Хазм,Ибн Туфейль и др..djvu",0,2000-01-01 01:00:00,2016-04-03 02:51:08,279000/ed4da191a9188b72be79c5c9b74d4ed4-d.jpg,,
21573297,Средневековая андалусская проза,,,,"Ибн Хазм, Ибн Туфейль и др.",1985,,Художественная литература,,486,0,Russian,64,www.infanata.com,,,,,,,,,,,,1146114507-,0,,,,,,,1,27345560,pdf,CF8D4A70F8FD9EB2E2B420A57088AEDD,,,"N:\\natahaus\\!2009\\2009-07\\[1146114507]Средневековая андалусская проза.-Ибн Хазм,Ибн Туфейль и др..pdf",0,2000-01-01 01:00:00,2016-04-03 02:51:08,279000/cf8d4a70f8fd9eb2e2b420a57088aedd-d.jpg,,
21573298,Квалиметрия в обработке металлов давлением,,,,"Найзабеков А.Б., Талмазан В.А., Шмидт Н.Ю.",2005,,,,134,0,Russian,221,www.infanata.com,,9965-495-53-X,,,,,,,,,,1146114510-,0,,,,,,,,4010496,doc,202F58DF2F1125A1EE674BE20A9533AD,,,"N:\\natahaus\\!2009\\2009-07\\[1146114510]Квалиметрия в обработке металлов давлением.-Найзабеков А.Б.,Талмазан В.А.,Шмидт Н.Ю..doc",0,2000-01-01 01:00:00,2016-04-03 02:51:08,279000/202f58df2f1125a1ee674be20a9533ad-d.jpg,,
21573299,Квалиметрия в обработке металлов давлением,,,,"Найзабеков А.Б., Талмазан В.А., Шмидт Н.Ю.",2005,,,,134,0,Russian,221,www.infanata.com,,9965-495-53-X,,,,,,,,,,1146114510-,0,,,,,,,,33280,doc,F3C20C92A78111AE818D18629E1BD036,,,"N:\\natahaus\\!2009\\2009-07\\[1146114510]Квалиметрия в обработке металлов давлением.-Найзабеков А.Б.,Талмазан В.А.,Шмидт Н.Ю.титул.doc",0,2000-01-01 01:00:00,2016-04-03 02:51:08,279000/f3c20c92a78111ae818d18629e1bd036-d.jpg,,
21573300,"Иларион Киевский \Слово о законе и благодати\""""",,,,перевод В.Я. Дерягина,1994,,"Столица, Скрипторий",,148,0,Russian,64,www.infanata.com,,5-7055-0918-9,,,,,,,,,OL1165367M,1146114513-отл,0,,,,,,,0,1959861,djvu,52D96A6F6CEDADB3F9BD43485611DB18,f803ad30e8d69f8758c1eaddfbb89603,no,N:\\natahaus\\!2009\\2009-07\\[1146114513]Иларион Киевский. Слово о законе и благодати.-перевод В.Я.Дерягина.djvu,0,2000-01-01 01:00:00,2016-04-03 02:51:08,279000/52d96a6f6cedadb3f9bd43485611db18-d.jpg,,
21573301,"Требуются управленцы, а не выпускники МВА жесткий взгляд на мягкую практику управления и систему подготовки менеджеров",,,,Г. Минцберг,2008,,Олимп-Бизнес,Москва,543,0,Russian,305,www.infanata.com,,978-5-9693-0088-0,,,,,,,,,,1146114517-хор,0,,,,,,,0,33184634,pdf,85D96FC57E9CC71A4BE311089791278A,,,"N:\\natahaus\\!2009\\2009-07\\[1146114517]Требуются управленцы,а не выпускники МВА.-Г.Минцберг.pdf",0,2000-01-01 01:00:00,2016-04-03 02:51:08,279000/85d96fc57e9cc71a4be311089791278a-d.jpg,,
21573302,Анатомия жизни и смерти. Жизненно важные точки на теле человека,,,,Момот В. В.,2006,,"Ритм-Плюс, Экоперспектива",,153,0,Russian,289,www.infanata.com,,966-8750-05-5,,,,,,,,,,1146114522-хор,0,,,,,,,0,2554910,djvu,DAFB190D3C8F09FA5DB38ABD2BB810AF,8f2e6a36ef22795d659654b8a34c668b,no,N:\\natahaus\\!2009\\2009-07\\[1146114522]Анатомия жизни и смерти.Жизненно важные точки на теле человека.-Момот В.В..djvu,0,2000-01-01 01:00:00,2016-04-03 02:51:08,279000/dafb190d3c8f09fa5db38abd2bb810af-d.jpg,,
21573303,1941. Великая Отечественная Катастрофа: итоги дискуссии,,Военно-исторический бестселлер,,Сборник,2009,,Эксмо,Москва,767,0,Russian,64,www.infanata.com,,978-5-699-35525-9,,,,,,,,,OL24028393M,1146114528-отл,0,,,,,,1,0,53818457,pdf,D969079836BB4DABE4AD094CA85C0A75,,,N:\\natahaus\\!2009\\2009-07\\[1146114528]1941.Великая Отечественная катастрофа.Итоги дискуссии.-Сборник.pdf,0,2000-01-01 01:00:00,2016-04-03 02:51:08,279000/d969079836bb4dabe4ad094ca85c0a75-d.jpg,,
21573304,Композиция в цифровой фотосъемке,,,,Крис Раттер,2008,,Арт-Родник,,192,0,Russian,63,www.infanata.com,,978-5-9794-0237-6,,,,,,,,,,1146114531-PDF,0,,,,,,1,0,92597830,pdf,1CFAE515FF323E2C12949293FFC2D68E,,,N:\\natahaus\\!2009\\2009-07\\[1146114531]Композиция в цифровой фотосъемке.-Крис Раттер.pdf,0,2000-01-01 01:00:00,2016-04-03 02:51:08,279000/1cfae515ff323e2c12949293ffc2d68e-d.jpg,,
21573305,Обратная сторона Японии.,,Культурный шок,,А.Куланов,2008,,АСТ,,350,0,Russian,32,www.infanata.com,,978-5-17-046480-7,,,,,,,,,,1146114533-,0,,,,,,,,1303552,doc,13B86D49C3B04B38C377F73D1935C779,,,N:\\natahaus\\!2009\\2009-07\\[1146114533]Обратная сторона Японии..-А.Куланов.doc,0,2000-01-01 01:00:00,2016-04-03 02:51:08,,,
21573306,Программирование игр под Windows в XNA Game Studio Express,,Программирование для профессионалов,,Горнаков С. Г.,2008,,ДМК Пресс,,193,0,Russian,85,www.infanata.com,,5-94074-382-X,,,,,,,,,,1146114535-,0,,,,,,,1,19692982,pdf,B8FF9BDB7511EEDF1608231E7D24D4D0,,,N:\\natahaus\\!2009\\2009-07\\[1146114535]Программирование игр под Windows в XNA Game Studio Express.-Горнаков С.Г..pdf,0,2000-01-01 01:00:00,2016-04-03 02:51:08,279000/b8ff9bdb7511eedf1608231e7d24d4d0-d.jpg,,
21573307,"Вторжение, которого не было",,Военно-историческая библиотека,,Макси Кеннте (Пер. с англ. Т. Велимеева),2001,,"ACT, TERRA FANTASTICA",,565,0,Russian,64,www.infanata.com,,,,,,,,,,,,1146114543-отл,0,,,,,,1,0,32627461,pdf,3A998E5B78331A629ADF5D3B92046748,,,"N:\\natahaus\\!2009\\2009-07\\[1146114543]Вторжение,которого не было.-Макси Кеннте(Пер.с англ.Т.Велимеева).pdf",0,2000-01-01 01:00:00,2016-04-03 02:51:08,279000/3a998e5b78331a629adf5d3b92046748-d.jpg,,
21573308,Археология СССР. Ранняя и средняя бронза Кавказа.,,Археология СССР (Археология),,"Кушнарева В.И., Марковин Т.К. (ред.)",1994,,Наука,,390,0,Russian,64,www.infanata.com,,,,,,,,,,,,1146114546-,0,,,,,,,0,32861585,djvu,194A6B3AE5BFCE2EA2D3B0A8AA7F89D5,385a51de058f2fd0f14224687e329e0c,no,"N:\\natahaus\\!2009\\2009-07\\[1146114546]Археология СССР.Ранняя и средняя бронза Кавказа..-Кушнарева В.И.,Марковин Т.К.(ред.).djvu",0,2000-01-01 01:00:00,2016-04-03 02:51:08,279000/194a6b3ae5bfce2ea2d3b0a8aa7f89d5-d.jpg,,
21573309,Археология СССР. Ранняя и средняя бронза Кавказа. Приложение,,Археология СССР (Археология),,"Кушнарева В.И., Марковин Т.К. (ред.)",1994,,Наука,,9,0,Russian,64,www.infanata.com,,,,,,,,,,,,1146114546-,0,,,,,,,0,1439226,djvu,1DB1EFE259CD96946342452E4820CAD0,a08592412003a9325a58ff29b33d7532,no,"N:\\natahaus\\!2009\\2009-07\\[1146114546]Археология СССР.Ранняя и средняя бронза Кавказа..-Кушнарева В.И.,Марковин Т.К.(ред.).приложение.djvu",0,2000-01-01 01:00:00,2016-04-03 02:51:08,279000/1db1efe259cd96946342452e4820cad0-d.jpg,,
21573310,Археология СССР. Античные государства Северного Причерноморья,,Археология СССР (Археология),,"Кошеленко А.Г., Кругликова И.Т., Долгоруков В.С. (ред.)",1984,,Наука,,400,0,Russian,64,www.infanata.com,,,,,,,,,,,,1146114550-,0,,,,,,,0,91494841,djvu,C761FDF0EDF09C59373224D51ADE3C37,,,"N:\\natahaus\\!2009\\2009-07\\[1146114550]Археология СССР.Античные государства Северного Причерноморья.-Кошеленко А.Г.,Кругликова И.Т.,Долгоруков В.С.(ред.).PHOTO.djvu",0,2000-01-01 01:00:00,2016-04-03 02:51:08,279000/c761fdf0edf09c59373224d51ade3c37-d.jpg,,
21573311,Клуб психологических бойцов. Живи за двоих.,,,,Алексей Иванов,2008,,АСТ. Астрель,Москва,216,0,Russian,198,www.infanata.com,,,,,,,,,,,,1146114559-Пло,0,,,,,,,,461033,rtf,B68F604D82945246056702E8EC96BEAB,,,N:\\natahaus\\!2009\\2009-07\\[1146114559]Клуб психологических бойцов.Живи за двоих..-Алексей Иванов.doc,0,2000-01-01 01:00:00,2016-04-03 02:51:08,279000/b68f604d82945246056702e8ec96beab-d.jpg,,
21573312,Клуб психологических бойцов. Живи за двоих.,,,,Алексей Иванов,2008,,АСТ. Астрель,Москва,216,0,Russian,198,www.infanata.com,,,,,,,,,,,,1146114559-Пло,0,,,,,,,,148957,fb2,CC31599E4A0BDE1A11F70607741F0D5A,,,N:\\natahaus\\!2009\\2009-07\\[1146114559]Клуб психологических бойцов.Живи за двоих..-Алексей Иванов.fb2,0,2000-01-01 01:00:00,2016-04-03 02:51:08,279000/cc31599e4a0bde1a11f70607741f0d5a-d.jpg,,
21573313,Умом Россию не поДнять!,,,,Задорнов М. Н.,2009,,"АСТ, Астрель",,288,0,Russian,37,www.infanata.com,,978-5-17-059100-8,,,,,,,,,,1146114561-отл,0,,,,,,,,2407830,fb2,180BD5D37D128C3A054CAD4B8CB19514,,,N:\\natahaus\\!2009\\2009-07\\[1146114561]Умом Россию не поДнять!.-Задорнов М.Н.fb2,0,2000-01-01 01:00:00,2016-04-03 02:51:08,279000/180bd5d37d128c3a054cad4b8cb19514-d.jpg,,
21573314,Орсон Скотт КАРД «Карты в зеркале»,,Шедевры фантастики,,Орсон Скотт КАРД,2005,,"Эксмо, Домино",,912,0,Russian,102,www.infanata.com,,5-699-11217-0,,,,,,,,,,1146114563-отл,0,,,,,,,,7486702,rtf,740688FF3133371B94AAE322769C18CC,,,N:\\natahaus\\!2009\\2009-07\\[1146114563]Орсон Скотт КАРД Карты в зеркале.-Орсон Скотт КАРД.rtf,0,2000-01-01 01:00:00,2016-04-03 02:51:08,279000/740688ff3133371b94aae322769c18cc-d.jpg,,
21573315,Учебник немецкого для 2 класса школ с углубленным изучением немецкого языка,I,,,"Н. Д. Гальскова, Н. А. Артемова, Т. А. Гаврилова",2005,,АСТ-Пресс Школа,,129,0,Russian,183,www.infanata.com,,,,,,,,,,,,1146114576-хор,0,,,,,,,0,15024530,pdf,6C1B25BCE39332959789AB340DBF41CC,,,"N:\\natahaus\\!2009\\2009-07\\[1146114576]Учебник немецкого для 2 класса школ с углубленным изучением немецкого языка.-Н.Д.Гальскова,Н.А.Артемова,Т.А.Гаврило.pdf",0,2000-01-01 01:00:00,2016-04-03 02:51:08,279000/6c1b25bce39332959789ab340dbf41cc-d.jpg,,
21573316,Учебник немецкого для 2 класса школ с углубленным изучением немецкого языка,II-AB1,,,"Н. Д. Гальскова, Н. А. Артемова, Т. А. Гаврилова",2005,,АСТ-Пресс Школа,,66,0,Russian,183,www.infanata.com,,"5-91052-050-4,5-94776-447-4",,,,,,,,,,1146114576-хор,0,,,,,,,1,6320583,pdf,EB5999F8879E6F1ECC07D41FFF67AA96,,,"N:\\natahaus\\!2009\\2009-07\\[1146114576]Учебник немецкого для 2 класса школ с углубленным изучением немецкого языка.-Н.Д.Гальскова,Н.А.Артемова,Т.А.Гаврило.II-AB1.pdf",0,2000-01-01 01:00:00,2016-04-03 02:51:08,279000/eb5999f8879e6f1ecc07d41fff67aa96-d.jpg,,
21573317,Учебник немецкого для 2 класса школ с углубленным изучением немецкого языка,II-AB2,,,"Н. Д. Гальскова, Н. А. Артемова, Т. А. Гаврилова",2005,,АСТ-Пресс Школа,,66,0,Russian,183,www.infanata.com,,"978-5-94776-556-4,978-5-94776-556-4",,,,,,,,,,1146114576-хор,0,,,,,,,1,6667672,pdf,E63B847DA283AF4A55CE21DC7487CDF1,,,"N:\\natahaus\\!2009\\2009-07\\[1146114576]Учебник немецкого для 2 класса школ с углубленным изучением немецкого языка.-Н.Д.Гальскова,Н.А.Артемова,Т.А.Гаврило.II-AB2.pdf",0,2000-01-01 01:00:00,2016-04-03 02:51:08,279000/e63b847da283af4a55ce21dc7487cdf1-d.jpg,,
21573318,Лекарственные сборы,,,,"Н. И. Протасеня, Ю. В. Василенко",,,,,353,0,Russian,302,www.infanata.com,,5-7707-2937-6,,,,,,,,,,1146114578-,0,,,,,,,0,5494994,djvu,EE9E7285EF462D4F9EE2BCE153A254A9,09c5efd58524795c127315b205d97e61,no,"N:\\natahaus\\!2009\\2009-07\\[1146114578]Лекарственные сборы.-Н.И.Протасеня,Ю.В.Василенко.djvu",0,2000-01-01 01:00:00,2016-04-03 02:51:08,279000/ee9e7285ef462d4f9ee2bce153a254a9-d.jpg,,
21573319,Первая любовь Ходжи Насреддина Поэмы,,,,Т. К. Зульфикаров,1989,,Сов. писатель,М,711,0,Russian,201,www.infanata.com,,5-265-00895-0,,,,,,,,,,1146114590-,0,,,,,,,1,28114462,pdf,DFAAB673FBE181854E32130130320BBE,,,N:\\natahaus\\!2009\\2009-07\\[1146114590]Первая любовь Ходжи Насреддина.-Т.К.Зульфикаров.pdf,0,2000-01-01 01:00:00,2016-04-03 02:51:08,279000/dfaab673fbe181854e32130130320bbe-d.jpg,,
21573320,Советские асы: очерки о советских летчиках,книга 1,,,Николай Георгиевич Бодрихин,1998,,ЗАО КФК ТАМП,,225,0,Russian,64,www.infanata.com,,,,,,,,,,,,1146114597-,0,,,,,,,0,28353334,djvu,00683FC0CFB358F7AD768321E1923AFA,,,N:\\natahaus\\!2009\\2009-07\\[1146114597]Советские асы-очерки о советских летчиках.КН1-Николай Георгиевич Бодрихин.djvu,0,2000-01-01 01:00:00,2016-04-03 02:51:08,279000/00683fc0cfb358f7ad768321e1923afa-d.jpg,,
21573321,Советские асы: очерки о советских летчиках,книга 2,,,Николай Георгиевич Бодрихин,1998,,ЗАО КФК ТАМП,,209,0,Russian,64,www.infanata.com,,,,,,,,,,,,1146114597-,0,,,,,,,0,27617318,djvu,700D9910F109030B93EA6947DC2BA59F,,,N:\\natahaus\\!2009\\2009-07\\[1146114597]Советские асы-очерки о советских летчиках.КН2-Николай Георгиевич Бодрихин.djvu,0,2000-01-01 01:00:00,2016-04-03 02:51:08,279000/700d9910f109030b93ea6947dc2ba59f-d.jpg,,
21573322,"Что, когда и как делать в саду",,,,Кудрявец Р.П.,1997,,Издательский дом Сельская новь,,100,0,Russian,41,www.infanata.com,,,,,,,,,,,,1146114618-хор,0,,,,,,1,0,17311679,pdf,12D0D8033982D14031C6BBE948AC5F03,,,"N:\\natahaus\\!2009\\2009-07\\[1146114618]Что,когда и как делать в саду.-Кудрявец Р.П..pdf",0,2000-01-01 01:00:00,2016-04-03 02:51:08,279000/12d0d8033982d14031c6bbe948ac5f03-d.jpg,,
21573323,Митрополиты Киприанъ и Макарiй -- Книга Степенная Царскаго родословiя,часть 1,,,Митрополиты Киприан и Макарий.,1775,,при Императорском Университете,Москва,588,0,Russian,34,www.infanata.com,,,,,,,,,,,,1146114625-Меж,0,,,,,,,1,71788032,pdf,434A4108933E65CF767F78D68ECF5BBB,,,"N:\\natahaus\\!2009\\2009-07\\[1146114625]Митрополиты Киприанъ и Макарiй -- Книга Степенная Царскаго родословiя.Часть I(М.,1775)..-Митрополиты Киприан и М.pdf",0,2000-01-01 01:00:00,2016-04-03 02:51:08,279000/434a4108933e65cf767f78d68ecf5bbb-d.jpg,,
21573324,Митрополиты Киприанъ и Макарiй -- Книга Степенная Царскаго родословiя,часть 2,,,Митрополиты Киприан и Макарий.,1775,,при Императорском Университете,Москва,298,0,Russian,34,www.infanata.com,,,,,,,,,,,,1146114625-Меж,0,,,,,,,1,37017994,pdf,06DD5698D09A0BF54228D4057443378A,,,"N:\\natahaus\\!2009\\2009-07\\[1146114625]Митрополиты Киприанъ и Макарiй -- Книга Степенная Царскаго родословiя.Часть II(М.,1775)..-Митрополиты Киприан и М.pdf",0,2000-01-01 01:00:00,2016-04-03 02:51:08,279000/06dd5698d09a0bf54228d4057443378a-d.jpg,,
21573325,Арабская грамматика,,,,Хайбуллин И.Н.,,,,,,0,Russian,314,www.infanata.com,,,,,,,,,,,,1146114626-,0,,,,,,,,904330,chm,697C47ACF78633FA79F24DA8E7F11610,,,N:\\natahaus\\!2009\\2009-07\\[1146114626]Арабская грамматика.-Хайбуллин И.Н..chm,0,2000-01-01 01:00:00,2016-04-03 02:51:08,279000/697c47acf78633fa79f24da8e7f11610-d.jpg,,
21573326,Арабская грамматика,,,,Хайбуллин И.Н.,,,,,,0,Russian,314,www.infanata.com,,,,,,,,,,,,1146114626-,0,,,,,,,,81920,doc,E07399AA1BD285CEE3BE1B7F99E2E18B,,,N:\\natahaus\\!2009\\2009-07\\[1146114626]Арабская грамматика.-Хайбуллин И.Н..doc,0,2000-01-01 01:00:00,2016-04-03 02:51:08,279000/e07399aa1bd285cee3be1b7f99e2e18b-d.jpg,,
21573327,Изложение начал мусульманского законоведения,,,,Н. Торнау,1850,,,,623,0,Russian,205,www.infanata.com,,,,,,,,,,,,1146114628-,0,,,,,,,0,8369014,djvu,778BBF48919322067A125C95532F728E,80b6be5e76d6223ad61fd5cf9984ed48,no,N:\\natahaus\\!2009\\2009-07\\[1146114628]Изложение начал мусульманского законоведения.-Н.Торнау.djvu,0,2000-01-01 01:00:00,2016-04-03 02:51:08,279000/778bbf48919322067a125c95532f728e-d.jpg,,
21573328,Изложение начал мусульманского законоведения,,,,Н. Торнау,1850,,,,623,0,Russian,205,www.infanata.com,,,,,,,,,,,,1146114628-,0,,,,,,,0,23719194,pdf,DA0BD34327F0B3DDED28BEC2FAE057EC,,,N:\\natahaus\\!2009\\2009-07\\[1146114628]Изложение начал мусульманского законоведения.-Н.Торнау.pdf,0,2000-01-01 01:00:00,2016-04-03 02:51:08,279000/da0bd34327f0b3dded28bec2fae057ec-d.jpg,,
21573329,"О долге и чести воинской в российской армии Сб. материалов, документов и ст",,,,"Ю. А. Галушко, А. А. Колесников",1990,[2-е изд.],Воениздат,М,369,0,Russian,64,www.infanata.com,,5-203-01404-3,,,,,,,,,OL15468017M,1146114641-хор,0,,,,,,,1,73709874,pdf,4777DDA57A6A66E28C8B6D947FB7FC11,,,"N:\\natahaus\\!2009\\2009-07\\[1146114641]О долге и чести воинской в российской армии.-Ю.А.Галушко,А.А.Колесников.pdf",0,2000-01-01 01:00:00,2016-04-03 02:51:08,279000/4777dda57a6a66e28c8b6d947fb7fc11-d.jpg,,
21573330,"О долге и чести воинской в российской армии Сб. материалов, документов и ст",,,,"Ю. А. Галушко, А. А. Колесников",1990,[2-е изд.],Воениздат,М,369,0,Russian,64,www.infanata.com,,5-203-01404-3,,,,,,,,,OL15468017M,1146114641-хор,0,,,,,,,0,82854818,djvu,A190EE71804CD2C39B7C6EBC174A1175,3247b5af7fb8e11f347d91fee5b56448,no,"N:\\natahaus\\!2009\\2009-07\\[1146114641]О долге и чести воинской в российской армии.-Ю.А.Галушко,А.А.Колесников.OSR.djvu",0,2000-01-01 01:00:00,2016-04-03 02:51:08,279000/A190EE71804CD2C39B7C6EBC174A1175-g.jpg,,
21573331,Основы композиции во флористике,,,,Грегор Лерш,2005,,Издательский дом Самохина,,224,0,Russian,41,www.infanata.com,,3-87170-065-7,,,,,,,,,,1146114652-sca,0,,,,,,,0,66331713,djvu,60655E5CA5317701BB8902EA06D706EA,,,N:\\natahaus\\!2009\\2009-07\\[1146114652]Основы композиции во флористике.-Грегор Лерш.OSR.djvu,0,2000-01-01 01:00:00,2016-04-03 02:51:08,279000/60655e5ca5317701bb8902ea06d706ea-d.jpg,,
21573332,Американские подводные лодки от начала XX века до Второй мировой войны,,,,Кащеев Л.Б.,2002,,АТФ,Харьков,61,0,Russian,64,www.infanata.com,,,,,,,,,,,,1146114658-,0,,,,,,,0,23958124,djvu,3F2C2D3B5FDBB2D25DF67C6164D79EE5,c4903016196e03b91df46ec9825cbc84,no,N:\\natahaus\\!2009\\2009-07\\[1146114658]Американские подводные лодки от начала XX века до Второй мировой войны.-Кащеев Л.Б..djvu,0,2000-01-01 01:00:00,2016-04-03 02:51:08,279000/3f2c2d3b5fdbb2d25df67c6164d79ee5-d.jpg,,
21573333,Американские подводные лодки от начала XX века до Второй мировой войны,,,,Кащеев Л.Б.,2002,,АТФ,Харьков,61,0,Russian,64,www.infanata.com,,,,,,,,,,,,1146114658-,0,,,,,,1,1,30651579,pdf,56C101EFC2CEB0FA698FBDD453B3BF2B,,,N:\\natahaus\\!2009\\2009-07\\[1146114658]Американские подводные лодки от начала XX века до Второй мировой войны.-Кащеев Л.Б..pdf,0,2000-01-01 01:00:00,2016-04-03 02:51:08,279000/56c101efc2ceb0fa698fbdd453b3bf2b-d.jpg,,
21573334,I Школа внетелесных путешествий (ПРАКТИЧЕСКИЙ УЧЕБНИК),,,,Радуга Михаил,,,,,236,0,Russian,205,www.infanata.com,,,,,,,,,,,,1146114663-Отл,0,,,,,,,1,1561032,pdf,033CD984413F15441E0E8316DE0EEBEF,,,N:\\natahaus\\!2009\\2009-07\\[1146114663]I Школа внетелесных путешествий(ПРАКТИЧЕСКИЙ УЧЕБНИК).-Радуга Михаил.pdf,0,2000-01-01 01:00:00,2016-04-03 02:51:08,279000/033cd984413f15441e0e8316de0eebef-d.jpg,,
21573335,II  Школа  внетелесных путешествий (Личные опыты),,,,Радуга Михаил,,,,,244,0,Russian,205,www.infanata.com,,,,,,,,,,,,1146114664-Отл,0,,,,,,,1,936215,pdf,0FF8C5235E4C3451E63934B0EFF72FA0,,,N:\\natahaus\\!2009\\2009-07\\[1146114664]II  Школа  внетелесных путешествий(Личные опыты).-Радуга Михаил.pdf,0,2000-01-01 01:00:00,2016-04-03 02:51:08,279000/0ff8c5235e4c3451e63934b0eff72fa0-d.jpg,,
21573336,Всемирная история разведывательных служб - 1870-1939,том 1,Секретные миссии,,"Фалиго Р., Коффер Р.",1997,,ТЕРРА,,529,0,Russian,64,www.infanata.com,,5-300-01550-4,,,,,,,,,,1146114667-300,0,,,,,,,0,3727476,djvu,A37CE633CB89AD657D2BD00E04F9E9BD,345c5076c1cd3d73316cbc74fd766f42,no,"N:\\natahaus\\!2009\\2009-07\\[1146114667]Всемирная история разведывательных служб - Т.1 - 1870-1939.-Фалиго Р.,Коффер Р..djvu",0,2000-01-01 01:00:00,2016-04-03 02:51:08,279000/a37ce633cb89ad657d2bd00e04f9e9bd-d.jpg,,
21573337,Всемирная история разведывательных служб- 1870-1939,том 1,Секретные миссии,,"Фалиго Р., Коффер Р.",1997,,ТЕРРА,,529,0,Russian,64,www.infanata.com,,5-300-01550-4,,,,,,,,,,1146114667-300,0,,,,,,,0,30857843,pdf,0E28C5911E0B703DEA8E423408BFE8BD,,,"N:\\natahaus\\!2009\\2009-07\\[1146114667]Всемирная история разведывательных служб - Т.1 - 1870-1939.-Фалиго Р.,Коффер Р..pdf",0,2000-01-01 01:00:00,2016-04-03 02:51:08,279000/0e28c5911e0b703dea8e423408bfe8bd-d.jpg,,
21573338,Голубиная книга: Русские народные духовные стихи XI-XIX вв.,,Из золотых кладовых мировой поэзии,,,1991,,Московский рабочий,,352,0,Russian,64,www.infanata.com,,5-239-01136-2,,,,,,,,,OL1346297M,1146114701-отл,0,,,,,,,0,6077201,djvu,B15B07A79EB6835D0F05C039754F0799,5cccf8840d0fecd3eb35d26df47ab06d,no,N:\\natahaus\\!2009\\2009-07\\[1146114701]Голубиная книга-Русские народные духовные стихи XI-XIX вв..-русский народ.djvu,0,2000-01-01 01:00:00,2016-04-03 02:51:08,279000/b15b07a79eb6835d0f05c039754f0799-d.jpg,,
21573339,КВ «Клим Ворошилов» - танк прорыва,,Арсенал коллекция,,М.Коломиец,2006,,"Коллекция, Яуза,  Эксмо",,160,0,Russian,67,www.infanata.com,,5-699-18754-5,,,,,,,,,,1146114703-отл,0,,,,,,1,0,82458531,pdf,2A81486C1B2C78CED0DC95C4C1313062,,,N:\\natahaus\\!2009\\2009-07\\[1146114703]КВ Клим Ворошилов - танк прорыва.-М.Коломиец.pdf,0,2000-01-01 01:00:00,2016-04-03 02:51:08,279000/2a81486c1b2c78ced0dc95c4c1313062-d.jpg,,
21573340,«Юнкерс» Ju 87. Пикирующий бомбардировщик,,Арсенал коллекция,,Медведь А.Н. Хазанов Д.Б.,2007,,"Коллекция, Яуза,  Эксмо",,182,0,Russian,64,www.infanata.com,,978-5-699-23260-4,,,,,,,,,,1146114705-хор,0,,,,,,,0,6947865,djvu,2D5601C6F2792B23F0A7359927197B76,f2c05f575505a529588ed2fe347306f1,no,N:\\natahaus\\!2009\\2009-07\\[1146114705]Юнкерс Ju 87.Пикирующий бомбардировщик.-Медведь А.Н.Хазанов Д.Б..djvu,0,2000-01-01 01:00:00,2016-04-03 02:51:08,279000/2d5601c6f2792b23f0a7359927197b76-d.jpg,,
21573341,Тайна курляндского пирога,,,,Елена Мушкина,2008,,Северный паломник,,350,0,Russian,41,www.infanata.com,,978-5-94431-261-7,,,,,,,,,,1146114720-Сре,0,,,,,,,0,36023229,pdf,C37D135AF2F4A0FDF452D3FCAA4C234E,,,N:\\natahaus\\!2009\\2009-07\\[1146114720]Тайна курляндского пирога.-Елена Мушкина.pdf,0,2000-01-01 01:00:00,2016-04-03 02:51:08,279000/c37d135af2f4a0fdf452d3fcaa4c234e-d.jpg,,
21573342,Всемирная история разведывательных служб - Со времён холодной войны до наших дней,том 2,Секретные миссии,,"Фалиго Р., Коффер Р.",1998,,ТЕРРА,,306,0,Russian,64,www.infanata.com,,5-300-01670-5,,,,,,,,,,1146114721-300,0,,,,,,,0,1708461,djvu,C031BF886CF5FB6117062C2E3C88C368,5acf5081bf4bc5ce24da991e2caca7fe,no,"N:\\natahaus\\!2009\\2009-07\\[1146114721]Всемирная история разведывательных служб - Т.2 - Со времён холодной войны до наших дней.-Фалиго Р.,Коффер Р..djvu",0,2000-01-01 01:00:00,2016-04-03 02:51:08,279000/c031bf886cf5fb6117062c2e3c88c368-d.jpg,,
21573343,Всемирная история разведывательных служб - Со времён холодной войны до наших дней,том 2,Секретные миссии,,"Фалиго Р., Коффер Р.",1998,,ТЕРРА,,308,0,Russian,64,www.infanata.com,,5-300-01670-5,,,,,,,,,,1146114721-300,0,,,,,,,0,18405635,pdf,C60157CAAC290970D7FF31FF362F6154,,,"N:\\natahaus\\!2009\\2009-07\\[1146114721]Всемирная история разведывательных служб - Т.2 - Со времён холодной войны до наших дней.-Фалиго Р.,Коффер Р..pdf",0,2000-01-01 01:00:00,2016-04-03 02:51:08,279000/c60157caac290970d7ff31ff362f6154-d.jpg,,
21573344,Алмазная скрижаль: [роман],,Сокровища Сергея Алексеева,,Арина Веста,2006,,ОЛМА Медиа Групп,Москва,206,0,Russian,64,www.infanata.com,,5-373-00291-7,,,,,,,,,,1146114726-Сре,0,,,,,,,0,49148770,djvu,631EEE5C0FEA7A3491150056A8FD35F6,,,N:\\natahaus\\!2009\\2009-07\\[1146114726]Алмазная скрижаль.-Арина Веста.djvu,0,2000-01-01 01:00:00,2016-04-03 02:51:08,279000/631eee5c0fea7a3491150056a8fd35f6-d.jpg,,
21573345,Детали машин: Учебник для вузов,,Для вузов,,Решетов Д.Н.,1989,4,Машиностроение,,498,0,Russian,183,www.infanata.com,,5-217-00335-9,,,,,,,,,,1146114729-Хор,0,,,,,,1,1,7737684,djvu,32ACF39486B226392D3BE514EE8B6C27,,,N:\\natahaus\\!2009\\2009-07\\[1146114729]Решетов Д.Н.Детали машин-Учебник для вузов(4-е изд.)(1989).-Решетов Д.Н..djvu,0,2000-01-01 01:00:00,2016-04-03 02:51:08,279000/32acf39486b226392d3be514ee8b6c27-d.jpg,,
21573346,Осторожность в гомеопатии,,,,И. Р. Агравал,2007,,Гомеопатическая книга,,28,0,Russian,153,www.infanata.com,,978-5-903139-08-8,,,,,,,,,,1146114731-,0,,,,,,,1,288515,pdf,288A68EFCBE54CE345B315EB045C929B,,,N:\\natahaus\\!2009\\2009-07\\[1146114731]Осторожность в гомеопатии.-И.Р.Агравал.pdf,0,2000-01-01 01:00:00,2016-04-03 02:51:08,279000/288a68efcbe54ce345b315eb045c929b-d.jpg,,
21573347,1941. Танки в битве за Москву,,Великие танковые сражения,,Максим Коломиец,2009,,Яуза [и др.],Москва,170,0,Russian,67,www.infanata.com,,978-5-699-34612-7,,,,,,,,,OL23932269M,1146114733-отл,0,,,,,,1,1,82739035,pdf,A984C078E978B1E04B20C85E129A0D22,,,N:\\natahaus\\!2009\\2009-07\\[1146114733]1941.Танки в битве за Москву.-Коломиец М.В..pdf,0,2000-01-01 01:00:00,2016-04-03 02:51:08,279000/a984c078e978b1e04b20c85e129a0d22-d.jpg,,
21573348,Крейсер «Варяг». Легенда Российского флота,,Арсенал Коллекция,,Катаев В.И.,2008,,"Коллекция, Яуза,  Эксмо",,166,0,Russian,67,www.infanata.com,,978-5-699-29721-4,,,,,,,,,OL23181958M,1146114734-хор,0,,,,,,,1,51050471,pdf,3EF7203C8E9FAD3CD7750C863751B017,,,N:\\natahaus\\!2009\\2009-07\\[1146114734]Крейсер Варяг.Легенда Российского флота.-Катаев В.И..pdf,0,2000-01-01 01:00:00,2016-04-03 02:51:08,279000/3ef7203c8e9fad3cd7750c863751b017-d.jpg,,
21573349,Рабство и данничество у восточных славян,,,,И. Я. Фроянов,1996,,Изд-во С.-Петерб. ун-та,СПб,258,0,Russian,76,www.infanata.com,,5-288-01832-4,,,,,,,,,OL12544786M,1146114735-Выш,0,,,,,,1,0,3236715,djvu,65C1A858E60AF688C65445463E445C2D,4e2231483d4b9444edffc15f7b5586da,no,N:\\natahaus\\!2009\\2009-07\\[1146114735]Рабство и данничество.-И.Я.Фроянов.djvu,0,2000-01-01 01:00:00,2016-04-03 02:51:08,279000/65c1a858e60af688c65445463e445c2d-d.jpg,,
21573350,Свидетели,,,,Гурьян О.,1973,,Детская литература,,161,0,Russian,64,www.infanata.com,0,,,,,,,,,,,1146114746-отл,0,,,,,,,0,3878185,djvu,F0FAC02DE4F80019BC20776433DA0164,1f21e76e5f7106b9406464dba378e125,no,"N:\
atahaus!20092009-07[1146114746]Свидетели.-Гурьян О..djvu",0,2000-01-01 01:00:00,2016-04-03 02:51:08,279000/f0fac02de4f80019bc20776433da0164-d.jpg,,
21573351,Словарь здоровья Ванги - От Астмы до Язвы,,,,Сост. - Красимир Стоянов,1993,,Издательство стандартов,,42,0,Russian,164,www.infanata.com,,,,,,,,,,,,1146114752-хор,0,,,,,,1,0,1912588,pdf,BEB280034B50C254194DECEFBED74D95,,,N:\\natahaus\\!2009\\2009-07\\[1146114752]Словарь здоровья Ванги - От Астмы до Язвы.-Сост.- Красимир Стоянов.pdf,0,2000-01-01 01:00:00,2016-04-03 02:51:08,279000/beb280034b50c254194decefbed74d95-d.jpg,,
21573352,История Ассирии,,Древнейшая история Востока,,З. А. Рагозина,1902,,"Издание А. Ф. Маркса, Санкт-Петербург",,517,0,Russian,64,www.infanata.com,,,,,,,,,,,,1146114767-Нор,0,,,,,,,0,15877715,djvu,D1D091F794D9971D71EB6162F817767E,52c63a5eaf1808cedc58470a84c0f438,no,N:\\natahaus\\!2009\\2009-07\\[1146114767]История Ассирии.-З.А.Рагозина.djvu,0,2000-01-01 01:00:00,2016-04-03 02:51:08,279000/d1d091f794d9971d71eb6162f817767e-d.jpg,,
21573353,Очерки истории Финляндии от древнейших времен до начала XX столетия,,,,М. А. Лялина,1908,,"Издание В. Березовского, Санкт-Петербург",,305,0,Russian,64,www.infanata.com,,,,,,,,,,,,1146114771-Нор,0,,,,,,,0,4053947,djvu,C79E437A1611754DAF18B44463F22696,89251fc72735bdfe69925b930d9e7e86,no,N:\\natahaus\\!2009\\2009-07\\[1146114771]Очерки истории Финляндии от древнейших времен до начала XX столетия.-М.А.Лялина.djvu,0,2000-01-01 01:00:00,2016-04-03 02:51:08,279000/c79e437a1611754daf18b44463f22696-d.jpg,,
21573354,Цахурский язык,,,,Ибрагимов Г.Х.,1990,,Наука,М,239,0,Russian,314,www.infanata.com,,5-02-010989-4,,,,,,,,,OL1584188M,1146114773-хор,0,,,,,,,0,3568929,djvu,CFA056A42F287C6E85FCB656DB37E660,7036694533833f89ba45ef97827aa1cf,no,N:\\natahaus\\!2009\\2009-07\\[1146114773]Цахурский язык.Монография.-Ибрагимов Г.Х..djvu,0,2000-01-01 01:00:00,2016-04-03 02:51:08,279000/cfa056a42f287c6e85fcb656db37e660-d.jpg,,
21573355,"Sherlock Holmes and the Sport of Kings – адаптированная книга (Oxford Bookworms Library, stage 1)",,"Oxford Bookworms Library, stage 1",,"Sir Arthur Conan Doyle, Jennifer Bassett",,,Oxford University Press,,60,0,English,183,www.infanata.com,,"9780194229623,0-19-422962-9",,,,,,,,,OL10129091M,1146114782-128,0,,,,,,,0,843957,djvu,A5301F93080F49F6ED37661B018F73EB,c2b0fa4de8cdfc1a0e44a3005d8d191e,no,"N:\\natahaus\\!2009\\2009-07\\[1146114782]Sherlock Holmes and the Sport of Kings - адаптированная книга(Oxford Bookworms Library,stage 1)+ аудио.-Sir Arthur .djvu",0,2000-01-01 01:00:00,2016-04-03 02:51:08,279000/a5301f93080f49f6ed37661b018f73eb-d.jpg,,
21573356,"Sherlock Holmes and the Sport of Kings – адаптированная книга (Oxford Bookworms Library, stage 1)",,"Oxford Bookworms Library, stage 1",,"Sir Arthur Conan Doyle, Jennifer Bassett",,,Oxford University Press,,60,0,English,183,www.infanata.com,,"9780194229623,0-19-422962-9",,,,,,,,,OL10129091M,1146114782-128,0,,,,,,,,85504,doc,D84D5357CC1D7B7FC2E35679D0B086BE,,,"N:\\natahaus\\!2009\\2009-07\\[1146114782]Sherlock Holmes and the Sport of Kings - адаптированная книга(Oxford Bookworms Library,stage 1)+ аудио.-Sir Arthur .doc",0,2000-01-01 01:00:00,2016-04-03 02:51:08,279000/d84d5357cc1d7b7fc2e35679d0b086be-d.jpg,,
21573357,Компьютерные сети для продвинутых пользователей,,С компьютером на ты,,Топорков С. С.,2005,,ДМК Пресс,,96,0,Russian,99,www.infanata.com,,5-94074-093-6,,,,,,,,,,1146114785-Отл,0,,,,,,,1,2561563,pdf,216A109A86CCF93CC880C075542D909D,,,N:\\natahaus\\!2009\\2009-07\\[1146114785]Компьютерные сети для продвинутых пользователей.-Топорков С.С..pdf,0,2000-01-01 01:00:00,2016-04-03 02:51:08,279000/216A109A86CCF93CC880C075542D909D-g.jpg,,
21573358,Русско-китайский железнодорожный словарь,,,,Ма Цзяцзюй (отв. редактор),1983,,Китайское железнодорожное издательство,,1892,0,Russian,322,www.infanata.com,,,,,,,,,,,,1146114790-,0,,,,,,,0,35410241,djvu,390119BD827BC233F85D753E8AE392EB,582873499ae1ab2a6b509b12f3a78f8e,no,N:\\natahaus\\!2009\\2009-07\\[1146114790]Русско-китайский железнодорожный словарь.-Ма Цзяцзюй(отв.редактор).djvu,0,2000-01-01 01:00:00,2016-04-03 02:51:08,279000/390119bd827bc233f85d753e8ae392eb-d.jpg,,
21573359,Полоцкая княжна Мария Васильковна — автор «Слова о полку Игореве». Исследования тайнописи,,Наследие Полоцкой земли. Выпуск 6.,,"Сумаруков Г. В., Серегина Н. С.",2008,,А. И. Судник,,57,0,Russian,181,www.infanata.com,,978-985-6650-53-9,,,,,,,,,OL24576447M,1146114819-При,0,,,,,,,1,1652297,pdf,9C3B95176F749A31EA026AC5794E0E15,,,"N:\\natahaus\\!2009\\2009-07\\[1146114819]Полоцкая княжна Мария Васильковна - автор Слова о полку Игореве.Исследования тайнописи.-Сумаруков Г.В.,Серегина Н.pdf",0,2000-01-01 01:00:00,2016-04-03 02:51:08,279000/9c3b95176f749a31ea026ac5794e0e15-d.jpg,,
21573360,Абазинский язык. Грамматический очерк наречия Тапанта,,,,Генко А.Н.,1955,,Академия наук СССР,Москва,207,0,Russian,314,www.infanata.com,,,,,,,,,,,,1146114822-сре,0,,,,,,,0,5211496,djvu,CC6BDE6E9D6606E82F6F220C47098DF1,49a83142feae52d068d298b05c63fb5b,no,N:\\natahaus\\!2009\\2009-07\\[1146114822]Абазинский язык.Грамматический очерк наречия Тапанта.-Генко А.Н..djvu,0,2000-01-01 01:00:00,2016-04-03 02:51:08,279000/cc6bde6e9d6606e82f6f220c47098df1-d.jpg,,
21573361,Войны античности от Греко-персидских войн до падения Рима: Ил. история: [Пер. с англ.],,Иллюстрированная история,,Джон Вэрри,2004,,Эксмо,М,208,0,Russian,64,www.infanata.com,,5-699-04128-1,,,,,,,,,,1146114825-Сре,0,,,,,,,0,16425971,djvu,342A6B707DF9C017A6B4FEC7B6F3E4CF,7ef22d67b62b8db853c848a0fcd6b6ef,no,N:\\natahaus\\!2009\\2009-07\\[1146114825]Войны античности от греко-персидских войн до падения Рима.-Джон Вэрри.djvu,0,2000-01-01 01:00:00,2016-04-03 02:51:08,279000/342A6B707DF9C017A6B4FEC7B6F3E4CF-g.jpg,,
21573362,Определитель пауков европейской части СССР,,"Определители по фауне, издаваемые Зоологическим институтом Академии наук СССР",,Виктор Петрович Тыщенко,1971,,Ленинград. Наука,,283,0,Russian,23,www.infanata.com,,,,,,,,,,,,1146114827-хор,0,,,,,,,0,17289974,djvu,F9D71DBF38C475307A0E205A28DBAA90,de2b28d6cd54d1391eedf0aa9721b169,no,N:\\natahaus\\!2009\\2009-07\\[1146114827]Определитель пауков европейской части СССР.-Виктор Петрович Тыщенко.djvu,0,2000-01-01 01:00:00,2016-04-03 02:51:08,279000/f9d71dbf38c475307a0e205a28dbaa90-d.jpg,,
21573363,Определитель пауков европейской части СССР,,"Определители по фауне, издаваемые Зоологическим институтом Академии наук СССР",,Виктор Петрович Тыщенко,1971,,Ленинград. Наука,,283,0,Russian,23,www.infanata.com,,,,,,,,,,,,1146114827-хор,0,,,,,,,0,17290463,djvu,485B305B086A41480C53D1149AAFA187,8837280acf12b2aa05363ae9d4bf71b0,no,N:\\natahaus\\!2009\\2009-07\\[1146114827]Определитель пауков европейской части СССР.-Виктор Петрович Тыщенко.I.djvu,0,2000-01-01 01:00:00,2016-04-03 02:51:08,279000/485b305b086a41480c53d1149aafa187-d.jpg,,
21573364,Колосс поверженный: Красная Армия в 1941 году,,Великая Отечественная: цена Победы,,Дэвид Гланц (пер. с англ. В.Федорова),2008,,"Яуза, Эксмо",Москва,540,0,Russian,64,www.infanata.com,,978-5-699-27781-0,,,,,,,,,,1146114844-отл,0,,,,,,1,0,21866440,pdf,418F6F2C3ECB917FCA90321DE510C6FC,,,N:\\natahaus\\!2009\\2009-07\\[1146114844]Гланц Д.Колосс поверженный.Красная армия в 1941 году.-Дэвид Гланц(пер.с англ.В.Федорова).pdf,0,2000-01-01 01:00:00,2016-04-03 02:51:08,279000/418f6f2c3ecb917fca90321de510c6fc-d.jpg,,
21573365,Поэзия эпохи Тан (VII—X вв.),,Библиотека китайской литературы,,,1987,,Художественная литература,,483,0,Russian,109,www.infanata.com,,,,,,,,,,,,1146114851-,0,,,,,,,1,11121759,pdf,DEF501928110014C6701FB033844CBC4,,,N:\\natahaus\\!2009\\2009-07\\[1146114851]Поэзия эпохи Тан(VII-X вв.).-редколлегия.pdf,0,2000-01-01 01:00:00,2016-04-03 02:51:08,279000/def501928110014c6701fb033844cbc4-d.jpg,,
21573366,"Секрет женского здоровья, или мышцы любви",,,,Белова Н.П.,2004,,Продолжение Жизни,СПб,193,0,Russian,164,www.infanata.com,,5-94730-003-6,,,,,,,,,,1146114864-хор,0,,,,,,,1,42109603,djvu,D3D058CB01B88172FA8E0689CC566267,,,"N:\\natahaus\\!2009\\2009-07\\[1146114864]Секрет женского здоровья,или мышцы любви..-Белова Н.П.OSR.djvu",0,2000-01-01 01:00:00,2016-04-03 02:51:08,279000/d3d058cb01b88172fa8e0689cc566267-d.jpg,,
21573367,Истребитель Як-9: заслуженный ''фронтовик'',,Арсенал коллекция,,Якубович Н.В.,2008,,Эксмо [и др.],Москва,118,0,Russian,67,www.infanata.com,,978-5-699-29168-7,,,,,,,,,OL23219653M,1146114871-хор,0,,,,,,1,1,46982043,pdf,4D0A28BD1C2783FAE864AEB62C71EA0F,,,N:\\natahaus\\!2009\\2009-07\\[1146114871]Истребитель Як-9.Заслуженный фронтовик.-Якубович Н.В..pdf,0,2000-01-01 01:00:00,2016-04-03 02:51:08,279000/4d0a28bd1c2783fae864aeb62c71ea0f-d.jpg,,
21573368,Сады на крышах,,Дизайн сада,,Титова Н.,2003,,ОЛМА-пресс Гранд,М,115,0,Russian,58,www.infanata.com,,5-94846-049-5,,,,,,,,,,1146114874-хор,0,,,,,,1,0,27171962,pdf,AE09FDABE13C24BAE62DFE52403EB9F9,,,N:\\natahaus\\!2009\\2009-07\\[1146114874]Сады на крышах.-Титова Н.pdf,0,2000-01-01 01:00:00,2016-04-03 02:51:08,279000/ae09fdabe13c24bae62dfe52403eb9f9-d.jpg,,
21573369,Календарь животновода-любителя,,Приусадебное хозяйство,,А.Ф. Зипер,2003,,"Аст, Сталкер",,73,0,Russian,23,www.infanata.com,0,5-17-021076-0,,,,,,,,,,1146114878-хор,0,,,,,,,1,4678722,pdf,D2665DF7A03B4C6DEA333F82BAE087DC,,,"N:\
atahaus!20092009-07[1146114878]Календарь животновода-любителя.-А.Ф.Зипер.pdf",0,2000-01-01 01:00:00,2016-04-03 02:51:08,279000/d2665df7a03b4c6dea333f82bae087dc-d.jpg,,
21573370,Картофель в натуральном питании,,Миллион меню,,Потемкина Л.В.,2008,,Аркаим,,25,0,Russian,56,www.infanata.com,,978-5-8029-1777-0,,,,,,,,,,1146114908-хор,0,,,,,,,0,6793075,pdf,F329D4C3562DE35FA1664EED24D6CC53,,,N:\\natahaus\\!2009\\2009-07\\[1146114908]Картофель в натуральном питании.-Потемкина Л.В..pdf,0,2000-01-01 01:00:00,2016-04-03 02:51:08,279000/f329d4c3562de35fa1664eed24d6cc53-d.jpg,,
21573371,Рисунок. Полный курс,,,,Стен Смит,2005,,"АСТ, Астрель",,151,0,Russian,59,www.infanata.com,,5-271-01197-6,,,,,,,,,,1146114916-хор,0,,,,,,,0,45186277,djvu,0B88ACA0B435DC7DAA7BC5E221BA74EA,,,N:\\natahaus\\!2009\\2009-07\\[1146114916]Рисунок.Полный курс.-Стен Смит.djvu,0,2000-01-01 01:00:00,2016-04-03 02:51:08,279000/0B88ACA0B435DC7DAA7BC5E221BA74EA-g.jpg,,
21573372,Немецко-русский ракетно-артиллерийский словарь,,,,Артемов А.П.,1982,,Военное издательство Министерства обороны СССР,M,847,0,Russian,67,www.infanata.com,,,,,,,,,,,,1146114929-Отс,0,,,,,,,0,6676102,djvu,597B748339E3204A41D3D29E2FC22A03,f23822cbecbe065a834a270520a296df,no,N:\\natahaus\\!2009\\2009-07\\[1146114929]Немецко-русский ракетно-артиллерийский словарь.-Артемов А.П..djvu,0,2000-01-01 01:00:00,2016-04-03 02:51:08,279000/597b748339e3204a41d3d29e2fc22a03-d.jpg,,
21573373,Немецко-русский ракетно-артиллерийский словарь,,,,Артемов А.П.,1982,,Военное издательство Министерства обороны СССР,M,424,0,Russian,67,www.infanata.com,,,,,,,,,,,,1146114929-Отс,0,,,,,,,0,7758093,djvu,E09AA85BADE5973D51F58899352A39B5,097d86d0cacbda97ce20aec2f58de865,no,N:\\natahaus\\!2009\\2009-07\\[1146114929]Немецко-русский ракетно-артиллерийский словарь.-Артемов А.П.II.djvu,0,2000-01-01 01:00:00,2016-04-03 02:51:08,279000/e09aa85bade5973d51f58899352a39b5-d.jpg,,
21573374,Фотография. Полная энциклопедия,,,,Том Энг,2007,,АСТ,,348,0,Russian,63,www.infanata.com,,5-17-040209-0,,,,,,,,,OL12542270M,1146114930-Хор,0,,,,,,1,0,29808575,pdf,2263F7CDC1BAF1C9ECCD42EF8D40605D,,,N:\\natahaus\\!2009\\2009-07\\[1146114930]Фотография.Полная энциклопедия.-Том Энг.pdf,0,2000-01-01 01:00:00,2016-04-03 02:51:08,279000/2263f7cdc1baf1c9eccd42ef8d40605d-d.jpg,,
21573375,Электричкой в горы: путеводитель,,С рюкзаком в даль неведомую,,"А.А. Самойленко, А.В. Твердый",2008,,Платонов,[Майкоп],255,0,Russian,32,www.infanata.com,,5-9619-0010-X,,,,,,,,,,1146114933-хор,0,,,,,,,0,7857346,djvu,713B68BB8F0F087D131C7B09B65653E5,f723d666e5e4d42cf4255a62d806c689,no,"N:\\natahaus\\!2009\\2009-07\\[1146114933]Электричкой в горы-путеводитель..-А.А.Самойленко,А.В.Твердый.djvu",0,2000-01-01 01:00:00,2016-04-03 02:51:08,279000/713b68bb8f0f087d131c7b09b65653e5-d.jpg,,
21573376,Памятка для стропальщика по безопасному производству работ грузоподъемными машинами,,Госгортехнадзор России,,"В.С. Котельников, Н.А. Шишков",2004,,Научно-технический центр по безопасности в промышленности Госгортехнадзора России,,56,0,Russian,210,www.infanata.com,,5-93586-108-9,,,,,,,,,,1146114944-нор,0,,,,,,,,8022016,doc,74FF764E548DA7CB0AE9A2696FDBB8FB,,,"N:\\natahaus\\!2009\\2009-07\\[1146114944]Памятка для стропальщика по безопасному производству работ грузоподъемными машинами.-В.С.Котельников,Н.А.Шишков.doc",0,2000-01-01 01:00:00,2016-04-03 02:51:08,279000/74ff764e548da7cb0ae9a2696fdbb8fb-d.jpg,,
21573377,Путешествие в загадочную Скифию,,Страницы истории нашей Родины,,"В.С. Котельников, Н.А. Шишков",2004,,Наука,,210,0,Russian,236,www.infanata.com,,5-93586-108-9,,,,,,,,,,1146114944-нор,0,,,,,,,1,6814361,djvu,DC6DD0C9B14C34AE688E369C1AF9B478,,,"N:\\natahaus\\!2009\\2009-07\\[1146114944]Памятка для стропальщика по безопасному производству работ грузоподъемными машинами.-В.С.Котельников,Н.А.Шишков.OSR.djvu",0,2000-01-01 01:00:00,2016-04-03 02:51:08,279000/dc6dd0c9b14c34ae688e369c1af9b478-d.jpg,,
21573378,Криминалистическое исследование общих и частных признаков почерка,,,,"Рубцова И. И., Соколов С. В., Сысоева Л. А.",2005,,ЭКЦ МВД России,,64,0,Russian,311,www.infanata.com,,,,,,,,,,,,1146114953-хор,0,,,,,,,,7195700,docx,8DE51EA7E3F939DF6EEEB9BAE69F3F2A,,,"N:\\natahaus\\!2009\\2009-07\\[1146114953]Рубцова И.И.,Соколов С.В.и др.Криминалистическое исследование общих и частных признаков почерка.-Рубцова И.И.,Сокол.docx",0,2000-01-01 01:00:00,2016-04-03 02:51:08,279000/8de51ea7e3f939df6eeeb9bae69f3f2a-d.jpg,,
21573379,Криминалистическое исследование общих и частных признаков почерка,,,,"Рубцова И. И., Соколов С. В., Сысоева Л. А.",2005,,ЭКЦ МВД России,,64,0,Russian,311,www.infanata.com,,,,,,,,,,,,1146114953-хор,0,,,,,,,1,4734463,pdf,B0AD404EAFFB8A12A661D122673DBA89,,,"N:\\natahaus\\!2009\\2009-07\\[1146114953]Рубцова И.И.,Соколов С.В.и др.Криминалистическое исследование общих и частных признаков почерка.-Рубцова И.И.,Сокол.pdf",0,2000-01-01 01:00:00,2016-04-03 02:51:08,279000/b0ad404eaffb8a12a661d122673dba89-d.jpg,,
21573380,Эффективные способы лечения домашней птицы в фермерском хозяйстве,,Приусадебное хозяйство,,А.Ф. Зипер,2006,,АСТ,М,73,0,Russian,23,www.infanata.com,,5-17-033708-6,,,,,,,,,,1146114956-хор,0,,,,,,,1,5526097,pdf,C4EFFCF7B3D1064698EAFD1ED30BBACB,,,N:\\natahaus\\!2009\\2009-07\\[1146114956]Эффективные способы лечения домашней птицы в фермерском хозяйстве.-А.Ф.Зипер.pdf,0,2000-01-01 01:00:00,2016-04-03 02:51:08,279000/c4effcf7b3d1064698eafd1ed30bbacb-d.jpg,,
21573381,"Реальный Уличный Бой — система выживания на улице, в армии, в тюрьме, в обществе",,,,Силлов Дмитрий,2005,,Эксмо,,317,0,Russian,293,www.infanata.com,0,5-699-05938-5,,,,,,,,,,1146114969-,0,,,,,,,1,7549849,pdf,5B2776BB20A15DB31CE7012810E3CD35,,,"N:\
atahaus!20092009-07[1146114969]Реальный Уличный Бой - система выживания на улице,в армии,в тюрьме,в обществе.-Силлов Дмитрий.pdf",0,2000-01-01 01:00:00,2016-04-03 02:51:08,279000/5b2776bb20a15db31ce7012810e3cd35-d.jpg,,
21573382,Безопасность труда в строительстве. Общие требования. СНиП 12-03-2001,часть 1,,,Государственный комитет Российской Федерации по строительству и жилищн,2003,,ЦСИ,,80,0,Russian,236,www.infanata.com,,,,,,,,,,,,1146114982-нор,0,,,,,,,0,477294,djvu,F5D0F78E529F1684D2E264E81E2DC526,3096c7b3c29e5e19ce24684dd00a13e1,no,N:\\natahaus\\!2009\\2009-07\\[1146114982]Безопасность труда в строительстве.Часть 1.Общие требования.СНиП 12-03-2001.-Государственный комитет Российской Фед.djvu,0,2000-01-01 01:00:00,2016-04-03 02:51:08,279000/f5d0f78e529f1684d2e264e81e2dc526-d.jpg,,
21573383,Спальни.,,Интерьер вашего дома,,пер.с исп.Кантовой Е.А.,2004,,АСТ-ПРЕСС КНИГА,М.,128,0,Russian,41,www.infanata.com,,,,,,,,,,,,1146115001-хор,0,,,,,,,0,9228623,djvu,87CA8FCF5B37A7BAEFAE8E0FE9C1AD45,77309479ad291e1f4ae3aed76e56caa3,no,N:\\natahaus\\!2009\\2009-07\\[1146115001]Спальни..-пер.с исп.Кантовой Е.А..djvu,0,2000-01-01 01:00:00,2016-04-03 02:51:08,279000/87ca8fcf5b37a7baefae8e0fe9c1ad45-d.jpg,,
21573384,Судебные экспертизы на стадии досудебного уголовного судопроизводства,часть 1,,,"Алешина И. Ф., Бакин Е. А.",2003,,Генеральная прокуратура Российской Федерации,,80,0,Russian,210,www.infanata.com,,,,,,,,,,,,1146115013-хор,0,,,,,,,,428032,doc,7F2BA5054402CD2DA13D9AA0E87A3F20,,,"N:\\natahaus\\!2009\\2009-07\\[1146115013]Алешина И.Ф.,Бакин Е.А.Судебные экспертизы на стадии досудебного уголовного судопроизводства.Ч.I и II..-Алешина И.Ф.чI.doc",0,2000-01-01 01:00:00,2016-04-03 02:51:08,279000/7f2ba5054402cd2da13d9aa0e87a3f20-d.jpg,,
21573385,Психология успеха: как влиять на людей и управлять собой Зарубеж. опыт: Советы и тесты выдающихся менеджеров и психологов по руководству людьми,,,,Ирхин Юрий Васильевич,1992,,Изд-во Рос. ун-та дружбы народов,М,42,0,Russian,198,www.infanata.com,,5-209-00461-9,,,,,,,,,,1146115024-хор,0,,,,,,,0,14464598,pdf,C15FEE53290453189DAAE4B76FEB40D6,,,N:\\natahaus\\!2009\\2009-07\\[1146115024]Психология успеха-как влиять на людей и управлять собой.-Ирхин Юрий Васильевич.pdf,0,2000-01-01 01:00:00,2016-04-03 02:51:08,279000/c15fee53290453189daae4b76feb40d6-d.jpg,,
21573386,Рыцари Востока,,,,В. О. Шпаковский,,,Поматур,,113,0,Russian,64,www.infanata.com,,5-86208-056-2,,,,,,,,,,1146115026-,0,,,,,,,0,17780583,pdf,C81D2964250FD001FE3F9379A3D539B5,,,N:\\natahaus\\!2009\\2009-07\\[1146115026]Рыцари Востока.-В.О.Шпаковский.pdf,0,2000-01-01 01:00:00,2016-04-03 02:51:08,279000/c81d2964250fd001fe3f9379a3d539b5-d.jpg,,
21573387,Технология производства кормов,,Приусадебное хозяйство,,С.Н. Александров,2003,,"АСТ, Сталкер","М., [Донецк]",120,0,Russian,210,www.infanata.com,,"5-17-017366-0,966-696-031-1",,,,,,,,,,1146115033-хор,0,,,,,,,1,11366564,pdf,0974104E670E162CBC9226622D9FFEA5,,,N:\\natahaus\\!2009\\2009-07\\[1146115033]Технология производства кормов.-С.Н.Александров.pdf,0,2000-01-01 01:00:00,2016-04-03 02:51:08,279000/0974104e670e162cbc9226622d9ffea5-d.jpg,,
21573388,Растительные корма. Производство и применение,,Приусадебное хозяйство,,А.Ф. Зипер,2005,,"Аст, Сталкер",,111,0,Russian,210,www.infanata.com,,5-17-028797-6,,,,,,,,,,1146115036-хор,0,,,,,,,1,10235954,pdf,DFA4B0C44A63C797CDE2439605C9E24F,,,N:\\natahaus\\!2009\\2009-07\\[1146115036]Растительные корма.Производство и применение.-А.Ф.Зипер.pdf,0,2000-01-01 01:00:00,2016-04-03 02:51:08,279000/dfa4b0c44a63c797cde2439605c9e24f-d.jpg,,
21573389,Технология производства молока,,Приусадебное хозяйство,,С.Н. Александров,2004,,"Аст, Сталкер",,121,0,Russian,210,www.infanata.com,,5-17-024207-7,,,,,,,,,,1146115037-хор,0,,,,,,,1,9894009,pdf,C0FB8AA0646DB4EF79E2B1D91E60FD88,,,N:\\natahaus\\!2009\\2009-07\\[1146115037]Технология производства молока.-С.Н.Александров.pdf,0,2000-01-01 01:00:00,2016-04-03 02:51:08,279000/c0fb8aa0646db4ef79e2b1d91e60fd88-d.jpg,,
21573390,Житие протопопа Аввакума; Протопоп Аввакум. Его жизнь и деятельность,,,,Аввакум Петров; Мякотин В.А,2002,,Захаров,,198,0,Russian,64,www.infanata.com,0,5-8159-0212-8,,,,,,,,,OL12587620M,1146115041-отл,0,,,,,,,0,3665577,djvu,71A4E3CC38D0C39C96C6D9D8015854BA,1a20c151c13f928fa48adbdebd466b83,no,"N:\
atahaus!20092009-07[1146115041]Житие протопопа Аввакума; Протопоп Аввакум.Его жизнь и деятельность.-Аввакум Петров; Мякотин В.А.djvu",0,2000-01-01 01:00:00,2016-04-03 02:51:08,279000/71a4e3cc38d0c39c96c6d9d8015854ba-d.jpg,,
21573391,Тибетские сказки,,,,Норбу Чопел (составитель),1996,,Путь к себе,Москва,130,0,Russian,205,www.infanata.com,,,,,,,,,,,,1146115047-хор,0,,,,,,,0,1262943,djvu,61FE7542FB96A31151B43B9775454D2E,2d4143d3d6c1f466e30698ccf9b3b9bc,no,N:\\natahaus\\!2009\\2009-07\\[1146115047]Тибетские сказки.Из собрания Норбу Чопела.-Норбу Чопел(составитель).djvu,0,2000-01-01 01:00:00,2016-04-03 02:51:08,279000/61fe7542fb96a31151b43b9775454d2e-d.jpg,,
21573392,Тексты пирамид,часть 1,Александрийская библиотека. Серия Египет,,,2000,,"Лет. Сад, Журн. ''Нева''",СПб,144,0,Russian,314,www.infanata.com,,"5-87516-166-3,5-89740-068-7",,,,,,,,,OL12589810M,1146115050-сре,0,,,,,,,0,4132820,djvu,D432773AB5A5D5F3F27DDB729E9C9668,6f79de435a71330db68c0e24e1040199,no,"N:\\natahaus\\!2009\\2009-07\\[1146115050]Тексты пирамид.-Санкт-Петербург.Журнал Нева,Летний сад.ч1.djvu",0,2000-01-01 01:00:00,2016-04-03 02:51:08,279000/d432773ab5a5d5f3f27ddb729e9c9668-d.jpg,,
21573393,Тексты пирамид,часть 2,Александрийская библиотека. Серия Египет,,,2000,,"Лет. Сад, Журн. ''Нева''",СПб,39,0,Russian,314,www.infanata.com,,"5-87516-166-3,5-89740-068-7",,,,,,,,,OL12589810M,1146115050-сре,0,,,,,,,0,3130635,djvu,823FE1DDA5337FB44AEC2F30D72AC5A1,336526637d06e4e190365c5438bf82d4,no,"N:\\natahaus\\!2009\\2009-07\\[1146115050]Тексты пирамид.-Санкт-Петербург.Журнал Нева,Летний сад.ч2.djvu",0,2000-01-01 01:00:00,2016-04-03 02:51:08,279000/823fe1dda5337fb44aec2f30d72ac5a1-d.jpg,,
21573394,Алиса в стране математики,,,,Лев Генденштейн,1994,,Прапор,Харьков,294,0,Russian,113,www.infanata.com,,5-86906-066-4,,,,,,,,,,1146115052-выш,0,,,,,,,0,5903206,djvu,DB88EC113B9CDBCD8AD24B7D2C34CA0F,860e30c7a7286bcd55d85c039e330e09,no,N:\\natahaus\\!2009\\2009-07\\[1146115052]Алиса в стране математики.-Лев Генденштейн.djvu,0,2000-01-01 01:00:00,2016-04-03 02:51:08,279000/db88ec113b9cdbcd8ad24b7d2c34ca0f-d.jpg,,
21573395,ALT Linux снаружи,,,,А. Горбачёв и др.,2006,,ДМК Пресс,,98,0,Russian,85,www.infanata.com,,5-9706-0029-6,,,,,,,,,,1146115062-Отл,0,,,,,,,1,1904875,pdf,6C7A7F5A764DD458DBCE1C3CD8E74029,,,N:\\natahaus\\!2009\\2009-07\\[1146115062]ALT Linux снаружи.-А.Горбачёв и др..pdf,0,2000-01-01 01:00:00,2016-04-03 02:51:08,279000/6c7a7f5a764dd458dbce1c3cd8e74029-d.jpg,,
21573396,Генеральный штаб в предвоенные годы: [сборник],,Неизвестные войны,,М.В. Захаров,2005,,"АСТ, ЛЮКС",М,758,0,Russian,64,www.infanata.com,,"5-17-029679-7,5-9660-1412-4",,,,,,,,,,1146115066-отл,0,,,,,,1,0,58761354,pdf,295E48C76E33F74569E9060C9DAE8BCD,,,N:\\natahaus\\!2009\\2009-07\\[1146115066]Генеральный штаб в предвоенные годы.-М.В.Захаров.pdf,0,2000-01-01 01:00:00,2016-04-03 02:51:08,279000/295e48c76e33f74569e9060c9dae8bcd-d.jpg,,
21573397,Оформление дипломного проекта на пк,,,,Кудрявцев Е. М.,2004,,ДМК Пресс,,224,0,Russian,69,www.infanata.com,,5-98003-126-7,,,,,,,,,,1146115067-Отл,0,,,,,,,1,5091022,pdf,839B0F25611CB311512D6FC6BD600DA9,,,N:\\natahaus\\!2009\\2009-07\\[1146115067]Оформление дипломного проекта на пк.-Кудрявцев Е.М..pdf,0,2000-01-01 01:00:00,2016-04-03 02:51:08,279000/839b0f25611cb311512d6fc6bd600da9-d.jpg,,
21573398,Guitar College. Special acoustic 1. Сборник для акустической гитары.,,Guitar College,,,2003,,Guitar College,,49,0,Russian,272,www.infanata.com,,,,,,,,,,,,1146115069-отл,0,,,,,,,0,2500421,djvu,30875BC13D1229B9B51C5116DC7066C6,bf6cf2d10d6534ad1cfe6c7fece238bd,no,N:\\natahaus\\!2009\\2009-07\\[1146115069]Guitar College.Special acoustic 1.Сборник для акустической гитары..djvu,0,2000-01-01 01:00:00,2016-04-03 02:51:08,279000/30875bc13d1229b9b51c5116dc7066c6-d.jpg,,
21573399,"Электрооборудование автомобиля ВАЗ-2106, 21061, 21063, 21065. Неисправности и их устранение",,,,"Бессонов С. Г., Калинин М. И.",1994,,Политекс,,48,0,Russian,210,www.infanata.com,,,,,,,,,,,,1146115072-,0,,,,,,,0,4490793,djvu,D55E53151B7FD5F2D919AD12FC2D4B7D,,,"N:\\natahaus\\!2009\\2009-07\\[1146115072]Электрооборудование автомобиля ВАЗ-2106,21061,21063,21065.Неисправности и их устранение.-Бессонов С.Г.,Калинин М.И..djvu",0,2000-01-01 01:00:00,2016-04-03 02:51:08,279000/d55e53151b7fd5f2d919ad12fc2d4b7d-d.jpg,,
21573400,Советское военное чудо. 1941-1943: возрождение Красной Армии: [перевод с английского],,Великая Отечественная: гриф секретности снят,,Дэвид Гланц (пер. с англ. В.Федорова),2008,,Эксмо,Москва,639,0,Russian,64,www.infanata.com,,978-5-699-31040-1,,,,,,,,,,1146115074-отл,0,,,,,,1,0,44019151,pdf,36FB1DFFCFA2A6EEC5821538193ABB93,,,N:\\natahaus\\!2009\\2009-07\\[1146115074]Советское военное чудо 1941-1943.Возрождение Красной Армии.-Дэвид Гланц(пер.с англ.В.Федорова).pdf,0,2000-01-01 01:00:00,2016-04-03 02:51:08,279000/36fb1dffcfa2a6eec5821538193abb93-d.jpg,,
21573401,Лучшие почтовые программы,,,,Топорков С. С.,2006,,ДМК Пресс,,296,0,Russian,69,www.infanata.com,,5-94074-058-8,,,,,,,,,,1146115082-Отл,0,,,,,,,1,6329637,pdf,2AA3E904CBC889FA8B50CDAD3914508F,,,"N:\\natahaus\\!2009\\2009-07\\[1146115082]Лучшие почтовые программы.-Топорков С.С.,ДМК Пресс.pdf",0,2000-01-01 01:00:00,2016-04-03 02:51:08,279000/2aa3e904cbc889fa8b50cdad3914508f-d.jpg,,
21573402,Азбука самомассажа,,Библиотечка журнала Физкультура и спорт,,Дубровский В.,1986,,ФиС,М.,16,0,Russian,164,www.infanata.com,,,,,,,,,,,,1146115083-отл,0,,,,,,,1,3697070,pdf,808A33967AA30D812C6CECF2931E8484,,,N:\\natahaus\\!2009\\2009-07\\[1146115083]Азбука самомассажа..-Дубровский В..pdf,0,2000-01-01 01:00:00,2016-04-03 02:51:08,279000/808a33967aa30d812c6cecf2931e8484-d.jpg,,
21573403,Спpaвочник по защите растений на приусадебном участке,,,,"Пeтpyк Я.B., Помазков Ю.H.",1992,,Университет дружбы народов,,97,0,Russian,29,www.infanata.com,0,,,,,,,,,,,1146115097-хор,0,,,,,,,0,1542814,djvu,5A3BB794A298D6A47CACED6722179FAD,716efd638efa753cf08439cb2cfc614c,no,"N:/natahaus/!2009/2009-07/[1146115097]Cnpaвочник по защите растений на приусадебном участке.-Пeтpyк Я.B.,Помазков Ю.H..djvu",0,2000-01-01 01:00:00,2016-04-03 02:51:08,279000/5a3bb794a298d6a47caced6722179fad-d.jpg,,
21573404,Спpaвочник по защите растений на приусадебном участке,,,,"Пeтpyк Я.B., Помазков Ю.H.",1992,,Университет дружбы народов,,97,0,Russian,29,www.infanata.com,0,,,,,,,,,,,1146115097-хор,0,,,,,,1,0,3947013,pdf,10017F3BF93CF0890F1AC1353C551FC0,,,"N:/natahaus/!2009/2009-07/[1146115097]Cnpaвочник по защите растений на приусадебном участке.-Пeтpyк Я.B.,Помазков Ю.H..pdf",0,2000-01-01 01:00:00,2016-04-03 02:51:08,279000/10017f3bf93cf0890f1ac1353c551fc0-d.jpg,,
21573405,Сад демонов. Словарь инфернальной мифологии Средневековья и Возрождения,,,,А. Е. Махов,1998,,Intrada,Москва,163,0,Russian,64,www.infanata.com,,5-87604-039-8,,,,,,,,,OL464338M,1146115106-сре,0,,,,,,,0,16909602,djvu,5DAF9E3991E26B719925B254EF8AF5F7,d6b8af3353d3d062f155a91a9865e308,no,N:\\natahaus\\!2009\\2009-07\\[1146115106]Сад демонов.Словарь инфернальной мифологии Средневековья и Возрождения.-А.Е.Махов(1).djvu,0,2000-01-01 01:00:00,2016-04-03 02:51:08,279000/5daf9e3991e26b719925b254ef8af5f7-d.jpg,,
21573406,"Ландшафтный дизайн: выбор стиля, планировка и подбор растений, дизайнерские решения",,,,Наталья Доронина,2006,,Фитон+,М,74,0,Russian,59,www.infanata.com,,5-93457-088-9,,,,,,,,,,1146115120-HQ,0,,,,,,,0,10000207,djvu,435985568B135B68EFCF3C19D24C80FC,d6f2cbb82f32a7076d8be6e98d5ec255,no,N:\\natahaus\\!2009\\2009-07\\[1146115120]Ландшафтный дизайн.-Наталья Доронина.djvu,0,2000-01-01 01:00:00,2016-04-03 02:51:08,279000/435985568b135b68efcf3c19d24c80fc-d.jpg,,
21573407,"Ландшафтный дизайн: выбор стиля, планировка и подбор растений, дизайнерские решения",,,,Наталья Доронина,2006,,Фитон+,М,74,0,Russian,59,www.infanata.com,,5-93457-088-9,,,,,,,,,,1146115120-HQ,0,,,,,,,0,51897707,djvu,0F5C179550FAE6A98F2389E8C0DCB6A4,,,N:\\natahaus\\!2009\\2009-07\\[1146115120]Ландшафтный дизайн.-Наталья Доронина.OSR.djvu,0,2000-01-01 01:00:00,2016-04-03 02:51:08,279000/0f5c179550fae6a98f2389e8c0dcb6a4-d.jpg,,
21573408,Рост населения в Европе (Опыт исчисления),,,,Урланис Б.Ц.,1941,,ОГИЗ; Госполитиздат,,436,0,Russian,64,www.infanata.com,,,,,,,,,,,,1146115133-нор,0,,,,,,,0,14756855,djvu,E937C2926470C3100D01708515AA3261,b26d8aabdc0772dac09d650b5f8748e1,no,N:\\natahaus\\!2009\\2009-07\\[1146115133]Рост населения в Европе(Опыт исчисления).-Урланис Б.Ц..djvu,0,2000-01-01 01:00:00,2016-04-03 02:51:08,279000/e937c2926470c3100d01708515aa3261-d.jpg,,
21573409,The Adventures of Tom Sawyer by Mark Twain,,Penguin Classics,,"Mark Twain, Guy Cardwell, John Seelye",2006,,Penguin Classics,,272,0,English,314,www.infanata.com,,"9780143039563,0143039563",,,,,813/.4,PS1306 .A1 2006,,,OL3428821M,1146115138-32,0,,,,,,,,3161088,doc,8C33FFF57A9E4E9754FF1C7DBBF535D9,,,N:\\natahaus\\!2009\\2009-07\\[1146115138]The Adventures of Tom Sawyer by Mark Twain + аудио.-Mark Twain.doc,0,2000-01-01 01:00:00,2016-04-03 02:51:08,279000/8c33fff57a9e4e9754ff1c7dbbf535d9-d.jpg,,
21573410,Чудо бани и массаж,,,,Калюжный В. В.[/,2005,,,,416,0,Russian,41,www.infanata.com,,985-13-2819-7,,,,,,,,,,1146115139-,0,,,,,,,1,5399605,pdf,7AA84B03CB35510A5D49870598F65F01,,,N:\\natahaus\\!2009\\2009-07\\[1146115139]Чудо бани и массаж.-Калюжный В.В.[-.pdf,0,2000-01-01 01:00:00,2016-04-03 02:51:08,279000/7aa84b03cb35510a5d49870598f65f01-d.jpg,,
21573411,Уютный дом,,,,Лапина С.И.,2007,,Книжный клуб Клуб семейного досуга. Харьков,,121,0,Russian,59,www.infanata.com,,978-966-343-633-3,,,,,,,,,,1146115142-хор,0,,,,,,,0,26892669,djvu,2AF6756B0FE7F4C6500231C1F8DAE68D,,,N:\\natahaus\\!2009\\2009-07\\[1146115142]Уютный дом.-Лапина С.И.OSR.djvu,0,2000-01-01 01:00:00,2016-04-03 02:51:08,279000/2af6756b0fe7f4c6500231c1f8dae68d-d.jpg,,
21573412,"Строительство загородного дома: [строительство, отделка]",,,,,2004,,"АСТ, Астрель",М,127,0,Russian,236,www.infanata.com,,"5-17-023972-6,5-271-09641-6",,,,,,,,,,1146115143-хор,0,,,,,,,0,10400254,djvu,13F0DDC678E22DEF5485AED6F0343CB2,771b3ca2a9adeaaf352f170142acca34,no,N:\\natahaus\\!2009\\2009-07\\[1146115143]Строительство загородного дома..djvu,0,2000-01-01 01:00:00,2016-04-03 02:51:08,279000/13f0ddc678e22def5485aed6f0343cb2-d.jpg,,
21573413,"\Свинец и Вата\""""",,,,Гавриил Лубнин,2004,,,,49,0,Russian,111,www.infanata.com,0,,,,,,,,,,,1146115148-Отл,0,,,,,1,,0,22082978,djvu,DC17248162E6C0E4383A2A3A8DBC1787,,,N:atahaus!20092009-07[1146115148]“Свинец и Вата”.-Гавриил Лубнин.djvu,0,2000-01-01 01:00:00,2016-04-03 02:51:08,279000/dc17248162e6c0e4383a2a3a8dbc1787-d.jpg,,
21573414,Pinnacle Studio 12 - руководство пользователя ''Ваша жизнь в фильмах '',,,,Ник Салливан,,,,,,0,Russian,59,www.infanata.com,,8420-00958-01,,,,,,,,,,1146115152-,0,,,,,,,,43666,rtf,1EE3F5E86C8046C1D155B598FDB9DA21,,,N:\\natahaus\\!2009\\2009-07\\[1146115152]Pinnacle Studio 12 - руководство пользователя Ваша жизнь в фильмах .-Ник Салливан.doc,0,2000-01-01 01:00:00,2016-04-03 02:51:08,279000/1ee3f5e86c8046c1d155b598fdb9da21-d.jpg,,
21573415,Ядро российской истории ко угождению проискательных,,,,А.И. Манкеев (Манкиевич),1770,,Печатано при Императорском Московском университете,Москва ,416,0,Russian,64,www.infanata.com,,,,,,,,,,,,1146115163-сре,0,,,,,,,0,11452821,djvu,5CCE2FE2D77C4C2912087E5947249001,33147270283764c90eaf668efbd65661,no,N:\\natahaus\\!2009\\2009-07\\[1146115163]Ядро российской истории ко угождению проискательных.-А.И.Манкеев(Манкиевич).djvu,0,2000-01-01 01:00:00,2016-04-03 02:51:08,279000/5cce2fe2d77c4c2912087e5947249001-d.gif,,
21573416,Ядро российской истории ко угождению проискательных,,,,А.И. Манкеев (Манкиевич),1770,,Печатано при Императорском Московском университете,Москва ,416,0,Russian,64,www.infanata.com,,,,,,,,,,,,1146115163-сре,0,,,,,,,1,35528800,pdf,874DFC97D9F6485A8DB9F65D725E518E,,,N:\\natahaus\\!2009\\2009-07\\[1146115163]Ядро российской истории ко угождению проискательных.-А.И.Манкеев(Манкиевич).pdf,0,2000-01-01 01:00:00,2016-04-03 02:51:08,279000/874dfc97d9f6485a8db9f65d725e518e-d.gif,,
21573417,Multisim. Современная система компьютерного моделирования и анализа схем электронных устройств,,,,Марк Е. Хернитер,2006,,ДМК Пресс,,500,0,Russian,69,www.infanata.com,,"0-13-118755-4,5-9706-0026-1",,,,,621.3815,TK454 .H457 2005,,,OL3434001M,1146115167-Отл,0,,,,,,,1,32792035,djvu,7E4E855E301D471422CF8385464CBCD7,,,N:\\natahaus\\!2009\\2009-07\\[1146115167]Multisim.Современная система компьютерного моделирования и анализа схем электронных устройств.-Марк Е.Хернитер.djvu,0,2000-01-01 01:00:00,2016-04-03 02:51:08,279000/7e4e855e301d471422cf8385464cbcd7-d.jpg,,
21573418,Multisim. Современная система компьютерного моделирования и анализа схем электронных устройств,,,,Марк Е. Хернитер,2006,,ДМК Пресс,,500,0,Russian,69,www.infanata.com,,,,,,,,,,,,1146115167-Отл,0,,,,,,1,1,52849149,pdf,C029499F1905234EE6187E1C51FB2400,,,N:\\natahaus\\!2009\\2009-07\\[1146115167]Multisim.Современная система компьютерного моделирования и анализа схем электронных устройств.-Марк Е.Хернитер.pdf,0,2000-01-01 01:00:00,2016-04-03 02:51:08,279000/c029499f1905234ee6187e1c51fb2400-d.jpg,,
21573419,"Антиуправление бизнесом или как не разрушить бизнес, улучшая его качество",,,,"Александр Шестаков, Дмитрий Маслов",2007,,ДМК Пресс,,208,0,Russian,1,www.infanata.com,,,,,,,,,,,,1146115171-Отл,0,,,,,,1,0,1194426,djvu,1A530366523A39F8F0E646E355D97427,02fd47022572cdd14506858346705e12,no,"N:\\natahaus\\!2009\\2009-07\\[1146115171]Антиуправление бизнесом или как не разрушить бизнес,улучшая его качество.-Александр Шестаков,Дмитрий Маслов.djvu",0,2000-01-01 01:00:00,2016-04-03 02:51:08,279000/1a530366523a39f8f0e646e355d97427-d.jpg,,
21573420,Как научиться работать на Интернет-аукционе eBay,,,,"В. Д. Байков, Д. В. Байков",2007,,ДМК Пресс,,94,0,Russian,100,www.infanata.com,,,,,,,,,,,,1146115179-Отл,0,,,,,,,0,4766268,djvu,0973FC784E94C88F0BE9A3505E4734EE,5cd67e842fc627b1d37715065f58ba69,no,"N:\\natahaus\\!2009\\2009-07\\[1146115179]Как научиться работать на Интернет-аукционе eBay.-В.Д.Байков,Д.В.Байков.djvu",0,2000-01-01 01:00:00,2016-04-03 02:51:08,279000/0973fc784e94c88f0be9a3505e4734ee-d.jpg,,
21573421,Садковое рыбоводство,,Приусадебное хозяйство,,С.Н. Александров,2005,,"Аст, Сталкер",,137,0,Russian,25,www.infanata.com,,5-17-028383-0,,,,,,,,,,1146115210-хор,0,,,,,,,1,14236293,pdf,466ED97130A443939ECE77246E58EE90,,,N:\\natahaus\\!2009\\2009-07\\[1146115210]Садковое рыбоводство.-С.Н.Александров.pdf,0,2000-01-01 01:00:00,2016-04-03 02:51:08,279000/466ED97130A443939ECE77246E58EE90-g.jpg,,
21573422,Избранные труды.  Житие Сергия Радонежского,том 1,Язык. Семиотика. Культура,,Клосс Б.М.,1998,,Языки русской культуры,,484,0,Russian,64,www.infanata.com,,5-7859-0079-3,,,,,,,,,OL22495801M,1146115223-отл,0,,,,,,,1,2713686,pdf,77A0DB7B012D0CB23724FCFD267BC17E,,,N:\\natahaus\\!2009\\2009-07\\[1146115223]Избранные труды  т I. Житие Сергия Радонежского; т II  Очерки по истории русской агиографии XIV-XVI вв..-Клосс Б.М..pdf,0,2000-01-01 01:00:00,2016-04-03 02:51:08,279000/77a0db7b012d0cb23724fcfd267bc17e-d.jpg,,
21573423,Избранные труды. Очерки по истории русской агиографии XIV–XVI вв.,том 2,Язык. Семиотика. Культура,,Клосс Б.М.,1998,,Языки русской культуры,,547,0,Russian,64,www.infanata.com,,5-7859-0079-3,,,,,,,,,OL22495801M,1146115223-отл,0,,,,,,1,1,3816519,pdf,4BBC08E969F9D99A1CACA4E843F19F91,,,N:\\natahaus\\!2009\\2009-07\\[1146115223]Избранные труды  т I. Житие Сергия Радонежского; т II  Очерки по истории русской агиографии XIV-XVI вв..-Клосс Б.М.I.pdf,0,2000-01-01 01:00:00,2016-04-03 02:51:08,279000/4bbc08e969f9d99a1caca4e843f19f91-d.jpg,,
21573424,Карманные ножи: иллюстрированный справочник,,,,Доминик Паскаль,2007,,Омега,Реутов,236,0,Russian,215,www.infanata.com,,5-465-01135-1,,,,,,,,,,1146112570-Отл,0,,,,,,,0,60586610,djvu,8C934569EDAE4ED8AEDE5630640F9EEF,,,N:\\natahaus\\!2009\\2009-08\\[1146112570]Доминик Паскаль - Карманные ножи. Иллюстрированный справочник.djvu,0,2000-01-01 01:00:00,2016-04-03 02:51:08,279000/8c934569edae4ed8aede5630640f9eef-d.jpg,,
21573425,Практический курс немецкого языка (для начинающих),,,,"В. Завьялова, Л. Ильина",2002,,Лист Нью,,877,0,Russian,314,www.infanata.com,,5-7871-0186-3,,,,,,,,,OL12586900M,1146115216-сре,0,,,,,,,0,39279706,pdf,979A134D27DEF97EFBF0EC65118C924F,,,"N:\\natahaus\\!2009\\2009-08\\[1146115216]В. Завьялова, Л. Ильина - Практический курс немецкого языка (для начинающих).pdf",0,2000-01-01 01:00:00,2016-04-03 02:51:08,279000/979a134d27def97efbf0ec65118c924f-d.jpg,,
21573426,Выделка шкур коз и овец и изготовление изделий из них,,Приусадебное хозяйство,,С.П. Бондаренко,2003,,"АСТ, Сталкер","М., [Донецк]",118,0,Russian,23,www.infanata.com,0,"5-17-017826-3,966-696-075-3",,,,,,,,,,1146115243-хор,0,,,,,,,1,8237131,pdf,5521D2482E351973D5325F77AC40E9BD,,,"N:\
atahaus!20092009-08[1146115243]С.П. Бондаренко - Выделка шкур коз и овец и изготовление изделий из них.pdf",0,2000-01-01 01:00:00,2016-04-03 02:51:08,279000/5521d2482e351973d5325f77ac40e9bd-d.jpg,,
21573427,The Adventures of Huckleberry Finn by Mark Twain,,Bantam Classics,,Mark Twain,1981,Reprint,Bantam Classics,,320,0,English,314,www.infanata.com,,"9780553210798,0553210793",,,,,,,,,,1146115254-VBR,0,,,,,,,,4282880,doc,9E5FD4F83AD5292603EBA8CF6346FF10,,,N:\\natahaus\\!2009\\2009-08\\[1146115254]Mark Twain - Гек Фин.doc,0,2000-01-01 01:00:00,2016-04-03 02:51:08,279000/9e5fd4f83ad5292603eba8cf6346ff10-d.jpg,,
21573428,Корма и кормление домашних животных,,Приусадебное хозяйство,,А.Ф. Зипер,2003,,"АСТ, Сталкер","[М.], [Донецк]",73,0,Russian,23,www.infanata.com,,"5-17-013199-2,966-596-774-6",,,,,,,,,,1146115263-хор,0,,,,,,,1,8047292,pdf,FBCF68DFB08143A05C92C7DCEB089B5A,,,N:\\natahaus\\!2009\\2009-08\\[1146115263]А.Ф. Зипер - Корма и кормление домашних животных.pdf,0,2000-01-01 01:00:00,2016-04-03 02:51:08,279000/fbcf68dfb08143a05c92c7dceb089b5a-d.jpg,,
21573429,Примечанiя на исторiю древнiя и нынешнiя Россiи. Ответ генерела-маора Болтина,,,,И.Н.Болтинъ,1788,,Печатано в типографiи Горнаго училища,СПБ,173,0,Russian,64,www.infanata.com,,,,,,,,,,,,1146115268-сре,0,,,,,,,0,3072657,djvu,0D34500B040983D10292122468216C9C,74e6894b040622f442c4e9c1b5d2895b,no,N:\\natahaus\\!2009\\2009-08\\[1146115268]Otviet_general_maora_Boltina.djvu,0,2000-01-01 01:00:00,2016-04-03 02:51:08,279000/0d34500b040983d10292122468216c9c-d.gif,,
21573430,Примечанiя на исторiю древнiя и нынешнiя Россiи. Ответ князя Щербатова,,,,И.Н.Болтинъ,1788,,Печатано в типографiи Горнаго училища,СПБ,151,0,Russian,64,www.infanata.com,,,,,,,,,,,,1146115268-сре,0,,,,,,,0,3474766,djvu,996FAFB058D8A8ACE6A0411E13C703F6,69952d417466584d153eefbb5f021c26,no,N:\\natahaus\\!2009\\2009-08\\[1146115268]Ответ_князя_Щербатова.djvu,0,2000-01-01 01:00:00,2016-04-03 02:51:08,279000/996fafb058d8a8ace6a0411e13c703f6-d.gif,,
21573431,Примечанiя на исторiю древнiя и нынешнiя Россiи. Примечания Болтина на Леклерка,том 1,,,И.Н.Болтинъ,1788,,Печатано в типографiи Горнаго училища,СПБ,708,0,Russian,64,www.infanata.com,,,,,,,,,,,,1146115268-сре,0,,,,,,,1,30552039,pdf,E2E2B4E4AA03E14F478629C18C27DAA3,,,N:\\natahaus\\!2009\\2009-08\\[1146115268]Примечания_Болтина_на_Леклерка_т_I.pdf,0,2000-01-01 01:00:00,2016-04-03 02:51:08,279000/e2e2b4e4aa03e14f478629c18c27daa3-d.gif,,
21573432,Примечанiя на исторiю древнiя и нынешнiя Россiи. Примечания Болтина на Леклерка,том 2,,,И.Н.Болтинъ,1788,,Печатано в типографiи Горнаго училища,СПБ,580,0,Russian,64,www.infanata.com,,,,,,,,,,,,1146115268-сре,0,,,,,,,1,25037020,pdf,C2FDE846823E1902292C3D445F339081,,,N:\\natahaus\\!2009\\2009-08\\[1146115268]Примечания_Болтина_на_Леклерка_т_II.pdf,0,2000-01-01 01:00:00,2016-04-03 02:51:08,279000/c2fde846823e1902292c3d445f339081-d.gif,,
21573433,Детали и механизмы металлорежущих станков,том 1,,,Решетов Д.Н.(ред.),1972,,Машиностроение,,664,0,Russian,221,www.infanata.com,,,,,,,,,,,,1146115309-Сре,0,,,,,,1,1,11614327,djvu,26CDD4D0E99128707622398E829EC15E,,,N:\\natahaus\\!2009\\2009-08\\[1146115309]Решетов Д.Н.(ред.) Детали и механизмы металлорежущих станков т.1 (1972)(663с).djvu,0,2000-01-01 01:00:00,2016-04-03 02:51:08,279000/26cdd4d0e99128707622398e829ec15e-d.jpg,,
21573434,Детали и механизмы металлорежущих станков,том 2,,,Решетов Д.Н.(ред.),1972,,Машиностроение,,521,0,Russian,221,www.infanata.com,0,,,,,,,,,,,1146115309-Сре,0,,,,,,1,1,7256287,djvu,FADF0CD883FF8318D2491B83AEDADD16,,,"N:\
atahaus!20092009-08[1146115309]Решетов Д.Н.(ред.) Детали и механизмы металлорежущих станков т.2 (1972)(520с).djvu",0,2000-01-01 01:00:00,2016-04-03 02:51:08,279000/fadf0cd883ff8318d2491b83aedadd16-d.jpg,,
21573435,Guitar College. Blues Machine,,Guitar College,,А. Василенко и колл. Guitar College,2001,,Guitar College,,25,0,Russian,210,www.infanata.com,,,,,,,,,,,,1146115337-отл,0,,,,,,,0,1053839,djvu,2D38045E1E4E77BBB8378DABB41F4838,b6d97306f6f63ee38805f19c3a3b32be,no,N:\\natahaus\\!2009\\2009-08\\[1146115337]А. Василенко и колл. Guitar College - Guitar College. Blues Machine.djvu,0,2000-01-01 01:00:00,2016-04-03 02:51:08,279000/2d38045e1e4e77bbb8378dabb41f4838-d.jpg,,
21573436,Школа кукольного дизайна,,,,Лариса Чуркина,2007,,ООО Дизайн Кора,,8,0,Russian,41,www.infanata.com,,,,,,,,,,,,1146115354-,0,,,,,,,0,194196,djvu,FCA5DD964AF9028086E93E33FE253A80,a50ee9a3a3de188c77a6ed3f8f97c2bd,no,N:\\natahaus\\!2009\\2009-08\\[1146115354]Лариса Чуркина - Школа кукольного дизайна - Illustration.djvu,0,2000-01-01 01:00:00,2016-04-03 02:51:08,279000/fca5dd964af9028086e93e33fe253a80-d.jpg,,
21573437,Русская литература сегодня: Путеводитель,,Все о современных писателях,,Чупринин С. И.,2003,,Олма-Пресс,М,224,0,Russian,32,www.infanata.com,,5-224-04582-7,,,,,,,,,,1146115384-хор,0,,,,,,,1,8196090,pdf,1DA907C4F9EAF1C8F11D2AEB6AB4DC80,,,N:\\natahaus\\!2009\\2009-08\\[1146115384]Чупринин С. И. - Русская литература сегодня. Путеводитель.pdf,0,2000-01-01 01:00:00,2016-04-03 02:51:08,279000/1da907c4f9eaf1c8f11d2aeb6ab4dc80-d.jpg,,
21573438,Божественная комедия,,,,Данте Алигьери,1892,англ.издание,Cassel and Company limited (перевод М.Л. Лозинский),,764,0,Russian,64,www.infanata.com,,,,,,,,,,,,1146115387-хор,0,,,,,,,0,5032781,djvu,92F99206B49DDD058C6CB666B84F9E11,82e6c4dc149b7d3937fa6e85625b4500,no,N:\\natahaus\\!2009\\2009-08\\[1146115387]Данте Алигьери - Божественная комедия.djvu,0,2000-01-01 01:00:00,2016-04-03 02:51:08,279000/92F99206B49DDD058C6CB666B84F9E11-g.jpg,,
21573439,"Содержание каракульских овец: [кормление, разведение, племенная работа, профилактика болезней]",,Приусадебное хозяйство,,С.П. Бондаренко,2006,,АСТ; Сталкер,"Москва, Донецк",81,0,Russian,23,www.infanata.com,,"5-17-039295-8,966-09-0079-1",,,,,,,,,,1146115391-хор,0,,,,,,,1,5019743,pdf,13C4311E7004AD27FFB22226096FDCED,,,N:\\natahaus\\!2009\\2009-08\\[1146115391]С.П. Бондаренко - Содержание каракульских овец.pdf,0,2000-01-01 01:00:00,2016-04-03 02:51:08,279000/13c4311e7004ad27ffb22226096fdced-d.jpg,,
21573440,Содержание ангорских коз,,Приусадебное хозяйство,,С.П. Бондаренко,2006,,АСТ: Сталкер,М.; Донецк,88,0,Russian,23,www.infanata.com,,5-17-035551-3,,,,,,,,,,1146115392-хор,0,,,,,,,1,6805764,pdf,7CDF5628145E267B3C887A7C9267D8CE,,,N:\\natahaus\\!2009\\2009-08\\[1146115392]С.П. Бондаренко - Содержание ангорских коз.pdf,0,2000-01-01 01:00:00,2016-04-03 02:51:08,279000/7cdf5628145e267b3c887a7c9267d8ce-d.jpg,,
21573441,Марио Пьюзо - Крестный отец,,,,Пьюзо Марио,2005,,Эксмо,,544,0,Russian,111,www.infanata.com,,5-699-07418-X,,,,,,,,,,1146115393-Хор,0,,,,,,,,1446912,doc,672EB2C37DE630AA534DB487FD70AF11,,,N:\\natahaus\\!2009\\2009-08\\[1146115393]Pyuzo_The_Godfather.doc,0,2000-01-01 01:00:00,2016-04-03 02:51:08,279000/672eb2c37de630aa534db487fd70af11-d.jpg,,
21573442,Марио Пьюзо - Крестный отец,,,,Пьюзо Марио,2005,,Эксмо,,544,0,Russian,111,www.infanata.com,,5-699-07418-X,,,,,,,,,,1146115393-Хор,0,,,,,,,,2645504,doc,6B52CBE97704DD964E983079830BEED8,,,N:\\natahaus\\!2009\\2009-08\\[1146115393]Пьюзо Марио - Марио Пьюзо - Крестный отец (перевод М. Кан).doc,0,2000-01-01 01:00:00,2016-04-03 02:51:08,279000/6b52cbe97704dd964e983079830beed8-d.jpg,,
21573443,"Гербордова бiографiя Оттона, епископа Бамбергскаго",,,"Журнал Министерства народного просвещения, август 1882 (часть CCXXII) - июнь 188",А.Л.Петровъ,1883,,Типографiя В.С.Балашева,С.-Петербургъ,294,0,Russian,64,www.infanata.com,,,,,,,,,,,,1146115453-сре,0,,,,,,,1,15165557,pdf,F8B0C07B43483F06A23A21C13E8C70D3,,ban,"N:\\natahaus\\!2009\\2009-08\\[1146115453]А.Л.Петровъ - Гербордова бiографiя Оттона, епископа Бамбергскаго.pdf",0,2000-01-01 01:00:00,2016-04-03 02:51:08,279000/f8b0c07b43483f06a23a21c13e8c70d3-d.gif,,
21573444,Основы конструирования авиационных двигателей и энергетических установок,том 1,Газотурбинные двигатели,,Иноземцев А. А.,2008,,Машиностроение,,208,0,Russian,210,www.infanata.com,0,978-5-94275-400-6,,,,,,,,,,1146115456-Хор,0,,,,,,,1,9339808,djvu,95F608D495FD6416F78701B70F88B5B4,,,"N:\
atahaus!20092009-08[1146115456]Иноземцев А. А. - Основы конструирования авиационных двигателей и энергетических установок. Том 1.djvu",0,2000-01-01 01:00:00,2016-04-03 02:51:08,279000/95f608d495fd6416f78701b70f88b5b4-d.jpg,,
21573445,Основы конструирования авиационных двигателей и энергетических установок,том 2,Газотурбинные двигатели,,Иноземцев А. А.,2008,,Машиностроение,,366,0,Russian,210,www.infanata.com,0,978-5-94275-400-6,,,,,,,,,,1146115456-Хор,0,,,,,,,1,17280792,djvu,59EB8988044F651B10E2BBEFFDBADECC,,,"N:\
atahaus!20092009-08[1146115456]Иноземцев А. А. - Основы конструирования авиационных двигателей и энергетических установок. Том 2.djvu",0,2000-01-01 01:00:00,2016-04-03 02:51:08,279000/59eb8988044f651b10e2bbeffdbadecc-d.jpg,,
21573446,Содержание норок,,Приусадебное хозяйство,,С.П. Бондаренко,2005,,"Аст, Сталкер",,73,0,Russian,23,www.infanata.com,,5-17-027261-8,,,,,,,,,,1146115474-хор,0,,,,,,,1,5301467,pdf,62BEDB1E4C7FF2FA2FD7E1F7E44CFE2F,,,N:\\natahaus\\!2009\\2009-08\\[1146115474]С.П. Бондаренко - Содержание норок.pdf,0,2000-01-01 01:00:00,2016-04-03 02:51:08,279000/62bedb1e4c7ff2fa2fd7e1f7e44cfe2f-d.jpg,,
21573447,Говоров А. - Последние Каролинги,,,,Говоров А.,1972,,Детская литература,,257,0,Russian,64,www.infanata.com,,,,,,,,,,,,1146115482-хор,0,,,,,,,0,11008668,djvu,015AEDFEAB65C3F3A4BAA4C4A405A88D,53bd173bea3a824e756f756cb28e8c80,no,N:\\natahaus\\!2009\\2009-08\\[1146115482]Говоров А. - Говоров А. - Последние Каролинги.djvu,0,2000-01-01 01:00:00,2016-04-03 02:51:08,279000/015aedfeab65c3f3a4baa4c4a405a88d-d.jpg,,
21573448,Россия в обвале,,,,А. Солженицын,1998,,Русский путь,,105,0,Russian,37,www.infanata.com,,5-85887-030-7,,,,,,,,,,1146115504-хор,0,,,,,,,1,3905584,pdf,3B184211197B2675A479D087B73BCCD2,,,N:\\natahaus\\!2009\\2009-08\\[1146115504]А. Солженицын - Россия в обвале.pdf,0,2000-01-01 01:00:00,2016-04-03 02:51:08,279000/3b184211197b2675a479d087b73bccd2-d.jpg,,
21573449,О свободе,,,,,,,,,7,0,Russian,182,www.infanata.com,,,,,,,,,,,,1146115549-,0,,,,,,,,149983,rtf,0A2536FBE89D527486FF900CDEF97B40,,,N:\\natahaus\\!2009\\2009-08\\[1146115549]неизвестен - О свободе.rtf,0,2000-01-01 01:00:00,2016-04-03 02:51:08,279000/0a2536fbe89d527486ff900cdef97b40-d.jpg,,
21573450,Правила устройства и безопасной эксплуатации погрузчиков,,,,Госгорпромнадзор Украины,2009,,Форт,,130,0,Russian,210,www.infanata.com,,,,,,,,,,,,1146115560-,0,,,,,,,1,1486403,djvu,308632D8CAE4301267D2ACEFB7DE5D2C,,,N:\\natahaus\\!2009\\2009-08\\[1146115560]Госгорпромнадзор Украины - Правила устройства и безопасной эксплуатации погрузчиков (RUS).djvu,0,2000-01-01 01:00:00,2016-04-03 02:51:08,279000/308632d8cae4301267d2acefb7de5d2c-d.jpg,,
21573451,Правила устройства и безопасной эксплуатации погрузчиков,,,,Госгорпромнадзор Украины,2009,,Форт,,130,0,Ukrainian,210,www.infanata.com,,,,,,,,,,,,1146115560-,0,,,,,,,1,1517221,djvu,7EB3895BEA1E6FBB67E9D4D57F4C9EAD,,,N:\\natahaus\\!2009\\2009-08\\[1146115560]Госгорпромнадзор Украины - Правила устройства и безопасной эксплуатации погрузчиков (UKR).djvu,0,2000-01-01 01:00:00,2016-04-03 02:51:08,279000/7eb3895bea1e6fbb67e9d4d57f4c9ead-d.jpg,,
21573452,Алхимия слова,,,,Ян Парандовский,1972,,Прогресс,,219,0,Russian,296,www.infanata.com,0,,,,,,,,,,,1146115564-,0,,,,,1,,1,1317216,pdf,59A0BA136B6F40B074D6CD862B3CB19B,,,N:/natahaus/!2009/2009-08/[1146115564]Ян Парандовский - Алхимия слова.pdf,0,2000-01-01 01:00:00,2016-04-03 02:51:08,279000/59a0ba136b6f40b074d6cd862b3cb19b-d.jpg,,
21573453,Лепестки,,,,Дмитрий Нкифорович Кайгородов,1899,второе издание,Издание А. С. Суворина,С.-Петербург,127,0,Russian,,www.infanata.com,,,,,,,,,,,,1146115600-сре,0,,,,,,,0,2334581,djvu,BA1480AFD9632B055EEF4642A99A26B8,09bba357dfd3f9d1dbc9673bc281760a,no,N:\\natahaus\\!2009\\2009-08\\[1146115600]Дмитрий Нкифорович Кайгородов - Д. Кайгородов. Лепестки.djvu,0,2000-01-01 01:00:00,2016-04-03 02:51:08,279000/ba1480afd9632b055eef4642a99a26b8-d.jpg,,
21573454,Содержание песцов,,Приусадебное хозяйство,,С.П. Бондаренко,2004,,АСТ,М,65,0,Russian,23,www.infanata.com,,5-17-024876-8,,,,,,,,,,1146115660-хор,0,,,,,,,1,4495440,pdf,5FDE8CF037E1E6B640570EDADD632224,,,N:\\natahaus\\!2009\\2009-08\\[1146115660]С.П. Бондаренко - Содержание песцов.pdf,0,2000-01-01 01:00:00,2016-04-03 02:51:08,279000/5fde8cf037e1e6b640570edadd632224-d.jpg,,
21573455,Городские цветы: Музыкальный сборник,,Нотное издание,,Дунаевский М. И.,2002,,Дрофа,М.,58,0,Russian,62,www.infanata.com,,5-7107-5999-6,,,,,,,,,,1146115734-сре,0,,,,,,,0,6317699,pdf,61B62F220BA4A8B40E3548E9F0C4E6B4,,,N:\\natahaus\\!2009\\2009-08\\[1146115734]Дунаевский М. И. - Городские цветы- Музыкальный сборник.pdf,0,2000-01-01 01:00:00,2016-04-03 02:51:08,279000/61b62f220ba4a8b40e3548e9f0c4e6b4-d.jpg,,
21573456,,том 7,,Русский вестник,Каткова М.Н.,1857,,Въ типографiи Каткова и Ко,Москва,604,0,Russian,,www.infanata.com,,,,,,,,,,,,1146115950-хор,0,,,,,,,0,23795453,pdf,9FF89D4D23C102808950887CE1A0AB3D,,ban,N:\\natahaus\\!2009\\2009-08\\[1146115950]Каткова М.Н. - Русский вестник. том 7.pdf,0,2000-01-01 01:00:00,2016-04-03 02:51:08,279000/9ff89d4d23c102808950887ce1a0ab3d-d.jpg,,
21573457,,том 8,,Русский вестник,Каткова М.Н.,1857,,Въ типографiи Каткова и Ко,Москва,592,0,Russian,,www.infanata.com,,,,,,,,,,,,1146115999-хор,0,,,,,,,0,23831187,pdf,E0934820AD963DA42C915601C9703DA5,,ban,N:\\natahaus\\!2009\\2009-08\\[1146115999]Каткова М.Н. - Русский вестник. том 8.pdf,0,2000-01-01 01:00:00,2016-04-03 02:51:08,279000/e0934820ad963da42c915601c9703da5-d.jpg,,
21573458,Однорукий аплодисмент,,,,Энтони Берджесс,1961,репринт 2002,Центрполиграф,,226,0,Russian,111,www.infanata.com,,,,,,,,,,,,1146116026-хор,0,,,,,,,0,10332251,djvu,F41031618392148A24BD9426D5D0C05A,2784de308bc69eb6220ee3d6a3801226,no,N:\\natahaus\\!2009\\2009-08\\[1146116026]Энтони Берджесс - Однорукий аплодисмент.djvu,0,2000-01-01 01:00:00,2016-04-03 02:51:08,279000/f41031618392148a24bd9426d5d0c05a-d.jpg,,
21573459,,том 13,,Русский вестник,Каткова М.Н.,1858,,Въ типографiи Каткова и Ко,,679,0,Russian,,www.infanata.com,,,,,,,,,,,,1146116033-хор,0,,,,,,,0,28242375,pdf,E1DD62AB885F9CBDA74950D85CD7F259,,ban,N:\\natahaus\\!2009\\2009-08\\[1146116033]Каткова М.Н. - Русский вестник. том 13.pdf,0,2000-01-01 01:00:00,2016-04-03 02:51:08,279000/e1dd62ab885f9cbda74950d85cd7f259-d.jpg,,
21573460,О чём не пишут в книгах по Delphi + CD,,,,Григорьев А.Б.,2008,,БХВ-Петербург,,586,0,Russian,92,www.infanata.com,,,,,,,,,,,,1146116081-сре,0,,,,,,,0,80624835,pdf,8C311EB6817C268AE78E342DFB9371A0,,,N:\\natahaus\\!2009\\2009-08\\[1146116081]Григорьев А.Б. - О чём не пишут в книгах по Delphi.pdf,0,2000-01-01 01:00:00,2016-04-03 02:51:08,279000/8c311eb6817c268ae78e342dfb9371a0-d.jpeg,,
21573461,,том 15,,Русский вестник,Каткова М.Н.,1858,,Въ типографiи Каткова и Ко,Москва,572,0,Russian,,www.infanata.com,,,,,,,,,,,,1146116087-хор,0,,,,,,,0,23030475,pdf,7B2C7E896BAA3088254733ABEE7D38F5,,ban,N:\\natahaus\\!2009\\2009-08\\[1146116087]Каткова М.Н. - Русский вестник. том 15.pdf,0,2000-01-01 01:00:00,2016-04-03 02:51:08,279000/7b2c7e896baa3088254733abee7d38f5-d.jpg,,
21573462,Головная боль Windows XP: Быстрое решение стандарт. [и не только] проблем,,,,Курт Симмонс,2004,,Бином,М,360,0,Russian,85,www.infanata.com,,5-9518-0081-1,,,,,,,,,,1146116139-сре,0,,,,,,,0,10541307,djvu,5BCF2B199A99148B143DD9B7E8C2AF49,46bb659be66e2f591fa50b590f88e9d4,no,N:\\natahaus\\!2009\\2009-08\\[1146116139]Курт Симмонс - Головная боль Windows XP.djvu,0,2000-01-01 01:00:00,2016-04-03 02:51:08,279000/5bcf2b199a99148b143dd9b7e8c2af49-d.jpg,,
21573463,,том 16.,,Русский вестник,Каткова М.Н.,1858,,Въ типографiи Каткова и Ко,,568,0,Russian,,www.infanata.com,,,,,,,,,,,,1146116219-хор,0,,,,,,,0,22035940,pdf,B47288C663512D385A356F79EF55D021,,ban,N:\\natahaus\\!2009\\2009-08\\[1146116219]Каткова М.Н. - Русский вестник. том 16.pdf,0,2000-01-01 01:00:00,2016-04-03 02:51:08,279000/b47288c663512d385a356f79ef55d021-d.jpg,,
21573464,Латышские народные сказки,,,,Н. Крылова (редактор),1958,,Рига. Издательство Академии наук Латвийской ССР,,569,0,Russian,111,www.infanata.com,,,,,,,,,,,,1146116225-хор,0,,,,,,,0,16289590,djvu,2A4B63B962FDFAEC4E0A08F764BB4C66,89d9082fa3683a129da5fb18825d0e51,no,N:\\natahaus\\!2009\\2009-08\\[1146116225]неизвестно - Латышские народные сказки.djvu,0,2000-01-01 01:00:00,2016-04-03 02:51:08,279000/2a4b63b962fdfaec4e0a08f764bb4c66-d.jpg,,
21573465,Зима на Майорке,1,,,Жорж Санд,2009,,,,61,0,Russian,64,www.infanata.com,,,,,,,,,,,,1146116229-оче,0,,,,,,,1,20045778,pdf,6D8A0BFD5556052C85DBC707660CC69D,,,N:\\natahaus\\!2009\\2009-08\\[1146116229]Жорж Санд - Ж. Санд. Зима на Майорке 1.pdf,0,2000-01-01 01:00:00,2016-04-03 02:51:08,279000/6d8a0bfd5556052c85dbc707660cc69d-d.jpg,,
21573466,Зима на Майорке,2,,,Жорж Санд,2009,,,,74,0,Russian,64,www.infanata.com,,,,,,,,,,,,1146116229-оче,0,,,,,,,1,7795844,pdf,55644C71C223FFB367031BBA9BA0D74A,,,N:\\natahaus\\!2009\\2009-08\\[1146116229]Жорж Санд - Ж. Санд. Зима на Майорке 2.pdf,0,2000-01-01 01:00:00,2016-04-03 02:51:08,279000/55644c71c223ffb367031bba9ba0d74a-d.jpg,,
21573467,Зима на Майорке,3,,,Жорж Санд,2009,,,,119,0,Russian,64,www.infanata.com,,,,,,,,,,,,1146116229-оче,0,,,,,,,1,8280291,pdf,691CABDF85B2D3408A3FC1CB078F02A1,,,N:\\natahaus\\!2009\\2009-08\\[1146116229]Жорж Санд - Ж. Санд. Зима на Майорке 3.pdf,0,2000-01-01 01:00:00,2016-04-03 02:51:08,279000/691cabdf85b2d3408a3fc1cb078f02a1-d.jpg,,
21573468,Афганские сказки,,,,Кушнерович Р.,1984,,Детская литература,Москва,33,0,Russian,111,www.infanata.com,,,,,,,,,,,,1146116261-сре,0,,,,,,,1,7776206,pdf,258D2E1FF483582D27A2613C4EACD744,,,N:\\natahaus\\!2009\\2009-08\\[1146116261]неизвестно - пересказ Радия Кушнеровича - Афганские сказки.pdf,0,2000-01-01 01:00:00,2016-04-03 02:51:08,279000/258d2e1ff483582d27a2613c4eacd744-d.jpg,,
21573469,,том 17,,Русский вестник,Каткова М.Н.,1858,,Въ типографiи Каткова и Ко,Москва,342,0,Russian,,www.infanata.com,,,,,,,,,,,,1146116304-хор,0,,,,,,,0,12321787,pdf,165E4C2CC30EAA425F59AA968F75FCA0,,ban,N:\\natahaus\\!2009\\2009-08\\[1146116304]Каткова М.Н. - Русский вестник. том 17.pdf,0,2000-01-01 01:00:00,2016-04-03 02:51:08,279000/165e4c2cc30eaa425f59aa968f75fca0-d.jpg,,
21573470,,том 22,,Русский вестник,Каткова М.Н.,1859,,Въ типографiи Каткова и Ко,Москва,636,0,Russian,,www.infanata.com,,,,,,,,,,,,1146116345-хор,0,,,,,,,0,27787181,pdf,FDC9769C9B488FE1AD6216817BA341A9,,ban,N:\\natahaus\\!2009\\2009-08\\[1146116345]Каткова М.Н. - Русский вестник. том 22.pdf,0,2000-01-01 01:00:00,2016-04-03 02:51:08,279000/fdc9769c9b488fe1ad6216817ba341a9-d.jpg,,
21573471,Обломов,,,,И. А. Гончаров,2005,,МедиаКнига,,36,0,Russian,191,www.infanata.com,,,,,,,,,,,,1146116388-хор,0,,,,,,,0,16512111,pdf,E2840D7CFBC6C787A1C9EB0FA9056CC1,,,N:\\natahaus\\!2009\\2009-08\\[1146116388]И. А. Гончаров - Обломов.pdf,0,2000-01-01 01:00:00,2016-04-03 02:51:08,279000/e2840d7cfbc6c787a1c9eb0fa9056cc1-d.jpg,,
21573472,,том 23,,Русский вестник,Каткова М.Н.,1859,,Въ типографiи Каткова и Ко,Москва,636,0,Russian,,www.infanata.com,,,,,,,,,,,,1146116445-хор,0,,,,,,,0,27470847,pdf,99EECF69FBDD5C2B80B0947BA05B66AA,,ban,N:\\natahaus\\!2009\\2009-08\\[1146116445]Каткова М.Н. - Русский вестник. том 23.pdf,0,2000-01-01 01:00:00,2016-04-03 02:51:08,279000/99eecf69fbdd5c2b80b0947ba05b66aa-d.jpg,,
21573473,Черная риторика: власть и магия слова,,"Нестандартный подход, Библиотека журнала Свой Бизнес",,Картстен Бредемайер,2005,2-е изд,Альпина Бизнес Букс,М,190,0,Russian,209,www.infanata.com,,5-9614-0107-3,,,,,,,,,,1127787851-,0,,,,,,1,1,1423239,pdf,400BCFAC1EF1D81E3C3360BF2CA725F9,,,"N:\\natahaus\\!2009\\2009-10\\[1127787851]Черная риторика.Власть и магия слова.-Картстен Бредемайер,2005.pdf",0,2000-01-01 01:00:00,2016-04-03 02:51:08,279000/400bcfac1ef1d81e3c3360bf2ca725f9-d.jpg,,
21573474,Дети Луны.Смерть на брудершафт,,Роман-кино,,Борис Акунин,2008,,АСТ,,380,0,Russian,264,www.infanata.com,,978-5-17-051317-8,,,,,891.73/5,PG3478.K78 S64 2008,,,OL23107958M,1146117789-Тек,0,,,,,,,,539648,doc,5B8E74DCBE9AC280D6BC472B8ED765FD,,,"N:\\natahaus\\!2009\\2009-10\\[1146117789]Дети Луны.Смерть на брудершафт.Фильмы 3,4..-Борис Акунин,АСТ,2008.doc",0,2000-01-01 01:00:00,2016-04-03 02:51:08,279000/5b8e74dcbe9ac280d6bc472b8ed765fd-d.jpg,,
21573475,Летающий сон.Смерть на брудершафт,,Роман-кино,,Борис Акунин,2008,,АСТ,,380,0,Russian,110,www.infanata.com,,978-5-17-051317-8,,,,,891.73/5,PG3478.K78 S64 2008,,,OL23107958M,1146117789-Тек,0,,,,,,,,356352,doc,E43E304433884A359074587B5A414312,,,"N:\\natahaus\\!2009\\2009-10\\[1146117789]Летающий сон.Смерть на брудершафт.Фильмы 3,4..-Борис Акунин,АСТ,2008.doc",0,2000-01-01 01:00:00,2016-04-03 02:51:08,279000/e43e304433884a359074587b5a414312-d.jpg,,
21573476,Мое водолечение,,,,Кнейп Себастьян,1991,,АСОК-ПРЕСС,Ставрополь,0,0,Russian,164,www.infanata.com,0,,,,,,,,,,,1146117821,0,,,,,,,,1189888,doc,0DC24CCA6B9E6AEC627B1E22AF1FBAB2,,,"N:/natahaus/!2009/2009-10/[1146117821]Мое водолечение.-Кнейп Себастьян,Нигде не купишь,2009.doc",0,2000-01-01 01:00:00,2016-04-03 02:51:08,279000/0dc24cca6b9e6aec627b1e22af1fbab2-d.jpg,,
21573477,,том 50.,,Русский вестник,Катков М.Н.,1864,,Въ типографiи Каткова и Ко,Москва,420,0,Russian,102,www.infanata.com,,,,,,,,,,,,1146117946-хор,0,,,,,,,0,18426247,pdf,0B1EA840BCC853217B5A361035CF649D,,ban,"N:\\natahaus\\!2009\\2009-10\\[1146117946]Русский вестник.том 50..-Катков М.Н.,Москва-Въ типографiи Каткова и Ко,1864.pdf",0,2000-01-01 01:00:00,2016-04-03 02:51:08,279000/0b1ea840bcc853217b5a361035cf649d-d.jpg,,
21573478,,том 51.,,Русский вестник,,,,,,368,0,Russian,251,www.infanata.com,0,,,,,,,,,,,1146117947-Хор,0,,,,,,,0,16703816,pdf,1F9902AEC37ACEE12971FF56AE8137C0,,ban,"N:\
atahaus!20092009-10[1146117947]Русский вестник.том 51..-Катков М.Н.,Москва-Въ типографiи Каткова и Ко,1864.pdf",0,2000-01-01 01:00:00,2016-04-03 02:51:08,279000/1f9902aec37acee12971ff56ae8137c0-g.jpg,,
21573479,Путешествие в страну летописей,,,,Натанов Н.,1965,,Детская литература,,160,0,Russian,64,www.infanata.com,,,,,,,,,,,,1146117993-отл,0,,,,,,,0,5546134,djvu,05F84303EA5A61DDE43F58F3416A38E9,95be53efdbc9ca44bd72bd6bb755db40,no,"N:\\natahaus\\!2009\\2009-10\\[1146117993]Натанов Н.Путешествие в страну летописей.-Натанов Н.,Детская литература,1965.djvu",0,2000-01-01 01:00:00,2016-04-03 02:51:08,279000/05f84303ea5a61dde43f58f3416a38e9-d.jpg,,
21573480,Затейники,,Для маленьких,,Н.Носов,1978,,Детская литература,,9,0,Russian,41,www.infanata.com,,,,,,,,,,,,1146118017-хор,0,,,,,,,0,410740,djvu,F1446A9FBC0F25DDFA368DA761F94F45,63b852ee1d25dd93e5c2d66f1628249c,no,"N:\\natahaus\\!2009\\2009-10\\[1146118017]Затейники.-Н.Носов,Детская литература,1978.djvu",0,2000-01-01 01:00:00,2016-04-03 02:51:08,279000/f1446a9fbc0f25ddfa368da761f94f45-d.jpg,,
21573481,Затейники,,Для маленьких,,Н.Носов,1978,,Детская литература,,9,0,Russian,41,www.infanata.com,,,,,,,,,,,,1146118017-хор,0,,,,,,,0,3227674,djvu,2A384FAB46426923E1BE03E3EEC4BEF7,,,"N:\\natahaus\\!2009\\2009-10\\[1146118017]Затейники.-Н.Носов,Детская литература,1978.(dr_oforml).djvu",0,2000-01-01 01:00:00,2016-04-03 02:51:08,279000/2a384fab46426923e1be03e3eec4bef7-d.jpg,,
21573482,Затейники,,Для маленьких,,Н.Носов,1978,,Детская литература,,9,0,Russian,41,www.infanata.com,,,,,,,,,,,,1146118017-хор,0,,,,,,,0,260434,djvu,9879BC32191BC420FC804DBC21FC74A5,2361f20ed9fd85d2f07b9ff2b11fafa7,no,"N:\\natahaus\\!2009\\2009-10\\[1146118017]Затейники.-Н.Носов,Детская литература,1978.i.djvu",0,2000-01-01 01:00:00,2016-04-03 02:51:08,279000/9879bc32191bc420fc804dbc21fc74a5-d.jpg,,
21573483,История советского библиофильства (1917-1967).,,,,Берков П.Н.,1971,,Книга,Москва,255,0,Russian,64,www.infanata.com,0,,,,,,,,,,,1146118060-ниж,0,,,,,,,0,14859029,djvu,816B3128581400062ED26A7CBB24CF3E,86c00b7bd36b225aa42ad48ef50faef2,no,"N:\
atahaus!20092009-10[1146118060]Берков П.Н.История советского библиофильства(1917-1967)..-Берков П.Н.,Москва-Книга,1971.djvu",0,2000-01-01 01:00:00,2016-04-03 02:51:08,279000/816b3128581400062ed26a7cbb24cf3e-d.jpg,,
21573484,Серьезные забавы,,,,Джон Уайтхед,1986,,Книга,Москва,289,0,Russian,111,www.infanata.com,,,,,,,,,,,,1146118063-сре,0,,,,,,,0,9737288,djvu,101285AAF3C29673D07906E4E3BB39E2,063b7027832a0ba6f5c61c8a4542f788,no,"N:\\natahaus\\!2009\\2009-10\\[1146118063]Серьезные забавы..-Джон Уайтхед,Москва-Книга,1986.djvu",0,2000-01-01 01:00:00,2016-04-03 02:51:08,279000/101285aaf3c29673d07906e4e3bb39e2-d.jpg,,
21573485,Антарктида: Четвертый рейх: [роман],,Секретный фарватер,,Сушинский Б.И.,2008,,Вече,Москва,466,0,Russian,,www.infanata.com,,978-5-9533-2507-3,,,,,,,,,,1146118087-хор,0,,,,,,,0,18658431,pdf,41CBAB4ADE4D76F12D95897232899B9F,,,"N:\\natahaus\\!2009\\2009-10\\[1146118087]Антарктида-Четвертый Рейх..-Сушинский Б.И.,М.-Вече,2008.pdf",0,2000-01-01 01:00:00,2016-04-03 02:51:08,279000/41cbab4ade4d76f12d95897232899b9f-d.jpg,,
21573486,Приключения знаменитых книг.,,Судьбы книг,,Джон Винтерих,1985,,Книга,Москва,256,0,Russian,111,www.infanata.com,,,,,,,,,,,,1146118137-сре,0,,,,,,,0,7593255,djvu,1AB9303102DEFBE49CB488785467C68D,8fc672281bc4cb507142e0289e5fa2cb,no,"N:\\natahaus\\!2009\\2009-10\\[1146118137]Джон Винтерих.Приключения знаменитых книг..-Приключения знаменитых книг,Москва-Книга,1985.djvu",0,2000-01-01 01:00:00,2016-04-03 02:51:08,279000/1ab9303102defbe49cb488785467c68d-d.jpg,,
21573487,«Петух в корзине» и другие пасьянсы,,,,Лаговский И.К.,1991,,Советский спорт,,68,0,Russian,41,www.infanata.com,,5-85009-041-X,,,,,,,,,,1146118273-хор,0,,,,,,,0,972333,djvu,BFA98147062C00AFDFB9BE53FB884769,25b18c6fd4095b68967081432a307d99,no,N:\\natahaus\\!2009\\2009-10\\[1146118273]Петух в корзине и другие пасьянсы.-Лаговский И.К.djvu,0,2000-01-01 01:00:00,2016-04-03 02:51:08,279000/bfa98147062c00afdfb9be53fb884769-d.jpg,,
21573488,«Петух в корзине» и другие пасьянсы,,,,Лаговский И.К.,1991,,Советский спорт,,68,0,Russian,41,www.infanata.com,,5-85009-041-X,,,,,,,,,,1146118273-хор,0,,,,,,1,0,3123638,pdf,A930C70237D6A195C7D3849AE35DDD0E,,,"N:\\natahaus\\!2009\\2009-10\\[1146118273]Петух в корзине и другие пасьянсы.-Лаговский И.К.,Советский спорт,1991.pdf",0,2000-01-01 01:00:00,2016-04-03 02:51:08,279000/a930c70237d6a195c7d3849ae35ddd0e-d.jpg,,
21573489,,том 55.,,Русский вестник,Катков М.Н.,1865,,Въ типографiи Каткова и Ко,Москва,376,0,Russian,102,www.infanata.com,,,,,,,,,,,,1146118350-хор,0,,,,,,,0,13301568,pdf,8BD0514A69FB22F4B50CE08B9B77587F,,ban,"N:\\natahaus\\!2009\\2009-10\\[1146118350]Русский вестник.том 55..-Катков М.Н.,Москва-Въ типографiи Каткова и Ко,1865.pdf",0,2000-01-01 01:00:00,2016-04-03 02:51:08,279000/8bd0514a69fb22f4b50ce08b9b77587f-d.jpg,,
21573490,Кто колечко найдёт?,,Для маленьких,,С.Маршак,1982,,Детская литература,,9,0,Russian,41,www.infanata.com,,,,,,,,,,,,1146118398-хор,0,,,,,,,0,333006,djvu,FD7FCC967A550814F3D7EA69074FDAA0,d0e28bf1a0ae60528dcd6f96333979bb,no,"N:\\natahaus\\!2009\\2009-10\\[1146118398]Кто колечко найдёт.С.Маршак..-С.Маршак,Детская литература,1982.djvu",0,2000-01-01 01:00:00,2016-04-03 02:51:08,279000/fd7fcc967a550814f3d7ea69074fdaa0-d.jpg,,
21573491,Кто колечко найдёт?,,Для маленьких,,С.Маршак,1982,,Детская литература,,9,0,Russian,41,www.infanata.com,,,,,,,,,,,,1146118398-хор,0,,,,,,,0,4853519,djvu,EB3CB38CFDB59168AE0B008C7DC62311,,,"N:\\natahaus\\!2009\\2009-10\\[1146118398]Кто колечко найдёт.С.Маршак..-С.Маршак,Детская литература,1982.i.djvu",0,2000-01-01 01:00:00,2016-04-03 02:51:08,279000/eb3cb38cfdb59168ae0b008c7dc62311-d.jpg,,
21573492,Дождик вышел погулять,,Для маленьких,,Э.Мошковская,1989,,Детская литература,,9,0,Russian,41,www.infanata.com,,,,,,,,,,,,1146118399-хор,0,,,,,,,0,475745,djvu,4D427B5DEB22CA019C7D4375926E01DA,887a7fc606659e7baabd4fef945997cf,no,"N:\\natahaus\\!2009\\2009-10\\[1146118399]Дождик вышел погулять.Э.Мошковская.-Э.Мошковская,Детская литература,1989.djvu",0,2000-01-01 01:00:00,2016-04-03 02:51:08,279000/4d427b5deb22ca019c7d4375926e01da-d.jpg,,
21573493,Дождик вышел погулять,,Для маленьких,,Э.Мошковская,1989,,Детская литература,,9,0,Russian,41,www.infanata.com,,,,,,,,,,,,1146118399-хор,0,,,,,,,0,5740671,djvu,38FD6D602312A3A676644182BE0A888A,,,"N:\\natahaus\\!2009\\2009-10\\[1146118399]Дождик вышел погулять.Э.Мошковская.-Э.Мошковская,Детская литература,1989.i.djvu",0,2000-01-01 01:00:00,2016-04-03 02:51:08,279000/38fd6d602312a3a676644182be0a888a-d.jpg,,
21573494,Полицейская Академия,,Золотая лента Голливуда,,"СТИВЕН ГУТТЕНБЕРГ, ХАЧ ВИЛЬСОН",1993,,БАДППР,,479,0,Russian,111,www.infanata.com,,5-87378-010-2,,,,,,,,,,1146118420-,0,,,,,,,1,3408965,djvu,F22D5163034C7AD5D3258E3F63FE8E97,,,"N:\\natahaus\\!2009\\2009-10\\[1146118420]Полицейская Академия.-СТИВЕН ГУТТЕНБЕРГ,ХАЧ ВИЛЬСОН,БАДППР,1993.djvu",0,2000-01-01 01:00:00,2016-04-03 02:51:08,279000/f22d5163034c7ad5d3258e3f63fe8e97-d.jpg,,
21573495,Полицейская Академия,,Золотая лента Голливуда,,"СТИВЕН ГУТТЕНБЕРГ, ХАЧ ВИЛЬСОН",1993,,БАДППР,,,0,Russian,111,www.infanata.com,,5-87378-010-2,,,,,,,,,,1146118420-,0,,,,,,,,1082103,fb2,862BAED7C5BC7F280272DC58DEF8884E,,,"N:\\natahaus\\!2009\\2009-10\\[1146118420]Полицейская Академия.-СТИВЕН ГУТТЕНБЕРГ,ХАЧ ВИЛЬСОН,БАДППР,1993.fb2",0,2000-01-01 01:00:00,2016-04-03 02:51:08,279000/862baed7c5bc7f280272dc58def8884e-d.jpg,,
21573496,Полицейская Академия,,Золотая лента Голливуда,,"СТИВЕН ГУТТЕНБЕРГ, ХАЧ ВИЛЬСОН",1993,,БАДППР,,479,0,Russian,111,www.infanata.com,,5-87378-010-2,,,,,,,,,,1146118420-,0,,,,,,,1,3238551,pdf,82187D8AD1889BD9E756CD3ECD46B5E1,,,"N:\\natahaus\\!2009\\2009-10\\[1146118420]Полицейская Академия.-СТИВЕН ГУТТЕНБЕРГ,ХАЧ ВИЛЬСОН,БАДППР,1993.pdf",0,2000-01-01 01:00:00,2016-04-03 02:51:08,279000/82187d8ad1889bd9e756cd3ecd46b5e1-d.jpg,,
21573497,Школа игры на блокфлейте [учебное пособие для 1-3 классов ДМШ],,,,Пушечников И.Ф.,2007,,Музыка,Москва,48,0,Russian,62,www.infanata.com,,978-5-7140-0724-8,,,,,,,,,,1146118534-хор,0,,,,,,,0,3770527,djvu,BE85E8B872390900AD32139FFDC7D432,d3268cabc4809ed2d60734ed62d924c7,no,"N:\\natahaus\\!2009\\2009-10\\[1146118534]Школа игры на блокфлейте.-Пушечников И.Ф.,М.-Музыка,2007.djvu",0,2000-01-01 01:00:00,2016-04-03 02:51:08,279000/be85e8b872390900ad32139ffdc7d432-d.jpg,,
21573498,Школа игры на блокфлейте [учебное пособие для 1-3 классов ДМШ],,,,Пушечников И.Ф.,2007,,Музыка,Москва,48,0,Russian,62,www.infanata.com,,978-5-7140-0724-8,,,,,,,,,,1146118534-хор,0,,,,,,,0,30462403,pdf,AE3984CCF05AD3B53C09F6EF43E11066,,,"N:\\natahaus\\!2009\\2009-10\\[1146118534]Школа игры на блокфлейте.-Пушечников И.Ф.,М.-Музыка,2007.pdf",0,2000-01-01 01:00:00,2016-04-03 02:51:08,279000/ae3984ccf05ad3b53c09f6ef43e11066-d.jpg,,
21573499,Школа игры на блокфлейте [учебное пособие для 1-3 классов ДМШ],,,,Пушечников И.Ф.,2007,,Музыка,Москва,82,0,Russian,62,www.infanata.com,,978-5-7140-0724-8,,,,,,,,,,1146118534-хор,0,,,,,,,0,47146759,pdf,35A8972062594F40D98BF8AC4C7CCA21,,,"N:\\natahaus\\!2009\\2009-10\\[1146118534]Школа игры на блокфлейте.-Пушечников И.Ф.,М.-Музыка,2007.i.pdf",0,2000-01-01 01:00:00,2016-04-03 02:51:08,279000/35a8972062594f40d98bf8ac4c7cca21-d.jpg,,
21573500,,том 56,,Русский вестник,Катков М.Н.,1865,,Въ типографiи Каткова и Ко,Москва,492,0,Russian,22,www.infanata.com,,,,,,,,,,,,1146118550-,0,,,,,,,0,18389525,pdf,92346DA19BD09E6E7C52F1FD9EA9D5DA,,ban,"N:\\natahaus\\!2009\\2009-10\\[1146118550]Русский вестник.том 56..-Катков М.Н.,Москва-Въ типографiи Каткова и Ко,1865.pdf",0,2000-01-01 01:00:00,2016-04-03 02:51:08,279000/92346da19bd09e6e7c52f1fd9ea9d5da-d.jpg,,
21573501,,том 57,,Русский вестник,Катков М.Н.,1865,,Въ типографiи Каткова и Ко,Москва,472,0,Russian,102,www.infanata.com,,,,,,,,,,,,1146118595-хор,0,,,,,,,0,18447188,pdf,653762B38EDA3792A2F1C7EB321DB564,,ban,"N:\\natahaus\\!2009\\2009-10\\[1146118595]Русский вестник.том 57..-Катков М.Н.,Москва-Въ типографiи Каткова и Ко,1865.pdf",0,2000-01-01 01:00:00,2016-04-03 02:51:08,279000/653762b38eda3792a2f1c7eb321db564-d.jpg,,
21573502,Mac OS X 10.5 Leopard,,В подлиннике,,"Скотт Майерс, Майкл Ли",2008,,,,915,0,Russian,85,www.infanata.com,,,,,,,,,,,,1146118651-PDF,0,,,,,,,0,15460710,djvu,019D446E5ED9B4335B2D79322C0CF91F,c384f3f74a809b2b05b9d0a2c902b1af,no,"N:\\natahaus\\!2009\\2009-10\\[1146118651]Mac OS X 10.5 Leopard.-Скотт Майерс,Майкл Ли,2008.djvu",0,2000-01-01 01:00:00,2016-04-03 02:51:08,279000/019D446E5ED9B4335B2D79322C0CF91F-g.jpg,,
21573503,Когда это бывает? Русские загадки.,,Для маленьких,,Русские загадки.,1989,,Детская литература,,9,0,Russian,41,www.infanata.com,,,,,,,,,,,,1146118675-хор,0,,,,,,,0,582781,djvu,A2BF55A4378F7BEF197AF1A412E76DF5,2cb1422da876e266ed23b96ff7f782d5,no,"N:\\natahaus\\!2009\\2009-10\\[1146118675]Когда это бывает.Русские загадки..-Русские загадки.,Детская литература,1989.djvu",0,2000-01-01 01:00:00,2016-04-03 02:51:08,279000/a2bf55a4378f7bef197af1a412e76df5-d.jpg,,
21573504,Когда это бывает? Русские загадки.,,Для маленьких,,Русские загадки.,1989,,Детская литература,,9,0,Russian,41,www.infanata.com,,,,,,,,,,,,1146118675-хор,0,,,,,,,0,7458336,djvu,18D7EDB27416B103B9A8D2E48AE6BAFB,,,"N:\\natahaus\\!2009\\2009-10\\[1146118675]Когда это бывает.Русские загадки..-Русские загадки.,Детская литература,1989.i.djvu",0,2000-01-01 01:00:00,2016-04-03 02:51:08,279000/18d7edb27416b103b9a8d2e48ae6bafb-d.jpg,,
21573505,,том 59,,Русский вестник,Катков М.Н.,1865,,Въ типографiи Каткова и Ко,Москва,492,0,Russian,102,www.infanata.com,,,,,,,,,,,,1146118682-хор,0,,,,,,,0,17296858,pdf,B9D66EFEFFE3F9EBDE819171DE448B5A,,ban,"N:\\natahaus\\!2009\\2009-10\\[1146118682]Русский вестник.том 59..-Катков М.Н.,Москва-Въ типографiи Каткова и Ко,1865.pdf",0,2000-01-01 01:00:00,2016-04-03 02:51:08,279000/b9d66efeffe3f9ebde819171de448b5a-d.jpg,,
21573506,"Антиабсурд, или Книга для тех, кто не любит читать",,,,Алексей Слаповский,2005,,Эксмо,,,0,Russian,110,www.infanata.com,,,,,,,,,,,,1146118687-,0,,,,,,,,1187278,fb2,BF109DA3C396248928A03BC932629897,,,"N:\\natahaus\\!2009\\2009-10\\[1146118687]Антиабсурд,или Книга для тех,кто не любит читать.-Алексей Слаповский,Эксмо,2005.fb2",0,2000-01-01 01:00:00,2016-04-03 02:51:08,279000/bf109da3c396248928a03bc932629897-d.jpg,,
21573507,"Антиабсурд, или Книга для тех, кто не любит читать",,,,Алексей Слаповский,2005,,Эксмо,,,0,Russian,110,www.infanata.com,,,,,,,,,,,,1146118687-,0,,,,,,,,1543601,rtf,7E49C76EE58C8C11F7B34E56E90DFA5F,,,"N:\\natahaus\\!2009\\2009-10\\[1146118687]Антиабсурд,или Книга для тех,кто не любит читать.-Алексей Слаповский,Эксмо,2005.rtf",0,2000-01-01 01:00:00,2016-04-03 02:51:08,279000/7e49c76ee58c8c11f7b34e56e90dfa5f-d.jpg,,
21573508,Большое путешествие маленького мышонка. Эскимосская сказка,,Для маленьких,,Эскимосская сказка,1987,,Детская литература,,9,0,Russian,41,www.infanata.com,,,,,,,,,,,,1146118698-хор,0,,,,,,,0,643097,djvu,0A63A02FB1DF34C4D0EC0F9259429C4F,a9fcc8f077dc93674e4a5e2fe8bb1701,no,"N:\\natahaus\\!2009\\2009-10\\[1146118698]Большое путешествие маленького мышонка.Эскимосская сказка.-Эскимосская сказка,Детская литература,1987.djvu",0,2000-01-01 01:00:00,2016-04-03 02:51:08,279000/0A63A02FB1DF34C4D0EC0F9259429C4F-g.jpg,,
21573509,Большое путешествие маленького мышонка,,Для маленьких,,Эскимосская сказка,1987,,Детская литература,,9,0,Russian,41,www.infanata.com,,,,,,,,,,,,1146118698-хор,0,,,,,,,0,8571918,djvu,294EFB4C90CB932BA2549042B6AFD5BD,,,"N:\\natahaus\\!2009\\2009-10\\[1146118698]Большое путешествие маленького мышонка.Эскимосская сказка.-Эскимосская сказка,Детская литература,1987.i.djvu",0,2000-01-01 01:00:00,2016-04-03 02:51:08,279000/294efb4c90cb932ba2549042b6afd5bd-d.jpg,,
21573510,Царствование Императора Николая II,том 1,,,Ольденбург С.С.,1939,,Общество Распространения Русской Национальной и Патриотической Литератур,,247,0,Russian,64,www.infanata.com,,,,,,,,,,,,1146118699-,0,,,,,,,0,5002674,djvu,86E161FD195F90C293A3105871ACEC84,b2d4519f281cee01729c43645eccfde6,no,"N:\\natahaus\\!2009\\2009-10\\[1146118699]Царствование Императора Николая II.-Ольденбург С.С.,Общество Распространения Русской Национальной и Патриотической.том1.djvu",0,2000-01-01 01:00:00,2016-04-03 02:51:08,279000/86e161fd195f90c293a3105871acec84-d.jpg,,
21573511,Царствование Императора Николая II,том 2,,,Ольденбург С.С.,1949,,Общество Распространения Русской Национальной и Патриотической Литератур,,165,0,Russian,64,www.infanata.com,,,,,,,,,,,,1146118699-,0,,,,,,,0,2939213,djvu,0C783C471737E8E2A2F7D273B876823C,ec0f9dc72b55f91392f6aef0dbefe3b5,no,"N:\\natahaus\\!2009\\2009-10\\[1146118699]Царствование Императора Николая II.-Ольденбург С.С.,Общество Распространения Русской Национальной и Патриотической.том2.djvu",0,2000-01-01 01:00:00,2016-04-03 02:51:08,279000/0c783c471737e8e2a2f7d273b876823c-d.jpg,,
21573512,Катя и бычок,,Для маленьких,,Л.Воронкова,1984,,Детская литература,,9,0,Russian,41,www.infanata.com,,,,,,,,,,,,1146118718-хор,0,,,,,,,0,456398,djvu,48157FD35CB1732E48349F2245C2C6C9,bc5d32eb6d935a17b37f1af323463071,no,"N:\\natahaus\\!2009\\2009-10\\[1146118718]Катя и бычок.Л.Воронкова.-Л.Воронкова,Детская литература,1984.djvu",0,2000-01-01 01:00:00,2016-04-03 02:51:08,279000/48157fd35cb1732e48349f2245c2c6c9-d.jpg,,
21573513,Катя и бычок,,Для маленьких,,Л.Воронкова,1984,,Детская литература,,9,0,Russian,41,www.infanata.com,,,,,,,,,,,,1146118718-хор,0,,,,,,,0,6119474,djvu,6B29286968A7876CCE6B97B2D6B5CC7D,,,"N:\\natahaus\\!2009\\2009-10\\[1146118718]Катя и бычок.Л.Воронкова.-Л.Воронкова,Детская литература,1984.i.djvu",0,2000-01-01 01:00:00,2016-04-03 02:51:08,279000/6b29286968a7876cce6b97b2d6b5cc7d-d.jpg,,
21573514,"Три комедии: занятные, веселые, очень смешные. Сборник сценариев.",,,,,1969,,Искусство,,193,0,Russian,110,www.infanata.com,,,,,,,,,,,,1146118906-Нор,0,,,,,,,1,16782470,djvu,40B51155C496CEFD8EF182215B31D36D,,,"N:\\natahaus\\!2009\\2009-10\\[1146118906]Три комедии-занятные,веселые,очень смешные.Сборник сценариев..-Коллектив,Искусство,1969.djvu",0,2000-01-01 01:00:00,2016-04-03 02:51:08,279000/40b51155c496cefd8ef182215b31d36d-d.jpg,,
21573515,3500 английских фразеологизмов и устойчивых словосочетаний,,,,П. П. Литвинов,2007,,"АСТ, Астрель",,287,0,Russian,316,www.infanata.com,,,,,,,,,,,,1146118950-хор,0,,,,,,,0,7679729,djvu,D477A4C4095293AA1A65C191F21F76C7,5ae380e7fe09789ba4d06d33e99c0502,no,N:\\natahaus\\!2009\\2009-10\\[1146118950]3500 английских фразеологизмов и устойчивых словосочетаний.-П.П.djvu,0,2000-01-01 01:00:00,2016-04-03 02:51:08,279000/d477a4c4095293aa1a65c191f21f76c7-d.jpg,,
21573516,3500 английских фразеологизмов и устойчивых словосочетаний,,,,П. П. Литвинов,2007,,"АСТ, Астрель",,287,0,Russian,316,www.infanata.com,,,,,,,,,,,,1146118950-хор,0,,,,,,,0,7677839,djvu,F493F896F6A03BAF9FD53751EC917EB0,d66b0d5aedf4a575cf16d246ac23a0a2,no,"N:\\natahaus\\!2009\\2009-10\\[1146118950]3500 английских фразеологизмов и устойчивых словосочетаний.-П.П.Литвинов,АСТ,Астрель,2007 г..djvu",0,2000-01-01 01:00:00,2016-04-03 02:51:08,279000/f493f896f6a03baf9fd53751ec917eb0-d.jpg,,
21573517,Ахиллесово сердце,,,,Вознесенский А.,1966,,Художественная литература,,282,0,Russian,109,www.infanata.com,,,,,,,,,,,,1146119222-Хор,0,,,,,,,0,1594760,djvu,636D86BF6C379188D5D082714BC9DC0B,e4a53e67a3683e477140f0ba5e463c6a,no,"N:\\natahaus\\!2009\\2009-10\\[1146119222]Вознесенский А.Ахиллесово сердце.-Вознесенский А.,Художественная литература,1966.djvu",0,2000-01-01 01:00:00,2016-04-03 02:51:08,279000/636d86bf6c379188d5d082714bc9dc0b-d.jpg,,
21573518,Полное собрание сочинений,,,,Веневитинов Д.В.,1862,,Типография О.И. Бакста,,264,0,Russian,102,www.infanata.com,,,,,,,,,,,,1146119271-хор,0,,,,,,,0,6800270,pdf,0D327C5BFE35264B18F308C778AE4DDF,,,"N:\\natahaus\\!2009\\2009-10\\[1146119271]Веневитинов Д.Полное собрание сочинений.-Веневитинов Д.В.,Типография О.И.Бакста,1862.pdf",0,2000-01-01 01:00:00,2016-04-03 02:51:08,279000/0d327c5bfe35264b18f308c778ae4ddf-d.jpg,,
21573519,Слезы Турана.,,,,"Эсенов Р., Шалашов А.",1970,,,Ашхабад,320,0,Russian,64,www.infanata.com,0,,,,,,,,,,,1146119311-хор,0,,,,,,,0,5010900,djvu,5FFCA614B15C8DC6E0F13A0481798F23,57f91b5966d7ff675ef82364c55795c1,no,"N: atahaus!20092009-10[1146119311]Слезы Турана..-Эсенов Р.,Шалашов А.,Ашхабад.Туркменистан,1970.djvu",0,2000-01-01 01:00:00,2016-04-03 02:51:08,279000/5ffca614b15c8dc6e0f13a0481798f23-d.jpg,,
21573520,Византийская ночь. Мальчик из Фракии,,,,Василий Колташов,2009,,,,,0,Russian,64,www.infanata.com,,,,,,,,,,,,1146119318-,0,,,,,,,,2056192,doc,CE56AF472C600C97BCF23E08D71B6C62,,,"N:\\natahaus\\!2009\\2009-10\\[1146119318]Византийская ночь.Мальчик из Фракии.-Василий Колташов,2009.doc",0,2000-01-01 01:00:00,2016-04-03 02:51:08,279000/ce56af472c600c97bcf23e08d71b6c62-d.jpg,,
21573521,Японский с мамой,,,,Камосита Т.В.,2008,,Толмач,,57,0,Russian,314,www.infanata.com,,978-5-903184-55-2,,,,,,,,,,1146119319-сре,0,,,,,,,0,18402258,pdf,F569C76C2BFA09B6C9A8F323687C3CB3,,,"N:\\natahaus\\!2009\\2009-10\\[1146119319]Японский с мамой.-Камосита Т.В.,Толмач,2008 г.pdf",0,2000-01-01 01:00:00,2016-04-03 02:51:08,279000/F569C76C2BFA09B6C9A8F323687C3CB3-g.jpg,,
21573522,Atlas of Mohs and Frozen Section Cutaneous Pathology,,,,"Michael B. Morgan MD, Terri Bowland D.o. (auth.), Michael Morgan, John R. Hamill, James M. Spencer (eds.)",2010,1,Springer-Verlag New York,,231,0,English,181,,,"0387847995,9780387847993",,,,,,,10.1007/978-0-387-84800-6,,OL25114803M,,0,,,,0,1,,1,34758775,pdf,4A4BF0504A9A31A82B06DED2C3830A91,,,"F:\\Library.nu\\4a4bf0504a9a31a82b06ded2c3830a91~0387847995,9780387847993.pdf",0,2000-01-01 01:00:00,2016-04-03 02:51:08,391000/4a4bf0504a9a31a82b06ded2c3830a91-d.jpg ,,
21573523,,,Дальневосточные путешешствия и приключения.  Вып.11. 1984,,,1984,,Хабаровское Кн. изд-во,,417,0,Russian,,www.infanata.com,,,,,,,,,,,,1146119322-хор,0,,,,,,,0,15355296,djvu,C807EAF36A4D5E941717ED369E670D29,e9c45e22d068763575ed522021a01cec,no,"N:\\natahaus\\!2009\\2009-10\\[1146119322]Дальневосточные путешешствия и приключения. Вып.11.1984.-разные авторы,Хабаровское Кн.изд-во,1984.djvu",0,2000-01-01 01:00:00,2016-04-03 02:51:08,279000/c807eaf36a4d5e941717ed369e670d29-d.jpg,,
21573524,По дороге в рай. Беглые заметки о жизни и творчестве Константина Кинчева,,,,Нина Барановская,1993,,Новый геликон,,100,0,Russian,62,www.infanata.com,,,,,,,,,,,,1146119370-,0,,,,,,1,1,605673,pdf,2EF14854889DDA6017279B05D4186BCD,,,"N:\\natahaus\\!2009\\2009-11\\[1146119370]По дороге в рай.Беглые заметки о жизни и творчестве Константина Кинчева.-Нина Барановская,1993.pdf",0,2000-01-01 01:00:00,2016-04-03 02:51:08,279000/2ef14854889dda6017279b05d4186bcd-d.jpg,,
21573525,Резьба по дереву. Ода винту: практическое пособие,,,,А. В. Большаков,2007,,Народное творчество,Москва,112,0,Russian,41,www.infanata.com,,978-5-93357-059-2,,,,,,,,,,1146119397-хор,0,,,,,,,0,8509737,djvu,C1E6DD12BC265E6FD33052128C786EA2,,,"N:\\natahaus\\!2009\\2009-11\\[1146119397]Резьба по дереву.Ода винту.-А.В.Большаков,2007.djvu",0,2000-01-01 01:00:00,2016-04-03 02:51:08,279000/c1e6dd12bc265e6fd33052128c786ea2-d.jpg,,
21573526,Резьба по дереву. Ода винту: практическое пособие,,,,А. В. Большаков,2007,,Народное творчество,Москва,112,0,Russian,41,www.infanata.com,,978-5-93357-059-2,,,,,,,,,,1146119397-хор,0,,,,,,1,0,16117589,pdf,2C76FF094779993196B6D35133FEF9F7,,,N:\\natahaus\\!2009\\2009-11\\[1146119397]Резьба по дереву.Ода винту.-А.В.Большаков.pdf,0,2000-01-01 01:00:00,2016-04-03 02:51:08,279000/2c76ff094779993196b6d35133fef9f7-d.jpg,,
21573527,"В разреженном воздухе: хроника экспедиции на Эверест 1996 г., написан. тем, кто выжил",,,,Джон Кракауэр,2004,,София,М,165,0,Russian,,www.infanata.com,,5-9550-0457-2,,,,,,,,,,1146119403-хор,0,,,,,,,1,96500966,pdf,6E8294753D4A62A0D2FE73F37448280E,,,N:\\natahaus\\!2009\\2009-11\\[1146119403]В разреженном воздухе.-Джон Кракауэр.pdf,0,2000-01-01 01:00:00,2016-04-03 02:51:08,279000/6e8294753d4a62a0d2fe73f37448280e-d.jpg,,
21573528,Крылатые выражения (иллюстрации),,,,Автор сюжетов: Е. Алифанова,2000,,Книголюб,,19,0,Russian,,www.infanata.com,,,,,,,,,,,,1146119450-,0,,,,,,,0,9550227,pdf,782B669FF879BDE8DFE1B00206B98390,,,N:\\natahaus\\!2009\\2009-11\\[1146119450]Крылатые выражения(иллюстрации).-Автор сюжетов-Е.Алифанова.pdf,0,2000-01-01 01:00:00,2016-04-03 02:51:08,279000/782b669ff879bde8dfe1b00206b98390-d.jpg,,
21573529,Научно-методические основы речевого развития детей и использования художественного слова в детском саду в трудах Е.А.Флериной,,,,Андрюшина И.И.,2003,,,,251,0,Russian,,www.infanata.com,,,,,,,,,,,,1146119508-хор,0,,,,,,,0,12302680,pdf,183950C4A7F89506D755099592FBC5A1,,,N:\\natahaus\\!2009\\2009-11\\[1146119508]Научно-методические основы речевого развития детей и использования художественного слова в детском саду в трудах Е..pdf,0,2000-01-01 01:00:00,2016-04-03 02:51:08,279000/183950c4a7f89506d755099592fbc5a1-d.jpg,,
21573530,Ци-бег. Революционный метод бега без усилий и травм,,,,"Дэнни Дрейер, Кэтрин Дрейер",2008,,Тулома,,253,0,Russian,164,www.infanata.com,0,599003017-7,,,,,,,,,,1146119554-хор,0,,,,,1,,1,4599799,pdf,E980FFB6F85C04C8D663F7B3B2212B01,,,"N:/natahaus/!2009/2009-11/[1146119554]Ци-бег.Революционный метод бега без усилий и травм.-Дэнни Дрейер,Кэтрин Дрейер,2008.pdf",0,2000-01-01 01:00:00,2016-04-03 02:51:08,279000/e980ffb6f85c04c8d663f7b3b2212b01-d.jpg,,
21573531,Генезис и структура феодального общества в Древней Руси,,,,М.Б. Свердлов,1983,,"Наука, Ленинградское отделение",Л,244,0,Russian,64,www.infanata.com,,,,,,,,,,,,1146119631-сре,0,,,,,,,0,6351940,djvu,28947AB3E3D8AD4AA7B980D609A828DB,4dc228857f8526fdedd9ff36bc839089,no,"N:\\natahaus\\!2009\\2009-11\\[1146119631]Генезис и структура феодального общества в Древней Руси.-М.Б.Свердлов,1983.djvu",0,2000-01-01 01:00:00,2016-04-03 02:51:08,279000/28947ab3e3d8ad4aa7b980d609a828db-d.jpg,,
21573532,Средний танк Т-34-85: второе рождение машины,,Энциклопедия вооружений. Из истории бронетехники,,Мощанский Илья,2009,,Вече,Москва,90,0,Russian,210,www.infanata.com,,978-5-9533-3964-3,,,,,,,,,,1146119651-отл,0,,,,,,,0,22279800,djvu,B59A0F48E8BA60065289811BA308290A,51a34b4b438a037bc3e762c9745718eb,no,"N:\\natahaus\\!2009\\2009-11\\[1146119651]Т-34-85.Второе рождение машины.-Мощанский Илья,2009.djvu",0,2000-01-01 01:00:00,2016-04-03 02:51:08,279000/b59a0f48e8ba60065289811ba308290a-d.jpg,,
21573533,Средний танк Т-34-85: второе рождение машины,,Энциклопедия вооружений. Из истории бронетехники,,Мощанский Илья,2009,,Вече,Москва,90,0,Russian,210,www.infanata.com,,978-5-9533-3964-3,,,,,,,,,,1146119651-отл,0,,,,,,1,0,32489227,pdf,268565188E250118B4F61B15CCCCCDF2,,,"N:\\natahaus\\!2009\\2009-11\\[1146119651]Т-34-85.Второе рождение машины.-Мощанский Илья,2009.pdf",0,2000-01-01 01:00:00,2016-04-03 02:51:08,279000/268565188e250118b4f61b15cccccdf2-d.jpg,,
21573534,Проекты мебели для вашего дома,,Это модно,,В. А. Барановский,2006,,Феникс,Ростов-на-Дону,344,0,Russian,59,www.infanata.com,,5-222-08357-8,,,,,,,,,OL12543032M,1146119742-сре,0,,,,,,,1,13706187,pdf,8B3D23D2D78E78A8D40A40CE26B75AB3,,,"N:\\natahaus\\!2009\\2009-11\\[1146119742]Проекты мебели для вашего дома.-В.А.Барановский,2006 г..pdf",0,2000-01-01 01:00:00,2016-04-03 02:51:08,279000/8b3d23d2d78e78a8d40a40ce26b75ab3-d.jpg,,
21573535,"Статистические методы работы с электронными доку- ментами в библиотечной сфере, или Э-метрики",,,,"Эндрю Уайт, Эрик Джива Камаль",2006,,Омега-Л,,200,0,Russian,119,www.infanata.com,,5-365-00248-2,,,,,,,,,,1146119873-сре,0,,,,,,,0,11558229,djvu,C47C21D22C4B7F0A18383CAE6E627AEE,7a4ce015e9e6a175f3415cb11e19b0d6,no,"N:\\natahaus\\!2009\\2009-11\\[1146119873]Статистические методы работы с электронными доку- ментами в библиотечной сфере,или Э-метрики.-Эндрю Уайт,Эрик Джива.djvu",0,2000-01-01 01:00:00,2016-04-03 02:51:08,279000/c47c21d22c4b7f0a18383cae6e627aee-d.jpg,,
21573536,Уничтожить Россию весной 1941 г.,,,,Ямпольский В.П.,2008,,Кучково поле,,657,0,Russian,64,www.infanata.com,0,978-5-901679-31-9,,,,,,,,,,1146119890-,0,,,,,1,,0,32774845,djvu,3EC8240DF9D0774025ACA4FA0667B0A1,8d58ca653ff33ec0a4a8caf2b4065d61,no,"N:/natahaus/!2009/2009-11/[1146119890]...Уничтожить Россию весной 1941 г..Документы спецслужб СССР и Германии.1937-1945 гг..-Ямпольский В.П.,2008.djvu",0,2000-01-01 01:00:00,2016-04-03 02:51:08,279000/3ec8240df9d0774025aca4fa0667b0a1-d.jpg,,
21573537,"Беседки, арки, перголы своими руками",,Благоустройство и дизайн сада,,Бурдейный М.А.,2008,,ЗАО Фитон+,М.,162,0,Russian,236,www.infanata.com,,978-5-93457-180-2,,,,,,,,,,1146119892-отл,0,,,,,,,1,4366994,djvu,BC155734E8AFD12E5EA6113FD491DA5C,,,"N:\\natahaus\\!2009\\2009-11\\[1146119892]Беседки,арки,перголы своими руками..-Бурдейный М.А..djvu",0,2000-01-01 01:00:00,2016-04-03 02:51:08,279000/bc155734e8afd12e5ea6113fd491da5c-d.jpg,,
21573538,Указания по применению ISO 9001:2000 в сфере образования (Государственный стандарт Украины - ДСТУ-П IWA 2:2007),,Система управления качеством,,Держспоживстандарт України,2008,,Держспоживстандарт України,,70,0,Ukrainian,227,www.infanata.com,,,,,,,,,,,,1146119988-для,0,,,,,,,0,36649537,djvu,AEF944A0ED7E92A91E5D0DF8F47644B4,,,N:\\natahaus\\!2009\\2009-11\\[1146119988]Указания по применению ISO 9001-2000 в сфере образования(Государственный стандарт Украины - ДСТУ-П IWA 2-2007).-Дер.djvu,0,2000-01-01 01:00:00,2016-04-03 02:51:08,279000/aef944a0ed7e92a91e5d0df8f47644b4-d.jpg,,
21573539,Указания по применению ISO 9001:2000 в сфере образования (Государственный стандарт Украины - ДСТУ-П IWA 2:2007),,Система управления качеством,,Держспоживстандарт України,2008,,Держспоживстандарт України,,70,0,Ukrainian,227,www.infanata.com,,,,,,,,,,,,1146119988-для,0,,,,,,1,0,105525904,pdf,96699FBB52198EF6F24620D2732A6435,,,N:\\natahaus\\!2009\\2009-11\\[1146119988]Указания по применению ISO 9001-2000 в сфере образования(Государственный стандарт Украины - ДСТУ-П IWA 2-2007).-Дер.pdf,0,2000-01-01 01:00:00,2016-04-03 02:51:08,279000/96699fbb52198ef6f24620d2732a6435-d.jpg,,
21573540,Обслуживание электрических подстанций оперативным персоналом,,,,Филатов Александр Александрович,1990,,Энергоатомиздат,М.,162,0,Russian,261,www.infanata.com,,,,,,,,,,,,"Предоставлено: www.biblem.narod.ru, 2008",0,,,,,,,1,7810991,djvu,754AE64FCDABDCA7271D876364B60D68,,,"N:\\natahaus\\!2009\\2009-11\\[1146120078]Обслуживание электрических подстанций оперативным персоналом.-Филатов А.А.,1990.djv",0,2000-01-01 01:00:00,2016-04-03 02:51:08,279000/754ae64fcdabdca7271d876364b60d68-d.jpg,,
21573541,Путеводитель по грамматике английского языка,,,,Т. К. Цветкова,2009,,"ТК Велби, Проспект",,85,0,Russian,314,www.infanata.com,,978-5-482-01933-7,,,,,,,,,,1146120081-хор,0,,,,,,,0,5831433,djvu,98BF1F6B5A06C3E8274ACE92A37CEC79,908b6c151ea7fea3c762a45d5e40b34f,no,"N:\\natahaus\\!2009\\2009-11\\[1146120081]Путеводитель по грамматике английского языка.-Т.К.Цветкова,2009.djvu",0,2000-01-01 01:00:00,2016-04-03 02:51:08,279000/98bf1f6b5a06c3e8274ace92a37cec79-d.jpg,,
21573542,Избранная проза,,,,Ломоносов М.В.,1980,,Советская Россия,,512,0,Russian,110,www.infanata.com,,,,,,,,,,,,1146120129-хор,0,,,,,,,,9638543,7z,73526E22B0A297DC9A80BF1CFA831D69,,,"N:\\natahaus\\!2009\\2009-11\\[1146120129]Избранная проза.-Ломоносов М.В.,1980.7z",0,2000-01-01 01:00:00,2016-04-03 02:51:08,279000/73526e22b0a297dc9a80bf1cfa831d69-d.jpg,,
21573543,101 фасонов женского платья,,,,"Дрючкова М.А., Живаева Е.И. и др.",1961,,"Минск, Госиздат БССР",,384,0,Russian,41,www.infanata.com,,,,,,,,,,,,1146120186-сре,0,,,,,,,0,10856769,djvu,486AC0C00B4DD1B904BEA3CE40396724,e77b9431557e394f4b09b8510c7a0f28,no,"N:\\natahaus\\!2009\\2009-11\\[1146120186]100 фасонов женского платья.-Дрючкова М.А.,Живаева Е.И.и др.,1961.djvu",0,2000-01-01 01:00:00,2016-04-03 02:51:08,279000/486ac0c00b4dd1b904bea3ce40396724-d.jpg,,
21573544,"Звери, рыбы, птицы. Вышиваем крестом",,Энциклопедия вышивания,,Е. В. Доброва,2006,,Мир книги,Москва,255,0,Russian,25,www.infanata.com,,5-486-00925-9,,,,,,,,,,1146120211-сре,0,,,,,,,0,9857740,djvu,3E5400C2CA2D152C008A5473F1FEEA9E,48afec1b0439bb92a64660cdab3d493e,no,"N:\\natahaus\\!2009\\2009-11\\[1146120211]Вышиваем крестом.Звери,рыбы,птицы.-Е.В.Доброва,2006 г..djvu",0,2000-01-01 01:00:00,2016-04-03 02:51:08,279000/3e5400c2ca2d152c008a5473f1feea9e-d.jpg,,
21573545,Правда о программе Apollo,,,,Ярослав Голованов,1999,,Яуза,,370,0,Russian,245,www.infanata.com,,5-81530106-X,,,,,,,,,,1146120256-хор,0,,,,,,1,1,6513837,djvu,7225680ADB6279CD347F9E49C9829F70,,,"N:\\natahaus\\!2009\\2009-11\\[1146120256]Правда о программе Apollo.-Ярослав Голованов,1999.djvu",0,2000-01-01 01:00:00,2016-04-03 02:51:08,279000/7225680adb6279cd347f9e49c9829f70-d.jpg,,
21573546,"Архитектура женщины: По мотивам дис. на соискание учен. степени д-ра архитектуры, жен. души, жен. тела: Особенности формирования архитектур.-эрот. поэзии в условиях Урала: [Стихи]",,,,Александр Калабин,2003,,Урал. рабочий,Екатеринбург,225,0,Russian,109,www.infanata.com,,5-85383-234-4,,,,,,,,,,1146120266-отл,0,,,,,,,1,1311837,pdf,2B9EA38708DAE070E053F745E6C7E2A3,,,"N:\\natahaus\\!2009\\2009-11\\[1146120266]Архитектура женщины.-Александр Калабин,2003.pdf",0,2000-01-01 01:00:00,2016-04-03 02:51:08,279000/2b9ea38708dae070e053f745e6c7e2a3-d.jpg,,
21573547,Уголовный кодекс Украины в анекдотах,,Анекдоты,,"С. Кивалов, В. Туляков, Д. Балабанова",2008,,Юридична література,,188,0,Russian,313,www.infanata.com,,,,,,,,,,,,1146120370-отл,0,,,,,,,0,28723359,pdf,067F951D1F5399391D40CD9B14AD9357,,,"N:\\natahaus\\!2009\\2009-11\\[1146120370]Уголовный кодекс Украины в анекдотах.-С.Кивалов,В.Туляков,Д.Балабанова,2008.pdf",0,2000-01-01 01:00:00,2016-04-03 02:51:08,279000/067f951d1f5399391d40cd9b14ad9357-d.jpg,,
21573548,Иван Грозный,,,,Скрынников Р.Г.,1980,,Наука,,251,0,Russian,64,www.infanata.com,,,,,,,,,,,,1146120641-,0,,,,,,,0,13285764,djvu,73F0ED00BE7BE2CC624BC5C4B17631C7,5a2619024d24e24cc568f238e5166f20,no,"N:\\natahaus\\!2009\\2009-11\\[1146120641]Иван Грозный.-Скрынников Р.Г.,1980.djvu",0,2000-01-01 01:00:00,2016-04-03 02:51:08,279000/73f0ed00be7be2cc624bc5c4b17631c7-d.jpg,,
21573549,Всегда возвращаясь домой,,,,Урсула Ле Гуин,2008,,,,322,0,Russian,251,www.infanata.com,0,5-94387-002-4,,,,,,,,,,1146120681-Хор,0,,,,,,,1,16258518,pdf,DDF1567BFB06E60E2B570100D2202C40,,,"N:\
atahaus!20092009-11[1146120681]Всегда возвращаясь домой.-Урсула Ле Гуин,2008.pdf",0,2000-01-01 01:00:00,2016-04-03 02:51:08,279000/ddf1567bfb06e60e2b570100d2202c40-g.jpg,,
21573550,Русский Фауст,,,,Н.Мишеев,1906,,Типография варшавского УО,,137,0,Russian,,,0,,,,,,,,,,,,0,0,0,,,,,0,3640033,djvu,11BCC26A3132D568F171C7D2E835DF5F,b2dd7c4ba37dd3907308405bc8f0d4b1,no,,0,2000-01-01 01:00:00,2016-04-03 02:51:08,348000/11BCC26A3132D568F171C7D2E835DF5F-g.jpg,,
21573551,Легенда о смерти Александра I Роман,,,,Бунин П.,1991,,СП ''Смарт'',Л,82,0,Russian,110,www.infanata.com,,5-7078-0093-X,,,,,,,,,,1146120514-хор,0,,,,,,,0,2050894,djvu,C0AC73300495106B8C178E514FACEA61,52f5c2d1b76265f8629c71508b1a0c4e,no,"N:\\natahaus\\!2009\\2009-12\\[1146120514]Легенда о смерти Александра I.Роман.-Бунин П.,Смарт,1991.djvu",0,2000-01-01 01:00:00,2016-04-03 02:51:08,279000/c0ac73300495106b8c178e514facea61-d.jpg,,
21573552,Музыкальный калейдоскоп,Выпуск 2,,,,2007,,"Музыка, Москва",,34,0,Russian,62,www.infanata.com,0,5-7140-0483-3,,,,,,,,,,1146120726-хор,0,,,,,,,0,3668384,djvu,48220173C5CC3D3830D6C6CD572E5145,83968fc3008950431356f090b7287c4d,no,"N:\
atahaus!20092009-12[1146120726]Музыкальный калейдоскоп.Выпуск 2.-Музыка,Москва,2007.djvu",0,2000-01-01 01:00:00,2016-04-03 02:51:08,279000/48220173c5cc3d3830d6c6cd572e5145-d.jpg,,
21573553,Основьяненко,,,,Данилевский Г. П.,1856,,,СПб,138,0,Russian,68,www.infanata.com,,,,,,,,,,,,1146120755-чит,0,,,,,,,1,8421440,pdf,60A6CCE87DD50AAC1A7547D845CA904C,,,"N:\\natahaus\\!2009\\2009-12\\[1146120755]Основьяненко.-Данилевский Г.П.,СПб,1856.pdf",0,2000-01-01 01:00:00,2016-04-03 02:51:08,279000/60a6cce87dd50aac1a7547d845ca904c-d.jpg,,
21573554,Моя жизнь в искусстве,,Мой 20 век,,К. Станиславский,2007,,Вагриус,Москва,472,0,Russian,68,www.infanata.com,,978-5-9697-0477-0,,,,,,,,,,1146120768-хор,0,,,,,,,0,21209788,pdf,66CC2DC35F0083785BC19FE8914D8C7F,,,"N:\\natahaus\\!2009\\2009-12\\[1146120768]Моя жизнь в искусстве.-К.Станиславский,Вагриус,2007.pdf",0,2000-01-01 01:00:00,2016-04-03 02:51:08,279000/66cc2dc35f0083785bc19fe8914d8c7f-d.jpg,,
21573555,Полное собрание сочинений в 91 томе. Детство. Юношеские опыты,Том 01,Полное собрание сочинений,,Толстой Л.Н.,1935,,Художественная литература,,379,0,Russian,102,www.infanata.com,,,,,,,,,,,,1146120777-Ска,0,,,,,,,0,11924228,djvu,98C20052F3E255524F13B035F6F879D4,537e532479d3359698adb29c7eebdb84,no,"N:\\natahaus\\!2009\\2009-12\\[1146120777]Л.Н.Толстой.Полное собрание сочинений в 91 томе.- Том 01.Детство.Юношеские опыты.-Толстой Л.Н.,Художественная литер.djvu",0,2000-01-01 01:00:00,2016-04-03 02:51:08,279000/98c20052f3e255524f13b035f6f879d4-d.jpg,,
21573556,Сочинения Г.П. Данилевского тт. 3-9,том 3,,,Данилевский Г.П.,1891,Издание 7-е. Посмертное.,тип. Стасюлевича,СПб,463,0,Russian,102,www.infanata.com,0,,,,,,,,,,,1146120778-чит,0,,,,,,1,0,15895215,djvu,4A7111EFF96CBB7DDD6F6BE94B4BD0C9,c59863f0f6e5baa939c7cc2d2f9ade7e,no,"N:\
atahaus!20092009-12[1146120778]Сочинения Г.П.Данилевского тт.3.-Данилевский Г.П.,СПб,тип.Стасюлевича,1891-3.djvu",0,2000-01-01 01:00:00,2016-04-03 02:51:08,279000/4a7111eff96cbb7ddd6f6be94b4bd0c9-d.jpg,,
21573557,Сочинения Г.П. Данилевского тт. 3-9,том 3,,,Данилевский Г.П.,1891,Издание 7-е. Посмертное.,тип. Стасюлевича,СПб,470,0,Russian,102,www.infanata.com,0,,,,,,,,,,,1146120778-чит,0,,,,,,,1,29611271,pdf,4DCBBA585B46D531F57EDA85C5151572,,,"N:\
atahaus!20092009-12[1146120778]Сочинения Г.П.Данилевского тт.3.-Данилевский Г.П.,СПб,тип.Стасюлевича,1891-3.pdf",0,2000-01-01 01:00:00,2016-04-03 02:51:08,279000/4dcbba585b46d531f57eda85c5151572-d.jpg,,
21573558,Сочинения Г.П. Данилевского тт. 3-9,том 4,,,Данилевский Г.П.,1891,Издание 7-е. Посмертное.,тип. Стасюлевича,СПб,412,0,Russian,102,www.infanata.com,0,,,,,,,,,,,1146120778-чит,0,,,,,,,1,27625926,pdf,ADCCA7E315C016C9BCC52BD4CF8E93D7,,,"N:\
atahaus!20092009-12[1146120778]Сочинения Г.П.Данилевского тт.4.-Данилевский Г.П.,СПб,тип.Стасюлевича,1891-3i.pdf",0,2000-01-01 01:00:00,2016-04-03 02:51:08,279000/adcca7e315c016c9bcc52bd4cf8e93d7-d.jpg,,
21573559,Сочинения Г.П. Данилевского тт. 3-9,том 5,,,Данилевский Г.П.,1891,Издание 7-е. Посмертное.,тип. Стасюлевича,СПб,412,0,Russian,102,www.infanata.com,0,,,,,,,,,,,1146120778-чит,0,,,,,,,1,26930239,pdf,A402A1FDC86EADDC38F9891A51B658B0,,,"N:\
atahaus!20092009-12[1146120778]Сочинения Г.П.Данилевского тт.5.-Данилевский Г.П..pdf",0,2000-01-01 01:00:00,2016-04-03 02:51:08,279000/a402a1fdc86eaddc38f9891a51b658b0-d.jpg,,
21573560,Сочинения Г.П. Данилевского тт. 3-9,том 7,,,Данилевский Г.П.,1891,Издание 7-е. Посмертное.,тип. Стасюлевича,СПб,472,0,Russian,102,www.infanata.com,0,,,,,,,,,,,1146120778-чит,0,,,,,,,1,31201884,pdf,FF727B17FB4AC752138AF2664D4FC954,,,"N:\
atahaus!20092009-12[1146120778]Сочинения Г.П.Данилевского тт.7.-Данилевский Г.П..pdf",0,2000-01-01 01:00:00,2016-04-03 02:51:08,279000/ff727b17fb4ac752138af2664d4fc954-d.jpg,,
21573561,Сочинения Г.П. Данилевского тт. 3-9,том 8,,,Данилевский Г.П.,1891,Издание 7-е. Посмертное.,тип. Стасюлевича,СПб,528,0,Russian,102,www.infanata.com,0,,,,,,,,,,,1146120778-чит,0,,,,,,,1,33943309,pdf,B77356ACBB06003EE3AFB5C1C5ACBBD2,,,"N:\
atahaus!20092009-12[1146120778]Сочинения Г.П.Данилевского тт.8.-Данилевский Г.П..pdf",0,2000-01-01 01:00:00,2016-04-03 02:51:08,279000/b77356acbb06003ee3afb5c1c5acbbd2-d.jpg,,
21573562,Сочинения Г.П. Данилевского тт. 3-9,том 9,,,Данилевский Г.П.,1891,Издание 7-е. Посмертное.,тип. Стасюлевича,СПб,700,0,Russian,102,www.infanata.com,0,,,,,,,,,,,1146120778-чит,0,,,,,,,1,43656697,pdf,88F50F5D4B81A90246A19094FF1A41C6,,,"N:\
atahaus!20092009-12[1146120778]Сочинения Г.П.Данилевского тт.9.-Данилевский Г.П..pdf",0,2000-01-01 01:00:00,2016-04-03 02:51:08,279000/88f50f5d4b81a90246a19094ff1a41c6-d.jpg,,
21573563,"Все об обычном кефире: Рецепты, целит. свойства, косметика и уход за кожей, а также многое др",,Все об обычных продуктах,,И. И. Дубровин,2000,,"Яуза, ЭКСМО-Пресс",М,58,0,Russian,41,www.infanata.com,,5-8153-0172-8,,,,,,,,,OL19487656M,1146120788-хор,0,,,,,,,1,5094916,pdf,32A032B174D270C59E160B1F32D798E1,,,"N:\\natahaus\\!2009\\2009-12\\[1146120788]Все об обычном кефире.-И.И.Дубровин,Эксмо-Пресс,Яуза,2000.pdf",0,2000-01-01 01:00:00,2016-04-03 02:51:08,279000/32a032b174d270c59e160b1f32d798e1-d.jpg,,
21573564,Музыкальный калейдоскоп,Выпуск 1,Музыкальный калейдоскоп,,Редактор В. Самарин,2007,,"Музыка, Москва",,42,0,Russian,62,www.infanata.com,,978-5-7140-0482-7,,,,,,,,,,1146120793-хор,0,,,,,,,0,4116832,djvu,EE8DBDB1C849749043A13FEF966625A3,d43c4789e851a4b0e9e0966b0d25ce69,no,"N:\\natahaus\\!2009\\2009-12\\[1146120793]Музыкальный калейдоскоп.Выпуск 1.-Редактор В.Самарин,Музыка,Москва,не указан,предполож.djvu",0,2000-01-01 01:00:00,2016-04-03 02:51:08,279000/ee8dbdb1c849749043a13fef966625a3-d.jpg,,
21573565,Паранойя,,,,Виктор Мартинович,2009,,Астрель-СПб,,362,0,Russian,110,www.infanata.com,,"978-5-17-062385-3,978-5-9725-1628-5",,,,,,,,,,1146120797-OCR,0,,,,,,1,1,1194446,pdf,30334DE10589EF00279433DA57B01804,,,"N:\\natahaus\\!2009\\2009-12\\[1146120797]Паранойя.-Виктор Мартинович,Астрель-СПб,2009.pdf",0,2000-01-01 01:00:00,2016-04-03 02:51:08,279000/30334de10589ef00279433da57b01804-d.jpg,,
21573566,Паранойя,,,,Виктор Мартинович,2009,,Астрель-СПб,,,0,Russian,110,www.infanata.com,,,,,,,,,,,,1146120797-OCR,0,,,,,,,,1250816,doc,651660C4658064B136739E04B7B6C875,,,N:\\natahaus\\!2009\\2009-12\\[1146120797]Паранойя.-Виктор Мартинович.doc,0,2000-01-01 01:00:00,2016-04-03 02:51:08,279000/651660c4658064b136739e04b7b6c875-d.jpg,,
21573567,Ларчик с играми,,Знай и умей,,С. Глязер,1975,,Детская литература,Москва,240,0,Russian,41,www.infanata.com,,,,,,,,,,,,1146120870-выш,0,,,,,,1,1,3758670,djvu,413E7A325EFF76A49C8123B5A41569A8,,,"N:\\natahaus\\!2009\\2009-12\\[1146120870]Ларчик с играми.-С.Глязер,Москва.Детская литература,1975.djvu",0,2000-01-01 01:00:00,2016-04-03 02:51:08,279000/413e7a325eff76a49c8123b5a41569a8-d.jpg,,
21573568,Ларчик с играми,,Библиотечка пионера Знай и умей,,"Глязер С.В., Рисунки А.Орлова. ",1975,,Детская литература,М.,245,0,Russian,41,www.infanata.com,,,,,,,,,,,,"Scan, Djvuing: ???, предоставил: Pohorsky, 2009",0,,,,,,,0,6794477,djvu,DCA095BF6FEE64FCB5213D1579D5321F,ee48378936bd19d49df832666f8a4d97,no,"N:\\natahaus\\!2009\\2009-12\\[1146120870]Ларчик с играми.-С.Глязер,Москва.Детская литература,1975i.djvu",0,2000-01-01 01:00:00,2016-04-03 02:51:08,279000/dca095bf6fee64fcb5213d1579d5321f-d.jpg,,
21573569,Книга Утраченных Сказаний,,,,Джон Рональд Руэл Толкин,2002,,ТТТ,Москва,328,0,Russian,181,www.infanata.com,,,,,,,,,,,,1146120872-хор,0,,,,,,,1,4962617,pdf,862379E87F1AE79253AC3BD93A72BA11,,,N:\\natahaus\\!2009\\2009-12\\[1146120872]Дж.Р.Р.Толкин.Книга Утраченных Сказаний.-Джон Рональд Руэл Толкин.pdf,0,2000-01-01 01:00:00,2016-04-03 02:51:08,279000/862379e87f1ae79253ac3bd93a72ba11-d.jpg,,
21573570,,,,ELLE ДЕКОР 12-2009,,2009,,,,136,0,Russian,,www.infanata.com,0,,,,,,,,,,,periodic,0,,,,,,,0,49733274,pdf,A266BE2802E7C914E6753D79C656FB54,,ban,"N:\
atahaus!20092009-12[1146120911]ELLE ДЕКОР 12-2009.-2009,2009.pdf",0,2000-01-01 01:00:00,2016-04-03 02:51:08,279000/a266be2802e7c914e6753d79c656fb54-d.jpg,,
21573571,Сочинения принадлежащие к грамматике черемисского языка,,,,В. Пуцек-Григорович,1775,,Императорская Академия наук,,246,0,Russian,314,www.infanata.com,,,,,,,,,,,,1146120917-,0,,,,,,,0,3522694,pdf,F042335B0FFB5E44F5113DFDC520AB0A,,,"N:\\natahaus\\!2009\\2009-12\\[1146120917]Сочинения принадлежащие к грамматике черемисского языка.-В.Пуцек-Григорович,Императорская Академия наук,1775.pdf",0,2000-01-01 01:00:00,2016-04-03 02:51:08,279000/f042335b0ffb5e44f5113dfdc520ab0a-d.jpg,,
21573572,Путешествие к семи чудесам света,,Библиотечная серия,,Войтех Замаровский,1980,,Детская литература,,384,0,Russian,64,www.infanata.com,,,,,,,,,,,,1146120924-Хор,0,,,,,,,0,10640305,djvu,219A73C02BD31BAD429F3109B408E888,b1555d4227b7cd20aa91ab0845ed6a78,no,"N:\\natahaus\\!2009\\2009-12\\[1146120924]Путешествие к семи чудесам света.-Войтех Замаровский,Детская литература,1980.djvu",0,2000-01-01 01:00:00,2016-04-03 02:51:08,279000/219a73c02bd31bad429f3109b408e888-d.jpg,,
21573573,Путешествие к семи чудесам света,,Библиотечная серия,,Войтех Замаровский,1980,,Детская литература,,384,0,Russian,64,www.infanata.com,,,,,,,,,,,,1146120924-Хор,0,,,,,,1,0,10640539,djvu,8BEE22DD6862C9C38690759A8BF0339F,9d0a0b4f7f77a77d7545a6fdd620faaf,no,"N:\\natahaus\\!2009\\2009-12\\[1146120924]Путешествие к семи чудесам света.-Войтех Замаровский,Детская литература,1980i.djvu",0,2000-01-01 01:00:00,2016-04-03 02:51:08,279000/8bee22dd6862c9c38690759a8bf0339f-d.jpg,,
21573574,Музыкальный калейдоскоп,Выпуск 3,Музыкальный калейдоскоп,,Составитель и редактор Шпанова Мария Владимировна,2009,,"Музыка, Москва",,42,0,Russian,62,www.infanata.com,,978-5-7140-0728-6,,,,,,,,,,1146120966-хор,0,,,,,,,0,3016778,djvu,11921F8055EA2AF8341BBFCEE446CCA7,3db609d53172070ee0f3d8d5f9eaef00,no,"N:\\natahaus\\!2009\\2009-12\\[1146120966]Музыкальный калейдоскоп.Выпуск 3.-Составитель и редактор Шпанова Мария Владимировна,Музыка,Москва,2009.djvu",0,2000-01-01 01:00:00,2016-04-03 02:51:08,279000/11921f8055ea2af8341bbfcee446cca7-d.jpg,,
21573575,Уэда Акинари. Луна в тумане,,,,Уэда Акинари,2000,,Кристалл,,254,0,Russian,264,www.infanata.com,,,,,,,,,,,,1146121013-,0,,,,,,,0,6934486,djvu,9A03D56E3587351D1E56FAC5ECB08D9C,feaa0b7986bc8e45d6f284a84f63cf74,no,"N:\\natahaus\\!2009\\2009-12\\[1146121013]Луна в тумане.-Уэда Акинари,Кристалл,2000.djvu",0,2000-01-01 01:00:00,2016-04-03 02:51:08,279000/9a03d56e3587351d1e56fac5ecb08d9c-d.jpg,,
21573576,Уэда Акинари. Луна в тумане,,,,Уэда Акинари,2000,,Кристалл,,254,0,Russian,264,www.infanata.com,,,,,,,,,,,,1146121013-,0,,,,,,,0,15885488,pdf,9F02D0A08630AF6E058D37DF2ABEC13A,,,"N:\\natahaus\\!2009\\2009-12\\[1146121013]Луна в тумане.-Уэда Акинари,Кристалл,2000.pdf",0,2000-01-01 01:00:00,2016-04-03 02:51:08,279000/9f02d0a08630af6e058d37df2abec13a-d.jpg,,
21573577,Дидактическая копилка воспитателя детского сада,,Сердце отдаю детям,,Дзюба П.П.,2008,,Феникс,Ростов-на-Дону,253,0,Russian,,www.infanata.com,,978-5-222-12511-3,,,,,,,,,,1146121020-хор,0,,,,,,,0,1286328,djvu,C72481BD15B511029A48C2CD571EE366,422e1dfa9692ae2ddf810ac2aa6a8d07,no,"N:\\natahaus\\!2009\\2009-12\\[1146121020]Дидактическая копилка воспитателя детского сада..-Дзюба П.П.,Ростов н-Дону-Феникс,2008.djvu",0,2000-01-01 01:00:00,2016-04-03 02:51:08,279000/c72481bd15b511029a48c2cd571ee366-d.jpg,,
21573578,Музыкальный калейдоскоп,Выпуск 4.,Музыкальный калейдоскоп,,Сост. В. Мудьюгина,2008,,"Музыка, Москва",,41,0,Russian,62,www.infanata.com,,978-5-7140-0871-9,,,,,,,,,,1146121048-хор,0,,,,,,,0,2903508,djvu,35DBDDBAAF75EFA351270B9701A7334D,85093003cedab7de14d4029de9ad4c2a,no,"N:\\natahaus\\!2009\\2009-12\\[1146121048]Музыкальный калейдоскоп.Выпуск 4..-Сост.В.Мудьюгина,Музыка,Москва,2008.djvu",0,2000-01-01 01:00:00,2016-04-03 02:51:08,279000/35dbddbaaf75efa351270b9701a7334d-g.jpg,,
21573579,"Ремонт и дизайн квартиры и дома: [проекты, материалы, интерьер, отделка]",,,,Гаврилова О.М.,2005,,Лениздат,СПб,144,0,Russian,236,www.infanata.com,,5-289-02184-1,,,,,,,,,,1146121064-хор,0,,,,,,,0,11070388,djvu,37F3EBE1C82F16D970D70C86705AFFB9,ff251877b79d556fb731f7cf9eb5260b,no,"N:\\natahaus\\!2009\\2009-12\\[1146121064]Ремонт и дизайн квартиры и дома..-Гаврилова О.М.,СПб.-Лениздат,Ленинград,2005.djvu",0,2000-01-01 01:00:00,2016-04-03 02:51:08,279000/37f3ebe1c82f16d970d70c86705affb9-d.jpg,,
21573580,Элегантные прически: Учеб. пособие,,"Красота, косметология",,Панченко О.А,2005,,Диля,СПб,103,0,Russian,41,www.infanata.com,,5-8174-0072-3,,,,,,,,,OL12587673M,1146121090-нор,0,,,,,,,0,6924257,djvu,E9AA69F4E49B82F7ECD973ED0E5CA4A4,e8040c4b664853440fe3888ec412c99e,no,"N:\\natahaus\\!2009\\2009-12\\[1146121090]Элегантные прически..-Панченко О.А,Диля,2005.djvu",0,2000-01-01 01:00:00,2016-04-03 02:51:08,279000/e9aa69f4e49b82f7ecd973ed0e5ca4a4-d.jpg,,
21573581,Музыкальный калейдоскоп,Выпуск 5,Музыкальный калейдоскоп,,Составитель Мария Шпанова,2008,,"Музыка, Москва",,42,0,Russian,62,www.infanata.com,,978-5-7140-0914-3,,,,,,,,,,1146121152-хор,0,,,,,,,0,2828225,djvu,12FE550B91021F53C8D4036D2506F51B,5d179bfbea546bae98c3f4d510b9c1a2,no,"N:\\natahaus\\!2009\\2009-12\\[1146121152]Музыкальный калейдоскоп.Выпуск 5.-Составитель Мария Шпанова,Музыка,Москва,2008.djvu",0,2000-01-01 01:00:00,2016-04-03 02:51:08,279000/12fe550b91021f53c8d4036d2506f51b-d.jpg,,
21573582,Музыкальный калейдоскоп. Выпуск 6,Выпуск 6,Музыкальный калейдоскоп,,Составитель Владимир Самарин,2007,,"Музыка, Москва",,41,0,Russian,62,www.infanata.com,,5-7140-0942-8,,,,,,,,,,1146121155-хор,0,,,,,,,0,4171263,djvu,556F0466ACA6F748FF5CA3A0D8475490,7902fb2fefe645ab21afe53f144c4e1e,no,"N:\\natahaus\\!2009\\2009-12\\[1146121155]Музыкальный калейдоскоп.Выпуск 6.-Составитель Владимир Самарин,Музыка,Москва,2007.djvu",0,2000-01-01 01:00:00,2016-04-03 02:51:08,279000/556f0466aca6f748ff5ca3a0d8475490-d.jpg,,
21573583,Андрей Сахаров. Наука и Свобода,,,,Г. Горелик,2004,,Вагриус,М,623,0,Russian,68,www.infanata.com,,5-475-00017-4,,,,,,,,,OL23008927M,1146121240-хор,0,,,,,,,0,19541057,djvu,F7E9106489F90C12B2C2255A58693713,022b5b8041012f6e057734d17d70832d,no,"N:\\natahaus\\!2009\\2009-12\\[1146121240]Андрей Сахаров.-Горелик,Геннадий,М.-Вагриус,2004.djvu",0,2000-01-01 01:00:00,2016-04-03 02:51:08,279000/f7e9106489f90c12b2c2255a58693713-d.jpg,,
21573584,Космическая эра в филателии,,,,"Гаврилов П. Ф., Дедов А. Я.",1999,,Радиотон,,42,0,Russian,212,www.infanata.com,,5-87789-048-4,,,,,,,,,,1146121245-Хор,0,,,,,,1,0,23093779,pdf,68E6DA7D65EF4481436B808E2FBFF87A,,,"N:\\natahaus\\!2009\\2009-12\\[1146121245]Космическая эра в филателии.-Сергей Познахирко,Марка,2009.pdf",0,2000-01-01 01:00:00,2016-04-03 02:51:08,279000/68e6da7d65ef4481436b808e2fbff87a-d.jpg,,
21573585,Путеводитель по английской литературе,,,,Под ред. М.Дрэббл и Дж.Стрингер,2003,,Радуга,,930,0,Russian,32,www.infanata.com,,5-05-005-087-1,,,,,,,,,,1146121305-сре,0,,,,,,,1,31836540,djvu,D4988D7CB5EED2B4901800349762EC13,,,"N:\\natahaus\\!2009\\2009-12\\[1146121305]Путеводитель по английской литературе.-Под ред.М.Дрэббл и Дж.Стрингер,Радуга,2003.djvu",0,2000-01-01 01:00:00,2016-04-03 02:51:08,279000/d4988d7cb5eed2b4901800349762ec13-d.jpg,,
21573586,Домашний лечебник: Советы и рецепты народной медицины,,,,,1995,,Прапор,,341,0,Russian,41,www.infanata.com,,5-7766-0370-6,,,,,,,,,,1146121315-хор,0,,,,,,,0,36203695,djvu,567758A14807180D35E5BA17E486E09E,13f4df840d4eb5ca1727c8a138bb2952,no,"N:\\natahaus\\!2009\\2009-12\\[1146121315]Домашний лечебник-Советы и рецепты народной медицины.-Прапор,1995.djvu",0,2000-01-01 01:00:00,2016-04-03 02:51:08,279000/567758a14807180d35e5ba17e486e09e-d.jpg,,
21573587,Главные течения русской исторической мысли,,,,П.Н. Милюков,1898,,Типолитография т-ва И.М. Кушнерева,М.,419,0,Russian,64,www.infanata.com,,,,,,,,,,,,1146121363-сре,0,,,,,,,1,14743561,pdf,0133398AF6D4439D88B8C7AE7FCD73C0,,,"N:\\natahaus\\!2009\\2009-12\\[1146121363]Главные течения русской исторической мысли.-П.Н.Милюков,М.-Типолитография т-ва И.М.Кушнерева,1898.pdf",0,2000-01-01 01:00:00,2016-04-03 02:51:08,279000/0133398af6d4439d88b8c7ae7fcd73c0-d.gif,,
21573588,Формирование социально-адаптированной личности воспитанника детского дома в процессе взаимодействия с учреждениями социума,,,,Виниченко Л.А.,2009,,,,165,0,Russian,,www.infanata.com,,,,,,,,,,,,1146121388-отл,0,,,,,,,1,2136894,pdf,BD07332072FE96F1300903ECE1A573CA,,,N:\\natahaus\\!2009\\2009-12\\[1146121388]Формирование социально-адаптированной личности воспитанника детского дома в процессе взаимодействия с учреждениями .pdf,0,2000-01-01 01:00:00,2016-04-03 02:51:08,279000/bd07332072fe96f1300903ece1a573ca-g.jpg,,
21573589,Педагогические условия преодоления отрицательной направленности личности подростков в процессе физкультурно-спортивной деятельности,,,,Щербин Д.В.,2003,,,,199,0,Russian,289,www.infanata.com,,,,,,,,,,,,1146121395-отл,0,,,,,,,1,2344160,pdf,3F7EA63A3F1B6AF21F3424B18949732D,,,N:\\natahaus\\!2009\\2009-12\\[1146121395]Педагогические условия преодоления отрицательной направленности личности подростков в процессе физкультурно-спортив.pdf,0,2000-01-01 01:00:00,2016-04-03 02:51:08,279000/3f7ea63a3f1b6af21f3424b18949732d-g.jpg,,
21573590,Полное собрание сочинений в 91 томе. Война и мир. Том 2,том 9,Полное собрание сочинений,,Толстой Л.Н.,1938,,Художественная литература,,442,0,Russian,102,www.infanata.com,,,,,,,,,,,,1146121404-Ска,0,,,,,,,0,12234040,djvu,D67447DAB90F3B4F0C646A59A73B412D,04fc948e8e9b8cd95ef67c085bcbf6f8,no,N:\\natahaus\\!2009\\2009-12\\[1146121404].Н.Толстой.Полное собрание сочинений в 91 томе.- Том 09(1938).Война и мир.Том 2.-Толстой Л.Н..djvu,0,2000-01-01 01:00:00,2016-04-03 02:51:08,279000/d67447dab90f3b4f0c646a59a73b412d-d.jpg,,
21573591,Полное собрание сочинений в 91 томе. Война и мир. Том 2,том 9,Полное собрание сочинений,,Толстой Л.Н.,1938,,Художественная литература,,442,0,Russian,102,www.infanata.com,,,,,,,,,,,,1146121404-Ска,0,,,,,,,0,39881321,pdf,0DC5BCBBA44E6724EA98D2A212FB6735,,,N:\\natahaus\\!2009\\2009-12\\[1146121404].Н.Толстой.Полное собрание сочинений в 91 томе.- Том 09(1938).Война и мир.Том 2.-Толстой Л.Н..pdf,0,2000-01-01 01:00:00,2016-04-03 02:51:08,279000/0dc5bcbba44e6724ea98d2a212fb6735-d.jpg,,
21573592,Беглецы. Отец,,,,Малахов Сергей,1954,,"Издательство имени Чехова, Нью-Йорк",,223,0,Russian,109,www.infanata.com,,,,,,,,,,,,1146121411-Оче,0,,,,,,,0,3739974,pdf,661F502BA102DAA609996D8584578FA1,,,"N:\\natahaus\\!2009\\2009-12\\[1146121411]Малахов С.Беглецы.Отец.-Малахов Сергей,Издательство имени Чехова,Нью-Йорк,1954.pdf",0,2000-01-01 01:00:00,2016-04-03 02:51:08,279000/661f502ba102daa609996d8584578fa1-d.jpg,,
21573593,Адмирал Колчак,,,,Смирнов М. И.,1930,,Издательство Военно-Морского Союза,Париж,70,0,Russian,68,www.infanata.com,,,,,,,,,,,,1146121442-чит,0,,,,,,,1,10080218,pdf,3103523DE36DB31621449260BFC63975,,,"N:\\natahaus\\!2009\\2009-12\\[1146121442]Адмирал Колчак.-Смирнов М.И.,Париж,Издательство Военно-Морского Союза,1930.pdf",0,2000-01-01 01:00:00,2016-04-03 02:51:08,279000/3103523de36db31621449260bfc63975-d.jpg,,
21573594,Человек с железным оленем,,,,Харитановский А. А.,1965,,,,118,0,Russian,293,www.infanata.com,,,,,,,,,,,,1146121472-отл,0,,,,,,,1,1239632,pdf,E5DB7BA1DE9F9FF07A59D82268B47EAA,,,"N:\\natahaus\\!2009\\2009-12\\[1146121472]А.А.Харитановский Человек с железным оленем.-Харитановский А.А.,1965.pdf",0,2000-01-01 01:00:00,2016-04-03 02:51:08,279000/e5db7ba1de9f9ff07a59d82268b47eaa-d.jpg,,
21573595,"Безумный день, или женитьба Фигаро. Бомарше",,Театр у микрофона,,Пьер Огюстен Карон де Бомарше,,,,,,0,Russian,,www.infanata.com,,,,,,,,,,,,1146121505-Отл,0,,,,,,,,258597,fb2,02063DC1814BA37CB4FD11ADEA41E38D,,,"N:\\natahaus\\!2009\\2009-12\\[1146121505]Безумный день,или женитьба Фигаро.Бомарше.Аудиокнига..-Пьер Огюстен Карон де Бомарше.fb2",0,2000-01-01 01:00:00,2016-04-03 02:51:08,279000/02063dc1814ba37cb4fd11adea41e38d-d.jpg,,
21573596,"Безумный день, или женитьба Фигаро. Бомарше",,Театр у микрофона,,Пьер Огюстен Карон де Бомарше,,,,,,0,Russian,,www.infanata.com,,,,,,,,,,,,1146121505-Отл,0,,,,,,,,316860,rtf,7AE68A35771F14796A28BDD08BFD476D,,,"N:\\natahaus\\!2009\\2009-12\\[1146121505]Безумный день,или женитьба Фигаро.Бомарше.Аудиокнига..-Пьер Огюстен Карон де Бомарше.rtf",0,2000-01-01 01:00:00,2016-04-03 02:51:08,279000/7ae68a35771f14796a28bdd08bfd476d-d.jpg,,
21573597,Судья в ловушке. Генри Филдинг. Аудиокнига.,,Театр у микрофона,,Генри Филдинг,,,,,,0,Russian,,www.infanata.com,,,,,,,,,,,,1146121528-Отл,0,,,,,,,,146456,fb2,2251755C43AFF946B8301FDE1724B8AC,,,N:\\natahaus\\!2009\\2009-12\\[1146121528]Судья в ловушке.Аудиокнига..-Генри Филдинг.fb2,0,2000-01-01 01:00:00,2016-04-03 02:51:08,279000/2251755c43aff946b8301fde1724b8ac-d.jpg,,
21573598,Циники. Анатолий Мариенгоф. Аудиокнига.,,Театр у микрофона,,Анатолий Мариенгоф,,,,,,0,Russian,,www.infanata.com,,,,,,,,,,,,1146121559-Отл,0,,,,,,,,356423,fb2,97711A9B8B91165514A132893167702E,,,N:\\natahaus\\!2009\\2009-12\\[1146121559]Циники.Аудиокнига..-Анатолий Мариенгоф.fb2,0,2000-01-01 01:00:00,2016-04-03 02:51:08,279000/97711a9b8b91165514a132893167702e-d.jpg,,
21573599,Циники. Анатолий Мариенгоф. Аудиокнига.,,Театр у микрофона,,Анатолий Мариенгоф,,,,,,0,Russian,,www.infanata.com,,,,,,,,,,,,1146121559-Отл,0,,,,,,,,2032441,rtf,B1B017F421968E5475491412A9DFE46C,,,N:\\natahaus\\!2009\\2009-12\\[1146121559]Циники.Аудиокнига..-Анатолий Мариенгоф.rtf,0,2000-01-01 01:00:00,2016-04-03 02:51:08,279000/b1b017f421968e5475491412a9dfe46c-d.jpg,,
21573600,"Титулы, мундиры и ордена Российской империи",,,,Шепелев Л. Е.,2005,,Центрполиграф; МиМ-Дельта,"М., Спб",490,0,Russian,64,www.infanata.com,,5-9524-1046-4,,,,,,,,,,1146121578-сре,0,,,,,,1,0,58251786,djvu,86F0393C80CE4A4F119533E46B7A9052,84080f937feff6967a85292459eb86e9,no,"N:\\natahaus\\!2009\\2009-12\\[1146121578]Титулы,мундиры и ордена Российской империи.-Шепелев Л.Е..djvu",0,2000-01-01 01:00:00,2016-04-03 02:51:08,279000/86f0393c80ce4a4f119533e46b7a9052-d.jpg,,
21573601,Хатха - йога: что мы можем взять из нее?,,,,В.Воронин,,,,,33,0,Russian,164,www.infanata.com,,,,,,,,,,,,1146121681-,0,,,,,,,0,993196,djvu,0D738781282C48414937A6A104709563,eb2c8cd1aff69625b29427d5b1382176,no,N:\\natahaus\\!2009\\2009-12\\[1146121681]Хатха - йога-что мы можем взять из нее..-В.Воронин.djvu,0,2000-01-01 01:00:00,2016-04-03 02:51:08,279000/0d738781282c48414937a6a104709563-g.jpg,,
21573602,Хатха - йога: что мы можем взять из нее?,,,,В.Воронин,,,,,,0,Russian,164,www.infanata.com,,,,,,,,,,,,1146121681-,0,,,,,,,,1447936,doc,D57C7EC32E82EE4EF35860983A22E307,,,N:\\natahaus\\!2009\\2009-12\\[1146121681]Хатха - йога-что мы можем взять из нее..-В.Воронин.doc,0,2000-01-01 01:00:00,2016-04-03 02:51:08,,,
21573603,Хатха - йога: что мы можем взять из нее?,,,,В.Воронин,,,,,32,0,Russian,164,www.infanata.com,,,,,,,,,,,,1146121681-,0,,,,,,,0,9098285,pdf,D8DB787F88CCD8C46468354BEDFCC54F,,,N:\\natahaus\\!2009\\2009-12\\[1146121681]Хатха - йога-что мы можем взять из нее..-В.Воронин.pdf,0,2000-01-01 01:00:00,2016-04-03 02:51:08,279000/d8db787f88ccd8c46468354bedfcc54f-g.jpg,,
21573604,Болит спина: что делать?: Физкультура нового поколения для больных остеохондрозом,,Советует доктор,,Леонтьев А.В.,2001,,Нев. проспект,СПб,161,0,Russian,164,www.infanata.com,,5-8378-0172-3,,,,,,,,,OL22987145M,1146121697-хор,0,,,,,,,0,4577385,djvu,5014A86E27E8386E4D057B5F2572F894,11dd0ea1bb6740cd8d3d1348bca50f7c,no,"N:\\natahaus\\!2009\\2009-12\\[1146121697]Болит спина-что делать..-Леонтьев А.В.,СПб.-Невский проспект,2001.djvu",0,2000-01-01 01:00:00,2016-04-03 02:51:08,279000/5014a86e27e8386e4d057b5f2572f894-d.jpg,,
21573605,Знак зверя. Iron maiden: Биография,,,,Морозов А.,2003,,ЭКСМО,М,225,0,Russian,62,www.infanata.com,,5-699-03026-3,,,,,,,,,,1146121725-сре,0,,,,,,1,1,48630658,djvu,4E46FF8EB5E35267DBD80AE0FA626F77,,,"N:\\natahaus\\!2009\\2009-12\\[1146121725]Iron Maiden(Знак зверя)-Биография.-Морозов А.,Эксмо,2003.djvu",0,2000-01-01 01:00:00,2016-04-03 02:51:08,279000/4e46ff8eb5e35267dbd80ae0fa626f77-d.jpg,,
21573606,"Трое храбрых, пятеро справедливых",,,,Ши Юй-кунь,2000,,Гудьял-Пресс,,415,0,Russian,110,www.infanata.com,0,,,,,,,,,,,худ. лит.,0,,,,,1,,0,7105198,djvu,BC03D352CDA4E396E906012BFB59D102,27d855452534e5ccdbaef532dbdb1f47,no,"N:/natahaus/!2009/2009-12/[1146121735]Трое храбрых,пятеро справедливых.-Ши Юй-кунь,Гудьял-Пресс,2000.djvu",0,2000-01-01 01:00:00,2016-04-03 02:51:08,279000/bc03d352cda4e396e906012bfb59d102-d.jpg,,
21573607,"Трое храбрых, пятеро справедливых",,,,Ши Юй-кунь,2000,,Гудьял-Пресс,,415,0,Russian,110,www.infanata.com,0,,,,,,,,,,,худ. лит.,0,,,,,1,,0,31340718,pdf,964AF77D2D229554A4D6A40DA5B97C0B,,,"N:/natahaus/!2009/2009-12/[1146121735]Трое храбрых,пятеро справедливых.-Ши Юй-кунь,Гудьял-Пресс,2000.pdf",0,2000-01-01 01:00:00,2016-04-03 02:51:08,279000/964af77d2d229554a4d6a40da5b97c0b-d.jpg,,
21573608,Завещание ночи,,,,Кирилл Бенедиктов,2008,,Попул. лит,Москва,313,0,Russian,110,www.infanata.com,,978-5-903396-10-8,,,,,,,,,,1146121752-выш,0,,,,,,,0,2174520,djvu,9D01CC79CD203FDDC3531C264C90CA66,91a7d8ad6041870f46f48087438fa7c2,no,"N:\\natahaus\\!2009\\2009-12\\[1146121752]Завещание ночи.-Кирилл Бенедиктов,Москва.Популярная библиотека,2008.djvu",0,2000-01-01 01:00:00,2016-04-03 02:51:08,279000/9d01cc79cd203fddc3531c264c90ca66-d.jpg,,
21573609,Шейте сами.,,,,Шандорова Э.,1988,,Обзор,Братислава,204,0,Russian,41,www.infanata.com,,,,,,,,,,,,1146121765-сре,0,,,,,,,0,15569603,djvu,36CF4E76E7D713629C3EB9004B8AF89E,837bbee9e1c7d3f02c20434611f5cd55,no,"N:\\natahaus\\!2009\\2009-12\\[1146121765]Шейте сами..-Шандорова Э.,Братислава-Обзор,1988.djvu",0,2000-01-01 01:00:00,2016-04-03 02:51:08,279000/36cf4e76e7d713629c3eb9004b8af89e-d.jpg,,
21573610,Скотт Келби - Adobe Photoshop Lightroom 2: справочник по обработке цифровых фотографий.,,,,Скотт Келби,2009,,Вильямс,,404,0,Russian,,www.infanata.com,,978-5-8459-1608-2,,,,,,,,,,1146121830-ска,0,,,,,,,0,22808839,djvu,1ED03E4C0E201F28DA1866B030E84791,fe7ad8ffb74114a720cf5faf1d02e05e,no,"N:\\natahaus\\!2009\\2009-12\\[1146121830]Adobe Photoshop Lightroom 2-справочник по обработке цифровых фотографий..-Скотт Келби,Вильямс,2009.djvu",0,2000-01-01 01:00:00,2016-04-03 02:51:08,279000/1ed03e4c0e201f28da1866b030e84791-d.jpg,,
21573611,Четвертый выпуск стандартных марок Российской Федерации,,,,Александр Голованов,2009,,ФГУП Издатцентр Марка,,82,0,Russian,227,www.infanata.com,,,,,,,,,,,,1146121938-хор,0,,,,,,1,0,47884995,pdf,8ADB022EC0F24912FB258743DE01925C,,,"N:\\natahaus\\!2009\\2010-01\\[1146121938]Четвертый выпуск стандартных марок Российской Федерации.-Александр Голованов,ФГУП Издатцентр «Марка»,2009.pdf",0,2000-01-01 01:00:00,2016-04-03 02:51:08,279000/8adb022ec0f24912fb258743de01925c-d.jpg,,
21573612,Деревянный флот,,М-Хобби.  Секреты технологий,,,2006,,Цейхгауз,Москва,52,0,Russian,64,www.infanata.com,,5-9771-0006-X,,,,,,,,,,1146121949-отл,0,,,,,,1,0,62976772,pdf,532117196BA84AF4F3AF8F04486A55D1,,,"N:\\natahaus\\!2009\\2010-01\\[1146121949]Деревянный флот.-Цейхгауз,2006.pdf",0,2000-01-01 01:00:00,2016-04-03 02:51:08,279000/532117196ba84af4f3af8f04486a55d1-d.jpg,,
21573613,Иллюстрированный Альманахъ,,,,,1848,,тип. Э. Праца,СПб,284,0,Russian,,www.infanata.com,,,,,,,,,,,,1146121971-чит,0,,,,,,,1,17779488,pdf,EE54CC30E37FFEF032A128D0C31825D8,,,"N:\\natahaus\\!2009\\2010-01\\[1146121971]Иллюстрированный Альманахъ.-СПб,тип.Э.Праца,1848.pdf",0,2000-01-01 01:00:00,2016-04-03 02:51:08,279000/ee54cc30e37ffef032a128d0c31825d8-d.jpg,,
21573614,Полное собрание сочинений в 91 томе. Война и мир. Черновые редакции и варианты,Том 13,Полное собрание сочинений,,Толстой Л.Н.,1949,,Художественная литература,,884,0,Russian,102,www.infanata.com,,,,,,,,,,,,1146122034-Ска,0,,,,,,,0,101498550,pdf,FD4C0CCFFBEF771E4395E3265D4905BE,,,N:\\natahaus\\!2009\\2010-01\\[1146122034]Л.Н.Толстой.Полное собрание сочинений в 91 томе.- Том 13(1949).Война и мир.Черновые редакции и варианты.-Толстой Л..pdf,0,2000-01-01 01:00:00,2016-04-03 02:51:08,279000/fd4c0ccffbef771e4395e3265d4905be-d.jpg,,
21573615,Одесский Великого Князя Константина Константиновича Кадетский Корпус 1899-1924,,,,Ньюйоркское Объединения Кадет Одесского Корпуса,1974,,,,206,0,Russian,64,www.infanata.com,,,,,,,,,,,,1146122053-Хор,0,,,,,,,0,158244692,pdf,CBAB7F623AD0ADC53130B7F1A5800E95,,,N:\\natahaus\\!2009\\2010-01\\[1146122053]Одесский Великого Князя Константина Константиновича Кадетский Корпус 1899-1924.-Ньюйоркское Объединения Кадет Одесс.pdf,0,2000-01-01 01:00:00,2016-04-03 02:51:08,279000/cbab7f623ad0adc53130b7f1a5800e95-d.jpg,,
21573616,Умелые руки.,,,,"Куличенко В.Ф., Ширина К.Ф., Ковыршина И.Б.",1954,,Молодая гвардия,М.,408,0,Russian,41,www.infanata.com,,,,,,,,,,,,1146122054-отл,0,,,,,,,,9409189,chm,1B523EFADB5EBE6378E8305B1A6C8743,,,"N:\\natahaus\\!2009\\2010-01\\[1146122054]Умелые руки..-Куличенко В.Ф.,Ширина К.Ф.,Ковыршина И.Б.,М.-Молодая гвардия,1954.chm",0,2000-01-01 01:00:00,2016-04-03 02:51:08,279000/1b523efadb5ebe6378e8305b1a6c8743-d.jpg,,
21573617,Знакомство с синтезатором. Самоучитель,,,,Кузнецова В. (сост.),2000,,Издатель Смолин К.О.,,59,0,Russian,186,www.infanata.com,,,,,,,,,,,,1146122056-отл,0,,,,,,,0,1696195,djvu,AF3D06B002F6C194B305DAF6EA9A335B,25c4c326bd1f1a69352b36d2b93dcc39,no,"N:\\natahaus\\!2009\\2010-01\\[1146122056]В.Кузнецова.Знакомство с синтезатором.Самоучитель.-сост.В.Кузнецова,Издатель Смолин К.О.,2000.djvu",0,2000-01-01 01:00:00,2016-04-03 02:51:08,279000/af3d06b002f6c194b305daf6ea9a335b-d.jpg,,
21573618,Кадетские корпуса в России в 1732-1917,,"Военно-историческая  серия \Солдатъ''. Униформа. Вооружение. Организация""",,"Воробьева А., Пархаев О.",2003,,"АСТ, Астрель",М,66,0,Russian,64,www.infanata.com,,"5-17-021350-6,5-271-07636-9",,,,,,,,,OL12539997M,1146122064-хор,0,,,,,,1,0,27199973,pdf,B22E0F203FD22B1CD040695EA2DFBBFD,,,"N:\\natahaus\\!2009\\2010-01\\[1146122064]Кадетские корпуса в России 1732-1917.-Воробьева А.,Пархаев О.,АСТ,2003.pdf",0,2000-01-01 01:00:00,2016-04-03 02:51:08,279000/b22e0f203fd22b1cd040695ea2dfbbfd-d.jpg,,
21573619,Как это делается,Выпуск 1,Мастер-класс,,Юлия Карева и другие,2010,,Интернет-журнал,,22,0,Russian,41,www.infanata.com,,,,,,,,,,,,1146122097-отл,0,,,,,,,1,674750,pdf,35B63747D204D44743913E8823F8BDC2,,,"N:\\natahaus\\!2009\\2010-01\\[1146122097]Как это делается.Выпуск 1.-Юлия Карева и другие,Интернет-журнал,2010.pdf",0,2000-01-01 01:00:00,2016-04-03 02:51:08,279000/35b63747d204d44743913e8823f8bdc2-d.jpg,,
21573620,Из истории XVII века. Очищение русской земли. Поход Черкас,,,,Ардашев Н.Н.,1898,,,,38,0,Russian,64,www.infanata.com,,,,,,,,,,,,1146122110-сре,0,,,,,,,0,1453824,pdf,45A973783A8121EC4ADF77CB1DB13D6A,,,"N:\\natahaus\\!2009\\2010-01\\[1146122110]Из истории XVII века.Очищение русской земли.Поход Черкас.-Ардашев Н.Н.,1898.pdf",0,2000-01-01 01:00:00,2016-04-03 02:51:08,279000/45a973783a8121ec4adf77cb1db13d6a-d.jpg,,
21573621,Голый завтрак: [роман],,Альтернатива,,Берроуз Уильям,2010,,АСТ,Москва,288,0,Russian,110,www.infanata.com,,978-5-17-061162-1,,,,,,,,,,1146122141-,0,,,,,,,0,14234367,djvu,2E41A0EEA65EDC53199C894C7DAF0E6E,0ae573a0c11a8613cce9c2ce06543221,no,"N:\\natahaus\\!2009\\2010-01\\[1146122141]Берроуз У.- Голый завтрак(перевод.В.Когана).-Берроуз Уильям,АСТ,АСТ МОСКВА,2010.djvu",0,2000-01-01 01:00:00,2016-04-03 02:51:08,279000/2e41a0eea65edc53199c894c7daf0e6e-d.jpg,,
21573622,Развитие речевого творчества учащихся эмоционально-ценностными средствами,,,,Каландарова Н.Н.,2004,,,,205,0,Russian,,www.infanata.com,,,,,,,,,,,,1146122158-отл,0,,,,,,,0,1786022,pdf,230491E1DC86317713F260B1AD32FBB3,,,"N:\\natahaus\\!2009\\2010-01\\[1146122158]Развитие речевого творчества учащихся эмоционально-ценностными средствами.-Каландарова Н.Н.,2004.pdf",0,2000-01-01 01:00:00,2016-04-03 02:51:08,279000/230491e1dc86317713f260b1ad32fbb3-g.jpg,,
21573623,Уолт Уитмен. Избранные стихотворения и проза,,,,Уолт Уитмен,1944,,ОГИЗ,,220,0,Russian,109,www.infanata.com,,,,,,,,,,,,1146122162-Хор,0,,,,,,,0,12167602,pdf,7C881BCC894F131CF7E59EB00F3E7D3C,,,"N:\\natahaus\\!2009\\2010-01\\[1146122162]Избранные стихотворения и проза.-Уолт Уитмен,ОГИЗ,1944.pdf",0,2000-01-01 01:00:00,2016-04-03 02:51:08,279000/7c881bcc894f131cf7e59eb00f3e7d3c-d.jpg,,
21573624,Полное собрание сочинений в 91 томе. Война и мир. Черновые редакции и варианты. Часть 2-я,Том 14,Полное собрание сочинений,,Толстой Л.Н.,1953,,Художественная литература,,449,0,Russian,102,www.infanata.com,,,,,,,,,,,,1146122180-Ска,0,,,,,,,0,49587606,pdf,72EE909E0CC2B70B4D0977E94B1F63EA,,,N:\\natahaus\\!2009\\2010-01\\[1146122180]Л.Н.Толстой.Полное собрание сочинений в 91 томе.- Том 14(1953).Война и мир.Черновые редакции и варианты.Часть 2-я.-.pdf,0,2000-01-01 01:00:00,2016-04-03 02:51:08,279000/72ee909e0cc2b70b4d0977e94b1f63ea-d.jpg,,
21573625,О. Степурко. Джаз на трубе,,,,О. Степурко,2001,,Владос,,58,0,Russian,62,www.infanata.com,,,,,,,,,,,,1146122185-хор,0,,,,,,,0,12530671,pdf,4F0E19FA0676A9EAEE07A09288086010,,,"N:\\natahaus\\!2009\\2010-01\\[1146122185]Джаз на трубе.-О.Степурко,Владос,2001.pdf",0,2000-01-01 01:00:00,2016-04-03 02:51:08,279000/4f0e19fa0676a9eaee07a09288086010-d.jpg,,
21573626,Карточные игры России,,,,Розалиев Н.Ю.,1991,,Всесоюзная книжная палата,,90,0,Russian,37,www.infanata.com,,,,,,,,,,,,1146122208-хор,0,,,,,,,0,978152,djvu,B8A4D23C9D9B18C654746E6CF2A60B1E,4e5c5bd13954b9267ab59486beda3998,no,"N:\\natahaus\\!2009\\2010-01\\[1146122208]Карточные игры России.-Розалиев Н.Ю.,Всесоюзная книжная палата,1991.djvu",0,2000-01-01 01:00:00,2016-04-03 02:51:08,279000/b8a4d23c9d9b18c654746e6cf2a60b1e-d.jpg,,
21573627,Карточные игры России,,,,Розалиев Н.Ю.,1991,,Всесоюзная книжная палата,,90,0,Russian,37,www.infanata.com,,,,,,,,,,,,1146122208-хор,0,,,,,,1,0,4724830,pdf,096FB5777FFEABC8D58AD5A9BFD7674D,,,"N:\\natahaus\\!2009\\2010-01\\[1146122208]Карточные игры России.-Розалиев Н.Ю.,Всесоюзная книжная палата,1991.pdf",0,2000-01-01 01:00:00,2016-04-03 02:51:08,279000/096fb5777ffeabc8d58ad5a9bfd7674d-d.jpg,,
21573628,Коллаборационизм в России в 1941-1945 гг.: Типы и формы,,"Монографии / М-во образования Российской Федерации, ''ИНОЦентр",,Ковалев Б.Н.,2009,,Новгородский гос. ун-т им. Ярослава Мудрого,Великий Новгород,370,0,Russian,64,www.infanata.com,,978-5-98769-061-1,,,,,,,,,,1146122233-Отс,0,,,,,,,1,19172311,pdf,8DE90F11DC884E1FA0E4564089E02396,,,"N:\\natahaus\\!2009\\2010-01\\[1146122233]Коллаборационизм в России в 1941-1945 гг.Типы и формы.-Ковалев Б.Н.,Великий Новгород-НовГУ имени Ярослава Мудрого,2.pdf",0,2000-01-01 01:00:00,2016-04-03 02:51:08,279000/8de90f11dc884e1fa0e4564089e02396-d.jpg,,
21573629,Полное собрание сочинений в 91 томе. Война и мир. Черновые редакции и варианты. Часть 3-я,Том 15,Полное собрание сочинений,,Толстой Л.Н.,1955,,Художественная литература,,337,0,Russian,102,www.infanata.com,,,,,,,,,,,,1146122253-Ска,0,,,,,,,0,11519100,djvu,09F9D47433D3E8AE496C937DCC6D2AE7,f2aa5302051440877f1d22f89597d384,no,N:\\natahaus\\!2009\\2010-01\\[1146122253]Л.Н.Толстой.Полное собрание сочинений в 91 томе.- Том 15(1955).Война и мир.Черновые редакции и варианты.Часть 3-я.-.djvu,0,2000-01-01 01:00:00,2016-04-03 02:51:08,279000/09f9d47433d3e8ae496c937dcc6d2ae7-d.jpg,,
21573630,Нью-Йорк. путеводитель,,Окно в мир,,,1997,,ЭКОМ-ПРЕСС,,163,0,Russian,32,www.infanata.com,,,,,,,,,,,,1146122262-Ска,0,,,,,,,0,54033643,pdf,CF33DFC81B40CDC04B94D556D812A07A,,,"N:\\natahaus\\!2009\\2010-01\\[1146122262]Нью-Йорк.путеводитель.-Коллектив,ЭКОМ-ПРЕСС,1997(1996orig.).pdf",0,2000-01-01 01:00:00,2016-04-03 02:51:08,279000/cf33dfc81b40cdc04b94d556d812a07a-d.jpg,,
21573631,Коммутативная алгебра,Том 1,,,"Зарисский О., Самюэль П.",1963,,Издательство иностранной литературы,М.,370,0,Russian,114,www.infanata.com,,,,,,,,,,,,1146122266-хор,0,,,,,,,1,4685314,djvu,8831B501AF4916BE9B35B1B594265122,,,"N:\\natahaus\\!2009\\2010-01\\[1146122266]Коммутативная алгебра.Том 1.-Зарисский О.,Самюэль П.,М.-Издательство иностранной литературы,1963.djvu",0,2000-01-01 01:00:00,2016-04-03 02:51:08,279000/8831b501af4916be9b35b1b594265122-d.jpg,,
21573632,Неврология. Национальное руководство,,Национальное руководство,,"Гусев Е. И., Коновалов А. Н., Скворцова В. И., Гехт А. Б.",2009,,ГЭОТАР-Медиа,,1064,0,Russian,165,www.infanata.com,,,,,,,,,,,,1146122274-Хор,0,,,,,,,0,30338794,djvu,F49B39602F547BF837600E407D65CCC6,eb74029b40fcf8f6e6e9a78ce1e071ef,no,"N:\\natahaus\\!2009\\2010-01\\[1146122274]Неврология.Национальное руководство.-Гусев Е.И.,Коновалов А.Н.,Скворцова В.И.,Гехт А.Б.,ГЭОТАР-Медиа,2009.djvu",0,2000-01-01 01:00:00,2016-04-03 02:51:08,279000/f49b39602f547bf837600e407d65ccc6-d.jpg,,
21573633,Русская литература для детей в XVIII - XIX вв.,,,,М. С. Костюхина,2008,,ОГИ,,121,0,Russian,111,www.infanata.com,,,,,,,,,,,,1146122286-,0,,,,,,1,0,11294945,pdf,C4D46894CBB0CC910A2838334C110E41,,,"N:\\natahaus\\!2009\\2010-01\\[1146122286]М.Костюхина-Русская литература для детей в XVIII - XIX вв..-М.С.Костюхина,ОГИ,2008.pdf",0,2000-01-01 01:00:00,2016-04-03 02:51:08,279000/c4d46894cbb0cc910a2838334c110e41-d.jpg,,
21573634,Антропологические данные о великоруссах побережья р.р. Сухоны и Северной Двины,,,,Золотарев Д.А.,1916,,,,34,0,Russian,76,www.infanata.com,,,,,,,,,,,,1146122353-сре,0,,,,,,,0,1167730,djvu,8167505B58D87F28C71752046DA4BB12,0d9ad1a91438460cfb0d0d3d96b67c23,no,"N:\\natahaus\\!2009\\2010-01\\[1146122353]Антропологические данные о великоруссах побережья р.р.Сухоны и Северной Двины.-Золотарев Д.А.,1916.djvu",0,2000-01-01 01:00:00,2016-04-03 02:51:08,279000/8167505b58d87f28c71752046da4bb12-d.jpg,,
21573635,Выбирая свою историю: ''Развилки'' на пути России: от рюриковичей до олигархов,,,,"Карацуба И.В., Курукин И.В., Соколов Н.П.",2006,,КоЛибри,Москва,605,0,Russian,64,www.infanata.com,,5-98720-018-0,,,,,,,,,,1146122367-отл,0,,,,,,1,1,6127046,pdf,96263D5A58BF493EAF63CF089CF57354,,,"N:\\natahaus\\!2009\\2010-01\\[1146122367]Выбирая свою историю.«Развилки» на пути России-от рюриковичей до олигархов.-Карацуба И.В.,Курукин И.В.,Соколов Н.П..pdf",0,2000-01-01 01:00:00,2016-04-03 02:51:08,279000/96263d5a58bf493eaf63cf089cf57354-d.jpg,,
21573636,Антология самиздата. В трех томах. В четырех книгах.,T1B1,,,,2005,,Международный институт гуманитарно-политических исследований,М.,496,0,Russian,111,www.infanata.com,,5-89793-035-X,,,,,,,,,OL16685361M,1146122374-изд,0,,,,,,,1,3036222,pdf,84ECFDA0A9C7DC5E836626264FD9C2A9,,,"N:\\natahaus\\!2009\\2010-01\\[1146122374] Антология самиздата.В трех томах.В четырех книгах..-М.,Международный институт гуманитарно-политических исследований T1B1-FINAL.pdf",0,2000-01-01 01:00:00,2016-04-03 02:51:08,279000/84ecfda0a9c7dc5e836626264fd9c2a9-d.jpg,,
21573637,Антология самиздата. В трех томах. В четырех книгах.,T1B2,,,,2005,,Международный институт гуманитарно-политических исследований,М.,368,0,Russian,111,www.infanata.com,,5-89793-035-X,,,,,,,,,OL16685361M,1146122374-изд,0,,,,,,,1,2438931,pdf,E8CB756864159E84BC9C9204877CBDB7,,,"N:\\natahaus\\!2009\\2010-01\\[1146122374] Антология самиздата.В трех томах.В четырех книгах..-М.,Международный институт гуманитарно-политических исследований T1B2-FINAL.pdf",0,2000-01-01 01:00:00,2016-04-03 02:51:08,279000/e8cb756864159e84bc9c9204877cbdb7-d.jpg,,
21573638,Антология самиздата. В трех томах. В четырех книгах.,T2-p1&2,,,,2005,,Международный институт гуманитарно-политических исследований,М.,760,0,Russian,111,www.infanata.com,,5-89793-035-X,,,,,,,,,OL16685361M,1146122374-изд,0,,,,,,1,1,4030433,pdf,56E1AE651A4FEE665A635C034F162D90,,,"N:\\natahaus\\!2009\\2010-01\\[1146122374] Антология самиздата.В трех томах.В четырех книгах..-М.,Международный институт гуманитарно-политических исследований T2-p1&2-FINAL.pdf",0,2000-01-01 01:00:00,2016-04-03 02:51:08,279000/56e1ae651a4fee665a635c034f162d90-d.jpg,,
21573639,Антология самиздата. В трех томах. В четырех книгах.,T3,,,,2005,,Международный институт гуманитарно-политических исследований,М.,448,0,Russian,111,www.infanata.com,,5-89793-035-X,,,,,,,,,OL16685361M,1146122374-изд,0,,,,,,,1,2160604,pdf,83A2618E03316D225AF1650E90CE5DAD,,,"N:\\natahaus\\!2009\\2010-01\\[1146122374] Антология самиздата.В трех томах.В четырех книгах..-М.,Международный институт гуманитарно-политических исследований T3-FINAL.pdf",0,2000-01-01 01:00:00,2016-04-03 02:51:08,279000/83a2618e03316d225af1650e90ce5dad-d.jpg,,
21573640,Битва за Рим (Венец из трав),,Исторический роман,,Маккалоу Колин,2006,,Эксмо,,627,0,Russian,64,www.infanata.com,,,,,,,,,,,,1146122380-OCR,0,,,,,,,,5277914,fb2,CB8B0E1FB3D6260FBEEB6CC548D15FA4,,,"N:\\natahaus\\!2009\\2010-01\\[1146122380]Битва за Рим(Венец из трав).-Маккалоу Колин,Эксмо,2006.fb2",0,2000-01-01 01:00:00,2016-04-03 02:51:08,279000/cb8b0e1fb3d6260fbeeb6cc548d15fa4-d.jpg,,
21573641,Полное собрание сочинений в 91 томе. Несколько слов по поводу книги 'Война и мир',Том 16,,,Толстой Л.Н.,1955,,Художественная литература,,259,0,Russian,102,www.infanata.com,,,,,,,,,,,,1146122381-Ска,0,,,,,,,0,9606763,djvu,9973C1662D0EAF00E282305BB8E836D7,b0b3f324d8e7d39058a71e148e9caf5a,no,N:\\natahaus\\!2009\\2010-01\\[1146122381]Л.Н.Толстой.Полное собрание сочинений в 91 томе.- Том 16(1955).Несколько слов по поводу книги Война и мир.-Толсто.djvu,0,2000-01-01 01:00:00,2016-04-03 02:51:08,279000/9973c1662d0eaf00e282305bb8e836d7-d.jpg,,
21573642,"Мир, время и ты",,Писатель – молодежь – жизнь,,Кузнецов Ф. Ф.,1984,,Молодая гвардия,,138,0,Russian,182,www.infanata.com,,,,,,,,,,,,1146122413-хор,0,,,,,,,1,10241519,djvu,0884E32C5D94A9D0E39B604BB01BFB39,,,"N:\\natahaus\\!2009\\2010-01\\[1146122413]Мир,время и ты.-Кузнецов Ф.Ф.,Молодая гвардия,1984.djvu",0,2000-01-01 01:00:00,2016-04-03 02:51:08,279000/0884e32c5d94a9d0e39b604bb01bfb39-d.jpg,,
21573643,Смысл жизни,,,,Трубецкой Е. Н.,1918,,тип. т-ва И.Д. Сытина,М.,235,0,Russian,194,www.infanata.com,,,,,,,,,,,,1146122427-чит,0,,,,,,,0,6103669,djvu,6E97D22FCEB926E4878F2928843E1CB4,aae28ca209fd9b11ef23020e839b9019,no,"N:\\natahaus\\!2009\\2010-01\\[1146122427]Смысл жизни.-Трубецкой Е.Н.,М.,тип.т-ва И.Д.Сытина,1918.djvu",0,2000-01-01 01:00:00,2016-04-03 02:51:08,279000/6e97d22fceb926e4878f2928843e1cb4-d.jpg,,
21573644,"Полное собрание сочинений в 91 томе. Произведения 1863, 1870, 1872-1879, 1884",Том 17,Полное собрание сочинений,,Толстой Л.Н.,1936,,Художественная литература,,824,0,Russian,102,www.infanata.com,,,,,,,,,,,,1146122511-Ска,0,,,,,,,0,26660156,djvu,F53093B1E132DD239DC6684E28CB6978,f7a831e6b33232eedd0b1c49a5145d89,no,"N:\\natahaus\\!2009\\2010-01\\[1146122511]Л.Н.Толстой.Полное собрание сочинений в 91 томе.- Том 17(1936).Произведения 1863,1870,1872-1879,1884.-Толстой Л.Н.,.djvu",0,2000-01-01 01:00:00,2016-04-03 02:51:08,279000/f53093b1e132dd239dc6684e28cb6978-d.jpg,,
21573645,Адвокатура в условиях судебно-правовой реформы в России,,,,Кучерена А.Г.,2009,,ЮРКОМПАНИ,,434,0,Russian,37,www.infanata.com,,,,,,,,,,,,1146122521-отл,0,,,,,,,,1942016,doc,E467E77F0A5519B323C45DE5BB50275D,,,"N:\\natahaus\\!2009\\2010-01\\[1146122521]Адвокатура в условиях судебно-правовой реформы в России.-Кучерена А.Г.,ЮРКОМПАНИ,2009.doc",0,2000-01-01 01:00:00,2016-04-03 02:51:08,279000/e467e77f0a5519b323c45de5bb50275d-d.jpg,,
21573646,Как это делается,Выпуск 2,Мастер-класс,,Юлия Карева и др,2010,,Интернет-журнал,,37,0,Russian,41,www.infanata.com,,,,,,,,,,,,1146122561-отл,0,,,,,,,0,1141065,djvu,C8C3CF94064F5A4275CA1E70B9E617E0,f72ca8bd4d5d34492aac3adf395ca647,no,"N:\\natahaus\\!2009\\2010-01\\[1146122561]Как это делается.Выпуск 2.-Юлия Карева и др,Интернет-журнал,2010.djvu",0,2000-01-01 01:00:00,2016-04-03 02:51:08,279000/c8c3cf94064f5a4275ca1e70b9e617e0-d.jpg,,
21573647,Как это делается,Выпуск 3,Мастер-класс,,"Енцов Ю., Нефедов Д. и др.",2010,,Интернет-журнал,,48,0,Russian,41,www.infanata.com,,,,,,,,,,,,1146122562-отл,0,,,,,,,0,1374578,djvu,8C0105E6FADA2F2CB2BF873D9A1535E6,e21ee6fd86b8ec13b9ed3e796325af55,no,"N:\\natahaus\\!2009\\2010-01\\[1146122562]Как это делается.Выпуск 3.-Енцов Ю.,Нефедов Д.и др.,Интернет-журнал,2010.djvu",0,2000-01-01 01:00:00,2016-04-03 02:51:08,279000/8c0105e6fada2f2cb2bf873d9a1535e6-d.jpg,,
21573648,Полное собрание сочинений в 91 томе. Анна Каренина,Том 18,,,Толстой Л.Н.,1934,,Художественная литература,,571,0,Russian,102,www.infanata.com,,,,,,,,,,,,1146122653-Ска,0,,,,,,,0,49937352,pdf,33918F42E16F4889791F51A91BA75BA0,,,"N:\\natahaus\\!2009\\2010-01\\[1146122653]Л.Н.Толстой.Полное собрание сочинений в 91 томе.- Том 18(1934).Анна Каренина.-Толстой Л.Н.,Художественная литератур.pdf",0,2000-01-01 01:00:00,2016-04-03 02:51:08,279000/33918f42e16f4889791f51a91ba75ba0-d.jpg,,
21573649,Хирургические болезни детского возраста: учеб. для студентов мед. вузов: в 2 т,,Национальные руководства,,Под ред. Ю.Ф. Исакова,2004,,ГЭОТАР-МЕД,М,588,0,Russian,151,www.infanata.com,,5-9231-0289-7,,,,,,,,,,1146122687-Отл,0,,,,,,,0,16281568,djvu,D97A6A493DCA0637AB6946FC8E86BFF0,7c1bea92b4560b8042712fca7fd3a193,no,"N:\\natahaus\\!2009\\2010-01\\[1146122687]Хирургические болезни детского возраста.-Под ред.Ю.Ф.Исакова,ГЭОТАР-МЕД,2004.djvu",0,2000-01-01 01:00:00,2016-04-03 02:51:08,279000/d97a6a493dca0637ab6946fc8e86bff0-d.jpg,,
21573650,Ссыльные и заточенные в острог Соловецкого монастыря в XVI-XIX вв,,,,Колчин М.А.,1908,,,,196,0,Russian,,www.infanata.com,,,,,,,,,,,,1146122692-хор,0,,,,,,1,0,57334825,pdf,353C723230E00717CB64BCDCC55563C8,,,"N:\\natahaus\\!2009\\2010-01\\[1146122692]Ссыльные и заточенные в острог Соловецкого монастыря в XVI-XIX вв.-Колчин М.А.,1908.pdf",0,2000-01-01 01:00:00,2016-04-03 02:51:08,279000/353C723230E00717CB64BCDCC55563C8-g.jpg,,
21573651,"Войны памяти: мифы, идентичность и политика в Закавказье",,МРБ-0194,,Линде Д. П.,1953,,Госэнергоизд,,245,0,Russian,251,www.infanata.com,,5-94628-118-6,,,,,,,,,OL3358437M,1146122722-Хор,0,,,,,,,0,4730201,djvu,6B58C8FF76DB41E327A3EC8120B48715,1fad64406f987d70f920383bb8f70f97,no,"N:\\natahaus\\!2009\\2010-01\\[1146122722]Войны памяти-мифы,идентичность и политика в Закавказье.-Шнирельман В.А.,М., Издательско-книготорговый центр Академк.djvu",0,2000-01-01 01:00:00,2016-04-03 02:51:08,279000/6b58c8ff76db41e327a3ec8120b48715-d.jpg,,
21573652,Воспоминания о войне,,Хранитель,,Никулин Н. Н.,2008,,Государственный Эрмитаж,,175,0,Russian,68,www.infanata.com,,978-5-93572-330-9,,,,,,,,,,1146122744-отл,0,,,,,,1,1,1952602,pdf,31B1202227AACCAC94006F893DC0432D,,,"N:\\natahaus\\!2009\\2010-01\\[1146122744]Воспоминания о войне.-Никулин Н.Н.,Государственный Эрмитаж,2008.pdf",0,2000-01-01 01:00:00,2016-04-03 02:51:08,279000/31b1202227aaccac94006f893dc0432d-d.jpg,,
21573653,"Мишки: построение авт. выкройки, техника набивки, готовые выкройки мишек, щенка и ёжика",,,,Джемма Кадж,2006,,ОЛМА-ПРЕСС Гранд,Москва,92,0,Russian,41,www.infanata.com,,5-94846-318-4,,,,,,,,,,1146122755-Хор,0,,,,,,,0,12768455,djvu,AD0C829C3A4B4099CB34FE330DDC2314,,,"N:\\natahaus\\!2009\\2010-01\\[1146122755]Мишки.Эксклюзивные модели шьем своими руками.-Джемма Кадж,Олма-Пресс,2006.djvu",0,2000-01-01 01:00:00,2016-04-03 02:51:08,279000/ad0c829c3a4b4099cb34fe330ddc2314-d.jpg,,
21573654,Словарь-справочник синдромов и симптомов заболеваний,,,,М. Фейгин,1962,,Варшава - Польское государственное медицинское издательство,,241,0,Russian,,www.infanata.com,,,,,,,,,,,,1146122761-хор,0,,,,,,1,1,5257121,djvu,43669D4A33F3B3FD591FD38F07F3481B,,,"N:\\natahaus\\!2009\\2010-01\\[1146122761]Словарь-справочник синдромов и симптомов заболеваний.-М.Фейгин,Варшава - Польское государственное медицинское издат.djvu",0,2000-01-01 01:00:00,2016-04-03 02:51:08,279000/43669d4a33f3b3fd591fd38f07f3481b-d.jpg,,
21573655,Парикмахерская-дома,,"Для дома, для семьи",,"Ярцев В.В., Белюсева Л.М.",1998,,ТОО ''Ступень'',М,200,0,Russian,41,www.infanata.com,,5-85769-008-0,,,,,,,,,,1146122768-хор,0,,,,,,,0,10191032,djvu,6CAB3030B9B0595FEBDEEDEEEB08D247,cf24e353385515e95d9a121ff053f0d0,no,"N:\\natahaus\\!2009\\2010-01\\[1146122768]Парикмахерская - дома..-Ярцев В.В.,Белюсева Л.М.,М.-Ступень,1998.djvu",0,2000-01-01 01:00:00,2016-04-03 02:51:08,279000/6cab3030b9b0595febdeedeeeb08d247-d.jpg,,
21573656,Ренуар,,Великие художники. Альбом 14,,,2009,,Директ-Медиа. ИД Комсомольская правда,Москва,52,0,Russian,59,www.infanata.com,,978-5-87107-187-8,,,,,,,,,,1146122784-хор,0,,,,,,,0,11755449,djvu,5BDEFE429CD0BD6D1E4D553A16C292D0,,,"N:\\natahaus\\!2009\\2010-01\\[1146122784]Великие художники.Альбом 14.Ренуар.-Москва-Директ-Медиа.ИД «Комсомольская правда»,2009.djvu",0,2000-01-01 01:00:00,2016-04-03 02:51:08,279000/5bdefe429cd0bd6d1e4d553a16c292d0-d.jpg,,
21573657,"Знаковые люди: деньги, story",,Библиотека Коммерсантъ 1,,Соловьёв А.,2008,,Коммерсантъ; Питер,"Москва, Санкт-Петербург",22,0,Russian,305,www.infanata.com,,978-5-91180-529-6,,,,,,,,,,1146122797-,0,,,,,,,0,25078662,djvu,59858B75C2F654C96C0608459B6B4F93,,,"N:\\natahaus\\!2009\\2010-01\\[1146122797]Знаковые люди.-Соловьёв А.,2008.djvu",0,2000-01-01 01:00:00,2016-04-03 02:51:08,279000/59858b75c2f654c96c0608459b6b4f93-d.jpg,,
21573658,"Знаковые моменты: деньги, story: [сборник статей]",,Библиотека Коммерсантъ 3,,Александр Соловьев,2008,,Коммерсантъ; Питер,"Москва, Санкт-Петербург",22,0,Russian,305,www.infanata.com,,978-5-91180-965-2,,,,,,,,,,1146122800-,0,,,,,,,0,25494229,djvu,0A0E640127FB4DDA2D23730375FAD721,,,"N:\\natahaus\\!2009\\2010-01\\[1146122800]Знаковые моменты.-Александр Соловьев,2008.djvu",0,2000-01-01 01:00:00,2016-04-03 02:51:08,279000/0a0e640127fb4dda2d23730375fad721-d.jpg,,
21573659,Полное собрание сочинений в 91 томе. Анна Каренина. Части 5-8,Том 19,Полное собрание сочинений,,Толстой Л.Н.,1935,,Художественная литература,,528,0,Russian,102,www.infanata.com,,,,,,,,,,,,1146122857-Ска,0,,,,,,,0,14966557,djvu,C164A3E47D4E2C33E26A4C2933FFDE40,a5ae2621db79b11c1a51ab40342af8d1,no,"N:\\natahaus\\!2009\\2010-01\\[1146122857]Л.Н.Толстой.Полное собрание сочинений в 91 томе.- Том 19(1935).Анна Каренина.Части 5-8.-Толстой Л.Н.,Художественная.djvu",0,2000-01-01 01:00:00,2016-04-03 02:51:08,279000/C164A3E47D4E2C33E26A4C2933FFDE40-g.jpg,,
21573660,Штормовое предупреждение,,,,Кирилл Бенедиктов,2004,,Эксмо,М,382,0,Russian,102,www.infanata.com,,5-699-06300-5,,,,,,,,,,1146122896-выш,0,,,,,,,0,7210420,djvu,139F2883F476B73C18F776B2A92B7DDA,83c9105a380d83457efdb103ae0af8e1,no,"N:\\natahaus\\!2009\\2010-01\\[1146122896]Штормовое предупреждение.-Кирилл Бенедиктов,Москва.Эксмо,2004.djvu",0,2000-01-01 01:00:00,2016-04-03 02:51:08,279000/139f2883f476b73c18f776b2a92b7dda-d.jpg,,
21573661,Декоративное мыло. Техника. Приемы. Изделия,,,,В. В. Корнилова,2009,,АСТ-Пресс Книга,,113,0,Russian,210,www.infanata.com,,978-5-462-00956-3,,,,,,,,,,1146122926-Хор,0,,,,,,,1,49801902,pdf,42E6E534E0105722F9B6B17A50B9DA6D,,,"N:\\natahaus\\!2009\\2010-01\\[1146122926]Декоративное мыло.Техника.Приемы.Изделия.-В.В.Корнилова,АСТ-Пресс Книга,2009.PDF",0,2000-01-01 01:00:00,2016-04-03 02:51:08,279000/42e6e534e0105722f9b6b17a50b9da6d-d.jpg,,
21573662,Организационно-правовые вопросы переподготовки и повышения квалификации государственных служащих,,,,Китин Е.А.,2000,,,,256,0,Russian,,www.infanata.com,,,,,,,,,,,,1146122961-хор,0,,,,,,,0,13119249,pdf,6A68D21A13CF066DBCB1502D07E3E517,,,"N:\\natahaus\\!2009\\2010-01\\[1146122961]Организационно-правовые вопросы переподготовки и повышения квалификации государственных служащих.-Китин Е.А.,2000.pdf",0,2000-01-01 01:00:00,2016-04-03 02:51:08,279000/6a68d21a13cf066dbcb1502d07e3e517-g.jpg,,
21573663,Антирелигиозная азбука,,,,Черемных М.М.,1933,,Утильбюро Изогиза,М.-Л.,26,0,Russian,64,www.infanata.com,,,,,,,,,,,,1146122978-чит,0,,,,,,1,0,3153389,pdf,8221A3F2DED5648706D358AC3ABC67D0,,,"N:\\natahaus\\!2009\\2010-01\\[1146122978]Антирелигиозная азбука.-рис.М.М.Черемных,текст М.А.Черемных.,М.-Л.-Утильбюро Изогиза,1933.pdf",0,2000-01-01 01:00:00,2016-04-03 02:51:08,279000/8221a3f2ded5648706d358ac3abc67d0-d.jpg,,
21573664,"Скульптура из бисера. Техника, приемы, изделия",,Золотая библиотека увлечений,,Наталья Бульба,2008,,АСТ-Пресс Книга,,112,0,Russian,210,www.infanata.com,,978-5-462-00874-0,,,,,,,,,,1146122990-Хор,0,,,,,,,0,11242271,pdf,E9CBB00BC29E8C0A5AD16587BBC87692,,,"N:\\natahaus\\!2009\\2010-01\\[1146122990]Скульптура из бисера.Техника,приемы,изделия.-Наталья Бульба,АСТ-Пресс Книга,2008.pdf",0,2000-01-01 01:00:00,2016-04-03 02:51:08,279000/e9cbb00bc29e8c0a5ad16587bbc87692-d.jpg,,
21573665,БЕЛАЯ СИБИРЬ (внутренняя война 1918-1920 гг.),,,,Сахаров Константин Вячеславович,1923,,,,330,0,Russian,181,www.infanata.com,,,,,,,,,,,,1146122997-,0,,,,,,,1,18380634,pdf,E1BB504BBB3DA98B30068E413ED7EC0A,,,"N:\\natahaus\\!2009\\2010-01\\[1146122997]Белая Сибирь.-Сахаров К.В.,1923.pdf",0,2000-01-01 01:00:00,2016-04-03 02:51:08,279000/e1bb504bbb3da98b30068e413ed7ec0a-d.jpg,,
21573666,Сольцы,,Города Новгородской области,,Г.В. Морев,1981,,Лениздат,,104,0,Russian,32,www.infanata.com,,,,,,,,,,,,1146123009-хор,0,,,,,,1,1,6157543,pdf,10EC1157622B93E25409167C74C87904,,,"N:\\natahaus\\!2009\\2010-01\\[1146123009]Сольцы.-Г.В.Морев,Лениздат,1981.pdf",0,2000-01-01 01:00:00,2016-04-03 02:51:08,279000/10ec1157622b93e25409167c74c87904-d.jpg,,
21573667,Готический роман в России,,Серия Филологическое наследие,,Вацуро В.,2002,,Новое лит. обозрение,Москва,544,0,Russian,37,www.infanata.com,,5-86793-112-9,,,,,,,,,OL3744386M,1146123106-Оче,0,,,,,,,1,33597696,pdf,81D1C4978E00A4C420542E695AA1B2C1,,,"N:\\natahaus\\!2009\\2010-01\\[1146123106]Готический роман в России.-Вацуро В.,Новое литературное обозрение,2002.pdf",0,2000-01-01 01:00:00,2016-04-03 02:51:08,279000/81d1c4978e00a4c420542e695aa1b2c1-d.jpg,,
21573668,Текстиль в интерьере,,Новые идеи,,Под ред. И. Ф. Николаевского,1977,,Связь,,32,0,Russian,251,www.infanata.com,,,,,,,,,,,,1146123113-Хор,0,,,,,,,0,4876383,djvu,CBBD7DF188728B47ADE4DE4BFD378CF0,,,"N:\\natahaus\\!2009\\2010-01\\[1146123113]Текстиль в интерьере.-Лейнхаузер Дж.,Вайсс Р.,Ниола-Пресс,2008.djvu",0,2000-01-01 01:00:00,2016-04-03 02:51:08,279000/cbbd7df188728b47ade4de4bfd378cf0-d.jpg,,
21573669,Полное собрание сочинений в 91 томе. Анна Каренина. Черновые редакции и варианты,Том 20,Полное собрание сочинений,,Толстой Л.Н.,1939,,Художественная лиетратура,,698,0,Russian,102,www.infanata.com,,,,,,,,,,,,1146123118-Ска,0,,,,,,,0,24152114,djvu,2387CA0B34ED71659DBE985C27414940,9b5b405f5b5d3f656105a0d2c03a6583,no,N:\\natahaus\\!2009\\2010-01\\[1146123118]Л.Н.Толстой.Полное собрание сочинений в 91 томе.- Том 20(1939).Анна Каренина.Черновые редакции и варианты.-Толстой .djvu,0,2000-01-01 01:00:00,2016-04-03 02:51:08,279000/2387ca0b34ed71659dbe985c27414940-d.jpg,,
21573670,Полное собрание сочинений в 91 томе. Анна Каренина. Черновые редакции и варианты,Том 20,Полное собрание сочинений,,Толстой Л.Н.,1939,,Художественная лиетратура,,698,0,Russian,102,www.infanata.com,,,,,,,,,,,,1146123118-Ска,0,,,,,,,0,75129301,pdf,BAEE8C4059ECE0D42056180595955BBA,,,N:\\natahaus\\!2009\\2010-01\\[1146123118]Л.Н.Толстой.Полное собрание сочинений в 91 томе.- Том 20(1939).Анна Каренина.Черновые редакции и варианты.-Толстой .pdf,0,2000-01-01 01:00:00,2016-04-03 02:51:08,279000/baee8c4059ece0d42056180595955bba-d.jpg,,
21573671,Поплавковые самолеты Второй мировой войны (1939-1945),,,,В.Котельников,1996,,Авиам,,60,0,Russian,245,www.infanata.com,,,,,,,,,,,,1146123149-дов,0,,,,,,,0,2737655,djvu,5EA8DCFA8F680FE00471710C281FD4A5,7a1651ccaa6037619e0f7def1439be27,no,"N:\\natahaus\\!2009\\2010-01\\[1146123149]Поплавковые самолеты Второй мировой войны(1939-1945).-В.Котельников,Авиам,1996.djvu",0,2000-01-01 01:00:00,2016-04-03 02:51:08,279000/5ea8dcfa8f680fe00471710c281fd4a5-d.jpg,,
21573672,Поплавковые самолеты Второй мировой войны (1939-1945),,,,В.Котельников,1996,,Авиам,,60,0,Russian,245,www.infanata.com,,,,,,,,,,,,1146123149-дов,0,,,,,,1,0,29707896,pdf,40C9A3D1378B9D8EE956A4CDDD4BCCF7,,,"N:\\natahaus\\!2009\\2010-01\\[1146123149]Поплавковые самолеты Второй мировой войны(1939-1945).-В.Котельников,Авиам,1996.pdf",0,2000-01-01 01:00:00,2016-04-03 02:51:08,279000/40c9a3d1378b9d8ee956a4cddd4bccf7-d.jpg,,
21573673,Справочная книга для вахтенного начальника на современном военном корабле,,,,,1906,,Русская Скоропечатня,С.-Петербургъ,53,0,Russian,64,www.infanata.com,,,,,,,,,,,,1146123154-сре,0,,,,,,,0,7087196,pdf,5DC2E3800F4D7E3795E410A38F78D6BD,,,"N:\\natahaus\\!2009\\2010-01\\[1146123154]Справочная книга для вахтенного начальника на современном военном корабле(1906 г.).-неизвестен(пер.с английского),Р.pdf",0,2000-01-01 01:00:00,2016-04-03 02:51:08,279000/5dc2e3800f4d7e3795e410a38f78d6bd-d.jpg,,
21573674,Психическое развитие детей дошкольного возраста в процессе обучения движениям,,,,Родин Ю.И.,2009,,,,324,0,Russian,198,www.infanata.com,,,,,,,,,,,,1146123166-отл,0,,,,,,,1,7824611,pdf,7E7926DE9543B66D2F6BBC396B374A8F,,,"N:\\natahaus\\!2009\\2010-01\\[1146123166]Психическое развитие детей дошкольного возраста в процессе обучения движениям.-Родин Ю.И.,2009.pdf",0,2000-01-01 01:00:00,2016-04-03 02:51:08,279000/7e7926de9543b66d2f6bbc396b374a8f-g.jpg,,
21573675,Полное собрание сочинений в 91 томе. Новая азбука и русские книги для чтения (1874-1875),Том 21,Полное собрание сочитений,,Толстой Л.Н.,1957,,Художественная литература,,731,0,Russian,102,www.infanata.com,,,,,,,,,,,,1146123188-Ска,0,,,,,,,0,68991467,pdf,C8D0B0941A8DD9496F11519CA6D7FAB4,,,N:\\natahaus\\!2009\\2010-01\\[1146123188]Л.Н.Толстой.Полное собрание сочинений в 91 томе.- Том 21(1957).Новая азбука и русские книги для чтения(1874-1875).-.pdf,0,2000-01-01 01:00:00,2016-04-03 02:51:08,279000/c8d0b0941a8dd9496f11519ca6d7fab4-d.jpg,,
21573676,The Dog Collection 2: Лабрадор-ретривер,,The Dog Collection,,Мартин Медрано (главный редактор),2010,,ДжИ Фаббри Эдишинз,,20,0,Russian,23,www.infanata.com,,,,,,,,,,,,1146123194-хор,0,,,,,,,0,4128517,djvu,F9A0D588FF0619473FB6264D9F57AAC2,,,"N:\\natahaus\\!2009\\2010-01\\[1146123194]The Dog Collection 2-Лабрадор-ретривер.-Мартин Медрано(главный редактор),ДжИ Фаббри Эдишинз,2010.djvu",0,2000-01-01 01:00:00,2016-04-03 02:51:08,279000/f9a0d588ff0619473fb6264d9f57aac2-d.jpg,,
21573677,The Dog Collection 2: Лабрадор-ретривер,,The Dog Collection,,Мартин Медрано (главный редактор),2010,,ДжИ Фаббри Эдишинз,,20,0,Russian,23,www.infanata.com,,,,,,,,,,,,1146123194-хор,0,,,,,,,0,18042486,pdf,B9FE62F726AE62765DDFF9F9A8C80462,,,"N:\\natahaus\\!2009\\2010-01\\[1146123194]The Dog Collection 2-Лабрадор-ретривер.-Мартин Медрано(главный редактор),ДжИ Фаббри Эдишинз,2010.pdf",0,2000-01-01 01:00:00,2016-04-03 02:51:08,279000/b9fe62f726ae62765ddff9f9a8c80462-d.jpg,,
21573678,Полное собрание сочинений в 91 томе. Азбука 1871-1872 гг. Книга 1-4, Том 22,Полное собрание сочинений,,Толстой Л.Н.,1957,,Художетсвенная литература,,786,0,Russian,102,www.infanata.com,,,,,,,,,,,,1146123268-Ска,0,,,,,,,0,51553232,pdf,A3C85FD9D0961D27C61608235A02203F,,,"N:\\natahaus\\!2009\\2010-01\\[1146123268]Л.Н.Толстой.Полное собрание сочинений в 91 томе.- Том 22(1957).Азбука 1871-1872 гг.Книга 1-4.-Толстой Л.Н.,Художетс.pdf",0,2000-01-01 01:00:00,2016-04-03 02:51:08,279000/a3c85fd9d0961d27c61608235a02203f-d.jpg,,
21573679,Индивидуальные солнечные установки,,,,Харченко Н.В.,1991,,Энергоатомиздат,М,210,0,Russian,41,www.infanata.com,,5-283-00110-5,,,,,,,,,OL1287804M,1146123325-отл,0,,,,,,,0,8596970,djvu,4479B996DEB8A88849A29DC2B81D21A1,933bcd5db210bdd1c65ff19d178016be,no,"N:\\natahaus\\!2009\\2010-01\\[1146123325]Индивидуальные солнечные установки..-Харченко Н.В.,М.-Энергоатомиздат,1991.djvu",0,2000-01-01 01:00:00,2016-04-03 02:51:08,279000/4479b996deb8a88849a29dc2b81d21a1-d.jpg,,
21573680,Программирование графики для Windows,,,,Фень Юань,2002,,Питер,,1074,0,Russian,140,www.infanata.com,,5-318-00297-8,,,,,,,,,,1146122002-хор,0,,,,,,1,1,34111865,djvu,52BDBCC80AFDA883D7A84E807EF214D8,,,"N:\\natahaus\\!2009\\2010-02\\[1146122002]Программирование графики для Windows.-Фень Юань,Питер,2002.-1072.djvu",0,2000-01-01 01:00:00,2016-04-03 02:51:08,279000/52BDBCC80AFDA883D7A84E807EF214D8-g.jpg,,
21573681,НОТ школьника — путь к творчеству,,,,"Паламарчук В. Ф., Орлов С. И.",1988,,Издательство Радянська   школа,,137,0,Russian,,www.infanata.com,,5-330-00387-3,,,,,,,,,,1146123296-Рас,0,,,,,,,1,1201490,pdf,D6C255E46EE6BA1BF5D2B074C281F470,,,"N:\\natahaus\\!2009\\2010-02\\[1146123296]НОТ школьника # путь к творчеству.-Паламарчук В.Ф.,Орлов С.И.,Издательство #Радянська   школа#.pdf",0,2000-01-01 01:00:00,2016-04-03 02:51:08,279000/d6c255e46ee6ba1bf5d2b074c281f470-g.jpg,,
21573682,Модель СОМ и применение ATL 3,,Мастер,,Трельсен Э.,2001,,БХВ,,925,0,Russian,69,www.infanata.com,0,5779100969,,,,,,,,,,1146123308-Сре,0,,,,,1,,1,17149024,djvu,7D0E3BB1200DE7BE1BD2FE5606D2223F,,,N:/natahaus/!2009/2010-02/[1146123308]Модель СОМ и библиотека ATL 3.-Трельсен Э..djvu,0,2000-01-01 01:00:00,2016-04-03 02:51:08,279000/7d0e3bb1200de7be1bd2fe5606d2223f-d.jpg,,
21573683,Линейные алгебраические группы,,,,Борель А.,1972,,Мир,М.,270,0,Russian,114,www.infanata.com,,,,,,,,,,,,1146123321-хор,0,,,,,,,1,5443095,djvu,8CCFCE3679D4238868AB6036003369B0,,,"N:\\natahaus\\!2009\\2010-02\\[1146123321]Линейные алгебраические группы.-Борель А.,М.-Мир.djvu",0,2000-01-01 01:00:00,2016-04-03 02:51:08,279000/8ccfce3679d4238868ab6036003369b0-d.jpg,,
21573684,"Строки, деревья и последовательности в алгоритмах: Информатика и вычисл. биология",,,,Гасфилд Дэн,2003,,"Невский диалект, БХВ-Петербург",СПб,655,0,Russian,69,www.infanata.com,,"5-7940-0103-8,5-94157-321-9",,,,,,,,,,1146123329-хор,0,,,,,,,0,7275214,djvu,9EF7692685F20F0D56F6DA36C097A296,b386b30191fdfd96abcf91d984ecc579,no,"N:\\natahaus\\!2009\\2010-02\\[1146123329]Строки,деревья и последовательности в алгоритмах.-Гасфилд Дэн,Невский диалект.djvu",0,2000-01-01 01:00:00,2016-04-03 02:51:08,279000/9ef7692685f20f0d56f6da36c097a296-d.jpg,,
21573685,Полное собрание сочинений в 91 томе. Произведения 1879-1884,Том 23,Полное собрание сочинений,,Толстой Л.Н.,1957,,Художественная литература,,617,0,Russian,102,www.infanata.com,,,,,,,,,,,,1146123332-Ска,0,,,,,,,0,18105164,djvu,4438D110E656E35BBEAE2DD711DF5DF4,25416deb5deb58aba7007498614624fa,no,N:\\natahaus\\!2009\\2010-02\\[1146123332]Л.Н.Толстой.Полное собрание сочинений в 91 томе.- Том 23(1957).Произведения 1879-1884.-Толстой Л.Н..djvu,0,2000-01-01 01:00:00,2016-04-03 02:51:08,279000/4438d110e656e35bbeae2dd711df5df4-d.jpg,,
21573686,Полное собрание сочинений в 91 томе. Произведения 1879-1884,Том 23,Полное собрание сочинений,,Толстой Л.Н.,1957,,Художественная литература,,617,0,Russian,102,www.infanata.com,,,,,,,,,,,,1146123332-Ска,0,,,,,,,0,61949074,pdf,49536A4F7CD3CA01F5E57DBD9C0BDD77,,,N:\\natahaus\\!2009\\2010-02\\[1146123332]Л.Н.Толстой.Полное собрание сочинений в 91 томе.- Том 23(1957).Произведения 1879-1884.-Толстой Л.Н..pdf,0,2000-01-01 01:00:00,2016-04-03 02:51:08,279000/49536a4f7cd3ca01f5e57dbd9c0bdd77-d.jpg,,
21573687,Атлас секционной анатомии человека на примере КТ- и МРТ-срезов. Голова и шея,Том 1,,,"Торстен Б. Мёллер, Эмиль Райф",2008,,МЕДпресс-информ,Москва,271,0,Russian,148,www.infanata.com,,5-98322-418-2,,,,,,,,,,1146123333-отл,0,,,,,,1,1,46806237,pdf,898111C215EA681FB003B3894F87AC75,,,"N:\\natahaus\\!2009\\2010-02\\[1146123333]Атлас секционной анатомии человека на примере КТ- и МРТ-срезов.Том 1.Голова и шея.-Торстен Б.Мёллер,Эмиль Райф,МЕДп.pdf",0,2000-01-01 01:00:00,2016-04-03 02:51:08,279000/898111c215ea681fb003b3894f87ac75-d.jpg,,
21573688,Математическая Логика,,,,"Л. М. ЛИХТАРНИКОВ, Т. Г. СУКАЧЕВА",1999,,,Санкт-Петербург,286,0,Russian,137,www.infanata.com,,,,,,,,,,,,1146123334-Хор,0,,,,,,,1,2874657,djvu,C60F88F1B6CD766B1E131F13D208458C,,,"N:\\natahaus\\!2009\\2010-02\\[1146123334]Математическая Логика.-Л.М.ЛИХТАРНИКОВ,Т.Г.СУКАЧЕВА,Санкт-Петербург.djvu",0,2000-01-01 01:00:00,2016-04-03 02:51:08,279000/c60f88f1b6cd766b1e131f13d208458c-d.jpg,,
21573689,Правда о «золотом веке» Екатерины,,Когда врут учебники истории,,Буровский А. М.,2008,,"Яуза, Эксмо",,480,0,Russian,64,www.infanata.com,,978-5-699-28291-3,,,,,,,,,OL23182156M,1146123337-хор,0,,,,,,,,1538912,fb2,C9ACE4BC907E67EC7C5791A12DAD2CB1,,,"N:\\natahaus\\!2009\\2010-02\\[1146123337]Правда о #золотом веке# Екатерины.-Буровский А.М.,Яуза,Эксмо.fb2",0,2000-01-01 01:00:00,2016-04-03 02:51:08,279000/c9ace4bc907e67ec7c5791a12dad2cb1-d.jpg,,
21573690,Т. Н. Грановский в русском общественном движении,,,,А.А. Левандовский,1989,,Изд-во МГУ,М,258,0,Russian,64,www.infanata.com,,5-211-00036-6,,,,,,,,,OL1971290M,1146123343-сре,0,,,,,,,0,10544380,djvu,1AEA5F4BE64B439216047B640D4648DF,12cdc026b755495be12ab44251d2e27f,no,"N:\\natahaus\\!2009\\2010-02\\[1146123343]Левандовский А.А.Т.Н.Грановский в русском общественном движении.-Левандовский А.А.,Москва-Изд-во МГУ.djvu",0,2000-01-01 01:00:00,2016-04-03 02:51:08,279000/1aea5f4be64b439216047b640d4648df-d.jpg,,
21573691,Дыба и кнут. Политический сыск и русское общество в XVIII веке.,,Historia Rossica,,Е.В. Анисимов,1999,,Новое лит. обозрение,М,714,0,Russian,64,www.infanata.com,,5-86793-076-9,,,,,,,,,OL6846819M,1146123345-Отл,0,,,,,,,1,43345629,pdf,563C2DBEFD65E2EDC0D6B855C8C56AD9,,,"N:\\natahaus\\!2009\\2010-02\\[1146123345]Анисимов Е.Дыба и кнут.Политический сыск и русское общество в XVIII веке.-Анисимов Е.,Новое литературное обозрение.pdf",0,2000-01-01 01:00:00,2016-04-03 02:51:08,279000/563c2dbefd65e2edc0d6b855c8c56ad9-d.jpg,,
21573692,Беседы иконописца,,,,Архимандрит Зинон (Теодор),2003,,Библиополис (Санкт-Петербург),,74,0,Russian,205,www.infanata.com,,,,,,,,,,,,1146123352-сре,0,,,,,,,0,4159800,djvu,B7C0DC4BFD4BB89BB4F738F70CFE3451,d2328a7028e06e20f1ce4a47ca3d4d5a,no,"N:\\natahaus\\!2009\\2010-02\\[1146123352]Беседы иконописца.-Архимандрит Зинон(Теодор),Библиополис(Санкт-Петербург).djvu",0,2000-01-01 01:00:00,2016-04-03 02:51:08,279000/b7c0dc4bfd4bb89bb4f738f70cfe3451-d.jpg,,
21573693,Михаил Таль Творчество 1962-1967,,,,Кириллов В.,1998,,Реторика-А,Рига,287,0,Russian,289,www.infanata.com,,9984922979,,,,,,,,,,1146123353-хор,0,,,,,,,0,5050519,djvu,34D03B5D7783C2EE9D2C81A676F14904,f85cf5cbc2bdba30b556243c13c1686c,no,"N:\\natahaus\\!2009\\2010-02\\[1146123353]Михаил Таль Творчество 1962-1967.--составитель В.Кириллов,Рига,Реторика-А.djvu",0,2000-01-01 01:00:00,2016-04-03 02:51:08,279000/34d03b5d7783c2ee9d2c81a676f14904-d.gif,,
21573694,Объектно-ориентированное моделирование на C++,,Учебный курс,,Илья Труб,2006,,Питер,,417,0,Russian,92,www.infanata.com,,5-469-00893-2,,,,,,,,,,1146123354-Отс,0,,,,,,,0,5954294,djvu,2E03D4474B645D36FE36D9AEE351B235,7728b3d720fb492a25293ba8fe80d732,no,"N:\\natahaus\\!2009\\2010-02\\[1146123354]Объектно-ориентированное моделирование на C++.-Илья Труб,Питер.djvu",0,2000-01-01 01:00:00,2016-04-03 02:51:08,279000/2e03d4474b645d36fe36d9aee351b235-g.jpg,,
21573695,Введение в теорию цвета,,,,Ивенс Р.М.,1964,,Мир,,456,0,Russian,,www.infanata.com,,,,,,,,,,,,1146123355-600,0,,,,,,,1,55397961,djvu,95A710EBA2F35470101D386AF1B331C0,,,"N:\\natahaus\\!2009\\2010-02\\[1146123355]Введение в теорию цвета.-Ивенс Р.М.,Мир.djvu",0,2000-01-01 01:00:00,2016-04-03 02:51:08,279000/95A710EBA2F35470101D386AF1B331C0-g.jpg,,
21573696,Возможности предотвращения изменения климата и его негативных последствий: проблема Киотского протокола: материалы Совета-семинара при Президенте Российской академии наук,часть 1,,,,2006,,Наука,Москва,259,0,Russian,36,www.infanata.com,,5-02-035297-7,,,,,,,,,OL16520782M,1146123358-сре,0,,,,,,,1,17184751,djvu,A3F08AFF4DF7382D90915B6F326D5303,,,N:\\natahaus\\!2009\\2010-02\\[1146123358]Возможности предотвращения изменения климата и его негативных последствий.Проблема Киотского протокола.-Наука.djvu,0,2000-01-01 01:00:00,2016-04-03 02:51:08,279000/a3f08aff4df7382d90915b6f326d5303-d.jpg,,
21573697,Погосты в значении правительственных округов и сельских приходов в Северной России,,,,А.А.Папков,1898,,,,56,0,Russian,64,www.infanata.com,,,,,,,,,,,,1146123359-сре,0,,,,,,,0,4634863,djvu,7D6DDE5731A179EE4154C536C46586B1,16146433b2ff6ada056a61d4ce028842,no,N:\\natahaus\\!2009\\2010-02\\[1146123359]Погосты в значении правительственных округов и сельских приходов в Северной России.-А.А.Папков.djvu,0,2000-01-01 01:00:00,2016-04-03 02:51:08,279000/7d6dde5731a179ee4154c536c46586b1-d.jpg,,
21573698,Рекламная деятельность: Учебник для студентов вузов,,,,Панкратов Ф.Г. и др.,2003,"6. изд., перераб. и доп",Дашков и Кº,М,364,0,Russian,5,www.infanata.com,,5-94798-188-2,,,,,,,,,,1146123360-Отл,0,,,,,,,1,17765720,pdf,E4B62A17C7D25F3F2436DC98CB095511,,,"N:\\natahaus\\!2009\\2010-02\\[1146123360]Панкратов Ф.Г.и др.Рекламная деятельность.-Панкратов Ф.Г.и др.,Дашков и К..pdf",0,2000-01-01 01:00:00,2016-04-03 02:51:08,279000/e4b62a17c7d25f3f2436dc98cb095511-d.jpg,,
21573699,Юридическая энциклопедия,,,,,2001,,Юристъ,М,1278,0,Russian,188,www.infanata.com,,5-7975-0429-4,,,,,,,,,OL3637523M,1146123361-Отл,0,,,,,,,1,143545520,pdf,880078C362F8F015881C8D585ED6CEF0,,,N:\\natahaus\\!2009\\2010-02\\[1146123361]Юридическая энциклопедия.pdf,0,2000-01-01 01:00:00,2016-04-03 02:51:08,279000/880078c362f8f015881c8d585ed6cef0-d.jpg,,
21573700,Юридическая энциклопедия,,,,,2001,,Юристъ,М,1277,0,Russian,188,www.infanata.com,,5-7975-0429-4,,,,,,,,,OL3637523M,1146123361-Отл,0,,,,,,,0,34988330,djvu,C88151C72729B2BC2606A39416494116,a07a7749b5b03c1758d6ccdf74aab3f4,no,N:\\natahaus\\!2009\\2010-02\\[1146123361]Юридическая энциклопедия.-Юристъ.djvu,0,2000-01-01 01:00:00,2016-04-03 02:51:08,279000/c88151c72729b2bc2606a39416494116-d.jpg,,
21573701,"Русско-украинско-латинский словарь медицинских терминов. Оториноларингология,  стоматология. Патологическая анатомия, патологическая физиология, фармакология. Микробиология, инфекционные болезни, общая гигиена.",,,,"Коляденко В.Г. (ред.), Шанин Ю.В. (ред.)",1993,,Здоров'я,Київ,305,0,Russian,322,www.infanata.com,0,5-311-02626-X,,,,,,,,,,1146123365-хор,0,,1,,1,1,1,1,8053974,djvu,A89AC6D3324EB87D66E77C8099917EBB,,,N:/natahaus/!2009/2010-02/[1146123365]Русско-украинско-латинский словарь медицинских терминов.ЛОР.Стоматология.Патанатомия.Патофизиология.Фармакология.Ми.djvu,0,2000-01-01 01:00:00,2016-04-03 02:51:08,279000/a89ac6d3324eb87d66e77c8099917ebb-d.jpg,,
21573702,Завоевание Америки Ермаком-Кортесом и мятеж Реформации глазами «древних» греков,,Исследования по новой хронологии,,"Носовский Г. В., Фоменко А. Т.",2009,,АСТРЕЛЬ,,801,0,Russian,64,www.infanata.com,,"978-5-17-048616-8,978-5-27122904-6",,,,,,,,,,1146123374-Отл,0,,,,,,,0,34180807,djvu,AD76889EF08CEB90687D9E9E4DAACF5D,70621d0016c976b4ec1413bdf145c8a2,no,"N:\\natahaus\\!2009\\2010-02\\[1146123374]Завоевание Америки Ермаком-Кортесом и мятеж реформации глазами древних греков.-Г.В.Носовский,А.Т.Фоменко,АСТРЕЛЬ.djvu",0,2000-01-01 01:00:00,2016-04-03 02:51:08,279000/ad76889ef08ceb90687d9e9e4daacf5d-d.jpg,,
21573703,Завоевание Америки Ермаком-Кортесом и мятеж реформации глазами ''древних'' греков,,,,"Г.В.Носовский, А.Т.Фоменко",2009,,АСТРЕЛЬ,,801,0,Russian,64,www.infanata.com,,978-5-271-22904-6,,,,,,,,,,1146123374-Отл,0,,,,,,1,0,350044391,pdf,55AF46DD648C2582BDA1572C36DB1628,,,"N:\\natahaus\\!2009\\2010-02\\[1146123374]Завоевание Америки Ермаком-Кортесом и мятеж реформации глазами древних греков.-Г.В.Носовский,А.Т.Фоменко,АСТРЕЛЬ.pdf",0,2000-01-01 01:00:00,2016-04-03 02:51:08,279000/55af46dd648c2582bda1572c36db1628-d.jpg,,
21573704,"Монастыри Архангельской Епархии. Фотографии 1884, 1885 и 1888 годов. Работа А. Постниковой.",,Архангельский Север в фотографиях; вып. 2,,Бронникова Е.П. (сост.),2006,,,,70,0,Russian,63,www.infanata.com,,5-85879-234-0,,,,,,,,,,1146123375-хор,0,,,,,,1,0,63564081,pdf,1276BC840E6E1FE85E378FA6800DDDDC,,,"N:\\natahaus\\!2009\\2010-02\\[1146123375]Монастыри Архангельской Епархии.Фотографии 1884,1885 и 1888 годов.Работа А.Постниковой..-сост.и авт.вступ.ст.Е.П.Бр.pdf",0,2000-01-01 01:00:00,2016-04-03 02:51:08,279000/1276bc840e6e1fe85e378fa6800ddddc-d.jpg,,
21573705,Эвенкийско-русский словарь = Эвэды-лӯчады турэрук: Ок. 21 000 слов: [В 2 ч.],часть 1,,,Б. В. Болдырев,2000,,Изд-во СО РАН. Фил. ''ГЕО'',Новосибирск,504,0,Russian,322,www.infanata.com,,5-7692-0367-6,,,,,,,,,OL3616162M,1146123377-,0,,,,,,1,0,29376619,pdf,8829AFA6874DABDF57799149B2B8A7C1,,,"N:\\natahaus\\!2009\\2010-02\\[1146123377]Эвенкийско-русский словарь.часть1-Б.В.Болдырев,Новосибирск-Изд-во СО РАН.pdf",0,2000-01-01 01:00:00,2016-04-03 02:51:08,279000/8829afa6874dabdf57799149b2b8a7c1-d.jpg,,
21573706,Эвенкийско-русский словарь = Эвэды-лӯчады турэрук: Ок. 21 000 слов: [В 2 ч.],часть 2,,,Б. В. Болдырев,2000,,Изд-во СО РАН. Фил. ''ГЕО'',Новосибирск,484,0,Russian,322,www.infanata.com,,5-7692-0367-6,,,,,,,,,OL3616162M,1146123377-,0,,,,,,1,0,28085661,pdf,6C5085355D056416C8891C1545C3C109,,,"N:\\natahaus\\!2009\\2010-02\\[1146123377]Эвенкийско-русский словарь.часть2-Б.В.Болдырев,Новосибирск-Изд-во СО РАН.pdf",0,2000-01-01 01:00:00,2016-04-03 02:51:08,279000/6c5085355d056416c8891c1545c3c109-d.jpg,,
21573707,Медынцева А.А. Тмутараканский камень,,,,Медынцева А.А.,1979,,Наука,,58,0,Russian,64,www.infanata.com,,,,,,,,,,,,1146123378-Отл,0,,,,,,,0,18380184,djvu,5F27CCA04FEC7E1A6C655C98D544188E,37647d294f7cf322792080bb515c43e8,no,"N:\\natahaus\\!2009\\2010-02\\[1146123378]Медынцева А.А.Тмутараканский камень.-Медынцева А.А.,Наука.djvu",0,2000-01-01 01:00:00,2016-04-03 02:51:08,279000/5f27cca04fec7e1a6c655c98d544188e-d.jpg,,
21573708,Денежно-весовые системы домонгольской Руси,,,,Янин В.Л.,2009,,Языки славянских культур,,423,0,Russian,64,www.infanata.com,,,,,,,,,,,,1146123379-отл,0,,,,,,,0,17016730,djvu,6DDEEABA3BC0CC2CEE2121C48FC30ED8,61df369c9d8a4c12c0c6ad3ccfee8ffa,no,"N:\\natahaus\\!2009\\2010-02\\[1146123379]Янин В.Л.Денежно-весовые системы домонгольской Руси.-Янин В.Л.,Языки славянских культур.djvu",0,2000-01-01 01:00:00,2016-04-03 02:51:08,279000/6ddeeaba3bc0cc2cee2121c48fc30ed8-d.jpg,,
21573709,Русская культура,,,,Д.С. Лихачев,2007,,Искусство-СПБ,Санкт-Петербург,440,0,Russian,191,www.infanata.com,,978-5-210-01500-6,,,,,,,,,,1146123380-Отл,0,,,,,,,1,52603104,pdf,2FD2E6BBD8631ADF24682CF890833E03,,,"N:\\natahaus\\!2009\\2010-02\\[1146123380]Лихачев Д.С.Русская культура.-Лихачев Д.С.,Искусство-СПБ.pdf",0,2000-01-01 01:00:00,2016-04-03 02:51:08,279000/2fd2e6bbd8631adf24682cf890833e03-d.jpg,,
21573710,Notre Dame de Paris,,International modern language series,,Victor Hugo; John R Wightman,1902,,"Boston, Ginn",,9,0,French,,usenet,to 2012-06,,,,,,,,,,,,0,,,,,,,0,3128078,pdf,19b9248f92444044ea7e1414da080efc,,,I:\\usenet_ger\\Notre Dame .pdf,0,2000-01-01 01:00:00,2016-04-03 02:51:08,884000/19b9248f92444044ea7e1414da080efc-g.jpg,,
21573711,Справочная книга криминалиста,,,,,2000,,"НОРМА, НОРМА-ИНФРА-М",М,725,0,Russian,,www.infanata.com,,"5-89123-238-3,5-86225-787-X",,,,,,,,,,1146123382-Отл,0,,,,,,,0,16205335,djvu,FE03C796025AECB034863B4FF6C18DBE,5396b3216a4cd3160961f2ad45b3f3f5,no,"N:\\natahaus\\!2009\\2010-02\\[1146123382]Справочная книга криминалиста.-Инфра-М,Норма.djvu",0,2000-01-01 01:00:00,2016-04-03 02:51:08,279000/fe03c796025aecb034863b4ff6c18dbe-d.jpg,,
21573712,Справочная книга криминалиста,,,,,2000,,"НОРМА, НОРМА-ИНФРА-М",М,727,0,Russian,,www.infanata.com,,"5-89123-238-3,5-86225-787-X",,,,,,,,,,1146123382-Отл,0,,,,,,,1,62881746,pdf,33300DA73E7120F9B79ED68FC461B36D,,,"N:\\natahaus\\!2009\\2010-02\\[1146123382]Справочная книга криминалиста.-Инфра-М,Норма.pdf",0,2000-01-01 01:00:00,2016-04-03 02:51:08,279000/33300da73e7120f9b79ed68fc461b36d-d.jpg,,
21573713,Развитие лидеров: как понять свой стиль управления и эффективно общаться с носителями иных стилей,,,,Ицхак Калдерон Адизес,2008,,Альпина Бизнес Букс,Москва,125,0,Russian,183,www.infanata.com,,978-5-9614-0721-1,,,,,,,,,,1146123383-хор,0,,,,,,,1,1306419,pdf,041BE300AF0ED8408D0BF30163653779,,,N:\\natahaus\\!2009\\2010-02\\[1146123383]Развитие Лидеров.-Ицхак Калдерон Адизес.pdf,0,2000-01-01 01:00:00,2016-04-03 02:51:08,279000/041be300af0ed8408d0bf30163653779-d.jpg,,
21573714,История русского искусства. Русское искусство XVIII- начала ХХ века.,Книга 2,,,М. Алленов,2000,,Трилистник,М,320,0,Russian,57,www.infanata.com,,5-89480-030-7,,,,,,,,,OL19101221M,1146123384-Тес,0,,,,,,,1,24446334,pdf,5888EEC9BEB017C41E31EEE2BA7D6607,,,"N:\\natahaus\\!2009\\2010-02\\[1146123384]Алленов М.История русского искусства.Книга 2.Русское искусство XVIII- начала ХХ века.-Алленов М.,Трилистник.pdf",0,2000-01-01 01:00:00,2016-04-03 02:51:08,279000/5888eec9beb017c41e31eee2ba7d6607-d.jpg,,
21573715,История русской философии: Учебник для вузов.,,,,М.А. Маслин и др,2001,,Республика,,640,0,Russian,183,www.infanata.com,,5-250-01811-4,,,,,,,,,OL19176788M,1146123385-Отл,0,,,,,,,1,55162872,pdf,3C7D2CBB973076142942371AC831CF15,,,"N:\\natahaus\\!2009\\2010-02\\[1146123385]Маслин М.А.и др.История русской философии-Учебник для вузов.-Маслин М.А.и др.,Республика.pdf",0,2000-01-01 01:00:00,2016-04-03 02:51:08,279000/3c7d2cbb973076142942371ac831cf15-d.jpg,,
21573716,Русский Север. Этническая история и народная культура XII - XX века: [Монография],,,,И.В. Власова (ответственный редактор),2001,,Наука,Москва,864,0,Russian,191,www.infanata.com,,5-02-008751-3,,,,,,,,,OL3624799M,1146123386-Отл,0,,,,,,,1,89389110,pdf,59D5813FDB8F77838C4B4FCF02060430,,,N:\\natahaus\\!2009\\2010-02\\[1146123386]Русский Север.Этническая история и народная культура.XII-XX века.-Наука.pdf,0,2000-01-01 01:00:00,2016-04-03 02:51:08,279000/59D5813FDB8F77838C4B4FCF02060430-g.jpg,,
21573717,Система классов слов как отражение структуры языкового сознания,,,,Кривоносов А.Т.,2001,,ЧеРо,,846,0,Russian,314,www.infanata.com,,588711183-6,,,,,,,,,,1146123387-Отл,0,,,,,,,1,53763180,pdf,F56EEB0F1C25573F76CD6F299E526664,,,"N:\\natahaus\\!2009\\2010-02\\[1146123387]Кривоносов А.Т.Система классов слов как отражение структуры языкового сознания.-Кривоносов А.Т.,ЧеРо.pdf",0,2000-01-01 01:00:00,2016-04-03 02:51:08,279000/f56eeb0f1c25573f76cd6f299e526664-d.jpg,,
21573718,Древнерусские городища X-XIII веков. Свод археологических памятников,,,,Куза А. В.,1996,,Христианское издательство,,271,0,Russian,64,www.infanata.com,,5-7820-0030-9,,,,,,,,,OL451044M,1146123390-хор,0,,,,,,,0,35813258,djvu,A6738163622326388568A32A647B51F3,25d5e333daf2c60b2169c6825d9737c1,no,"N:\\natahaus\\!2009\\2010-02\\[1146123390]Древнерусские городища X-XIII веков.Свод археологических памятников.-Куза А.В.,Христианское издательство.djvu",0,2000-01-01 01:00:00,2016-04-03 02:51:08,279000/a6738163622326388568a32a647b51f3-d.jpg,,
21573719,История русской философии,,Summa,,Зеньковский В.В.,2001,,"Акад. проект, Раритет",Москва,875,0,Russian,64,www.infanata.com,,"5-8291-0127-0,5-85735-139-1",,,,,,,,,OL12588029M,1146123391-Отл,0,,,,,,,1,62585207,pdf,6399CFCE16C1FA4B8D64982403BE865F,,,"N:\\natahaus\\!2009\\2010-02\\[1146123391]Зеньковский В.В.История русской философии.-Зеньковский В.В.,Академический проект,Раритет.pdf",0,2000-01-01 01:00:00,2016-04-03 02:51:08,279000/6399cfce16c1fa4b8d64982403be865f-d.jpg,,
21573720,Предмет конституционного права,,Institutiones,,Кутафин О.Е.,2001,,Юристъ,Москва,444,0,Russian,313,www.infanata.com,,5-7975-0452-9,,,,,,,,,,1146123392-Отл,0,,,,,,,1,25856226,pdf,C40581EB5EE1D6AF13EBA56A9A5DE43F,,,"N:\\natahaus\\!2009\\2010-02\\[1146123392]Предмет конституционного права.-Кутафин О.Е.,Юристъ.pdf",0,2000-01-01 01:00:00,2016-04-03 02:51:08,279000/c40581eb5ee1d6af13eba56a9a5de43f-d.jpg,,
21573721,Пикап: самоучитель по соблазнению,,,,Под ред. И. Ф. Николаевского,1982,,Эксмо,Москва,226,0,Russian,186,www.infanata.com,,978-5-699-39205-6,,,,,,,,,,1146123394-Хор,0,,,,,,,,18832733,rtf,C2066B7683AC9F46F01729F7367D1A57,,,N:\\natahaus\\!2009\\2010-02\\[1146123394]Пикап.Самоучитель по соблазнению.-Филипп Богачев.rtf,0,2000-01-01 01:00:00,2016-04-03 02:51:08,279000/c2066b7683ac9f46f01729f7367d1a57-d.jpg,,
21573722,Отечественная война 1812 года.,,,,Л.Г. Бескровный,1962,,Соцэкгиз,М,641,0,Russian,64,www.infanata.com,,,,,,,,,,,,1146123402-сре,0,,,,,,,0,19425951,djvu,ED93A4E4CD204FCB6711DDB9007B22C2,984e46cac85ac6c1e4b8f9dc43bb45ab,no,"N:\\natahaus\\!2009\\2010-02\\[1146123402]Бескровный Л.Г.Отечественная война 1812 года.-Бескровный Л.Г.,Москва-Соцэкгиз.djvu",0,2000-01-01 01:00:00,2016-04-03 02:51:08,279000/ed93a4e4cd204fcb6711ddb9007b22c2-d.jpg,,
21573723,Арктическая родина в Ведах = The Arctic home in the Vedas: [Пер. с англ.],,,,Б. Г. Тилак,2002,,"Гранд, Фаир-Пресс",М,527,0,Russian,205,www.infanata.com,,5-8183-0263-6,,,,,,,,,,1146123404-хор,0,,,,,,,1,25217382,pdf,6CC477D87BF7DA00D822856D4C10A7B2,,,"N:\\natahaus\\!2009\\2010-02\\[1146123404]Арктическая родина в Ведах - The Arctic Home in the Vedas.-Б.Г.Тилак,ФАИР-ПРЕСС.pdf",0,2000-01-01 01:00:00,2016-04-03 02:51:08,279000/6cc477d87bf7da00d822856d4c10a7b2-d.jpg,,
21573724,Разные дни тайной войны и дипломатии. 1941 год,,Досье,,Судоплатов П.,2001,,ОЛМА-Пресс,М,382,0,Russian,64,www.infanata.com,,5-224-02629-6,,,,,,,,,OL3641570M,1146123405-Наб,0,,,,,,,,1388544,doc,3B340BDCA54216DDDCD9A04DBB67AE83,,,"N:\\natahaus\\!2009\\2010-02\\[1146123405]Судоплатов П.Разные дни тайной войны и дипломатии.1941 год.-Судоплатов П.,Олма-Пресс.doc",0,2000-01-01 01:00:00,2016-04-03 02:51:08,279000/3b340bdca54216dddcd9a04dbb67ae83-d.jpg,,
21573725,Темная сторона любви,,,,Оганян Р.,2001,,ОЛМА-Пресс,М,351,0,Russian,,www.infanata.com,,5-224-02122-7,,,,,,,,,,1146123406-Наб,0,,,,,,,,835584,doc,D72BE25F58ED545FC114AE4139D8D8C0,,,"N:\\natahaus\\!2009\\2010-02\\[1146123406]Оганян Р.Темная сторона любви.-Оганян Р.,Олма-Пресс.doc",0,2000-01-01 01:00:00,2016-04-03 02:51:08,279000/d72be25f58ed545fc114ae4139d8d8c0-d.jpg,,
21573726,Справочная книга для полицейскихъ урядниковъ,,,,,1887,,издание Книжнаго Магазина Юридической Литературы,,92,0,Russian,64,www.infanata.com,,,,,,,,,,,,1146123407-отл,0,,,,,,1,0,18269572,pdf,4504EC1C94B1598DEE474542C32A79D7,,,"N:\\natahaus\\!2009\\2010-02\\[1146123407]Справочная книга для полицейскихъ урядниковъ(1887).-автор неизвестен,издание Книжнаго Магазина Юридической Литерату.pdf",0,2000-01-01 01:00:00,2016-04-03 02:51:08,279000/4504ec1c94b1598dee474542c32a79d7-d.jpg,,
21573727,"Хозяйство в роте, эскадроне и сотне",,,,,1891,,издал В.Березовский,,106,0,Russian,64,www.infanata.com,,,,,,,,,,,,1146123409-отл,0,,,,,,1,0,13857482,pdf,93EAAA15D8AED845971B4C384B359A6E,,,"N:\\natahaus\\!2009\\2010-02\\[1146123409]Хозяйство в роте,эскадроне и сотне.-автор неизвестен,издал В.Березовский.pdf",0,2000-01-01 01:00:00,2016-04-03 02:51:08,279000/93eaaa15d8aed845971b4c384b359a6e-d.jpg,,
21573728,Google. Прошлое. Настоящее. Будущее,,,,Джанет Лау,2010,,"Манн, Иванов и Фербер",Москва,284,0,Russian,100,www.infanata.com,,978-5-91657-066-3,,,,,,,,,,1146123410-,0,,,,,,,1,1109662,pdf,6B6FA54F1DAA76939102DD77768B4CEE,,,N:\\natahaus\\!2009\\2010-02\\[1146123410]Google.Прошлое.Настоящее.Будущее..-Джанет Лау.pdf,0,2000-01-01 01:00:00,2016-04-03 02:51:08,279000/6b6fa54f1daa76939102dd77768b4cee-d.jpg,,
21573729,"Государственный Комитет Обороны постановляет Цифры, док",,Архив,,Горьков Ю.,2002,,ОЛМА-Пресс,М,576,0,Russian,64,www.infanata.com,,5-224-03313-6,,,,,,,,,OL22511342M,1146123423-Наб,0,,,,,,,,2688512,doc,B9D66602C837552BA48F3A87F68C84A3,,,"N:\\natahaus\\!2009\\2010-02\\[1146123423]Горьков Ю.Государственный Комитет Обороны постановляет(1941-1945).Цифры,документы.-Горьков Ю.,Олма-Пресс.doc",0,2000-01-01 01:00:00,2016-04-03 02:51:08,279000/b9d66602c837552ba48f3a87f68c84a3-d.jpg,,
21573730,"Грибанов Б. Женщины, любившие Есенина",,,,Грибанов Б.,2002,,Терра-Книжный клуб,,304,0,Russian,111,www.infanata.com,,5-275-00559-8,,,,,,,,,OL3758130M,1146123424-Наб,0,,,,,,,,1369600,doc,C261552AECD31AC458EC198B8391DF02,,,"N:\\natahaus\\!2009\\2010-02\\[1146123424]Грибанов Б.Женщины,любившие Есенина.-Грибанов Б.,Терра-Книжный клуб.doc",0,2000-01-01 01:00:00,2016-04-03 02:51:08,,,
21573731,МВД России: Энциклопедия,,,,"В. Ф. Некрасов, В. И. Полубинский",2002,,"Объед. ред. МВД России, ОЛМА-Пресс",М,624,0,Russian,37,www.infanata.com,,5-224-03722-0,,,,,,,,,,1146123425-Наб,0,,,,,,,,6684672,doc,B08419FF1BA166A71034919E6E698FBA,,,"N:\\natahaus\\!2009\\2010-02\\[1146123425]МВД России.Энциклопедия.-В.Ф.Некрасов,В.И.Полубинский,Олма-Пресс.doc",0,2000-01-01 01:00:00,2016-04-03 02:51:08,279000/b08419ff1ba166a71034919e6e698fba-d.jpg,,
21573732,Матрица Скалигера. Вся мировая история насквозь фальшивая!,,,,Лопатин В.А.,2007,,ОЛМА Медиа Групп,,370,0,Russian,64,www.infanata.com,,978-5-373-00306-3,,,,,,,,,,1146123426-хор,0,,,,,,,1,25515116,pdf,C84CE306FEBF36E3A8124DA9FEB672F9,,,"N:\\natahaus\\!2009\\2010-02\\[1146123426]Матрица Скалигера.Вся мировая история насквозь фальшивая!.-Лопатин В.А.,ОЛМА Медиа Групп.pdf",0,2000-01-01 01:00:00,2016-04-03 02:51:08,279000/c84ce306febf36e3a8124da9feb672f9-d.jpg,,
21573733,Взаимодействие рынка труда и рынка образовательных услуг в трансформируемой экономике России,,,,Филиппова Д.Г.,2003,,,,183,0,Russian,305,www.infanata.com,,,,,,,,,,,,1146123435-хор,0,,,,,,,0,11539626,pdf,7255BAB01E3DC13E47E42FB7B04B578B,,,N:\\natahaus\\!2009\\2010-02\\[1146123435]Взаимодействие рынка труда и рынка образовательных услуг в трансформируемой экономике России.-Филиппова Д.Г..pdf,0,2000-01-01 01:00:00,2016-04-03 02:51:08,279000/7255bab01e3dc13e47e42fb7b04b578b-g.jpg,,
21573734,Механизм оценки эффективности подготовки кадров с высшим образованием для промышленности,,,,Ядренникова Е.В.,1998,,,,202,0,Russian,210,www.infanata.com,,,,,,,,,,,,1146123436-хор,0,,,,,,,0,13669268,pdf,08B1B19AD4E14AE800179A555AC3C4BB,,,N:\\natahaus\\!2009\\2010-02\\[1146123436]Механизм оценки эффективности подготовки кадров с высшим образованием для промышленности.-Ядренникова Е.В..pdf,0,2000-01-01 01:00:00,2016-04-03 02:51:08,279000/08b1b19ad4e14ae800179a555ac3c4bb-g.jpg,,
21573735,Личностно ориентированные технологии профессионального развития педагогов профессиональной школы,,,,Шахматова О.Н.,2000,,,,187,0,Russian,183,www.infanata.com,,,,,,,,,,,,1146123437-хор,0,,,,,,,0,11713811,pdf,A78DF9E87E0EF958CA90475EF7B1A1FA,,,N:\\natahaus\\!2009\\2010-02\\[1146123437]Личностно ориентированные технологии профессионального развития педагогов профессиональной школы.-Шахматова О.Н..pdf,0,2000-01-01 01:00:00,2016-04-03 02:51:08,279000/a78df9e87e0ef958ca90475ef7b1a1fa-g.jpg,,
21573736,Педагогические условия взаимодействия субъектов социальной работы в зарубежном опыте,,,,Щеклеина А.В.,1999,,,,165,0,Russian,183,www.infanata.com,,,,,,,,,,,,1146123439-хор,0,,,,,,,0,9503771,pdf,DA886252656BEF1177ED31D3EEC612FA,,,N:\\natahaus\\!2009\\2010-02\\[1146123439]Педагогические условия взаимодействия субъектов социальной работы в зарубежном опыте.-Щеклеина А.В..pdf,0,2000-01-01 01:00:00,2016-04-03 02:51:08,279000/da886252656bef1177ed31d3eec612fa-g.jpg,,
21573737,Управление социальным развитием малых городов на основе комплексного социального планирования,,,,Снедков А.В.,2009,,,,218,0,Russian,6,www.infanata.com,,,,,,,,,,,,1146123440-отл,0,,,,,,,1,3964303,pdf,DDE6AFAB45EF3386281305BCA9082163,,,N:\\natahaus\\!2009\\2010-02\\[1146123440]Управление социальным развитием малых городов на основе комплексного социального планирования.-Снедков А.В..pdf,0,2000-01-01 01:00:00,2016-04-03 02:51:08,279000/dde6afab45ef3386281305bca9082163-g.jpg,,
21573738,Правовые формы обеспечения профессионализма государственного служащего в субъектах Российской Федерации,,,,Торопин А.Я.,1999,,,,185,0,Russian,37,www.infanata.com,,,,,,,,,,,,1146123441-хор,0,,,,,,,0,10395405,pdf,AB1755D8DC566848758859AD6F4B9F1B,,,N:\\natahaus\\!2009\\2010-02\\[1146123441]Правовые формы обеспечения профессионализма государственного служащего в субъектах Российской Федерации.-Торопин А..pdf,0,2000-01-01 01:00:00,2016-04-03 02:51:08,279000/ab1755d8dc566848758859ad6f4b9f1b-g.jpg,,
21573739,Педагогические условия гуманизации жизненно-педагогического образовательного пространства будущих первоклассников,,,,Туктарова Р.И.,2004,,,,210,0,Russian,113,www.infanata.com,,,,,,,,,,,,1146123442-хор,0,,,,,,,0,2310158,pdf,9EC3BC36E70E186122FFA1B5525906C3,,,N:\\natahaus\\!2009\\2010-02\\[1146123442]Педагогические условия гуманизации жизненно-педагогического образовательного пространства будущих первоклассников.-.pdf,0,2000-01-01 01:00:00,2016-04-03 02:51:08,279000/9ec3bc36e70e186122ffa1b5525906c3-g.jpg,,
21573740,Организационно-правовое обеспечение оценки кадров в органах внутренних дел Российской Федерации,,,,Ушаков С.И.,2000,,,,270,0,Russian,37,www.infanata.com,,,,,,,,,,,,1146123443-хор,0,,,,,,,0,22074871,pdf,2DFBA305422BB70217820A9348ACE966,,,N:\\natahaus\\!2009\\2010-02\\[1146123443]Организационно-правовое обеспечение оценки кадров в органах внутренних дел Российской Федерации.-Ушаков С.И..pdf,0,2000-01-01 01:00:00,2016-04-03 02:51:08,279000/2dfba305422bb70217820a9348ace966-g.jpg,,
21573741,Совершенствование правового обеспечения кадровой политики в системе исполнительной власти современной России,,,,Уткин А.Г.,2002,,,,152,0,Russian,313,www.infanata.com,,,,,,,,,,,,1146123444-хор,0,,,,,,,0,9001702,pdf,A0D95E79966D1010D9E9DE50A5D64B4A,,,N:\\natahaus\\!2009\\2010-02\\[1146123444]Совершенствование правового обеспечения кадровой политики в системе исполнительной власти современной России.-Уткин.pdf,0,2000-01-01 01:00:00,2016-04-03 02:51:08,279000/a0d95e79966d1010d9e9de50a5d64b4a-g.jpg,,
21573742,Оптимизация профессиональной деятельности специалиста по социальной работе с семьей,,,,Зритнев В.В.,2003,,,,170,0,Russian,136,www.infanata.com,,,,,,,,,,,,1146123445-хор,0,,,,,,,0,7934086,pdf,8D84CF85C955D0F2321EE654CDD3289F,,,N:\\natahaus\\!2009\\2010-02\\[1146123445]Оптимизация профессиональной деятельности специалиста по социальной работе с семьей.-Зритнев В.В..pdf,0,2000-01-01 01:00:00,2016-04-03 02:51:08,279000/8d84cf85c955d0f2321ee654cdd3289f-g.jpg,,
21573743,Тайные информаторы Кремля. Нелегалы,,Досье,,"Антонов В., Карпов В.",2002,,Олма-Пресс,,352,0,Russian,64,www.infanata.com,,5-94849-019-X,,,,,,,,,OL3661943M,1146123448-Наб,0,,,,,,,,1143808,doc,0DB0A73D0F5577B2EA46FE32B91AD9D3,,,"N:\\natahaus\\!2009\\2010-02\\[1146123448]Тайные информаторы Кремля.Нелегалы.-Антонов В.,Карпов В.,Олма-Пресс.doc",0,2000-01-01 01:00:00,2016-04-03 02:51:08,279000/0db0a73d0f5577b2ea46fe32b91ad9d3-d.jpg,,
21573744,Тайные информаторы Кремля. Нелегалы,,Досье,,"Антонов В., Карпов В.",2002,,Олма-Пресс,,224,0,Russian,64,www.infanata.com,,5-94849-019-X,,,,,,,,,OL3661943M,1146123448-Наб,0,,,,,,1,1,962742,pdf,39D87AA12B271C6D6329C4D3918CB3B0,,,"N:\\natahaus\\!2009\\2010-02\\[1146123448]Тайные информаторы Кремля.Нелегалы.-Антонов В.,Карпов В.,Олма-Пресс.pdf",0,2000-01-01 01:00:00,2016-04-03 02:51:08,279000/39d87aa12b271c6d6329c4d3918cb3b0-d.jpg,,
21573745,Сталин и писатели,Книга 1,Диалоги о культуре,,Сарнов Б.М.,2008,,Эксмо,Москва,832,0,Russian,111,www.infanata.com,,978-5-699-24794-3,,,,,,,,,OL17015261M,1146123454-Тек,0,,,,,,,,5330922,rtf,86CBAD3BDE9477EF01888DDAD988703F,,,"N:\\natahaus\\!2009\\2010-02\\[1146123454]Сарнов Б.Сталин и писатели.Книга 1.-Сарнов Б.М.,Эксмо.rtf",0,2000-01-01 01:00:00,2016-04-03 02:51:08,279000/86cbad3bde9477ef01888ddad988703f-d.jpg,,
21573746,"Жакеты, джемпера, кардиганы",,,,Н. Свеженцева,2009,,Эксмо,,63,0,Russian,41,www.infanata.com,,978-5-699-16933-7,,,,,,,,,,1146123458-Хор,0,,,,,,,0,11471892,djvu,929DA6DD816823EB048011AF18F122BB,,,"N:\\natahaus\\!2009\\2010-02\\[1146123458]Жакеты,джемпера,кардиганы.-Н.Свеженцева,Эксмо.djvu",0,2000-01-01 01:00:00,2016-04-03 02:51:08,279000/929da6dd816823eb048011af18f122bb-d.jpg,,
21573747,Кормить и править. О власти в России XVI-XX вв.,,,,Кондратьева Т.,2006,,Росспэн,,116,0,Russian,37,www.infanata.com,,,,,,,,,,,,1146123459-сре,0,,,,,,,0,4597246,djvu,13FEA1AFD94A5841375E688C5DECB3CA,b77e3fd668c50c2a0d15b280c4f2de2f,no,"N:\\natahaus\\!2009\\2010-02\\[1146123459]Кондратьева Т.,Кормить и править.О власти в России XVI-XX вв..-Кондратьева Т.,Росспэн.djvu",0,2000-01-01 01:00:00,2016-04-03 02:51:08,279000/13fea1afd94a5841375e688c5decb3ca-d.jpg,,
21573748,Самые красивые варежки и перчатки,,Вяжем на зиму,,,2005,,Мой Мир ГмбХ & Ко. КГ,,95,0,Russian,41,www.infanata.com,,3-86605-242-1,,,,,,,,,,1146123461-Хор,0,,,,,,,0,7712206,djvu,D07555A39C678A2E95AA900BD256FB24,,,"N:\\natahaus\\!2009\\2010-02\\[1146123461]Самые красивые варежки и перчатки.-Коллектив,Мой Мир ГмбХ & Ко.КГ.djvu",0,2000-01-01 01:00:00,2016-04-03 02:51:08,279000/d07555a39c678a2e95aa900bd256fb24-d.jpg,,
21573749,Системы эффективной тренировки: Армрестлинг. Бодибилдинг. Бенчпресс. Пауэрлифтинг,,,,Бельский И.В.,2002,,ООО Вида-Н,,254,0,Russian,164,www.infanata.com,,985-6327-40-7,,,,,,,,,,1146123465-хор,0,,,,,,,1,14925360,pdf,C7E4AFAB79061CB899DE6C9B344D317E,,,"N:\\natahaus\\!2009\\2010-02\\[1146123465]Системы эффективной тренировки-Армрестлинг.Бодибилдинг.Бенчпресс.Пауэрлифтинг.-Бельский И.В.,ООО #Вида-Н#.pdf",0,2000-01-01 01:00:00,2016-04-03 02:51:08,279000/c7e4afab79061cb899de6c9b344d317e-d.jpg,,
21573750,"Памятники древней русской письменности, относящиеся к Смутному времени",,"РИБ, т.13",,,1891,,,,522,0,Russian(Old),64,www.infanata.com,,,,,,,,,,,,1146123471-ниж,0,,,,,,,0,8720583,djvu,B6553E115F3EB5DFC25C2EC4322FFE17,238288a70ea3f9786b67a2a363075ab2,no,"N:\\natahaus\\!2009\\2010-02\\[1146123471]Памятники древней русской письменности,относящиеся к Смутному времени(РИБ,т.13).-(сборник).djvu",0,2000-01-01 01:00:00,2016-04-03 02:51:08,279000/b6553e115f3eb5dfc25c2ec4322ffe17-d.jpg,,
21573751,Асимптотические разложения интегралов,Том 1,,,Риекстыньш Э. Я.,1974,,Зинатне,Рига,390,0,Russian,117,www.infanata.com,,,,,,,,,,,,1146123474-сре,0,,,,,,,1,4406916,djvu,A4539ADF0513A00031837F8A68DA1FDC,,,"N:\\natahaus\\!2009\\2010-02\\[1146123474]Асимптотические разложения интегралов.Том 1.-Риекстыньш Э.Я.,Рига-Зинатне.djvu",0,2000-01-01 01:00:00,2016-04-03 02:51:08,279000/a4539adf0513a00031837f8a68da1fdc-d.jpg,,
21573752,"Твоя коллекция. Монеты, марки, этикетки, открытки",,,,,1963,,Молодая гвардия,,127,0,Russian,47,www.infanata.com,,,,,,,,,,,,1146123478-Оче,0,,,,,,,0,11491700,djvu,507AEC24B6676D36E1BAEC6CB4B00925,2bee61be0a8d9c38e098a481efda0c96,no,"N:\\natahaus\\!2009\\2010-02\\[1146123478]Твоя коллекция.Монеты,марки,этикетки,открытки.-сборник,Молодая гвардия.djvu",0,2000-01-01 01:00:00,2016-04-03 02:51:08,279000/507aec24b6676d36e1baec6cb4b00925-d.jpg,,
21573753,Сводный каталог славяно-русских рукописных книг хранящихся в СССР (XI-XIII вв.).,,,,С.О. Шмидт (главный редактор),1984,,Наука,,407,0,Russian,64,www.infanata.com,,,,,,,,,,,,1146123482-Отл,0,,,,,,,0,26999425,djvu,3B28055A216C22A99026D169B1611EF4,d8a4927e2b7dd38f089ff4f3583eddec,no,N:\\natahaus\\!2009\\2010-02\\[1146123482]Сводный каталог славяно-русских рукописных книг XI-XIII вв..-Наука.djvu,0,2000-01-01 01:00:00,2016-04-03 02:51:08,279000/3b28055a216c22a99026d169b1611ef4-d.jpg,,
21573754,Словарь книжников и книжности Древней Руси. XI - первая половина XIV в.,,,,,1987,,Наука,,495,0,Russian,322,www.infanata.com,,,,,,,,,,,,1146123484-Отл,0,,,,,,,0,29468074,djvu,91EF792CF223EE95CACEF845522FAE8D,2d2dbba626f2256133495564bd410883,no,N:\\natahaus\\!2009\\2010-02\\[1146123484]Словарь книжников и книжности Древней Руси.XI - первая половина XIV в..-Наука.djvu,0,2000-01-01 01:00:00,2016-04-03 02:51:08,279000/91ef792cf223ee95cacef845522fae8d-d.jpg,,
21573755,Положение об обучении нижних чинов пехоты. Отдел II. Обучение молодых солдат (1901),,,,,1901,,Военная Типографiя (въ зданiи Главнаго Штаба),С.-Петербургъ,31,0,Russian,64,www.infanata.com,,,,,,,,,,,,1146123485-отл,0,,,,,,,0,6031845,pdf,460442AFCE3A0C25EF908380BAA431E0,,,"N:\\natahaus\\!2009\\2010-02\\[1146123485]Положение об обучении нижних чинов пехоты.Отдел II.Обучение молодых солдат(1901).-автор неизвестен,Военная Типограф.pdf",0,2000-01-01 01:00:00,2016-04-03 02:51:08,279000/460442afce3a0c25ef908380baa431e0-d.jpg,,
21573756,"Греческая культура в мифах, символах и терминах",,'Античная библиотека'': Исслед,,"А.А. Тахо-Годи, А.Ф. Лосев",1999,,Алетейя,СПб,710,0,Russian,191,www.infanata.com,,5-89329-089-9,,,,,,,,,OL19173566M,1146123489-Удо,0,,,,,,,0,11357181,djvu,A66E067A84DE33EAC025FFDC8AD7B7FF,dad91e04556199d106b393c48d83d51f,no,"N:\\natahaus\\!2009\\2010-02\\[1146123489]Греческая культура в мифах,символах и терминах.-Тахо-Годи А.А.,Лосев А.Ф..djvu",0,2000-01-01 01:00:00,2016-04-03 02:51:08,279000/a66e067a84de33eac025ffdc8ad7b7ff-d.jpg,,
21573757,Перелом. От Брежнева к Горбачеву,,"Досье, Россия: Рассекреченные материалы",,Гриневский О.,2004,,"ОЛМА медиагрупп, ОЛМА-ПРЕСС Образование",М,624,0,Russian,64,www.infanata.com,,5-94849-616-3,,,,,,,,,,1146123490-Наб,0,,,,,,,,2667008,doc,24EFB8F8CD32B0ECB23104D29163E3EE,,,"N:\\natahaus\\!2009\\2010-02\\[1146123490]Гриневский О.Перелом.От Брежнева к Горбачеву.-Гриневский О.,Олма-Пресс.doc",0,2000-01-01 01:00:00,2016-04-03 02:51:08,279000/24efb8f8cd32b0ecb23104d29163e3ee-d.jpg,,
21573758,"Двор и царствование Павла I. Портреты, воспоминания",,Архив,,Головкин Ф.,2003,,Олма-Пресс,,480,0,Russian,64,www.infanata.com,,5-224-03681-X,,,,,,,,,OL3763984M,1146123491-Наб,0,,,,,,,,2447360,doc,16EAB3B032BEE38DF909D9A972C66634,,,"N:\\natahaus\\!2009\\2010-02\\[1146123491]Головкин Ф.Двор и царствование Павла I.Портреты,воспоминания.-Головкин Ф.,Олма-Пресс.doc",0,2000-01-01 01:00:00,2016-04-03 02:51:08,279000/16eab3b032bee38df909d9a972c66634-d.jpg,,
21573759,Корабли и годы,,,,Басевич В. В.,1983,,Транспорт,,197,0,Russian,289,www.infanata.com,,,,,,,,,,,,1146123492-хор,0,,,,,,,1,7316361,djvu,67407DCD5984CC6247B2C5E4167F64E7,,,"N:\\natahaus\\!2009\\2010-02\\[1146123492]Басевич В.В.Корабли и годы.-Басевич В.В.,Транспорт.djvu",0,2000-01-01 01:00:00,2016-04-03 02:51:08,279000/67407dcd5984cc6247b2c5e4167f64e7-d.jpg,,
21573760,Программирование на Microsoft Visual C++ .NET,,,,"Джордж Шеферд, Дэвид Круглински",2003,,Русская Редакция,,930,0,Russian,87,www.infanata.com,0,5-7502-0225-9,,,,,,,,,,,0,,,,,1,1,1,82726914,djvu,8A337CC170A56B85F3871369DF0F4D35,,,"N:/natahaus/!2009/2010-02/[1146123493]Шеферд,Круглински - Программирование на Microsoft Visual C++.NET.-Джордж Шеферд,Дэвид Круглински,_Русская Редакция_.djvu",0,2000-01-01 01:00:00,2016-04-03 02:51:08,279000/8a337cc170a56b85f3871369df0f4d35-d.jpg,,
21573761,Война с Японией 1904-1905 г.г. Санитарно-статистический очерк,,,,Козловский Н. (сост.),1914,,Военная типография Императрицы Екатерины Великой (въ зданiи Главнаго Штаба),Петроградъ,159,0,Russian,119,www.infanata.com,,,,,,,,,,,,1146123494-отл,0,,,,,,1,0,18713746,pdf,17442D4D2807D88AC0535E26A76DB7CA,,,"N:\\natahaus\\!2009\\2010-02\\[1146123494]Война с Японией 1904-1905 г.г.Санитарно-статистический очерк(1914).-составитель Н.Козловский,Военная типография Имп.pdf",0,2000-01-01 01:00:00,2016-04-03 02:51:08,279000/17442d4d2807d88ac0535e26a76db7ca-d.jpg,,
21573762,Жизнь корабля,,,,Фукельман В. Л.,1978,,Судостроение,,187,0,Russian,236,www.infanata.com,,,,,,,,,,,,1146123495-хор,0,,,,,,,1,11515534,djvu,EC00F781E0CD588CCBFCB9803CA1505D,,,"N:\\natahaus\\!2009\\2010-02\\[1146123495]Фукельман В.Л.Жизнь корабля.-Фукельман В.Л.,Судостроение.djvu",0,2000-01-01 01:00:00,2016-04-03 02:51:08,279000/ec00f781e0cd588ccbfcb9803ca1505d-d.jpg,,
21573763,"Да, я там работал. Записки офицера КГБ",,Досье,,Григ Е.,2001,,ОЛМА-ПРЕСС,М,479,0,Russian,64,www.infanata.com,,5-224-02112-X,,,,,,,,,,1146123496-Наб,0,,,,,,,,1905664,doc,EAADD5BC75A36E2C4EFC4F860C2C9FAE,,,"N:\\natahaus\\!2009\\2010-02\\[1146123496]Да,я там работал.Записки офицера КГБ.-Григ Е.,Олма-Пресс.doc",0,2000-01-01 01:00:00,2016-04-03 02:51:08,279000/eaadd5bc75a36e2c4efc4f860c2c9fae-d.jpg,,
21573764,Первая холодная война: Наследие Вудро Вильсона в совет.-америк. отношениях,,Архив,,"Д. Дэвис, Ю. Трани",2002,,ОЛМА-ПРЕСС,М,480,0,Russian,64,www.infanata.com,,5-224-03357-8,,,,,,,,,,1146123497-Наб,0,,,,,,,,2259968,doc,8C791A45AC3E9DCD0BFB7764E01142EF,,,"N:\\natahaus\\!2009\\2010-02\\[1146123497]Первая холодная война.Наследие Вудро Вильсона в советско-американских отношениях.-Д.Дэвис,Ю.Трани,Олма-Пресс.doc",0,2000-01-01 01:00:00,2016-04-03 02:51:08,279000/8c791a45ac3e9dcd0bfb7764e01142ef-d.jpg,,
21573765,Изделия и бижутерия из глины полимерной: [практическое руководство],,Украшения своими руками,,Синди Холт,2008,,Ниола-Пресс,Москва,110,0,Russian,41,www.infanata.com,,978-5-366-00311-7,,,,,,,,,,1146123498-Хор,0,,,,,,,0,11716371,pdf,0BC0963911C9D18393641A74F17FD34A,,,"N:\\natahaus\\!2009\\2010-02\\[1146123498]Изделия и бижутерия из глины полимерной.-Синди Холт,Ниола-Пресс.pdf",0,2000-01-01 01:00:00,2016-04-03 02:51:08,279000/0bc0963911c9d18393641a74f17fd34a-d.jpg,,
21573766,"Вышиваем крестом: техника, схемы, орнаменты, изделия, советы",,,,"М.В.Максимова, М.А.Кузьмина",2004,,Эксмо,М,60,0,Russian,210,www.infanata.com,,5-699-06391-9,,,,,,,,,,1146123499-Хор,0,,,,,,,0,12547161,djvu,DC040F43570013F7E54ED69034ECF98E,,,"N:\\natahaus\\!2009\\2010-02\\[1146123499]Вышиваем крестом.Техника,схемы,орнаменты,изделия,советы.-М.В.Максимова,М.А.Кузьмина,Эксмо.djvu",0,2000-01-01 01:00:00,2016-04-03 02:51:08,279000/dc040f43570013f7e54ed69034ecf98e-d.jpg,,
21573767,"Атлас Российской империи, состоящий из 64 карт",,,,,,,,,66,0,Russian,64,www.infanata.com,,,,,,,,,,,,1146123500-сре,0,,,,,,1,0,37523391,pdf,5C40EE9150C0DC244886C99548782BE6,,,"N:\\natahaus\\!2009\\2010-02\\[1146123500]Атлас Российской империи,состоящий из 64 карт.-....pdf",0,2000-01-01 01:00:00,2016-04-03 02:51:08,279000/5c40ee9150c0dc244886c99548782be6-d.jpg,,
21573768,Шьем для всей семьи. Модели весна-лето,,,,Наниашвили И.Н. (сост.),2009,,Клуб семейного досуга,,169,0,Russian,41,www.infanata.com,,978-5-9910-0728-3,,,,,,,,,,1146123502-Нор,0,,,,,,,0,2707392,djvu,A1A742A0C8DCE45680AA2625CA8E87BF,fe1f974a23ea8ae26590efafaabdcaa6,no,"N:\\natahaus\\!2009\\2010-02\\[1146123502]Шьем для всей семьи.Модели весна-лето.-составитель И.Н.Наниашвили,Клуб семейного досуга.djvu",0,2000-01-01 01:00:00,2016-04-03 02:51:08,279000/a1a742a0c8dce45680aa2625ca8e87bf-d.jpg,,
21573769,Сакральный символ. История свастики,,,,А.В. Тарунин,2009,,М.,Белые Альвы,545,0,Russian,64,www.infanata.com,,,,,,,,,,,,1146123503-,0,,,,,,,0,170999421,pdf,A1B5CFAC972F8D78BC7222C2CD19BA83,,,"N:\\natahaus\\!2009\\2010-02\\[1146123503]Сакральный символ.История свастики.-А.В.Тарунин,М.-Белые Альвы.pdf",0,2000-01-01 01:00:00,2016-04-03 02:51:08,279000/a1b5cfac972f8d78bc7222c2cd19ba83-d.jpg,,
21573770,Стильные сумочки своими руками,,,,Донателла Чотти,2007,,Мой Мир ГмбХ & Ко. КГ,,49,0,Russian,41,www.infanata.com,,987-3-86605-587-2,,,,,,,,,,1146123504-Хор,0,,,,,,,0,9391301,djvu,D5C218E786B632E711374759CCCE33E3,,,"N:\\natahaus\\!2009\\2010-02\\[1146123504]Стильные сумочки своими руками.-Донателла Чотти,Мой Мир ГмбХ & Ко.КГ.djvu",0,2000-01-01 01:00:00,2016-04-03 02:51:08,279000/d5c218e786b632e711374759ccce33e3-d.jpg,,
21573771,Жаркое лето 1953 года в Германии: впервые о восстании рабочих в ГДР,,Досье,,Платошкин Н.,2004,,Олма-Пресс,М,384,0,Russian,64,www.infanata.com,,5-94849-577-9,,,,,,,,,OL12617858M,1146123508-Наб,0,,,,,,,,1806848,doc,7D717F1CC5D66553AB7EA5D0F138189E,,,"N:\\natahaus\\!2009\\2010-02\\[1146123508]Жаркое лето 1953 года в Германии.-Платошкин Н.,Олма-Пресс.doc",0,2000-01-01 01:00:00,2016-04-03 02:51:08,279000/7d717f1cc5d66553ab7ea5d0f138189e-d.jpg,,
21573772,Резван Е. А. Коран и его мир,,,,Резван Е.А.,2001,,Петербургское Востоковедение,,604,0,Russian,205,www.infanata.com,,5-85803-183-8,,,,,,,,,,1146123509-Тек,0,,,,,,,1,35549639,pdf,03CA41F14182F780D33089D21B57DB30,,,"N:\\natahaus\\!2009\\2010-02\\[1146123509]Резван Е.А.Коран и его мир.-Резван Е.А.,Петербургское Востоковедение.pdf",0,2000-01-01 01:00:00,2016-04-03 02:51:08,279000/03ca41f14182f780d33089d21b57db30-d.jpg,,
21573773,Насилие сквозь призму веков: ист.-филос. анализ,,,,Остроухов В.,2003,,ОЛМА-ПРЕСС,М,192,0,Russian,64,www.infanata.com,,5-224-04045-0,,,,,,,,,OL12543297M,1146123513-Наб,0,,,,,,,,617472,doc,50A12394E4378AB68BB7351ED82C489C,,,"N:\\natahaus\\!2009\\2010-02\\[1146123513]Насилие сквозь призму веков.-Остроухов В.,Олма-Пресс.doc",0,2000-01-01 01:00:00,2016-04-03 02:51:08,279000/50a12394e4378ab68bb7351ed82c489c-d.jpg,,
21573774,Информационная война и мир: [Информ. противоборство в соврем. мире],,,,"И. Панарин, Л. Панарина",2003,,ОЛМА-ПРЕСС,М,384,0,Russian,,www.infanata.com,,5-224-04397-2,,,,,,,,,,1146123514-Наб,0,,,,,,,,1833984,doc,72700DE72A7C6B92A54BB481C299912F,,,"N:\\natahaus\\!2009\\2010-02\\[1146123514]Информационная война и мир.-И.Панарин,Л.Панарина,Олма-Пресс.doc",0,2000-01-01 01:00:00,2016-04-03 02:51:08,279000/72700de72a7c6b92a54bb481c299912f-d.jpg,,
21573775,Объемные цветы из шерстяных ниток: новая техника,,,,Ж. Ю. Шквыря,2010,,Контэнт,Москва,63,0,Russian,210,www.infanata.com,,978-5-98150-335-1,,,,,,,,,,1146123517-Хор,0,,,,,,,1,3313405,djvu,63BF4442AB919D290E1D4D1DF4E05C19,,,"N:\\natahaus\\!2009\\2010-02\\[1146123517]Объемные цветы из шерстяных ниток.Новая техника.-Ж.Ю.Шквыря,Контэнт.djvu",0,2000-01-01 01:00:00,2016-04-03 02:51:08,279000/63bf4442ab919d290e1d4d1df4e05c19-d.jpg,,
21573776,Курс в океане. Научно-популярное издание,,Научно-популярная библиотека школьника,,"Хребтов А.А., Корякин В.И., Кошкарев В.Н.",1988,,Судостроение,Л.,249,0,Russian,181,www.infanata.com,,5-7355-0010-4,,,,,,,,,,"Scan, Djvuing: ???, предоставил: Dmitry7, 2011",0,,,,,,1,1,5582486,djvu,EB7D6ED1ADA7B323979B6764C006EE97,,,"N:\\natahaus\\!2009\\2010-02\\[1146123518]Хребтов А.А.и др.Курс в окeaнe.-Хребтов А.А.,Корякин В.И.,Кошкарев В.Н.,Судостроение.djvu",0,2000-01-01 01:00:00,2016-04-03 02:51:08,279000/eb7d6ed1ada7b323979b6764c006ee97-d.jpg,,
21573777,Краткий курс теоретической физики. Механика. Электродинамика,Книга 1,,,"Ландау Л.Д., Лифшиц Е.М.",1969,,Наука,Москва,271,0,Russian,278,www.infanata.com,0,,,,530.145,,,,,,,1146123519-сре,300,,,,,,,1,2742100,djvu,9862D04DA9A7783B0942B0D30F027B20,,,"N:/natahaus/!2009/2010-02/[1146123519]Краткий курс теоретической физики.Книга 1(Ландау Л.Д.,Лифшиц Е.М.).-Ландау Л.Д.,Лифшиц Е.М.,М.-Наука.djvu",0,2000-01-01 01:00:00,2016-04-03 02:51:08,279000/9862d04da9a7783b0942b0d30f027b20-d.jpg,,
21573778,Краткий курс теоретической физики. Квантовая механика,Книга 2,,,"Ландау Л.Д., Лифшиц Е.М.",1972,,Наука,Москва,368,0,Russian,278,www.infanata.com,0,,,,530.145,,,,,,,1146123520-сре,300,,,,,,,1,3889248,djvu,67C6C6D9E75F7AC7A90339EEC802D512,,,"N:/natahaus/!2009/2010-02/[1146123520]Краткий курс теоретической физики.Книга 2(Ландау Л.Д.,Лифшиц Е.М.).-Ландау Л.Д.,Лифшиц Е.М.,М.-Наука.djvu",0,2000-01-01 01:00:00,2016-04-03 02:51:08,279000/67c6c6d9e75f7ac7a90339eec802d512-d.jpg,,
21573779,Асимптотические разложения интегралов,Том 2,,,Риекстыньш Э. Я.,1977,,"Зинатне, Рига",,463,0,Russian,117,www.infanata.com,,,,,,,,,,,,1146123521-сре,0,,,,,,,1,5116943,djvu,33A732D233595FA76DD6C6C544BD8FB2,,,"N:\\natahaus\\!2009\\2010-02\\[1146123521]Асимптотические разложения интегралов.Том 2.-Риекстыньш Э.Я.,Рига-Зинатне.djvu",0,2000-01-01 01:00:00,2016-04-03 02:51:08,279000/33a732d233595fa76dd6c6c544bd8fb2-d.jpg,,
21573780,Рембрандт,,,Великие художники. Альбом 16,,2010,,"Директ-Медиа. ИД Комсомольская правда, Москва",,52,0,Russian,59,www.infanata.com,,978-587107-189-2,,,,,,,,,,1146123522-хор,0,,,,,,,0,99681162,pdf,221F07E2295B79253F6BFBDAD555C579,,ban,N:\\natahaus\\!2009\\2010-02\\[1146123522]Великие художники.Альбом 16.Рембрандт.-Москва-Директ-Медиа.ИД #Комсомольская правда#.pdf,0,2000-01-01 01:00:00,2016-04-03 02:51:08,279000/221f07e2295b79253f6bfbdad555c579-d.jpg,,
21573781,Женское лицо разведки: [Докум. очерки],,"Досье, Спецслужбы: открытые материалы",,Павлов В.,2003,,ОЛМА-Пресс,М,384,0,Russian,64,www.infanata.com,,5-94849-088-2,,,,,,,,,OL12617846M,1146123523-Наб,0,,,,,,,,1500160,doc,D39B0F161D3F92FC53FB343EB79A8BA5,,,"N:\\natahaus\\!2009\\2010-02\\[1146123523]Женское лицо разведки.-Павлов В.,Олма-Пресс.doc",0,2000-01-01 01:00:00,2016-04-03 02:51:08,279000/d39b0f161d3f92fc53fb343eb79a8ba5-d.jpg,,
21573782,Русская архитектура 1830-1910-х годов,,,,Кириченко Е.,1978,,Искусство,,395,0,Russian,58,www.infanata.com,,,,,,,,,,,,1146123524-Отл,0,,,,,,,0,94580397,pdf,82FF499E4788770B442FC00621B9ED3C,,,"N:\\natahaus\\!2009\\2010-02\\[1146123524]Русская архитектура 1830-1910-х годов.-Кириченко Е.,Искусство.pdf",0,2000-01-01 01:00:00,2016-04-03 02:51:08,279000/82ff499e4788770b442fc00621b9ed3c-d.jpg,,
21573783,"Тюльпаны. Морфология, цитология и биология",,,,Зинаида Петровна Бочанцева,1962,,Ташкент. Издание Академии наук Узбекской ССР,,433,0,Russian,12,www.infanata.com,,,,,,,,,,,,1146123536-чут,0,,,,,,,0,7177690,djvu,F97FE3FD29B6DCE74884B7C3ADA7BB0F,8992b04615c5f7d04cc43fd52c8fdba7,no,"N:\\natahaus\\!2009\\2010-02\\[1146123536]Тюльпаны.Морфология,цитология и биология.-Зинаида Петровна Бочанцева,Ташкент.Издание Академии наук Узбекской ССР.djvu",0,2000-01-01 01:00:00,2016-04-03 02:51:08,279000/f97fe3fd29b6dce74884b7c3ada7bb0f-d.jpg,,
21573784,Из истории русской культуры. (Древняя Русь),Т. I,Язык. Семиотика. Культура,,В.Я. Петрухин и другие,2000,,"Языки русской культуры, М.",М,760,0,Russian,191,www.infanata.com,,5-7859-0093-9,,,,,,,,,OL19206189M,1146123539-хор,0,,,,,,,0,12297839,djvu,FAB52A9C1B67418C383EA18661328736,45e9cf6d245e775d83dd2a6cafed2c06,no,"N:\\natahaus\\!2009\\2010-02\\[1146123539]Из истории русской культуры.Т.I(Древняя Русь).-В.Я.Петрухин и другие,М.-Языки русской культуры_i.djvu",0,2000-01-01 01:00:00,2016-04-03 02:51:08,279000/fab52a9c1b67418c383ea18661328736-d.jpg,,
21573785,Астрология для всех: энциклопедия,,,,Саплин А.Ю.,2007,,Гелеос,Москва,399,0,Russian,188,www.infanata.com,,978-5-8189-0996-7,,,,,,,,,,1146123542-отл,0,,,,,,,1,182124169,pdf,4FF8396D37B3A026A8A361B5433386DF,,,"N:\\natahaus\\!2009\\2010-02\\[1146123542]Астрология для всех.Энциклопедия.-Саплин А.Ю.,Гелеос.pdf",0,2000-01-01 01:00:00,2016-04-03 02:51:08,279000/4ff8396d37b3a026a8a361b5433386df-d.jpg,,
21573786,Падшие ангелы и истоки зла: почему Отцы Церкви запретили Книгу Еноха и ее потрясающие откровения: [перевод с английского],,,,Элизабет Клер Профет,2007,,Диля,Москва; Санкт-Петербург,472,0,Russian,205,www.infanata.com,,978-5-88503-565-1,,,,,,,,,,1146123544-хор,0,,,,,,,0,19045014,pdf,93C08DBBFC54D929BEF089DDBDD248C8,,,"N:\\natahaus\\!2009\\2010-02\\[1146123544]Падшие ангелы и истоки зла.-Элизабет Клер Профет,Диля.pdf",0,2000-01-01 01:00:00,2016-04-03 02:51:08,279000/93c08dbbfc54d929bef089ddbdd248c8-d.jpg,,
21573787,Грамматика тюркского языка кавказско-азербайджанского наречия,,,,Султан-Меджид Ганиев,1922,,Азполиграфтрест,,35,0,Russian,314,www.infanata.com,,,,,,,,,,,,1146123546-,0,,,,,,,0,1721060,pdf,60C5FA4DD55E3BAB240CCDFB99DF0718,,,"N:\\natahaus\\!2009\\2010-02\\[1146123546]Грамматика тюркского языка кавказско-азербайджанского наречия.-Султан-Меджид Ганиев,Азполиграфтрест.pdf",0,2000-01-01 01:00:00,2016-04-03 02:51:08,279000/60c5fa4dd55e3bab240ccdfb99df0718-d.jpg,,
21573788,Франсуаза Жило. Моя жизнь с Пикассо,,,,Франсуаза Жило,2001,,Олма-Пресс,,352,0,Russian,68,www.infanata.com,,5-224-01958-3,,,,,,,,,OL23043582M,1146123547-Наб,0,,,,,,,,1580544,doc,8C97943080354757A7A79CAC72EDDF7C,,,"N:\\natahaus\\!2009\\2010-02\\[1146123547]Моя жизнь с Пикассо.-Франсуаза Жило,Олма-Пресс.doc",0,2000-01-01 01:00:00,2016-04-03 02:51:08,279000/8c97943080354757a7a79cac72eddf7c-d.jpg,,
21573789,Прокуроры двух эпох: Андрей Вышинский и Роман Руденко,,Досье,,"Звягинцев А.Г., Орлов Ю.Г.",2001,,ОЛМА-Пресс,М,384,0,Russian,64,www.infanata.com,,5-224-02742-X,,,,,,,,,OL3637331M,1146123548-Наб,0,,,,,,,,1155072,doc,3F2A6D0D269E640F93ADDD6C8BD71087,,,"N:\\natahaus\\!2009\\2010-02\\[1146123548]Прокуроры двух эпох.Андрей Вышинский и Роман Руденко.-Звягинцев А.Г.,Орлов Ю.Г.,Олма-Пресс.doc",0,2000-01-01 01:00:00,2016-04-03 02:51:08,279000/3f2a6d0d269e640f93addd6c8bd71087-d.jpg,,
21573790,Физико-химические основы неорганической химии,,,,"Полторак О.М., Ковба Л.М.",1984,,Издательство МГУ,,289,0,Russian,264,www.infanata.com,,,,,,,,,,,,1146123549-хор,0,,,,,,,0,4348610,djvu,41408E18F702F70ED805714EE7BC7426,b162ab977fa7d6d66eaf94c36010a7a4,no,"N:\\natahaus\\!2009\\2010-02\\[1146123549]Полторак О.М.,Ковба Л.М. Физико-химические основы неорганической химии.-Полторак О.М.,Ковба Л.М.,Издательство МГУ.djvu",0,2000-01-01 01:00:00,2016-04-03 02:51:08,280000/41408e18f702f70ed805714ee7bc7426-d.jpg,,
21573791,Идейные течения древнерусской мысли,,,,"Громов М.Н., Мильков В.В.",2001,,Изд-во Рус. Христиан. гуманит. ин-та,СПб,959,0,Russian,64,www.infanata.com,,5-88812-097-9,,,,,,,,,OL22506996M,1146123550-отл,0,,,,,,,1,27866419,djvu,30F9853CCF2795A03FAB9A9D70CD7869,,,"N:\\natahaus\\!2009\\2010-02\\[1146123550]Идейные течения древнерусской мысли.-Громов М.Н.,Мильков В.В.,РХГИ.djvu",0,2000-01-01 01:00:00,2016-04-03 02:51:08,280000/30f9853ccf2795a03fab9a9d70cd7869-d.jpg,,
21573792,Трибунал для героев: [воен. юстиция: рассекреч. материалы],,Досье,,Звягинцев А.Г.,2005,,Олма-Пресс Образование,М,574,0,Russian,64,www.infanata.com,,5-94849-643-0,,,,,,,,,,1146123552-Наб,0,,,,,,,,2812928,doc,16EA7BBFD6C7F0C778E7DDD3E8325AEA,,,"N:\\natahaus\\!2009\\2010-02\\[1146123552]Звягинцев А.Г.-Трибунал для героев.-Звягинцев А.Г.,Олма-Пресс.doc",0,2000-01-01 01:00:00,2016-04-03 02:51:08,280000/16ea7bbfd6c7f0c778e7ddd3e8325aea-d.jpg,,
21573793,Советская разведка в Китае: 20-е годы XX века,,Досье,,Усов В.,2002,,ОЛМА-Рресс,М,384,0,Russian,64,www.infanata.com,,5-224-03414-0,,,,,,,,,OL19501614M,1146123553-Наб,0,,,,,,,,2381312,doc,9AE03C3D39EC3E2E616DBE7FA2C2BC21,,,"N:\\natahaus\\!2009\\2010-02\\[1146123553]Советская разведка в Китае.20-е годы XX века.-Усов В.,Олма-Пресс.doc",0,2000-01-01 01:00:00,2016-04-03 02:51:08,280000/9ae03c3d39ec3e2e616dbe7fa2c2bc21-d.jpg,,
21573794,Русская философская мысль X—XVII веков.,,,,"Громов М.Н., Козлов Н.С.",1990,,МГУ,,289,0,Russian,64,www.infanata.com,,5-211-00998-3,,,,,,,,,OL21856381M,1146123554-отл,0,,,,,,,1,10830159,djvu,05D086ABBC531DDE9F2021DC439A19D2,,,"N:\\natahaus\\!2009\\2010-02\\[1146123554]Русская философская мысль X#XVII веков..-Громов М.Н.,Козлов Н.С.,МГУ.djvu",0,2000-01-01 01:00:00,2016-04-03 02:51:08,280000/05d086abbc531dde9f2021dc439a19d2-d.jpg,,
21573795,Русско-татарский (азербайджанский) словарь,,,,Султан-Меджид Ганиев,1909,,ТовариществоКаспий,,208,0,Russian,322,www.infanata.com,,,,,,,,,,,,1146123555-,0,,,,,,,0,8749758,pdf,FC1C6929C6CF776A4488B5D917FFD308,,,"N:\\natahaus\\!2009\\2010-02\\[1146123555]Русско-татарский(азербайджанский)словарь.-Султан-Меджид Ганиев,ТовариществоКаспий.pdf",0,2000-01-01 01:00:00,2016-04-03 02:51:08,280000/fc1c6929c6cf776a4488b5d917ffd308-d.jpg,,
21573796,Вышивка крестом. Шедевры великих мастеров,,,,Джен Итон,2007,,Контэнт,,108,0,Russian,41,www.infanata.com,,978-5-98150-148-0,,,,,,,,,,1146123557-Хор,0,,,,,,,0,32655161,djvu,A2DC14E8EB809218D4E34C4D37D241A4,,,"N:\\natahaus\\!2009\\2010-02\\[1146123557]Вышивка крестом.Шедевры великих мастеров.-Джен Итон,Контэнт.djvu",0,2000-01-01 01:00:00,2016-04-03 02:51:08,280000/a2dc14e8eb809218d4e34c4d37d241a4-d.jpg,,
21573797,Царь и патриарх. Харизма власти,,,,Успенский Б.А.,1998,,Языки русской культуры,,680,0,Russian,64,www.infanata.com,,5-7859-0071-8,,,,,,,,,OL492364M,1146123560-сре,0,,,,,,,0,5870961,djvu,6B10776E8F47EA984A0E08D5229358CD,ed5c8cb4fec81f0064aebafac91065c7,no,N:\\natahaus\\!2009\\2010-02\\[1146123560]Успенский Б.А.-Царь и патриарх-харизма власти в России(византийская модель и ее русское переосмысление).-Успенский .djvu,0,2000-01-01 01:00:00,2016-04-03 02:51:08,280000/6b10776e8f47ea984a0e08d5229358cd-d.jpg,,
21573798,Педагогические условия организации совместной образовательной деятельности детей с различным состоянием физического здоровья,,,,Фаррахова А.Ю.,2004,,,,166,0,Russian,164,www.infanata.com,,,,,,,,,,,,1146123564-отл,0,,,,,,,0,1094310,pdf,F4408E7894FB574852DF09CE072B3B88,,,N:\\natahaus\\!2009\\2010-02\\[1146123564]Педагогические условия организации совместной образовательной деятельности детей с различным состоянием физического.pdf,0,2000-01-01 01:00:00,2016-04-03 02:51:08,280000/f4408e7894fb574852df09ce072b3b88-g.jpg,,
21573799,Трансформации ритуала в культурно-эволюционном процессе (Философско-культурологический анализ),,,,Яговдик Е.В.,2005,,,,134,0,Russian,191,www.infanata.com,,,,,,,,,,,,1146123565-отл,0,,,,,,,1,1686696,pdf,B9ECEB8BD898EC53932652A0C2ADDE7A,,,N:\\natahaus\\!2009\\2010-02\\[1146123565]Трансформации ритуала в культурно-эволюционном процессе(Философско-культурологический анализ).-Яговдик Е.В..pdf,0,2000-01-01 01:00:00,2016-04-03 02:51:08,280000/b9eceb8bd898ec53932652a0c2adde7a-g.jpg,,
21573800,Становление и развитие профессиональной подготовки специалистов социально-культурной сферы,,,,Е.А. Сергеев,2000,,,,459,0,Russian,191,www.infanata.com,,,,,,,,,,,,1146123566-пло,0,,,,,,,1,9742648,pdf,EF7734B5BD6E819D28E74ACFEFC468DC,,,N:\\natahaus\\!2009\\2010-02\\[1146123566]Становление и развитие профессиональной подготовки специалистов социально-культурной сферы.-Е.А.Сергеев.pdf,0,2000-01-01 01:00:00,2016-04-03 02:51:08,280000/ef7734b5bd6e819d28e74acfefc468dc-g.jpg,,
21573801,Управление развитием организационной культуры муниципальной службы,,,,Шагиева О.В.,2006,,,,210,0,Russian,191,www.infanata.com,,,,,,,,,,,,1146123567-отл,0,,,,,,,1,1948757,pdf,22EC15F1BEA56C8D5034EF36547B7A28,,,N:\\natahaus\\!2009\\2010-02\\[1146123567]Управление развитием организационной культуры муниципальной службы.-Шагиева О.В..pdf,0,2000-01-01 01:00:00,2016-04-03 02:51:08,280000/22ec15f1bea56c8d5034ef36547b7a28-g.jpg,,
21573802,Формирование социально-экологических умений школьников (на материале биологии),,,,Шаповалова Л.Т.,2006,,,,223,0,Russian,31,www.infanata.com,,,,,,,,,,,,1146123568-отл,0,,,,,,,1,2937858,pdf,9D34F07EB171064070F1893BF6EE9994,,,N:\\natahaus\\!2009\\2010-02\\[1146123568]Формирование социально-экологических умений школьников(на материале биологии).-Шаповалова Л.Т..pdf,0,2000-01-01 01:00:00,2016-04-03 02:51:08,280000/9d34f07eb171064070f1893bf6ee9994-g.jpg,,
21573803,Профессионально-творческое саморазвитие субъектов образовательного процесса в вузе,,,,Шаршов И.А.,2005,,,,463,0,Russian,,www.infanata.com,,,,,,,,,,,,1146123569-отл,0,,,,,,,1,3418761,pdf,CB0D16F7E5C43D8EBEFB9CEA623D173C,,,N:\\natahaus\\!2009\\2010-02\\[1146123569]Профессионально-творческое саморазвитие субъектов образовательного процесса в вузе.-Шаршов И.А..pdf,0,2000-01-01 01:00:00,2016-04-03 02:51:08,280000/cb0d16f7e5c43d8ebefb9cea623d173c-g.jpg,,
21573804,Социокультурные механизмы ценностной легитимации девиантного поведения молодежи,,,,Таранова А.Е.,2007,,,,199,0,Russian,191,www.infanata.com,,,,,,,,,,,,1146123570-отл,0,,,,,,,1,2727749,pdf,1386608AC9839C85363FE7AA6ED67B50,,,N:\\natahaus\\!2009\\2010-02\\[1146123570]Социокультурные механизмы ценностной легитимации девиантного поведения молодежи.-Таранова А.Е..pdf,0,2000-01-01 01:00:00,2016-04-03 02:51:08,280000/1386608ac9839c85363fe7aa6ed67b50-g.jpg,,
21573805,Организация противодействия социальным отклонениям в поведении молодежи,,,,Тарасенко Г.М.,2008,,,,160,0,Russian,,www.infanata.com,,,,,,,,,,,,1146123571-отл,0,,,,,,,1,2887496,pdf,0CE1D11887FB7CBE0082F3A4FF259616,,,N:\\natahaus\\!2009\\2010-02\\[1146123571]Организация противодействия социальным отклонениям в поведении молодежи.-Тарасенко Г.М..pdf,0,2000-01-01 01:00:00,2016-04-03 02:51:08,280000/0ce1d11887fb7cbe0082f3a4ff259616-g.jpg,,
21573806,Социокультурные измерения рекламы: креативные стратегии и тактики в контексте массовой культуры,,,,Трищенко Д.А.,2006,,,,167,0,Russian,191,www.infanata.com,,,,,,,,,,,,1146123572-отл,0,,,,,,,1,1726240,pdf,CE01C12FC56EA6868BAF1C19F415178A,,,N:\\natahaus\\!2009\\2010-02\\[1146123572]Социокультурные измерения рекламы-креативные стратегии и тактики в контексте массовой культуры.-Трищенко Д.А..pdf,0,2000-01-01 01:00:00,2016-04-03 02:51:08,280000/ce01c12fc56ea6868baf1c19f415178a-g.jpg,,
21573807,Генезис теории естественного права в Западной Европе,,,,Верховодов Е.В.,2001,,,,184,0,Russian,313,www.infanata.com,,,,,,,,,,,,1146123573-пло,0,,,,,,,0,3553199,pdf,654078D203EAA124189F0FB45BA2DD76,,,N:\\natahaus\\!2009\\2010-02\\[1146123573]Генезис теории естественного права в Западной Европе.-Верховодов Е.В..pdf,0,2000-01-01 01:00:00,2016-04-03 02:51:08,280000/654078d203eaa124189f0fb45ba2dd76-g.jpg,,
21573808,Рождение сверхдержавы. 1945-1953 годы,,Досье,,"А.А.Данилов, А.В.Пыжиков",2002,,ОЛМА-Пресс,М,320,0,Russian,64,www.infanata.com,,5-224-03309-8,,,,,,,,,,1146123576-Наб,0,,,,,,,,2168832,doc,0C2697C05D428877FBF3191646ADAD34,,,"N:\\natahaus\\!2009\\2010-02\\[1146123576]Рождение сверхдержавы.1945-1953 годы.-А.А.Данилов,А.В.Пыжиков,Олма-Пресс.doc",0,2000-01-01 01:00:00,2016-04-03 02:51:08,280000/0c2697c05d428877fbf3191646adad34-d.jpg,,
21573809,"Дневник, 1901-1969: [в 2 т.]",том 1,Эпохи и судьбы,,Корней Чуковский,2003,,ОЛМА-Пресс,М,638,0,Russian,111,www.infanata.com,,5-94850-031-4,,,,,891.71/42,PG3476.C49 Z463 2003,,,OL3726842M,1146123577-Наб,0,,,,,,,,3230208,doc,1FF9E82979CDB60611FE6AC82851A231,,,"N:\\natahaus\\!2009\\2010-02\\[1146123577]Дневник 1901-1969.В двух томах.Том-1-Корней Чуковский,Олма-Пресс.doc",0,2000-01-01 01:00:00,2016-04-03 02:51:08,280000/1ff9e82979cdb60611fe6ac82851a231-d.jpg,,
21573810,"Дневник, 1901-1969: [в 2 т.]",том 2,Эпохи и судьбы,,Корней Чуковский,2003,,ОЛМА-Пресс,М,638,0,Russian,111,www.infanata.com,,5-94850-031-4,,,,,891.71/42,PG3476.C49 Z463 2003,,,OL3726842M,1146123577-Наб,0,,,,,,,,2958848,doc,AACB5CBAE76523AE6D75BCD245827981,,,"N:\\natahaus\\!2009\\2010-02\\[1146123577]Дневник 1901-1969.В двух томах.Том-2-Корней Чуковский,Олма-Пресс.doc",0,2000-01-01 01:00:00,2016-04-03 02:51:08,280000/aacb5cbae76523ae6d75bcd245827981-d.jpg,,
21573811,Вооруженные силы Швеции,,,,Изданiе Главнаго Управленiя Генеральнаго Штаба,1907,,Военная типографiя (въ зданiи Главнаго Штаба),С.-Петербургъ,26,0,Russian,64,www.infanata.com,,,,,,,,,,,,1146123583-отл,0,,,,,,,0,5574324,pdf,BA32F7A148BF1AABF909F6AF9831C0C3,,,"N:\\natahaus\\!2009\\2010-02\\[1146123583]Вооруженные силы Швеции(1907).-Изданiе Главнаго Управленiя Генеральнаго Штаба,Военная типографiя(въ зданiи Главнаго.pdf",0,2000-01-01 01:00:00,2016-04-03 02:51:08,280000/ba32f7a148bf1aabf909f6af9831c0c3-d.jpg,,
21573812,Вооруженные силы Германии ,,,,Изданiе Главнаго Управленiя Генеральнаго Штаба,1907,,Военная типографiя (въ зданiи Главнаго Штаба),С.-Петербургъ,96,0,Russian,64,www.infanata.com,,,,,,,,,,,,1146123584-отл,0,,,,,,1,0,21289872,pdf,FFE0B9DBF59D0E81B693F8BE45A2B4E9,,,"N:\\natahaus\\!2009\\2010-02\\[1146123584]Вооруженные силы Германии(1907).-Изданiе Главнаго Управленiя Генеральнаго Штаба,Военная типографiя(въ зданiи Главна.pdf",0,2000-01-01 01:00:00,2016-04-03 02:51:08,280000/ffe0b9dbf59d0e81b693f8be45a2b4e9-d.jpg,,
21573813,Индийская мифология: энциклопедия,,Тайна древних цивилизаций,,Составитель: Кирилл Королев,2004,,ЭКСМО; МИДГАРД,"М., СПб",448,0,Russian,188,www.infanata.com,,5-699-08002-3,,,,,,,,,,1146123585-хор,0,,,,,,,,6795264,doc,66655E41CA09C478F0A0DE417E33E031,,,"N:\\natahaus\\!2009\\2010-02\\[1146123585]Индийская мифология.Энциклопедия.-Составитель-Кирилл Королев,Эксмо,Мидгард.doc",0,2000-01-01 01:00:00,2016-04-03 02:51:08,280000/66655e41ca09c478f0a0de417e33e031-d.jpg,,
21573814,Полное собрание сочинений в 91 томе. Произведения 1880-1884,Том 24,,,Л.Н.Толстой,1957,,,,1010,0,Russian,102,www.infanata.com,0,,,,,,,,,,,1146123586-Хор,0,,,,,,,0,27960084,djvu,E7ABFBF79C3BAEA3941A8510A25A54D1,832c82aaf6ea8baabb51eb73e282d31a,no,"N:\
atahaus!20092010-02[1146123586]Л.Н.Толстой.Полное собрание сочинений в 91 томе.- Том 24(1957).Произведения 1880-1884.-Толстой Л.Н..djvu",0,2000-01-01 01:00:00,2016-04-03 02:51:08,280000/e7abfbf79c3baea3941a8510a25a54d1-g.jpg,,
21573815,Полное собрание сочинений в 91 томе. Произведения 1880-1884,Том 24,,,Л.Н. Толстой,1957,,Государственное издательство художественной литературы,,1010,0,Russian,102,www.infanata.com,0,,,,,,,,,,,,0,,,,,,,0,87923107,pdf,01C791985C4DEA9BDCAF6F8E1A6F31B7,,,N:atahaus!20092010-02[1146123586]Л.Н.Толстой.Полное собрание сочинений в 91 томе.- Том 24(1957).Произведения 1880-1884.-Толстой Л.Н..pdf,0,2000-01-01 01:00:00,2016-04-03 02:51:08,280000/01c791985c4dea9bdcaf6f8e1a6f31b7-d.jpg,,
21573816,Васту. Мастерство привлечения успеха,,,,Раакеш Чавла,2004,,ПБОЮЛ К. Кравчук,,179,0,Russian,205,www.infanata.com,,5-901518-23-3,,,,,,,,,,1146123592-хор,0,,,,,,1,0,3706385,pdf,A0D212528015095453B13D37FBC0189C,,,"N:\\natahaus\\!2009\\2010-02\\[1146123592]Васту.Мастерство привлечения успеха.-Раакеш Чавла,ПБОЮЛ К.Кравчук.pdf",0,2000-01-01 01:00:00,2016-04-03 02:51:08,280000/a0d212528015095453b13d37fbc0189c-d.jpg,,
21573817,"Мючиелли, Жан-Луи      Международные экономические отношения",,,,"Мючиелли, Жан-Луи",1994,,ССАТ,,74,0,Russian,305,www.infanata.com,,5-813367-03-8,,,,,,,,,,1146123593-сре,0,,,,,,,0,2396548,djvu,A654F8D6BB5B4036878D712F79DE2AAD,0a37490c4749c0faeacb7bbf2d3e3b97,no,"N:\\natahaus\\!2009\\2010-02\\[1146123593]Мючиелли,Жан-Луи      Международные экономические отношения.-Мючиелли,Жан-Луи,ССАТ.djvu",0,2000-01-01 01:00:00,2016-04-03 02:51:08,280000/a654f8d6bb5b4036878d712f79de2aad-d.jpg,,
21573818,"Наш человек в гестапо: Кто вы, господин Штирлиц?",,Досье,,Ставинский Э.,2002,,ОЛМА-Пресс,М,384,0,Russian,64,www.infanata.com,,5-224-03307-1,,,,,,,,,,1146123600-Наб,0,,,,,,,,1774080,doc,0FE4CE04D70A166648A9B1C7731D33E9,,,"N:\\natahaus\\!2009\\2010-02\\[1146123600]Наш человек в гестапо.Кто вы,господин Штирлиц..-Ставинский Э.,Олма-Пресс.doc",0,2000-01-01 01:00:00,2016-04-03 02:51:08,280000/0fe4ce04d70a166648a9b1c7731d33e9-d.jpg,,
21573819,Супердержавы XX в. Стратегическое противоборство,,Досье,,Стародубов В.П.,2001,,Олма-Пресс,,510,0,Russian,64,www.infanata.com,,5-224-02459-5,,,,,,,,,,1146123601-Наб,0,,,,,,,,2254848,doc,0BFD72A2BD7A1367EE914C2E747EF4F5,,,"N:\\natahaus\\!2009\\2010-02\\[1146123601]Супердержавы XX в.Стратегическое противоборство.-Стародубов В.П.,Олма-Пресс.doc",0,2000-01-01 01:00:00,2016-04-03 02:51:08,280000/0bfd72a2bd7a1367ee914c2e747ef4f5-d.jpg,,
21573820,Православная энциклопедия для новоначальных,,,,Чижова А. Р.,2008,,Эксмо,,186,0,Russian,208,www.infanata.com,,978-5-699-25813-0,,,,,,,,,,1146123602-,0,,,,,,,1,36436459,pdf,27D9528F9C08D08AC789196E6AAAAA2C,,,"N:\\natahaus\\!2009\\2010-02\\[1146123602]Православная энциклопедия для новоначальных.-Чижова А.Р.,Эксмо.pdf",0,2000-01-01 01:00:00,2016-04-03 02:51:08,280000/27d9528f9c08d08ac789196e6aaaaa2c-d.jpg,,
21573821,Вооруженные силы Японии ,,,,Самойлов (сост.),1913,,Военная типографiя (въ зданiи Главнаго Штаба),С.-Петербургъ,71,0,Russian,64,www.infanata.com,,,,,,,,,,,,1146123606-отл,0,,,,,,,0,17020568,pdf,AF808C6D6AB4FE1F765F3717FC51CAF4,,,"N:\\natahaus\\!2009\\2010-02\\[1146123606]Вооруженные силы Японии(1913).-составил Генеральнаго Штаба Генералъ-майоръ СамойловЪ,Военная типографiя.pdf",0,2000-01-01 01:00:00,2016-04-03 02:51:08,280000/af808c6d6ab4fe1f765f3717fc51caf4-d.jpg,,
21573822,Вооруженные силы Японии. Карты,,,,Самойлов (сост.),1913,,Военная типографiя (въ зданiи Главнаго Штаба),С.-Петербургъ,8,0,Russian,64,www.infanata.com,,,,,,,,,,,,1146123606-отл,0,,,,,,,0,6193184,pdf,3A7A8667BDC8A862CB213DCE283BE030,,,"N:\\natahaus\\!2009\\2010-02\\[1146123606]Вооруженные силы Японии(1913).-составил Генеральнаго Штаба Генералъ-майоръ СамойловЪ,Военная типографiя_карты.pdf",0,2000-01-01 01:00:00,2016-04-03 02:51:08,280000/3a7a8667bdc8a862cb213dce283be030-d.jpg,,
21573823,"Российские вожди в борьбе, любви и смерти",,,,Е.С.Рыбас,2002,,ОЛМА-ПРЕСС,М,351,0,Russian,64,www.infanata.com,,5-224-04020-5,,,,,,,,,OL3745728M,1146123608-Наб,0,,,,,,,,1289216,doc,EDD9E13451F0861E6E2323A7D47DDCFF,,,"N:\\natahaus\\!2009\\2010-02\\[1146123608]Российские вожди в борьбе,любви и смерти.-Е.С.Рыбас,Олма-Пресс.doc",0,2000-01-01 01:00:00,2016-04-03 02:51:08,280000/edd9e13451f0861e6e2323a7d47ddcff-d.jpg,,
21573824,Большая охота. Разгром вооруженного подполья в Западной Украине,,Досье,,Санников Г. З.,2002,,Олма-Пресс,,512,0,Russian,64,www.infanata.com,,5-224-03311-X,,,,,,,,,OL3661912M,1146123610-Наб,0,,,,,,,,2398720,doc,A2627CAC58A2D61F8889380BA7A48EDE,,,"N:\\natahaus\\!2009\\2010-02\\[1146123610]Большая охота.Разгром вооруженного подполья в Западной Украине.-Санников Г.З.,Олма-Пресс.doc",0,2000-01-01 01:00:00,2016-04-03 02:51:08,280000/a2627cac58a2d61f8889380ba7a48ede-d.jpg,,
21573825,Выборг,,,,"В. И. Адаскина, И. П. Вассель, Н. И. Закатилов, Э. М. Риор",1969,,Лениздат,,138,0,Russian,32,www.infanata.com,,,,,,,,,,,,1146123614-хор,0,,,,,,1,1,9710769,pdf,4A899B24AF039FEE623ACCBFFCA4DEA4,,,"N:\\natahaus\\!2009\\2010-02\\[1146123614]Выборг.-В.И.Адаскина,И.П.Вассель,Н.И.Закатилов,Э.М.Риор,Лениздат.pdf",0,2000-01-01 01:00:00,2016-04-03 02:51:08,280000/4a899b24af039fee623accbffca4dea4-d.jpg,,
21573826,Мифы древних славян,,,,"Кайсаров А. С., Глинка Г. А., Рыбаков Б. А.",1993,,"Надежда, Саратов",,317,0,Russian,205,www.infanata.com,,5-88618-017-6,,,,,,,,,OL841975M,1146123616-выш,0,,,,,,,0,4178789,djvu,10FAE7E561FC4D2C3FD5E21C394D6F34,b2faae7e2983e936a131f21aa55416f6,no,"N:\\natahaus\\!2009\\2010-02\\[1146123616]Мифы древних славян.-Кайсаров А.С.,Глинка Г.А.,Рыбаков Б.А.,Надежда,Саратов.djvu",0,2000-01-01 01:00:00,2016-04-03 02:51:08,280000/10fae7e561fc4d2c3fd5e21c394d6f34-d.jpg,,
21573827,"Новости из Кремля, сэр",,Досье,,Зенькович Н.,2001,,ОЛМА-ПРЕСС,М,544,0,Russian,64,www.infanata.com,,5-224-02446-3,,,,,,,,,OL22508838M,1146123618-Наб,0,,,,,,,,2778624,doc,55F92C55D106924813512465481238AF,,,"N:\\natahaus\\!2009\\2010-02\\[1146123618]Новости из Кремля,сэр.-Зенькович Н.,Олма-Пресс.doc",0,2000-01-01 01:00:00,2016-04-03 02:51:08,280000/55f92c55d106924813512465481238af-d.jpg,,
21573828,''Есть только миг...'',,,,Зацепин А.,2003,,Олма-Пресс,М,192,0,Russian,62,www.infanata.com,,5-224-03299-7,,,,,780.947092,ML410.Z31 A3 2003,,,OL23005817M,1146123619-Наб,0,,,,,,,,980992,doc,50B51BF9F3B0C9C4BD529A854DD61863,,,"N:\\natahaus\\!2009\\2010-02\\[1146123619]Есть только миг....-Зацепин А.,Олма-Пресс.doc",0,2000-01-01 01:00:00,2016-04-03 02:51:08,280000/50b51bf9f3b0c9c4bd529a854dd61863-d.jpg,,
21573829,Повседневная жизнь Парижа во времена Великой революции = Paris révolutionnaire,,Живая история. Повседневная жизнь человечества,,Жорж Ленотр,2006,,Молодая гвардия,Москва,376,0,Russian,34,www.infanata.com,,5-235-02936-4,,,,,,,,,OL23092805M,1146123621-Отл,0,,,,,,,0,16916523,djvu,4704DC662A47D114D251CDE79E591F6C,bc30b0a96aaf6419d8af256f4f3a208e,no,"N:\\natahaus\\!2009\\2010-02\\[1146123621]Повседневная жизнь Парижа во времена Великой революции.-Жорж Ленотр,Молодая гвардия.djvu",0,2000-01-01 01:00:00,2016-04-03 02:51:08,280000/4704dc662a47d114d251cde79e591f6c-d.jpg,,
21573830,Война и мир в ранней истории человечества: В 2 т. /  Т. 1 Ч. 1. У истоков войны и мира,,"Война и мир в ранней истории человечества, В 2 т.",,"Перщиц А. И., Семенов Ю. И., Шнирельман В. А",,,"ИЭИА, [Рос. АН, Ин-т этнологии и антропологии]",М,419,0,Russian,64,www.infanata.com,0,"5-201-00948-4,9785201009489",,,,,,,,,OL911376M,1146123622-Хор,0,,,,,,,1,2553274,pdf,FEEB977952D5B6043D692D202D4DE72C,,,"N:\
atahaus!20092010-02[1146123622]Война и мир в ранней истории человечества.-Перщиц А.И.,Семенов Ю.И.,Шнирельман В.А,Институт этнологии и антропологи.pdf",0,2000-01-01 01:00:00,2016-04-03 02:51:08,280000/feeb977952d5b6043d692d202d4de72c-g.jpg,,
21573831,Тайны ушедшего века. Границы. Споры. Обиды,,Досье,,Зенькович Н.,2005,,Олма-Пресс,,766,0,Russian,64,www.infanata.com,,5-224-04403-0,,,,,,,,,OL19435839M,1146123627-Наб,0,,,,,,,,3080704,doc,6B64DFF18AABB9475D7656EBD154111F,,,"N:\\natahaus\\!2009\\2010-02\\[1146123627]Тайны ушедшего века.Границы.Споры.Обиды.-Зенькович Н.,Олма-Пресс.doc",0,2000-01-01 01:00:00,2016-04-03 02:51:08,280000/6b64dff18aabb9475d7656ebd154111f-d.jpg,,
21573832,От первого прокурора России до последнего прокурора Союза,,Досье,,"Звягинцев А.Г., Орлов Ю.Г.",2001,,ОЛМА-Пресс,М,383,0,Russian,64,www.infanata.com,,5-224-02159-6,,,,,,,,,OL19192169M,1146123628-Наб,0,,,,,,,,1833472,doc,D1189244ED3FF203034053AFE4A4A9C6,,,"N:\\natahaus\\!2009\\2010-02\\[1146123628]От первого прокурора России до последнего прокурора Союза.-Звягинцев А.Г.,Орлов Ю.Г.,Олма-Пресс.doc",0,2000-01-01 01:00:00,2016-04-03 02:51:08,280000/d1189244ed3ff203034053afe4a4a9c6-d.jpg,,
21573833,Информационная архитектура в Интернете,,Проектирование масштабных сайтов,,"Луис Розенфельд, Питер Морвиль",2005,2-е изд,Символ,"Санкт-Петербург, Москва",542,0,Russian,58,www.infanata.com,,5-93286-073-1,,,,,,,,,,1146123631-,0,,,,,,1,0,12486623,pdf,B6EE2CBA0F2151ACC7CFA7E3CE87EF6C,,,"N:\\natahaus\\!2009\\2010-02\\[1146123631]Информационная архитектура в Интернете.-Луис Розенфельд,Питер Морвиль,СПб.-Символ-Плюс.pdf",0,2000-01-01 01:00:00,2016-04-03 02:51:08,280000/b6ee2cba0f2151acc7cfa7e3ce87ef6c-d.jpg,,
21573834,Конструкция и расчет дизельной топливной аппаратуры,,,,Русинов Р.В.,1965,,Машиностроение,,149,0,Russian,243,www.infanata.com,,,,,,,,,,,,1146123633-хор,0,,,,,,,1,4795994,djvu,197CBCEE8C71DC0C55E60DBF1E1F2C0D,,,"N:\\natahaus\\!2009\\2010-02\\[1146123633]Конструкция и расчет дизельной топливной аппаратуры.-Русинов Р.В.,Машиностроение.djvu",0,2000-01-01 01:00:00,2016-04-03 02:51:08,280000/197cbcee8c71dc0c55e60dbf1e1f2c0d-d.jpg,,
21573835,"Атлас российский из 19 карт, 1745 г.",,,,"Делиль Ж.Н. , Эйлер Леонард , Винсгейм Х.Н. , Гейнзиус Г.",1745,,Тип. Акад. наук,Санкт-Петербург,39,0,Russian,37,www.infanata.com,0,,,,,,,,,,,1146123635-кар,0,1,,,,,1,0,133467697,pdf,B0C00F82DD2D650E9EE4F5C88D62C1C8,,,"N:\
atahaus!20092010-02[1146123635]Атлас российский из 19 карт,1745 г..-Ж.Н.Делиль,Леонард Эйлер,Х.Н.Винсгейм,Г.Гейнзиус,Санктпетербург Тип.Акад.наук.pdf",0,2000-01-01 01:00:00,2016-04-03 02:51:08,280000/b0c00f82dd2d650e9ee4f5c88d62c1c8-d.jpg,,
21573836,Сгорание в быстроходных поршневых двигателях,,,,Воинов Алексей Николаевич,1977,"издание второе, переработанное и дополненное",Машиностроение,М.,278,0,Russian,220,www.infanata.com,,,,,,,,,,,,"Scan, OCR, SpellCheck, Formatting: Антон Добряков, 2009",0,,,,,,,1,12624549,pdf,B5B5EF16F5C0757CDD8932E42AA1933D,,,"N:\\natahaus\\!2009\\2010-02\\[1146123636]Сгорание в быстроходных поршневых двигателях(2-е изд.).-Воинов А.Н.,Машиностроение.pdf",0,2000-01-01 01:00:00,2016-04-03 02:51:08,280000/b5b5ef16f5c0757cdd8932e42aa1933d-d.jpg,,
21573837,Методика преподавания астрономии,,,,Набоков М. Е.,1947,,Учпедгиз,Москва,194,0,Russian,264,www.infanata.com,,,,,,,,,,,,1146123640-выш,0,,,,,,1,1,17711378,pdf,FB64E9BDB81A61B2BCD3FE2B30D8A0FF,,,"N:\\natahaus\\!2009\\2010-02\\[1146123640]Методика преподавания астрономии.-Набоков М.Е.,Учпедгиз(Москва).pdf",0,2000-01-01 01:00:00,2016-04-03 02:51:08,280000/fb64e9bdb81a61b2bcd3fe2b30d8a0ff-d.jpg,,
21573838,Сварочные работы,,,,Маслов В.И.,1999,,Академия,,116,0,Russian,232,www.infanata.com,,5-7083-0107-5,,,,,,,,,,1146123641-сре,0,,,,,,,0,12141438,pdf,784A8D1D06485146919E84A78D8CB7A7,,,"N:\\natahaus\\!2009\\2010-02\\[1146123641]Сварочные работы.-Маслов В.И.,Академия.pdf",0,2000-01-01 01:00:00,2016-04-03 02:51:08,280000/784a8d1d06485146919e84a78d8cb7a7-d.jpg,,
21573839,Танки ленд-лиза в бою,,Танки в бою,,М. Барятинский,2009,,Эксмо,Москва,320,0,Russian,67,www.infanata.com,,978-5-699-36244-8,,,,,,,,,,1146123645-отл,0,,,,,,,0,13534329,djvu,684CF55ECFEBAAE95A7C80CA7AC4E586,8a9032d3019366000c572c80d7e693c9,no,"N:\\natahaus\\!2009\\2010-02\\[1146123645]Танки ленд-лиза в бою.-Михаил Барятинский,Яуза,Эксмо.djvu",0,2000-01-01 01:00:00,2016-04-03 02:51:08,280000/684cf55ecfebaae95a7c80ca7ac4e586-d.jpg,,
21573840,Асимптотические разложения интегралов,Том 3,,,Риекстыньш Э. Я.,1981,,Зинатне,Рига,369,0,Russian,117,www.infanata.com,,,,,,,,,,,,1146123649-хор,0,,,,,,,1,4107483,djvu,95788A6306F906F0D0DA21692166A41B,,,"N:\\natahaus\\!2009\\2010-02\\[1146123649]Асимптотические разложения интегралов.Том 3.-Риекстыньш Э.Я.,Рига-Зинатне.djvu",0,2000-01-01 01:00:00,2016-04-03 02:51:08,280000/95788a6306f906f0d0da21692166a41b-d.jpg,,
21573841,Возрождение русской геральдики: иллюстрир. рассказ о месте и значении нац. символики,,"Историческая библиотека ''Олма-Пресс\"","",А.Г.Силаев""",2005,,Олма-Пресс,М,768,0,Russian,64,www.infanata.com,,5-224-04226-7,,,,,,,,,,1146123651-Наб,0,,,,,,,,4320768,doc,983A28161293FFCF94513B65BC728DF2,,,"N:\\natahaus\\!2009\\2010-02\\[1146123651]Возрождение русской геральдики.-А.Г.Силаев,Олма-Пресс.doc",0,2000-01-01 01:00:00,2016-04-03 02:51:08,,,,,
21573842,АПРК ''Курск''. Послесловие к трагедии,,Досье,,Шигин В.,2002,,Олма-Пресс,,448,0,Russian,64,www.infanata.com,,5-224-03308-X,,,,,,,,,OL19891166M,1146123652-Наб,0,,,,,,,,1797632,doc,FC0BDCE3811247F5A2447BC7BCC8513B,,,"N:\\natahaus\\!2009\\2010-02\\[1146123652]АПРК Курск.Послесловие к трагедии.-Шигин В.,Олма-Пресс.doc",0,2000-01-01 01:00:00,2016-04-03 02:51:08,280000/fc0bdce3811247f5a2447bc7bcc8513b-d.jpg,,
21573843,Полное собрание сочинений в 91 томе. Произведения 1880-х годов,Том 25,Полное собрание сочинений,,Толстой Л.Н.,1937,,Художественная литература,,925,0,Russian,102,www.infanata.com,,,,,,,,,,,,1146123655-Ска,0,,,,,,,0,28366365,djvu,546900689AA8B3749DFA32D67FA2A0EA,e16513b30991bb0dd8c9eb38bed60eb2,no,N:\\natahaus\\!2009\\2010-02\\[1146123655]Л.Н.Толстой.Полное собрание сочинений в 91 томе.- Том 25(1937).Произведения 1880-х годов.-Толстой Л.Н..djvu,0,2000-01-01 01:00:00,2016-04-03 02:51:08,280000/546900689aa8b3749dfa32d67fa2a0ea-d.jpg,,
21573844,Полное собрание сочинений в 91 томе. Произведения 1880-х годов,Том 25,Полное собрание сочинений,,Толстой Л.Н.,1937,,Художественная литература,,925,0,Russian,102,www.infanata.com,,,,,,,,,,,,1146123655-Ска,0,,,,,,,0,87788584,pdf,11078AE73B9D9BB87E2B0B9DDBF0CE48,,,N:\\natahaus\\!2009\\2010-02\\[1146123655]Л.Н.Толстой.Полное собрание сочинений в 91 томе.- Том 25(1937).Произведения 1880-х годов.-Толстой Л.Н..pdf,0,2000-01-01 01:00:00,2016-04-03 02:51:08,280000/11078ae73b9d9bb87e2b0b9ddbf0ce48-d.jpg,,
21573845,Четыре норвежских конунга на Руси: Из истории рус.-норвеж. полит. отношений послед. трети X - первой половины XI в,,"Series minor, Studia Historica. Малая серия",,Т.Н. Джаксон,2000,,Яз. рус. культуры,М,190,0,Russian,64,www.infanata.com,,5-7859-0173-0,,,,,,,,,OL18314428M,1146123657-Отл,0,,,,,,,0,3626507,djvu,50421B5D69979BD69E556457829B6926,9a54443a486f44d109a4df8c440700b5,no,"N:\\natahaus\\!2009\\2010-02\\[1146123657]Четыре норвежских конунга на Руси.-Джаксон Т.Н.,Языки русской культуры.djvu",0,2000-01-01 01:00:00,2016-04-03 02:51:08,280000/50421b5d69979bd69e556457829b6926-d.jpg,,
21573846,Древнерусский город Белоозеро,,МРБ-0208,,Логинов В. Н.,1954,,Госэнергоизд,,587,0,Russian,251,www.infanata.com,,,,,,,,,,,,1146123658-Хор,0,,,,,,,0,49600516,djvu,C203365F111030CA98120421BD150593,f823348d98e78a65540aaecfc860139f,no,"N:\\natahaus\\!2009\\2010-02\\[1146123658]Древнерусский город Белоозеро.-Захаров С.Д.,Индрик.djvu",0,2000-01-01 01:00:00,2016-04-03 02:51:08,280000/c203365f111030ca98120421bd150593-d.jpg,,
21573847,Cinema Italiano: The Complete Guide from Classics to Cult,,,,Howard Hughes,2011,,I. B. Tauris,,327,0,English,60,,0,"1848856075,9781848856073",,,,,,,,,,,0,,,,,,,1,10251695,pdf,8f5f26d3f270c467a725a318d506cc72,,,7gc3ytp---Cinema-Italiano,0,2000-01-01 01:00:00,2016-04-03 02:51:08,881000/8f5f26d3f270c467a725a318d506cc72-d.jpg,,
21573848,Древнерусские амулеты-змеевики,,,,"Николаева Т.Н., Чернецов А.В.",1991,,Наука,М,127,0,Russian,64,www.infanata.com,,5-02-010041-2,,,,,,,,,OL1451950M,1146123662-Хор,0,,,,,,,0,16407971,djvu,118CAE8437848F5501805E20419DC165,198e85a31001cb792d550da8866fa1b3,no,"N:\\natahaus\\!2009\\2010-02\\[1146123662]Древнерусские амулеты-змеевики..-Николаева Т.Н.,Чернецов А.В.,Наука.djvu",0,2000-01-01 01:00:00,2016-04-03 02:51:08,280000/118cae8437848f5501805e20419dc165-d.jpg,,
21573849,Управление гидромеханическими многоступенчатыми передачами мобильных машин,,,,Красневский Л.Г.,1990,,Навука i тэхнiка,Минск,257,0,Russian,210,www.infanata.com,,5-343-00621-3,,,,,,,,,OL1623545M,1146123665-хор,0,,,,,,,0,4414913,djvu,AC5B1CD283163609973E1D014625D07B,2e8cc14514ef8121176dadeb3cd87cc6,no,"N:\\natahaus\\!2009\\2010-02\\[1146123665]Управление гидромеханическими многоступенчатыми передачами мобильных машин.-Красневский Л.Г.,Наука и техника.djvu",0,2000-01-01 01:00:00,2016-04-03 02:51:08,280000/ac5b1cd283163609973e1d014625d07b-d.jpg,,
21573850,Гидропневмоавтоматика и гидропривод мобильных машин. Объемные гидро- и пневмомашины и передачи,,,,"Андреев А.Ф., Барташевич Л.В., Богдан Н.В., Королькевич А.В., Мамонов",1987,,"Минск, Вышэйшая школа",,313,0,Russian,210,www.infanata.com,,,,,,,,,,,,1146123666-хор,0,,,,,,,0,7850592,djvu,37AADC5C64E625A98011D8223A53314A,700dcbdfe371660e2269590eed7d5782,no,"N:\\natahaus\\!2009\\2010-02\\[1146123666]Гидропневмоавтоматика и гидропривод мобильных машин.Объемные гидро- и пневмомашины и передачи.-Андреев А.Ф.,Барташе.djvu",0,2000-01-01 01:00:00,2016-04-03 02:51:08,280000/37aadc5c64e625a98011d8223a53314a-d.jpg,,
21573851,Вооруженные силы Австро-Венгрии,часть 1,,,Изданiе отдела Генералъ-Квартимейстера Главнаго Управленiя Генеральнаг,1912,,Военная типографiя (въ зданiи Главнаго Штаба),С.-Петербургъ,189,0,Russian,64,www.infanata.com,,,,,,,,,,,,1146123667-отл,0,,,,,,1,0,59998821,pdf,22073E6702CA325F2734A2C9E5722AE3,,,N:\\natahaus\\!2009\\2010-02\\[1146123667]Вооруженные силы Австро-Венгрии(1912).Часть1-Изданiе отдела Генералъ-Квартимейстера Главнаго Управленiя Генеральнаг.pdf,0,2000-01-01 01:00:00,2016-04-03 02:51:08,280000/22073e6702ca325f2734a2c9e5722ae3-d.jpg,,
21573852,Вооруженные силы Австро-Венгрии,часть 2,,,Изданiе отдела Генералъ-Квартимейстера Главнаго Управленiя Генеральнаг,1912,,Военная типографiя (въ зданiи Главнаго Штаба),С.-Петербургъ,71,0,Russian,64,www.infanata.com,,,,,,,,,,,,1146123667-отл,0,,,,,,1,0,22646727,pdf,D320C29975C336319CD7A71766397AE5,,,N:\\natahaus\\!2009\\2010-02\\[1146123667]Вооруженные силы Австро-Венгрии(1912).Часть2-Изданiе отдела Генералъ-Квартимейстера Главнаго Управленiя Генеральнаг.pdf,0,2000-01-01 01:00:00,2016-04-03 02:51:08,280000/d320c29975c336319cd7a71766397ae5-d.jpg,,
21573853,Волшебный мир Белль. Сломанное крыло,,"Музыка, которая вернулась",,Наталья Кугашова (режиссер проекта),2009,,Радио Орфей,,48,0,Russian,62,www.infanata.com,,,,,,,,,,,,1146123669-Нор,0,,,,,,,0,13849339,pdf,C21F36F4CE138732A089307DF3ECC6F4,,,"N:\\natahaus\\!2009\\2010-02\\[1146123669]Цикл бесед Михаила Казиника Музыка,которая вернулась(аудиокнига).-Наталья Кугашова(режиссер проекта),Радио Орфей.pdf",0,2000-01-01 01:00:00,2016-04-03 02:51:08,280000/c21f36f4ce138732a089307df3ecc6f4-d.jpg,,
21573854,"Цикл бесед Михаила Казиника ''Музыка, которая вернулась''",,,,Наталья Кугашова (режиссер проекта),2009,,Радио Орфей,,48,0,Russian,62,www.infanata.com,,,,,,,,,,,,1146123669-Нор,0,,,,,,,0,14515946,pdf,13DBD1FF1C300FC13A16D253C5B2B36F,,,"N:\\natahaus\\!2009\\2010-02\\[1146123669]Цикл бесед Михаила Казиника Музыка,которая вернулась(аудиокнига).-Наталья Кугашова(режиссер проекта).pdf",0,2000-01-01 01:00:00,2016-04-03 02:51:08,280000/13dbd1ff1c300fc13a16d253c5b2b36f-d.jpg,,
21573855,Бегущие по волнам,,МРБ-0209,,Левитин Е. А.,1954,,Госэнергоизд,,208,0,Russian,289,www.infanata.com,,,,,,,,,,,,1146123670-Хор,0,,,,,,1,1,7674602,djvu,D0DCC6D2EC8E15B66FF73030686235D5,,,"N:\\natahaus\\!2009\\2010-02\\[1146123670]Бегущие по волнам.-Ильин В.А.,Знание.djvu",0,2000-01-01 01:00:00,2016-04-03 02:51:08,280000/d0dcc6d2ec8e15b66ff73030686235d5-d.jpg,,
21573856,Теория наземных транспортных средств,,,,Вонг Дж.,1982,,Машиностроение,,285,0,Russian,289,www.infanata.com,,,,,,,,,,,,1146123672-хор,0,,,,,,,0,6163786,djvu,A3EC9F13E7BDCA1E9F6EE224CA1BBBF8,45c7367ddd526502487074203c76a8db,no,"N:\\natahaus\\!2009\\2010-02\\[1146123672]Теория наземных транспортных средств.-Вонг Дж.,Машиностроение.djvu",0,2000-01-01 01:00:00,2016-04-03 02:51:08,280000/a3ec9f13e7bdca1e9f6ee224ca1bbbf8-d.jpg,,
21573857,Азбука судовождения: учеб. пособие,,,,Черниев Л. Ф.,1984,,Tpaнспорт,,229,0,Russian,289,www.infanata.com,,,,,,,,,,,,1146123674-хор,0,,,,,,1,1,5430890,djvu,1A262B7D679F1661B14B15C6F8524B00,,,"N:\\natahaus\\!2009\\2010-02\\[1146123674]Азбука судовождения-учеб.пособие.-Черниев Л.Ф.,Tpaнспорт.djvu",0,2000-01-01 01:00:00,2016-04-03 02:51:08,280000/1a262b7d679f1661b14b15c6f8524b00-d.jpg,,
21573858,jQuery: подробное руководство по продвинутому JavaScript,,High tech,,"Бер Бибо, Иегуда Кац",2009,,Символ,"Санкт-Петербург, Москва",374,0,Russian,232,www.infanata.com,,"978-5-93286-135-6,5-93286-135-5",,,,,,,,,,1146123675-хор,0,,,,,,1,0,5298017,djvu,E3D06BF22A0961DE4C0148C4AE5A5840,b814da287dced26c005126223472fcc7,no,"N:\\natahaus\\!2009\\2010-02\\[1146123675]jQuery.Подробное руководство по продвинутому JavaScript.-Бер Бибо,Иегуда Кац,Символ-Плюс.djvu",0,2000-01-01 01:00:00,2016-04-03 02:51:08,280000/e3d06bf22a0961de4c0148c4ae5a5840-d.jpg,,
21573859,Абетка здоров'я,,,,Бойченко Т.,1997,,Освіта,Київ,73,0,Ukrainian,,chytanka.com.ua,0,966-04-0218-X,,,,81. УКР-93,,,,,,,0,,,,,,,0,5725992,djvu,8d5c2ab94c914a76ae293261f4db1557,741f782547ddbdb76f6c2cbf63b2a0cf,no,abetka-zdorovja06122012,0,2000-01-01 01:00:00,2016-04-03 02:51:08,881000/8d5c2ab94c914a76ae293261f4db1557-g.jpg,,
21573860,jQuery: подробное руководство по продвинутому JavaScript,,High tech,,"Бер Бибо, Иегуда Кац",2009,,Символ,"Санкт-Петербург, Москва",373,0,Russian,232,www.infanata.com,,"978-5-93286-135-6,5-93286-135-5",,,,,,,,,,1146123675-хор,0,,,,,,,0,46591968,pdf,539D93F6623183BBFE4BB89910B39DCB,,,"N:\\natahaus\\!2009\\2010-02\\[1146123675]jQuery.Подробное руководство по продвинутому JavaScript.-Бер Бибо,Иегуда Кац,Символ-Плюс.pdf",0,2000-01-01 01:00:00,2016-04-03 02:51:08,280000/539d93f6623183bbfe4bb89910b39dcb-d.jpg,,
21573861,Под знаком четырёх.,,Судьбы книг,,Тугушева М.П.,1991,,"Книга, Москва",,146,0,Russian,111,www.infanata.com,,,,,,,,,,,,1146123678-хор,0,,,,,,,0,7299218,djvu,74B03216CDF14E4262A93B162F1DCFB4,d48f7f7bd0fc466840ee35f47949cd09,no,"N:\\natahaus\\!2009\\2010-02\\[1146123678]Под знаком четырёх..-Тугушева М.П.,Москва-Книга.djvu",0,2000-01-01 01:00:00,2016-04-03 02:51:08,280000/74b03216cdf14e4262a93b162f1dcfb4-d.jpg,,
21573862,Программирование на Perl DBI,,Программирование баз данных на Perl,,"Декарт А., Банс Т.",2000,,Символ-Плюс,СПб,394,0,Russian,92,www.infanata.com,,"5-93286-013-8,1-56592-699-4",,,,,,,,,,1146123681-хор,0,,,,,,,0,5860008,djvu,9C7F945D5D5B6FAEDA7FA0EDA4285DE1,8053e0a209a1215aa274ea64efa241ae,no,"N:\\natahaus\\!2009\\2010-02\\[1146123681]Программирование на Perl DBI.-Декарт А.,Банс Т.,O&#039;Reilly-Символ-Плюс.djvu",0,2000-01-01 01:00:00,2016-04-03 02:51:08,280000/9c7f945d5d5b6faeda7fa0eda4285de1-d.jpg,,
21573863,«Всего еси исполнена земля русская...»: Личности и ментальность русского средневековья.,,Studia historica. Малая серия,,Горский А.А.,2001,,Языки славянской культуры,М,177,0,Russian,64,www.infanata.com,,5-94457-006-7,,,,,,,,,OL22502820M,1146123682-Отл,0,,,,,,,0,2696051,djvu,DA7D739F2D818188CC6C1A13C7F751A7,972b1c16d02a1b5ac9ea6cf27d802ffd,no,"N:\\natahaus\\!2009\\2010-02\\[1146123682]Горский А.А.Всего еси исполнена земля русская....-Горский А.А.,Языки славянской культуры.djvu",0,2000-01-01 01:00:00,2016-04-03 02:51:08,280000/da7d739f2d818188cc6c1a13c7f751a7-d.jpg,,
21573864,Инфекции в акушерстве и гинекологии,,,,"О.В.Макаров, В.А.Алешкин, ТМ.Н.Савченко",2007,,МЕДпресс-информ,Москва,420,0,Russian,31,www.infanata.com,,5-98322-263-5,,,,,,,,,,1146123686-Отл,0,,,,,,,,5004288,doc,6B2AABABE94B7405C7AEBBB593B38EAC,,,"N:\\natahaus\\!2009\\2010-02\\[1146123686]Инфекции в акушерстве и гинекологии.-О.В.Макаров,В.А.Алешкин,ТМ.Н.Савченко,МЕДпресс- информ.doc",0,2000-01-01 01:00:00,2016-04-03 02:51:08,280000/6b2aababe94b7405c7aebbb593b38eac-d.jpg,,
21573865,"Афанасий, архиепископ холмогорский. Его жизнь и труды в связи с историей Холмогорской епархии за первые 20 лет ее существования и вообще русской церкв",,,,В.М. Верюжский,1908,,"Типография И. В. Леонтьева, Санкт-Петербург",,696,0,Russian,260,www.infanata.com,,,,,,,,,,,,1146123688-сре,0,,,,,,,0,50390432,pdf,8301B9C29D105CC763FF8A336EFA9BFB,,,"N:\\natahaus\\!2009\\2010-02\\[1146123688]Афанасий,архиепископ холмогорский.Его жизнь и труды в связи с историей Холмогорской епархии за первые 20 лет ее сущ.pdf",0,2000-01-01 01:00:00,2016-04-03 02:51:08,280000/8301b9c29d105cc763ff8a336efa9bfb-d.jpg,,
21573866,Интерпол: Всемир. система борьбы с преступностью,,Мир тайных войн,,Дайчман И.,2003,,РИПОЛ Классик,М,480,0,Russian,67,www.infanata.com,,5-7905-1657-2,,,,,,,,,,1146123690-Наб,0,,,,,,,,1668608,doc,AF3B53A8617B838F3AAC7EC4E0B43C12,,,"N:\\natahaus\\!2009\\2010-02\\[1146123690]Интерпол.Всемирная система борьбы с преступностью.-Дайчман И.,Рипол Классик.doc",0,2000-01-01 01:00:00,2016-04-03 02:51:08,280000/af3b53a8617b838f3aac7ec4e0b43c12-d.jpg,,
21573867,Монтаж приборов и систем автоматизации,,,,"Каминский М. Л., Каминский В. М.",1983,5,Высшая школа,,248,0,Russian,211,www.infanata.com,,,,,,,,,,,,1146123691-хор,0,,,,,,,0,9407135,djvu,623D2E6223AF3BBF63D7DB1F9F81A642,e611ccc452cd2d51ed02f9b7e1b4aa83,no,"N:\\natahaus\\!2009\\2010-02\\[1146123691]Монтаж приборов и систем автоматизации(5-е изд.).-Каминский М.Л.,Каминский В.М.,Высшая школа.djvu",0,2000-01-01 01:00:00,2016-04-03 02:51:08,280000/623d2e6223af3bbf63d7db1f9f81a642-d.jpg,,
21573868,Вожди и сподвижники Слежка. Оговоры. Травля,,Досье,,Зенькович Н.,1998,,Изд. фирма ''ОЛМА-пресс'',М,480,0,Russian,64,www.infanata.com,,5-87322-705-5,,,,,,,,,,1146123692-Наб,0,,,,,,,,3189248,doc,339CCA735C1E503993638D07C0BA51BA,,,"N:\\natahaus\\!2009\\2010-02\\[1146123692]Вожди и сподвижники.-Зенькович Н.,Олма-Пресс.doc",0,2000-01-01 01:00:00,2016-04-03 02:51:08,280000/339cca735c1e503993638d07c0ba51ba-d.jpg,,
21573869,Нестационарный теплообмен,,,,"Кошкин В.К., Калинин Э.К., Дрейцер Г.А., Ярхо С.А.",1973,,Машиностроение,,328,0,Russian,242,www.infanata.com,,,,,,,,,,,,1146123695-хор,0,,,,,,,1,10570214,djvu,4B6F852FA3375807D6DDC86112287B13,,,"N:\\natahaus\\!2009\\2010-02\\[1146123695]Нестационарный теплообмен.-Кошкин В.К.,Калинин Э.К.,Дрейцер Г.А.,Ярхо С.А.,Машиностроение.djvu",0,2000-01-01 01:00:00,2016-04-03 02:51:08,280000/4B6F852FA3375807D6DDC86112287B13-g.jpg,,
21573870,Библия фотографии,,,,Майкл Лэнгфорд,2007,[7-е изд.],Эксмо,Москва,390,0,Russian,63,www.infanata.com,,978-5-699-28623-2,,,,,,,,,,1146123697-,0,,,,,,,0,20375466,djvu,F0B567471581AD8398F1EF80153C3DC8,14b4f7738b60c98f0a77b41c28df4324,no,N:\\natahaus\\!2009\\2010-02\\[1146123697]Библия фотографии.-Майкл Лэнгфорд.djvu,0,2000-01-01 01:00:00,2016-04-03 02:51:08,280000/f0b567471581ad8398f1ef80153c3dc8-d.jpg,,
21573871,Библия фотографии,,,,Майкл Лэнгфорд,2007,[7-е изд.],Эксмо,Москва,390,0,Russian,63,www.infanata.com,,978-5-699-28623-2,,,,,,,,,,1146123697-,0,,,,,,,0,95056297,pdf,357BFADAD0EDB6EC40F6C6ACC11BCD95,,,N:\\natahaus\\!2009\\2010-02\\[1146123697]Библия фотографии.-Майкл Лэнгфорд.pdf,0,2000-01-01 01:00:00,2016-04-03 02:51:08,280000/357bfadad0edb6ec40f6c6acc11bcd95-d.jpg,,
21573872,Геометрия классических групп,,,,Дьёдонне Ж.,1974,,"Мир, М.",,206,0,Russian,121,www.infanata.com,,,,,,,,,,,,1146123699-хор,0,,,,,,,1,2161251,djvu,FB2B90E90449C36B4105CA90E3467E3A,,,"N:\\natahaus\\!2009\\2010-02\\[1146123699]Геометрия классических групп.-Дьёдонне Ж.,М.-Мир.djvu",0,2000-01-01 01:00:00,2016-04-03 02:51:08,280000/fb2b90e90449c36b4105ca90e3467e3a-d.jpg,,
21573873,"Власть. Основы отношения к властям, обществу и государству.",,,,,,,Благо,,79,0,Russian,205,www.infanata.com,,,,,,,,,,,,1146123704-,0,,,,,,,1,1112668,djvu,27D441D53F4FB4D98C88B202C7E4B8AB,,,"N:\\natahaus\\!2009\\2010-02\\[1146123704]Власть.Основы отношения к властям,обществу и государству..-разные,Благо.djvu",0,2000-01-01 01:00:00,2016-04-03 02:51:08,280000/27d441d53f4fb4d98c88b202c7e4b8ab-d.jpg,,
21573874,"Власть. Основы отношения к властям, обществу и государству.",,,,,,,Благо,,,0,Russian,205,www.infanata.com,,,,,,,,,,,,1146123704-,0,,,,,,,,395264,doc,65F3B0E75A9A79C19561F74A09E82CE5,,,"N:\\natahaus\\!2009\\2010-02\\[1146123704]Власть.Основы отношения к властям,обществу и государству..-разные,Благо.doc",0,2000-01-01 01:00:00,2016-04-03 02:51:08,280000/65f3b0e75a9a79c19561f74a09e82ce5-d.jpg,,
21573875,"Рынок ценных бумаг: учебник для студентов вузов, обучающихся по экономическим специальностям, по специальности ''Финансы и кредит''",,,,Жу Е.Ф. (ред.),2009,"3-е изд., перераб. и доп",ЮНИТИ,Москва,285,0,Russian,305,www.infanata.com,,978-5-238-01495-1,,,,,,,,,,1146123705-отл,0,,,,,,,1,5852792,pdf,D247E40D0A767F50730E484CBB6F731E,,,"N:\\natahaus\\!2009\\2010-02\\[1146123705]Рынок ценных бумаг.-под ред.доктора экономических наук,профессора,академика РАЕН Е.Ф.Жу,Юнити-Дана.pdf",0,2000-01-01 01:00:00,2016-04-03 02:51:08,280000/d247e40d0a767f50730e484cbb6f731e-d.jpg,,
21573876,36 стратегий для победы в эпоху конкуренции,,,,Кайхан Криппендорф,2005,,,Питер,129,0,Russian,305,www.infanata.com,,5-469-00201-2,,,,,,,,,,1146123708-хор,0,,,,,,,1,3271315,djvu,3AB50E9768F6ACF7101E5991143B5162,,,"N:\\natahaus\\!2009\\2010-02\\[1146123708]36 стратегий для победы в эпоху конкуренции.-Кайхан Криппендорф,Питер.djvu",0,2000-01-01 01:00:00,2016-04-03 02:51:08,280000/3ab50e9768f6acf7101e5991143b5162-d.jpg,,
21573877,Говорят сталинские наркомы,,,,Куманев Г. А.,2005,,Русич,,650,0,Russian,198,www.infanata.com,,5-8138-0660-1,,,,,,,,,OL16266479M,1146123709-отл,0,,,,,,,1,18433394,djvu,2574F6E98A3D4E7B5B18A3E6222C60A4,,,"N:\\natahaus\\!2009\\2010-02\\[1146123709]Говорят сталинские наркомы.-Куманев Г.А.,Русич.djvu",0,2000-01-01 01:00:00,2016-04-03 02:51:08,280000/2574f6e98a3d4e7b5b18a3e6222c60a4-d.jpg,,
21573878,Логическая структура лекций по гистологии,,,,М.Я.Субботин,1975,,,,86,0,Russian,183,www.infanata.com,,,,,,,,,,,,1146123710-хор,0,,,,,,,0,1737161,djvu,0494B20D2B1AA51C49DE669F69138A3A,1a13ea56084cf1d907a32452fb3ff0af,no,N:\\natahaus\\!2009\\2010-02\\[1146123710]Логическая структура лекций по гистологии.-М.Я.Субботин.djvu,0,2000-01-01 01:00:00,2016-04-03 02:51:08,280000/0494b20d2b1aa51c49de669f69138a3a-d.jpg,,
21573879,Вехи памяти.,,Судьбы книг,,"Аннинский Л.А., Цейтлин Е.Л.",1987,,"Книга, Москва",,130,0,Russian,111,www.infanata.com,,,,,,,,,,,,1146123711-сре,0,,,,,,,0,7032484,djvu,DD170D2A63848FC05F6A2C0A14966A44,555e8da3fa7dd2afb3a70da646af469a,no,"N:\\natahaus\\!2009\\2010-02\\[1146123711]Вехи памяти..-Аннинский Л.А.,Цейтлин Е.Л.,Москва-Книга.djvu",0,2000-01-01 01:00:00,2016-04-03 02:51:08,280000/dd170d2a63848fc05f6a2c0a14966a44-d.jpg,,
21573880,Германия. Военно-статистическое описание. Восточно-Прусский район,,,,Изданiе отдела Генералъ-Квартимейстера Главнаго Управленiя Генеральнаг,1912,Часть I,Типо-литографiя Т-ва Светъ,С.-Петербургъ,198,0,Russian,119,www.infanata.com,,,,,,,,,,,,1146123713-отл,0,,,,,,1,0,43056343,pdf,5F321E9CCECF3CC771FE3E1724B54A8A,,,N:\\natahaus\\!2009\\2010-02\\[1146123713]Германия.Военно-статистическое описание.Часть I.Восточно-Прусский район(1912).-Изданiе отдела Генералъ-Квартимейсте.pdf,0,2000-01-01 01:00:00,2016-04-03 02:51:08,280000/5f321e9ccecf3cc771fe3e1724b54a8a-d.jpg,,
21573881,Статистический ежегодник России. 1913 г.,,,,под общим руководством Директора Центральнаго Статистическаго Комитета,1914,,Изданiе Центральнаго Статистическаго Комитета М.В.Д.,С.-Петербургъ,333,0,Russian,119,www.infanata.com,,,,,,,,,,,,1146123714-отл,0,,,,,,,0,69570529,pdf,6A24B951C99F7685FA80133585425B07,,,N:\\natahaus\\!2009\\2010-02\\[1146123714]Статистический ежегодник России.1913 г.(1914).-под общим руководством Директора Центральнаго Статистическаго Комите.pdf,0,2000-01-01 01:00:00,2016-04-03 02:51:08,280000/6a24b951c99f7685fa80133585425b07-d.jpg,,
21573882,Подводная технология,,Техника освоения океана,,"Коробков В. А., Левин В. С, Лукошков А. В., Серебреницкий П. П.",1981,,Судостроение,,244,0,Russian,181,www.infanata.com,,,,,,,,,,,,1146123715-хор,0,,,,,,1,1,6247731,djvu,9462C0C6636470BB2E67B257B9B441D6,,,"N:\\natahaus\\!2009\\2010-02\\[1146123715]Подводная технология.-Коробков В.А.,Левин В.С,Лукошков А.В.,Серебреницкий П.П.,Судостроение.djvu",0,2000-01-01 01:00:00,2016-04-03 02:51:08,280000/9462c0c6636470bb2e67b257b9b441d6-d.jpg,,
21573883,"Записки А. П. Ермолова, 1798-1826",,,,Ермолов А. П.,1991,,Высш. шк,М,475,0,Russian,64,www.infanata.com,,5-06-002005-3,,,,,,,,,OL19102810M,1146123719-сре,0,,,,,,,0,9532394,djvu,4BB3B920F5B0C7485EB5E99DC70E47C1,c44e62d0e6061f5c4ac2b985b60996ca,no,"N:\\natahaus\\!2009\\2010-02\\[1146123719]Записки А.П.Ермолова.1798-1826 гг..-Ермолов А.П.,Москва-Высшая школа.djvu",0,2000-01-01 01:00:00,2016-04-03 02:51:08,280000/4BB3B920F5B0C7485EB5E99DC70E47C1-g.jpg,,
21573884,Функции и формулы Excel 2007,,Библиотека пользователя,,Веденеева Е.А.,2008,,Питер,Москва [и др.],384,0,Russian,94,www.infanata.com,,978-5-388-00071-2,,,,,,,,,,1146123725-600,0,,,,,,,1,8069389,djvu,012449DCD1B0E8A30FF6AA2A07580929,,,"N:\\natahaus\\!2009\\2010-02\\[1146123725]Функции и формулы Excel 2007.-Веденеева Е.А.,Питер.djvu",0,2000-01-01 01:00:00,2016-04-03 02:51:08,280000/012449dcd1b0e8a30ff6aa2a07580929-d.jpg,,
21573885,Колебания машин с механизмами циклового действия,,,,Вульфсон И.И.,1990,,"Машиностроение, Ленингр. отд-ние",Л,311,0,Russian,210,www.infanata.com,,5-217-00955-1,,,,,,,,,OL1808558M,1146123730-хор,0,,,,,,,0,4637691,djvu,16FAE003F206AF04346EDF45C0FEC8F1,9180f0e0e14c0afcc3889417a6cf4008,no,"N:\\natahaus\\!2009\\2010-02\\[1146123730]Колебания машин с механизмами циклового действия.-Вульфсон И.И.,Машиностроение.djvu",0,2000-01-01 01:00:00,2016-04-03 02:51:08,280000/16fae003f206af04346edf45c0fec8f1-d.jpg,,
21573886,Положение об обучении пехоты (1911),,,,Изданiе Главнаго Управленiя Генеральнаго Штаба,1911,,Военная типографiя (въ зданiи Главнаго Штаба),С.-Петербургъ,61,0,Russian,64,www.infanata.com,,,,,,,,,,,,1146123734-отл,0,,,,,,,0,12414144,pdf,A2486A2818922C2ED1A7F866AD8CBA48,,,"N:\\natahaus\\!2009\\2010-02\\[1146123734]Положение об обучении пехоты(1911).-Изданiе Главнаго Управленiя Генеральнаго Штаба,Военная типографiя(въ зданiи Гла.pdf",0,2000-01-01 01:00:00,2016-04-03 02:51:08,280000/a2486a2818922c2ed1a7f866ad8cba48-d.jpg,,
21573887,Войсковые учебники. Пехота. Учебник для рядового в первый год службы,,,,Розеншильдъ-Паулин А.Н. (ред.),1916,,Тип. Б.Брунера,Петроградъ,82,0,Russian,183,www.infanata.com,,,,,,,,,,,,1146123735-отл,0,,,,,,1,0,8727227,pdf,34E5116A1A8752585B54CA2CC8DBE748,,,N:\\natahaus\\!2009\\2010-02\\[1146123735]Войсковые учебники.Пехота.Учебник для рядового в первый год службы(1916).-под общей редакцией генералъ-лейтенанта А.pdf,0,2000-01-01 01:00:00,2016-04-03 02:51:08,280000/34e5116a1a8752585b54ca2cc8dbe748-d.jpg,,
21573888,Древняя Русь в свете зарубежных источников. Хрестоматия. Древнескандинавские источники.,Том V,,,,,,,,382,0,Russian,251,www.infanata.com,0,,,,,,,,,,,1146123736-Хор,0,,,,,,,0,22552859,djvu,BE4FA480B76B1B3474DB97B1536E83C9,68049fd8c80e9f8b2e29a3d012206578,no,"N:\
atahaus!20092010-02[1146123736]Древняя Русь в свете зарубежных источников.Хрестоматия.Том V.Древнескандинавские источники..-средневековые скандина.djvu",0,2000-01-01 01:00:00,2016-04-03 02:51:08,280000/be4fa480b76b1b3474db97b1536e83c9-g.jpg,,
21573889,Введение в высшую алгебру,,,,Бохер М.,1933,,Государственное технико-теоретическое издательство,М. - Л.,292,0,Russian,114,www.infanata.com,,,,,,,,,,,,1146123739-хор,0,,,,,,,1,11070254,djvu,021EA61047771479B44FBB13E07B149E,,,"N:\\natahaus\\!2009\\2010-02\\[1146123739]Введение в высшую алгебру.-Бохер М.,М.- Л.-Государственное технико-теоретическое издательство.djvu",0,2000-01-01 01:00:00,2016-04-03 02:51:08,280000/021ea61047771479b44fbb13e07b149e-d.jpg,,
21573890,Нелинейная неравновесная термодинамика,,,,Бахарева И. Ф.,1976,,Издательство Саратовского университета,Саратов,141,0,Russian,282,www.infanata.com,,,,,,,,,,,,1146123740-сре,0,,,,,,,1,1512501,djvu,1150C2156070DA29AFD487A7BE3E62B6,,,"N:\\natahaus\\!2009\\2010-02\\[1146123740]Нелинейная неравновесная термодинамика.-Бахарева И.Ф.,Саратов-Издательство Саратовского университета.djvu",0,2000-01-01 01:00:00,2016-04-03 02:51:08,280000/1150c2156070da29afd487a7be3e62b6-d.jpg,,
21573891,Эколого-физиологическая пластичность европейского угря Anquilla anguilla L. ,,,,Кохненко С.В. и др. ,1977,,,Минск,193,0,Russian,23,herba.msu.ru,2013-01,,,,,,,,,,,,0,,,,,,,0,3925192,djvu,06d5e31bd87f5ac175bc57131460f83d,160fe1506768fe23b39ade6b3bea3750,no,A:\\!upload\\flora_i_fauna\\kokhnenko1977_ekol_fiziol_plastichn_evrop_ugrja.djvu,0,2000-01-01 01:00:00,2016-04-03 02:51:08,880000/06d5e31bd87f5ac175bc57131460f83d.jpg,,
21573892,Петровские корабелы,,,,Быховский И. А.,1982,,Судостроение,,104,0,Russian,236,www.infanata.com,,,,,,,,,,,,1146123741-хор,0,,,,,,1,1,4753487,djvu,D552204507CADA66AE365EC227695E32,,,"N:\\natahaus\\!2009\\2010-02\\[1146123741]Петровские корабелы.-Быховский И.А.,Судостроение.djvu",0,2000-01-01 01:00:00,2016-04-03 02:51:08,280000/d552204507cada66ae365ec227695e32-d.jpg,,
21573893,Средства подводного освещения,,Массовая радиобиблиотека 0212,,Сницерев Г.А.,1954,,Госэнергоиздат,,201,0,Russian,181,www.infanata.com,0,,,,,,,,,,,1146123748-Хор,0,,,,,1,,1,4386239,djvu,2FBC2B7F12E1CC774124121453F3E5F6,,,"N:/natahaus/!2009/2010-02/[1146123748]Средства подводного освещения.-Стопцов Н.А.,Груздев М.А.,Судостроение.djvu",0,2000-01-01 01:00:00,2016-04-03 02:51:08,280000/2fbc2b7f12e1cc774124121453f3e5f6-d.jpg,,
21573894,Организация перевозок грузов,,,,Перепон В.П.,2003,,Маршрут,,614,0,Russian,289,www.infanata.com,,5-89035-110-9,,,,,,,,,,1146123751-хор,0,,,,,,1,1,5353934,pdf,CB6193ADB6565B6D0754322CB93981E7,,,"N:\\natahaus\\!2009\\2010-02\\[1146123751]Организация перевозок грузов.-Перепон В.П.,Маршрут.pdf",0,2000-01-01 01:00:00,2016-04-03 02:51:08,280000/cb6193adb6565b6d0754322cb93981e7-d.jpg,,
21573895,Системные механизмы поведения,,,,"Под ред. К.В.Судакова, М. Банча",1990,,Медицина,М,121,0,Russian,271,www.infanata.com,,5-225-01667-7,,,,,,,,,,1146123755-сре,0,,,,,,,0,3338959,djvu,01433956538462371A3DE1C7A0A7147A,e471e25233dd454d1933140bc069acb0,no,"N:\\natahaus\\!2009\\2010-02\\[1146123755]Системные механизмы поведения.-Под ред.К.В.Судакова,М.Банча,Медицина.djvu",0,2000-01-01 01:00:00,2016-04-03 02:51:08,280000/01433956538462371a3de1c7a0a7147a-d.jpg,,
21573896,О культуре чтения: Что нужно знать каждому.,,,,Джуринский К. Б.,2006,,Техносфера,,89,0,Russian,191,www.infanata.com,,5-94836-095-4,,,,,,,,,,1146123757-Хор,0,,,,,,,1,525813,pdf,0CC6D999A0E711123F4B846B6603731E,,,"N:\\natahaus\\!2009\\2010-02\\[1146123757]О культуре чтения-Что нужно знать каждому..-Смородинская М.Д.,Маркова Ю.П.,#Книга#.pdf",0,2000-01-01 01:00:00,2016-04-03 02:51:08,280000/0cc6d999a0e711123f4b846b6603731e-d.jpg,,
21573897,Gefährlicher Liebhaber : Jagd auf Jack the Ripper ; erotischer Gay-Roman,,,,Cassandra Norton,2010,,Juicy Books,Lautertal (Odenwald),153,0,German,,usenet,to 2012-06,"9783942363044,3942363046",,,,,,,,,,,0,,,,,,,1,795019,pdf,37dc858b78c99e49683f3a8d4074434d,,,"I:\\usenet_ger\\Norton, Cassandra - Gefдhrlicher Liebhaber – Jagd auf Jack the Ripper.pdf",0,2000-01-01 01:00:00,2016-04-03 02:51:08,884000/37dc858b78c99e49683f3a8d4074434d-d.jpg,,
21573898,Механизированная дуговая сварка плавящимся электродом в защитных газах,,,,Юхин Н.А.,2008,,СОУЭЛО,,38,0,Russian,232,www.infanata.com,,,,,,,,,,,,1146123759-нор,0,,,,,,,0,9580922,pdf,69E4D9300C10F7E296A49E962140B298,,,"N:\\natahaus\\!2009\\2010-02\\[1146123759]Механизированная дуговая сварка плавящимся электродом в защитных газах.-Юхин Н.А.,СОУЭЛО.pdf",0,2000-01-01 01:00:00,2016-04-03 02:51:08,280000/69e4d9300c10f7e296a49e962140b298-d.jpg,,
21573899,Ручная дуговая сварка неплавящимся электродом в защитных газах,,,,Юхин Н.А.,2007,,СОУЭЛО,,26,0,Russian,232,www.infanata.com,,,,,,,,,,,,1146123760-нор,0,,,,,,,0,7091222,pdf,14269A4B35750F068A3DA466E3FBC584,,,"N:\\natahaus\\!2009\\2010-02\\[1146123760]Ручная дуговая сварка неплавящимся электродом в защитных газах.-Юхин Н.А.,СОУЭЛО.pdf",0,2000-01-01 01:00:00,2016-04-03 02:51:08,280000/14269a4b35750f068a3da466e3fbc584-d.jpg,,
21573900,Ручная сварка при сооружении и ремонте трубопроводов пара и горячей воды,,,,Юхин Н.А.,2007,,СОУЭЛО,,30,0,Russian,232,www.infanata.com,,,,,,,,,,,,1146123762-нор,0,,,,,,,0,7846747,pdf,4628DC35005C72A568C63DEBD35B11F6,,,"N:\\natahaus\\!2009\\2010-02\\[1146123762]Ручная сварка при сооружении и ремонте трубопроводов пара и горячей воды.-Юхин Н.А.,СОУЭЛО.pdf",0,2000-01-01 01:00:00,2016-04-03 02:51:08,280000/4628dc35005c72a568c63debd35b11f6-d.jpg,,
21573901,Брусилов А. Мои воспоминания,,Военные мемуары,,Брусилов А.,2004,,Олма-Пресс,,448,0,Russian,64,www.infanata.com,,5-94850-193-0,,,,,,,,,,1146123770-Наб,0,,,,,,,,2537984,doc,4B82DB4072FAA53CE579961427F4FC3D,,,"N:\\natahaus\\!2009\\2010-02\\[1146123770]Брусилов А.Мои воспоминания.-Брусилов А.,Олма-Пресс.doc",0,2000-01-01 01:00:00,2016-04-03 02:51:08,280000/4b82db4072faa53ce579961427f4fc3d-d.jpg,,
21573902,Мировая экономика: Учебник для вузов,,,,Мировая экономика: Учебник для вузов,2001,,Юнити,,736,0,Russian,183,www.infanata.com,,5-238-00028-6,,,,,,,,,,1146123772-Отл,0,,,,,,,1,39310602,pdf,3E1D8F405EF0835633A47605FF76EF0E,,,"N:\\natahaus\\!2009\\2010-02\\[1146123772]Ломакин В.К.Мировая экономика-Учебник для вузов.-Мировая экономика-Учебник для вузов,Юнити.pdf",0,2000-01-01 01:00:00,2016-04-03 02:51:08,280000/3e1d8f405ef0835633a47605ff76ef0e-d.jpg,,
21573903,Знаки руки - о характере и типе личности: мастер-класс по хиромантии,,,,Г. И. Хюрлиманн,2006,,Весь,Санкт-Петербург,243,0,Russian,205,www.infanata.com,,5-9573-1068-9,,,,,,,,,,1146123773-хор,0,,,,,,,0,12700937,djvu,FDAC71F6842B050734739DC4DD80F70E,74dfe9baf2e871c911658b63bbe94b60,no,"N:\\natahaus\\!2009\\2010-02\\[1146123773]Знаки руки - о характере и типе личности.Мастер-класс по хиромантии.-Г.И.Хюрлиманн,Издательская группа Весь.djvu",0,2000-01-01 01:00:00,2016-04-03 02:51:08,280000/fdac71f6842b050734739dc4dd80f70e-d.jpg,,
21573904,Советские танковые асы,,Танки в бою,,Михаил Барятинский,2008,,"Яуза, Эксмо",Москва,369,0,Russian,67,www.infanata.com,,978-5-699-25290-9,,,,,,,,,OL22698834M,1146123774-хор,0,,,,,,,1,12073360,djvu,715D9F7E44A654EDFDBDA5CF5E0F1882,,,"N:\\natahaus\\!2009\\2010-02\\[1146123774]Советские танковые асы.-Михаил Барятинский,Яуза,Эксмо.djvu",0,2000-01-01 01:00:00,2016-04-03 02:51:08,280000/715d9f7e44a654edfdbda5cf5e0f1882-d.jpg,,
21573905,Основы теории надежности: практикум,,,,"Половко А. М., Гуров С. В.",2006,,БХВ-Петербург,Санкт-Петербург,559,0,Russian,223,www.infanata.com,,5-94157-542-4,,,,,,,,,,1146123775-нор,0,,,,,,,1,11124014,djvu,93E6F30CD86B9A39B4E18AD8A0F4F018,,,"N:\\natahaus\\!2009\\2010-02\\[1146123775]Основы теории надежности.Практикум.-Половко А.М.,Гуров С.В.,СПб.-БХВ-Петербург.djvu",0,2000-01-01 01:00:00,2016-04-03 02:51:08,280000/93e6f30cd86b9a39b4e18ad8a0f4f018-d.jpg,,
21573906,Точные методы решения задач теплопроводности. Учебное пособие,,,,Егоров В. И.,2006,,ГУ ИТМО,СПб ,46,0,Russian,113,www.infanata.com,,,,,,,,,,,,1146123776-отл,0,,,,,,1,1,1782084,pdf,FA3C0194ACDB9B7BE396CB4FDA228CD7,,,"N:\\natahaus\\!2009\\2010-02\\[1146123776]Точные методы решения задач теплопроводности.Учебное пособие.-Егоров В.И.,СПб ГУ ИТМО.pdf",0,2000-01-01 01:00:00,2016-04-03 02:51:08,280000/fa3c0194acdb9b7be396cb4fda228cd7-d.jpg,,
21573907,Материалы и исследования по археологии древнерусских городов.,,Материалы и исследования по археологии СССР,,Н.И. Воронин,1949,,Наука,М-Л,245,0,Russian,64,www.infanata.com,,,,,,,,,,,,1146123777-Отл,0,,,,,,,0,38665193,djvu,EEDF28E182DFBAA208E938CC78587F60,bdf11faa9f13fdc80f9a4c134eded265,no,N:\\natahaus\\!2009\\2010-02\\[1146123777]Материалы и исследования по археологии древнерусских городов.-Наука.djvu,0,2000-01-01 01:00:00,2016-04-03 02:51:08,280000/eedf28e182dfbaa208e938cc78587f60-d.jpg,,
21573908,Я ТЫ МЫ,,,,Е. Мелибруда,1986,,Прогресс,,257,0,Russian,,www.infanata.com,,,,,,,,,,,,1146123778-Хор,0,,,,,,,0,12174473,djvu,F73EEDF1B7FFFBE0BB37E44DCC9B143C,967a6f9c587dbc4f97057dd12372cc9f,no,"N:\\natahaus\\!2009\\2010-02\\[1146123778]Я ТЫ МЫ.-Е.Мелибруда,Прогресс.djvu",0,2000-01-01 01:00:00,2016-04-03 02:51:08,280000/f73eedf1b7fffbe0bb37e44dcc9b143c-d.jpg,,
21573909,"Преобразование Фурье, Уолша, Хаара и их применение в управлении, связи и других областях",,,,Залманзон Л.А.,1989,,Наука,,249,0,Russian,260,www.infanata.com,0,5-02-014094-5,,,,,,,,,OL1614523M,1146123780-хор,0,,,,,,,0,9083150,djvu,8F9884E49052AC8C4D6516FE971D27ED,c2d727831a99f4f5958dea5228fd66d9,no,"N:/natahaus/!2009/2010-02/[1146123780]Преобразование Фурье,Уолша,Хаара и их применение в управлении,связи и других областях.-Залманзон Л.А.,Наука.djvu",0,2000-01-01 01:00:00,2016-04-03 02:51:08,280000/8f9884e49052ac8c4d6516fe971d27ed-d.jpg,,
21573910,Хроника Адама Бременского и первые христианские миссионеры в Скандинавии,,,,Рыбаков В. В.,2008,,Языки славянских культур,Москва,340,0,Russian,64,www.infanata.com,,"9551-0242-9,978-5-9551-0242-9",,,,,,,,,,1146123781-хор,0,,,,,,,0,4106609,djvu,15E96BA6523775326BDCABB0DB1106DF,cfa8fda61d5be18a920a40e6f5cf1402,no,"N:\\natahaus\\!2009\\2010-02\\[1146123781]Хроника Адама Бременского и первые христианские миссионеры в Скандинавии.-Рыбаков В.В.,М-Языки славянских культур.djvu",0,2000-01-01 01:00:00,2016-04-03 02:51:08,280000/15e96ba6523775326bdcabb0db1106df-d.jpg,,
21573911,История шифровального дела в России,,Досье,,Соболева Т.,2002,,ОЛМА-ПРЕСС,Москва,512,0,Russian,64,www.infanata.com,,5-224-03634-8,,,,,,,,,OL19110791M,1146123782-Наб,0,,,,,,,,1860608,doc,881218CAD64E43D673407ABBD3CC93CE,,,"N:\\natahaus\\!2009\\2010-02\\[1146123782]История шифровального дела в России.-Соболева Т.,Олма-Пресс.doc",0,2000-01-01 01:00:00,2016-04-03 02:51:08,280000/881218cad64e43d673407abbd3cc93ce-d.jpg,,
21573912,Свои и чужие - интриги разведки,,Досье,,Зданович А.,2002,,"ОЛМА-Пресс, Масс Информ Медиа",М,320,0,Russian,181,www.infanata.com,,5-224-03254-7,,,,,,,,,,1146123783-Наб,0,,,,,,,,1005056,doc,E94A06CAAA5E528A57CFA7B8A0C95353,,,"N:\\natahaus\\!2009\\2010-02\\[1146123783]Свои и чужие - интриги разведки.-Зданович А.,Олма-Пресс.doc",0,2000-01-01 01:00:00,2016-04-03 02:51:08,280000/e94a06caaa5e528a57cfa7b8a0c95353-d.jpg,,
21573913,Сборник Императорского Русского исторического общества.,Том 95,,,,1895,,,СПб,804,0,Russian,,www.infanata.com,0,,,,,,,,,,,,0,,,,,,,1,34160664,pdf,87A1DC090E550F14870A6D7AE151723E,,,"N:/natahaus/!2009/2010-02/[1146123784]Сборник Императорского Русского исторического общества.Том 95..-РИО,СПб-.pdf",0,2000-01-01 01:00:00,2016-04-03 02:51:08,280000/87a1dc090e550f14870a6d7ae151723e-d.jpg,,
21573914,Церковно-приходская жизнь в городе Каргополе в XVI-XIX веках,,,,К.А. Докучаев-Басков,1900,,Императорское общество истории и древностей российских при Московском Университете,,46,0,Russian,64,www.infanata.com,,,,,,,,,,,,1146123785-сре,0,,,,,,,0,1928374,djvu,8EB7736502F2542E592B7C5995071865,4d6c87f23fcdb3045932cb95fd0e4df8,no,"N:\\natahaus\\!2009\\2010-02\\[1146123785]Церковно-приходская жизнь в городе Каргополе в XVI-XIX веках.-К.А.Докучаев-Басков,Императорское общество истории и .djvu",0,2000-01-01 01:00:00,2016-04-03 02:51:08,280000/8eb7736502f2542e592b7c5995071865-d.jpg,,
21573915,Наставление для обучения стрельбе. Описание 3-х линейной винтовки образца 1891 года,,,,"Инспекторъ Стрелковой части в войскахъ, Генералъ-Лейтенантъ Ридигеръ",1897,,Военная типографiя (въ зданiи Главнаго Штаба),С.-Петербургъ,47,0,Russian,64,www.infanata.com,,,,,,,,,,,,1146123786-отл,0,,,,,,,0,10581874,pdf,4D81A35CEB6CE7A12E0097C1A0013CB8,,,N:\\natahaus\\!2009\\2010-02\\[1146123786]Наставление для обучения стрельбе.Описание 3-х линейной винтовки образца 1891 года(1897).-Инспекторъ Стрелковой час.pdf,0,2000-01-01 01:00:00,2016-04-03 02:51:08,280000/4d81a35ceb6ce7a12e0097c1a0013cb8-d.jpg,,
21573916,Наставление для обучения стрельбе. Описание 3-х линейного револьвера образца 1895 года,,,,"Инспекторъ Стрелковой части в войскахъ, Генералъ-Лейтенантъ Ридигеръ",1899,,Военная типографiя (въ зданiи Главнаго Штаба),С.-Петербургъ,28,0,Russian,64,www.infanata.com,,,,,,,,,,,,1146123787-отл,0,,,,,,,0,5482274,pdf,35CBBE9163ACAA4D88E467635C5D2014,,,N:\\natahaus\\!2009\\2010-02\\[1146123787]Наставление для обучения стрельбе.Описание 3-х линейного револьвера образца 1895 года(1899).-Инспекторъ Стрелковой .pdf,0,2000-01-01 01:00:00,2016-04-03 02:51:08,280000/35cbbe9163acaa4d88e467635c5d2014-d.jpg,,
21573917,"Правовая концепция американской социологической юриспруденции XX века (Роско Паунд, Толкотт Парсонс и Гарри Бредемейер)",,,,Адыгезалова Г.Э.,2004,,,,197,0,Russian,194,www.infanata.com,,,,,,,,,,,,1146123788-пло,0,,,,,,,0,3883240,pdf,65F97FE85A8AF5B86FC0D854BFC27ACD,,,"N:\\natahaus\\!2009\\2010-02\\[1146123788]Правовая концепция американской социологической юриспруденции XX века(Роско Паунд,Толкотт Парсонс и Гарри Бредемейе.pdf",0,2000-01-01 01:00:00,2016-04-03 02:51:08,280000/65f97fe85a8af5b86fc0d854bfc27acd-g.jpg,,
21573918,Правовая концепция Гуго Гроция,,,,Павлов А.А.,2002,,,,207,0,Russian,246,www.infanata.com,,,,,,,,,,,,1146123789-пло,0,,,,,,,0,3787780,pdf,3B951F45473B1C83754A8D6F602CE0EE,,,N:\\natahaus\\!2009\\2010-02\\[1146123789]Правовая концепция Гуго Гроция.-Павлов А.А..pdf,0,2000-01-01 01:00:00,2016-04-03 02:51:08,280000/3b951f45473b1c83754a8d6f602ce0ee-g.jpg,,
21573919,Каноническое право средневековой Европы,,,,Плешков Е.В.,2002,,,,192,0,Russian,313,www.infanata.com,,,,,,,,,,,,1146123790-пло,0,,,,,,,0,3444779,pdf,76DAC9347246161BEFFD060C5C6CC765,,,N:\\natahaus\\!2009\\2010-02\\[1146123790]Каноническое право средневековой Европы.-Плешков Е.В..pdf,0,2000-01-01 01:00:00,2016-04-03 02:51:08,280000/76dac9347246161beffd060c5c6cc765-g.jpg,,
21573920,Проблемы естественного права в учениях немецких юристов,,,,Рябченко Н.Г.,2002,,,,210,0,Russian,313,www.infanata.com,,,,,,,,,,,,1146123791-пло,0,,,,,,,0,4000669,pdf,A982B5C6B868545866E0E7076A7652A8,,,N:\\natahaus\\!2009\\2010-02\\[1146123791]Проблемы естественного права в учениях немецких юристов.-Рябченко Н.Г..pdf,0,2000-01-01 01:00:00,2016-04-03 02:51:08,280000/a982b5c6b868545866e0e7076a7652a8-g.jpg,,
21573921,Школа критических правовых исследований,,,,Сметанников Д.С.,2000,,,,150,0,Russian,313,www.infanata.com,,,,,,,,,,,,1146123792-пло,0,,,,,,,0,2795347,pdf,8DB1B8A6F3040190372AFA738C239D81,,,N:\\natahaus\\!2009\\2010-02\\[1146123792]Школа критических правовых исследований.-Сметанников Д.С..pdf,0,2000-01-01 01:00:00,2016-04-03 02:51:08,280000/8db1b8a6f3040190372afa738c239d81-g.jpg,,
21573922,Контроль качества сварки,,,,Под ред. В. Н. Волченко,1975,,Машиностроение,,326,0,Russian,232,www.infanata.com,,,,,,,,,,,,1146123794-сре,0,,,,,,,0,9737560,djvu,BDD0F23A0C46FF2DE055B2FA377519B4,079bb90d00cdc17984ca707c991fc907,no,N:\\natahaus\\!2009\\2010-02\\[1146123794]Контроль качества сварки.-Под ред.В.Н.Волченко.djvu,0,2000-01-01 01:00:00,2016-04-03 02:51:08,280000/bdd0f23a0c46ff2de055b2fa377519b4-d.jpg,,
21573923,"Эксплуатация и надежность гидро- и пневмоприводов [Учеб. для вузов по спец. ''Гидравл. машины, гидроприводы и гидропневмоавтоматика'']",,,,Сырицын Т.А.,1990,,Машиностроение,М,249,0,Russian,210,www.infanata.com,,5-217-00865-2,,,,,,,,,,1146123796-хор,0,,,,,,,0,4322353,djvu,13C9AA4166C1B99ABF3D7E2A34A5BCA4,447753240263122855b90ae729c7a626,no,"N:\\natahaus\\!2009\\2010-02\\[1146123796]Эксплуатация и надежность гидро- и пневмоприводов.-Сырицын Т.А.,Машиностроение.djvu",0,2000-01-01 01:00:00,2016-04-03 02:51:08,280000/13c9aa4166c1b99abf3d7e2a34a5bca4-d.jpg,,
21573924,Машиностроительный гидропривод,,,,"Кондаков Л.А., Никитин Г.А., Прокофьев В.Н.",1978,,Машиностроение,,497,0,Russian,210,www.infanata.com,,,,,,,,,,,,1146123799-хор,0,,,,,,,0,11773706,djvu,DA6F5F1EA0ECA09149298C98AB4A48D0,1bbc8957fb21a12e7da3aac8c96ade27,no,"N:\\natahaus\\!2009\\2010-02\\[1146123799]Машиностроительный гидропривод.-Кондаков Л.А.,Никитин Г.А.,Прокофьев В.Н.,Машиностроение.djvu",0,2000-01-01 01:00:00,2016-04-03 02:51:08,280000/da6f5f1ea0eca09149298c98ab4a48d0-d.jpg,,
21573925,Москва и Восточная Европа. Становление политических режимов советского типа Очерки истории,,,,Т.В. Волокитина и др,2002,,РОССПЭН,М,704,0,Russian,64,www.infanata.com,,5-8243-0222-7,,,,,,,,,OL19548541M,1146123800-Отл,0,,,,,,,1,44886807,pdf,9C03997DD48774AAA636E55A7A03AE15,,,N:\\natahaus\\!2009\\2010-02\\[1146123800]Москва и Восточная Европа.Становление политических режимов советского типа(1949-1953).Очерки истории.-Российская по.pdf,0,2000-01-01 01:00:00,2016-04-03 02:51:08,280000/9c03997dd48774aaa636e55a7a03ae15-d.jpg,,
21573926,Общая теория права и государства,,Платан - электронные компоненты,,Платан,1999,,Платан,,550,0,Russian,313,www.infanata.com,,5-89123-381-9,,,,,,,,,,1146123801-Хор,0,,,,,,,1,33165686,pdf,C4DB06C9EA68F64D21D0CB7FED9FF144,,,"N:\\natahaus\\!2009\\2010-02\\[1146123801]Общая теория права и государства.-В.С.Нерсесянц,Инфра-М,Норма.pdf",0,2000-01-01 01:00:00,2016-04-03 02:51:08,280000/c4db06c9ea68f64d21d0cb7fed9ff144-d.jpg,,
21573927,Тайны ушедшего века. Власть. Распри. Подоплека,,Досье,,Зенькович Н.,2004,,Олма-Пресс,,640,0,Russian,64,www.infanata.com,,5-224-04676-9,,,,,,,,,OL3322611M,1146123804-Наб,0,,,,,,,,2254336,doc,4D9C3620950924949FEA1BEF28A08D85,,,"N:\\natahaus\\!2009\\2010-02\\[1146123804]Тайны ушедшего века.Власть.Распри.Подоплека.-Зенькович Н.,Олма-Пресс.doc",0,2000-01-01 01:00:00,2016-04-03 02:51:08,280000/4d9c3620950924949fea1bef28a08d85-d.jpg,,
21573928,Смерть в рассрочку,,"\Досье''. Россия: секретные материалы""",,Сопельняк Б.,2004,,Олма-пресс,Москва,640,0,Russian,64,www.infanata.com,,5-94849-415-2,,,,,,,,,,1146123805-Наб,0,,,,,,,,2433024,doc,24EE3FE5DB103E7A1CF1F4AA27DAABC5,,,"N:\\natahaus\\!2009\\2010-02\\[1146123805]Смерть в рассрочку.-Сопельняк Б.,Олма-Пресс.doc",0,2000-01-01 01:00:00,2016-04-03 02:51:08,280000/24ee3fe5db103e7a1cf1f4aa27daabc5-d.jpg,,
21573929,Создание японского меча,,,,Баженов А.Г.,2009,,Бранко,,157,0,Russian,64,www.infanata.com,,,,,,,,,,,,1146123806-,0,,,,,,,1,50520739,pdf,67C6BF91F9116CDF4CCAEB43A523F052,,,"N:\\natahaus\\!2009\\2010-02\\[1146123806]Создание японского меча.-Баженов А.Г.,Бранко.PDF",0,2000-01-01 01:00:00,2016-04-03 02:51:08,280000/67c6bf91f9116cdf4ccaeb43a523f052-d.jpg,,
21573930,Земля и небо: записки авиаконструктора,,,,Е.Г. Адлер,2004,,РусАвиа,М,238,0,Russian,289,www.infanata.com,,5-900078-28-0,,,,,,,,,,1146123810-хор,0,,,,,,,0,87827009,pdf,8B15D0AAE81C070897BC1F5629A05533,,,"N:\\natahaus\\!2009\\2010-02\\[1146123810]Земля и Небо.Записки авиаконструктора.-Е.Г.Адлер,Русавиа.pdf",0,2000-01-01 01:00:00,2016-04-03 02:51:08,280000/8b15d0aae81c070897bc1f5629a05533-d.jpg,,
21573931,История энергетической техники,,,,"Белькинд Л.Д., Веселовский О.Н., Конфедератов И.Я., Шнейберг Я.А.",1960,2,Государственное Энергетическое Издательство,,665,0,Russian,210,www.infanata.com,,,,,,,,,,,,1146123818-хор,0,,,,,,,0,10852139,djvu,8016C8927371AA10BDABA49919E279F5,7228d656e6d8b1660ad275046f678776,no,"N:\\natahaus\\!2009\\2010-02\\[1146123818]История энергетической техники(2-е изд.).-Белькинд Л.Д.,Веселовский О.Н.,Конфедератов И.Я.,Шнейберг Я.А.,Государств.djvu",0,2000-01-01 01:00:00,2016-04-03 02:51:08,280000/8016c8927371aa10bdaba49919e279f5-d.png,,
21573932,"Ностальгия по деревянному городу Архитектура, традиции, быт Архангельска накануне и после 1917 г. Формы и функции гор. дома",,,,Ю.А. Барашков,1992,,Ред.-изд. фирма ''Крипто-Логос'',М,207,0,Russian,58,www.infanata.com,,5-900229-01-7,,,,,,,,,OL1035515M,1146123820-хор,0,,,,,,1,1,13955801,pdf,E56407DD648DF44F76537F92EEEA8A60,,,"N:\\natahaus\\!2009\\2010-02\\[1146123820]Ностальгия по деревянному городу.-Ю.А.Барашков,Крипто-Логос.pdf",0,2000-01-01 01:00:00,2016-04-03 02:51:08,280000/e56407dd648df44f76537f92eeea8a60-d.jpg,,
21573933,Электрооборудование автомобилей [Учеб. по специальности ''Автомобили и автомобил. хоз-во'',,Высшее образование,,Ютт В.Е.,1995,"2-е изд., перераб. и доп",Транспорт,М,154,0,Russian,210,www.infanata.com,,5-277-01797-6,,,,,,,,,,1146123821-хор,0,,,,,,,0,3196571,djvu,B94053FCD7178CBF55929A74E43A632B,64e4e72ec3535729785d1951fdb8eaeb,no,"N:\\natahaus\\!2009\\2010-02\\[1146123821]Электрооборудование автомобилей(2-е изд.).-Ютт В.Е.,Транспорт.djvu",0,2000-01-01 01:00:00,2016-04-03 02:51:08,280000/b94053fcd7178cbf55929a74e43a632b-d.jpg,,
21573934,Управление персооналом,,Высшее образование,,А. П. Егоршин,2003,,НИМБ,,718,0,Russian,6,www.infanata.com,,5-901335-06-6,,,,,,,,,,1146123823-Отл,0,,,,,,,1,49043001,pdf,0EBB93B1044DC9AF41F6926A9C261335,,,"N:\\natahaus\\!2009\\2010-02\\[1146123823]э.-А.П.Егоршин,НИМБ.pdf",0,2000-01-01 01:00:00,2016-04-03 02:51:08,280000/0ebb93b1044dc9af41f6926a9c261335-d.jpg,,
21573935,Простые числа,,,,Шнирельман Л. Г.,1940,,Государственное издательство технико-теоретической литературы,М. - Л.,61,0,Russian,264,www.infanata.com,,,,,,,,,,,,1146123824-хор,0,,,,,,,1,2349178,djvu,47B71642266769CAE5E42B98FC7074F5,,,"N:\\natahaus\\!2009\\2010-02\\[1146123824]Простые числа(Шнирельман Л.Г.).-Шнирельман Л.Г.,М.- Л.-Государственное издательство технико-теоретической литератур.djvu",0,2000-01-01 01:00:00,2016-04-03 02:51:08,280000/47b71642266769cae5e42b98fc7074f5-d.jpg,,
21573936,"Право интеллектуальной собственности в Российской Федерации: Учеб. для студентов вузов, обучающихся по специальности ''Юриспруденция''",,,,А.П.Сергеев,2003,"2. изд., перераб. и доп",Проспект,М,751,0,Russian,183,www.infanata.com,,5-98032-051-2,,,,,,,,,,1146123825-Отл,0,,,,,,,0,14172450,djvu,5CD27F411F26BFA3F0C6A9DB64DB371F,d9192b8da6c3baa1dc3b2875de6d8df7,no,"N:\\natahaus\\!2009\\2010-02\\[1146123825]Право интеллектуальной собственности в Российской Федерации. Учебник.-А.П.Сергеев,ТК Велби,Проспект.djvu",0,2000-01-01 01:00:00,2016-04-03 02:51:08,280000/5cd27f411f26bfa3f0c6a9db64db371f-d.jpg,,
21573937,"Право интеллектуальной собственности в Российской Федерации: Учеб. для студентов вузов, обучающихся по специальности ''Юриспруденция''",,,,А.П.Сергеев,2003,"2. изд., перераб. и доп",Проспект,М,751,0,Russian,183,www.infanata.com,,5-98032-051-2,,,,,,,,,,1146123825-Отл,0,,,,,,,1,49198812,pdf,2BDC5AACCC9227B72F1596C25AA3AD8B,,,"N:\\natahaus\\!2009\\2010-02\\[1146123825]Право интеллектуальной собственности в Российской Федерации. Учебник.-А.П.Сергеев,ТК Велби,Проспект.pdf",0,2000-01-01 01:00:00,2016-04-03 02:51:08,280000/2bdc5aaccc9227b72f1596c25aa3ad8b-d.jpg,,
21573938,Сокрушающие лед,,Жизнь замечательных идей,,Белкин С. И.,1983,,Знание,,194,0,Russian,181,www.infanata.com,,,,,,,,,,,,1146123832-хор,0,,,,,,1,1,7446602,djvu,21F0362EF3754144A5C97771C8741B2D,,,"N:\\natahaus\\!2009\\2010-02\\[1146123832]Сокрушающие лед.-Белкин С.И.,Знание.djvu",0,2000-01-01 01:00:00,2016-04-03 02:51:08,280000/21f0362ef3754144a5c97771c8741b2d-d.jpg,,
21573939,Саур-могила. Путеводитель,,,,М. Олейников,1976,,,Донбас,18,0,Russian,32,www.infanata.com,,,,,,,,,,,,1146123834-хор,0,,,,,,,0,1198237,djvu,6CCE866B4912811861DE8C2F039153C0,cce4296ae5cc6444b29763d99088ea0b,no,"N:\\natahaus\\!2009\\2010-02\\[1146123834]Саур-могила.Путеводитель.-М.Олейников,Донбас.djvu",0,2000-01-01 01:00:00,2016-04-03 02:51:08,280000/6cce866b4912811861de8c2f039153c0-d.jpg,,
21573940,Перов,,Великие художники Т. 17,Великие художники. Альбом 17,,2010,,"Директ-Медиа, Комсомольская правда",Москва,52,0,Russian,59,www.infanata.com,,978-5-87107-202-8,,,,,,,,,,1146123836-хор,0,,,,,,,0,10079730,djvu,E625C3FD5EDC7076C96528B25952AC3A,,ban,N:\\natahaus\\!2009\\2010-02\\[1146123836]Великие художники.Альбом 17.Перов.-Москва-Директ-Медиа.ИД #Комсомольская правда#.djvu,0,2000-01-01 01:00:00,2016-04-03 02:51:08,280000/e625c3fd5edc7076c96528b25952ac3a-d.jpg,,
21573941,Коран. Перевод с арабского языка Абу Адель,,,,Абу Адель,2008,,,,665,0,Russian,314,www.infanata.com,,,,,,,,,,,,1146123840-,0,,,,,,,,4992512,doc,7EC18CB3E690BCC728082751688E1BFC,,,N:\\natahaus\\!2009\\2010-02\\[1146123840]Коран.Перевод с арабского языка Абу Адель.-Абу Адель.doc,0,2000-01-01 01:00:00,2016-04-03 02:51:08,280000/7ec18cb3e690bcc728082751688e1bfc-d.jpg,,
21573942,Священный Коран. Смысловой перевод с комментариями.,,,,Кулиев Э.,2002,,"Комплекс Короля Фахда по изданию священного корана, медина,  Саудовская аравия",,1090,0,Russian,205,www.infanata.com,,,,,,,,,,,,1146123841-,0,,,,,,,1,40942401,pdf,4FBCC6B4C35BD197D65057F0D18F4428,,,N:\\natahaus\\!2009\\2010-02\\[1146123841]Смысловой перевод Корана Э.Кулиева.-Кулиев Э..pdf,0,2000-01-01 01:00:00,2016-04-03 02:51:08,280000/4fbcc6b4c35bd197d65057f0d18f4428-d.jpg,,
21573943,Ремонт швейных машин,,Все для дома,,Зюзин А.И.,1995,,Нижегор. ярмарка,Н. Новгород,512,0,Russian,210,www.infanata.com,,5-87893-010-2,,,,,,,,,,1146123845-удо,0,,,,,,,1,18989628,djvu,3859A5EB2DEEC207E7F447FB007F6B14,,,"N:\\natahaus\\!2009\\2010-02\\[1146123845]Ремонт швейных машин.-Зюзин А.И.,Нижегородская ярмарка.djvu",0,2000-01-01 01:00:00,2016-04-03 02:51:08,280000/3859a5eb2deec207e7f447fb007f6b14-d.jpg,,
21573944,Дело Ханссена: ''Кроты'' в США,,Досье,,"Колпакиди А., Прохоров Д.",2002,,ОЛМА-Пресс,М,384,0,Russian,64,www.infanata.com,,5-224-03255-5,,,,,,,,,,1146123846-Наб,0,,,,,,,,1430016,doc,37AA3A6897A7DF6A179652A565AD2C67,,,"N:\\natahaus\\!2009\\2010-02\\[1146123846]Дело Ханссена.Кроты в США.-Колпакиди А.,Прохоров Д.,Олма-Пресс.doc",0,2000-01-01 01:00:00,2016-04-03 02:51:08,280000/37aa3a6897a7df6a179652a565ad2c67-d.jpg,,
21573945,Записки командующего фронтом,,Военные мемуары,,Конев И.С.,2002,,ОЛМА-Пресс,М,608,0,Russian,64,www.infanata.com,,5-94850-062-4,,,,,,,,,,1146123847-Наб,0,,,,,,,,3245568,doc,C957B99DDA5E3DE4928927D6F7FC6893,,,"N:\\natahaus\\!2009\\2010-02\\[1146123847]Конев И.С.Записки командующего фронтом.-Конев И.С.,Олма-Пресс.doc",0,2000-01-01 01:00:00,2016-04-03 02:51:08,280000/c957b99dda5e3de4928927d6f7fc6893-d.jpg,,
21573946,Наставление для обучения стрельбы из пулеметов (1917),,,,,1917,,Изданiе Т-ва В.А. Березовский,Петроградъ,106,0,Russian,64,www.infanata.com,,,,,,,,,,,,1146123849-отл,0,,,,,,,0,19873199,pdf,F4D254F339AF57009C6843E5E1D89E07,,,"N:\\natahaus\\!2009\\2010-02\\[1146123849]Наставление для обучения стрельбы из пулеметов(1917).-автор неизвестен,Изданiе Т-ва В.А.Березовский,Петроградъ.pdf",0,2000-01-01 01:00:00,2016-04-03 02:51:08,280000/f4d254f339af57009c6843e5e1d89e07-d.jpg,,
21573947,Роберт Пэттинсон. Настоящая любовь не умрет никогда,,,,Дж. Рашер,2009,,Рипол Классик,,46,0,Russian,201,www.infanata.com,,,,,,,,,,,,1146123850-хор,0,,,,,,,0,11831603,pdf,9370EA3B52B661B16F1711752A9C3E12,,,"N:\\natahaus\\!2009\\2010-02\\[1146123850]Роберт Пэттинсон.Настоящая любовь не умрет никогда.-Дж.Рашер,Рипол Классик.pdf",0,2000-01-01 01:00:00,2016-04-03 02:51:08,280000/9370ea3b52b661b16f1711752a9c3e12-d.jpg,,
21573948,Малопольша. Краков. Каталог привлекатлеьных мест для туристов,,Путеводители,,,2007,,Amistad,,68,0,Russian,32,www.infanata.com,,,,,,,,,,,,1146123853-отл,0,,,,,,,1,17553091,djvu,C5AA9341D6DDEAF1C14E0684088A276C,,,N:\\natahaus\\!2009\\2010-02\\[1146123853]Малопольша.Краков.Каталог привлекатлеьных мест для туристов.-Amistad.djvu,0,2000-01-01 01:00:00,2016-04-03 02:51:08,280000/c5aa9341d6ddeaf1c14e0684088a276c-d.jpg,,
21573949,"Основы экономической теории: принципы, проблемы, политика. Германский опыт и российский путь: Учеб. для вузов",,Базовый курс,,,2000,,Питер,СПб. и др,791,0,Russian,305,www.infanata.com,,5-272-00109-5,,,,,,,,,,1146123855-Отл,0,,,,,,,1,47651094,pdf,01EB2A04AF0F25880DD971B9ECD4BB34,,,N:\\natahaus\\!2009\\2010-02\\[1146123855]Основы экономической теории.-Питер.pdf,0,2000-01-01 01:00:00,2016-04-03 02:51:08,280000/01eb2a04af0f25880dd971b9ecd4bb34-d.jpg,,
21573950,Всемирная военная история. Хронологический обзор,,Историческая библиотека,,Ковалевский Н.Ф.,2004,,Олма-Пресс,М,496,0,Russian,64,www.infanata.com,,5-224-04065-5,,,,,,,,,OL3376252M,1146123857-Наб,0,,,,,,,,2427904,doc,E1102D37D8FE9383149AB62BBBA433C9,,,"N:\\natahaus\\!2009\\2010-02\\[1146123857]Всемирная военная история.Хронологический обзор.-Ковалевский Н.Ф.,Олма-Пресс.doc",0,2000-01-01 01:00:00,2016-04-03 02:51:08,280000/e1102d37d8fe9383149ab62bbba433c9-d.jpg,,
21573951,Железо 2006. КомпьютерПресс рекомендует,,,,"Пахомов Сергей Олегович,Асмаков Сергей Владимирович",2008,,Питер,,398,0,Russian,251,www.infanata.com,0,,,,,,,,,,,1146123858-Хор,0,,,,,,,1,53113248,pdf,45AD3E9499B546D1BA05B3492DDADBA3,,,"N:\
atahaus!20092010-02[1146123858]Железо 2006.КомпьютерПресс рекомендует.-Пахомов Сергей Олегович,Асмаков Сергей Владимирович,Питер.pdf",0,2000-01-01 01:00:00,2016-04-03 02:51:08,280000/45ad3e9499b546d1ba05b3492ddadba3-g.jpg,,
21573952,Последняя ночь «Титаника»,,,,Лорд Уолтер,1984,,Судостроение,,191,0,Russian,64,www.infanata.com,,,,,,,,,,,,1146123867-хор,0,,,,,,1,1,8136065,djvu,0762ADFB54F19237951F953BEF22CBFC,,,"N:\\natahaus\\!2009\\2010-02\\[1146123867]Последняя ночь #Титаника#.-Лорд Уолтер,Судостроение.djvu",0,2000-01-01 01:00:00,2016-04-03 02:51:08,280000/0762adfb54f19237951f953bef22cbfc-d.jpg,,
21573953,Полное собрание сочинений в 91 томе. Произведения 1885-1889,Том 26,Полное собрание сочинений,,Толстой Л.Н.,1936,,Художественная литература,,957,0,Russian,102,www.infanata.com,,,,,,,,,,,,1146123871-Ска,0,,,,,,,0,27150844,djvu,5C602DAA244848ECE36698E6CB9949B8,976744ecd3f5e51d543eff7ed2f59ec8,no,N:\\natahaus\\!2009\\2010-02\\[1146123871]Л.Н.Толстой.Полное собрание сочинений в 91 томе.- Том 26(1936).Произведения 1885-1889.-Толстой Л.Н..djvu,0,2000-01-01 01:00:00,2016-04-03 02:51:08,280000/5c602daa244848ece36698e6cb9949b8-d.jpg,,
21573954,Рассказы о корабельной энергетике,,,,Ципоруха М. И.,1985,,ДОСААФ,,169,0,Russian,181,www.infanata.com,,,,,,,,,,,,1146123872-хор,0,,,,,,1,1,3914660,djvu,7F2155036C6859BB92FB5A611D245B6F,,,"N:\\natahaus\\!2009\\2010-02\\[1146123872]Рассказы о корабельной энергетике.-Ципоруха М.И.,ДОСААФ.djvu",0,2000-01-01 01:00:00,2016-04-03 02:51:08,280000/7f2155036c6859bb92fb5a611d245b6f-d.jpg,,
21573955,Семена разрушения. Тайная подоплёка генетических манипуляций,,,,Уильям Ф. Энгдаль,2009,,Нестор-История,,310,0,Russian,22,www.infanata.com,,978-5-98187-310-2,,,,,,,,,,1146123873-хор,0,,,,,,,1,5657607,pdf,15687BEA5EA3CF109F39C548901BD9A1,,,"N:\\natahaus\\!2009\\2010-02\\[1146123873]Семена разрушения.Тайная подоплёка генетических манипуляций.-Уильям Ф.Энгдаль,Нестор-История.pdf",0,2000-01-01 01:00:00,2016-04-03 02:51:08,280000/15687bea5ea3cf109f39c548901bd9a1-d.jpg,,
21573956,Математика в художественном слове: Учебная хрестоматия,,,,Яфаева В.Г.(сост.),2006,,БИРО,Уфа,86,0,Russian,113,www.infanata.com,0,5-7159-0308-4,,,,,,,,,,1146123874,0,,,,,,,1,2749141,pdf,083E316F8C8A6AC07EB5891ACE7BC08D,,,"N:/natahaus/!2009/2010-02/[1146123874]Математика в художественном слове-Учебная хрестоматия.-Яфаева В.Г.,БИРО.PDF",0,2000-01-01 01:00:00,2016-04-03 02:51:08,280000/083e316f8c8a6ac07eb5891ace7bc08d-d.jpg,,
21573957,Очерки по истории и технике гравюры.,,Тетрадь 1,,,1987,,Изобразительное искусство,Москва,64,0,Russian,210,www.infanata.com,,,,,,,,,,,,1146123875-сре,0,,,,,,,0,10906236,djvu,6F8CB1052CF09E8739FD4E8C1A1C4D02,,,"N:\\natahaus\\!2009\\2010-02\\[1146123875]Очерки по истории и технике гравюры..-#Изобразительное искусство#,Москва.djvu",0,2000-01-01 01:00:00,2016-04-03 02:51:08,280000/6f8cb1052cf09e8739fd4e8c1a1c4d02-d.jpg,,
21573958,"Наставление по стрелковому делу. 7,62-мм автомат Калашникова",,"издание третье, исправленное и дополненное",,Гулевич И.Д. (ред.),1967,,Воениздат,,173,0,Russian,64,www.infanata.com,,,,,,,,,,,,1146123876-хор,0,,,,,,,0,1479794,djvu,F8036CBEE38112FD99CF4F5A04F0BE7C,93239a13d65a075f05bff3c360c8337c,no,"N:\\natahaus\\!2009\\2010-02\\[1146123876]Наставление по стрелковому делу.7,62-мм автомат Калашникова.-под ред.Гулевича И.Д.,Воениздат.djvu",0,2000-01-01 01:00:00,2016-04-03 02:51:08,280000/f8036cbee38112fd99cf4f5a04f0be7c-d.jpg,,
21573959,Сладость и горечь поцелуя,,Мудрость тысячелетий,,,2005,,Олма-Пресс,М,576,0,Russian,111,www.infanata.com,,5-224-04277-1,,,,,,,,,,1146123877-Наб,0,,,,,,,,1402368,doc,ED32FE73AC0409DBFB2052BF2806EE3E,,,N:\\natahaus\\!2009\\2010-02\\[1146123877]Мудрость тысячелетий.Сладость и горечь поцелуя.-Олма-Пресс.doc,0,2000-01-01 01:00:00,2016-04-03 02:51:08,280000/ed32fe73ac0409dbfb2052bf2806ee3e-d.jpg,,
21573960,Обитатели миража. PR специального назначения,,,,"Александр Михайлов, Юрий Романов",2002,,Олма-Пресс,М,288,0,Russian,5,www.infanata.com,,5-224-03879-0,,,,,,,,,,1146123878-Наб,0,,,,,,,,1041920,doc,B29527589DD25E242E227986B27AD8E1,,,"N:\\natahaus\\!2009\\2010-02\\[1146123878]Обитатели миража.PR специального назначения.-Александр Михайлов,Юрий Романов,Олма-Пресс.doc",0,2000-01-01 01:00:00,2016-04-03 02:51:08,280000/b29527589dd25e242e227986b27ad8e1-d.jpg,,
21573961,"Иерусалим Три религии, три мира",,Историческая библиотека,,Т. В. Носенко,2003,,ОЛМА-пресс,М,442,0,Russian,64,www.infanata.com,,5-224-03636-4,,,,,,,,,,1146123879-Наб,0,,,,,,,,2104320,doc,4F14B265B644D710668CFAA5104C5CCD,,,"N:\\natahaus\\!2009\\2010-02\\[1146123879]Иерусалим.Три религии - три мира.-Т.В.Носенко,Олма-Пресс.doc",0,2000-01-01 01:00:00,2016-04-03 02:51:08,280000/4f14b265b644d710668cfaa5104c5ccd-d.jpg,,
21573962,Ален Делон,,,,Наумова Ю.,2001,,ОЛМА-пресс,М,448,0,Russian,68,www.infanata.com,,5-224-00782-8,,,,,,,,,OL23079942M,1146123880-Наб,0,,,,,,,,2153984,doc,354C56801ADB84560F7971333F8DED4B,,,"N:\\natahaus\\!2009\\2010-02\\[1146123880]Ален Делон.-Наумова Ю.,Олма-Пресс.doc",0,2000-01-01 01:00:00,2016-04-03 02:51:08,280000/354c56801adb84560f7971333f8ded4b-d.jpg,,
21573963,Энциклопедия фантастики,"том первый, книга первая",,,Известков Александр Анатольевич,1993,,Командор,,272,0,Russian,188,www.infanata.com,,,,,,,,,,,,1146123881-отл,0,,,,,,,0,112494839,djvu,3B99A4596AB75C0C60832184853DF704,4b59ae17d7b119f09ee6d3f9d5fe670a,no,"N:\\natahaus\\!2009\\2010-02\\[1146123881]Энциклопедия фантастики(том первый,книга первая).-Известков Александр Анатольевич,Командор.djvu",0,2000-01-01 01:00:00,2016-04-03 02:51:08,280000/3b99a4596ab75c0c60832184853df704-d.jpg,,
21573964,52 легких способа худеть и оставаться стройными,,,,Ева Камерон,2008,,"Центрполиграф, Москва",,193,0,Russian,164,www.infanata.com,,,,,,,,,,,,1146123884-,0,,,,,,,0,87114715,djvu,E03280B1B995C1A1B99B6C6C998561AC,6fa70bcec5681779089dd7fb00d5d873,no,"N:\\natahaus\\!2009\\2010-02\\[1146123884]52 легких способа худеть и оставаться стройными.-Ева Камерон,Москва,Центрполиграф.djvu",0,2000-01-01 01:00:00,2016-04-03 02:51:08,280000/e03280b1b995c1a1b99b6c6c998561ac-d.jpg,,
21573965,"Интеграл, мера и производная. Общая теория",,,,"Шилов Г. Е., Гуревич Б. Л.",1967,,"Наука, М.",,220,0,Russian,,www.infanata.com,,,,,,,,,,,,1146123885-сре,0,,,,,,,1,2238677,djvu,F375F60375BDF441CF245B7D1C450ACA,,,"N:\\natahaus\\!2009\\2010-02\\[1146123885]Интеграл,мера и производная.Общая теория.-Шилов Г.Е.,Гуревич Б.Л.,М.-Наука.djvu",0,2000-01-01 01:00:00,2016-04-03 02:51:08,280000/f375f60375bdf441cf245b7d1c450aca-d.jpg,,
21573966,Главная книга о штрафбатах,,Военно-исторический бестселлер,,Пыльцын А.,2009,,"Эксмо, Яуза",Москва,513,0,Russian,64,www.infanata.com,,978-5-699-37226-3,,,,,,,,,,1146123886-хор,0,,,,,,,1,12810550,pdf,9C135EA3D8686BC5F49AB5F01901A7CD,,,"N:\\natahaus\\!2009\\2010-02\\[1146123886]Главная книга о штрафбатах.-Пыльцын А.,Яуза,Эксмо.pdf",0,2000-01-01 01:00:00,2016-04-03 02:51:08,280000/9c135ea3d8686bc5f49ab5f01901a7cd-d.jpg,,
21573967,Законодательство о Православной церкви в России,,,,Богомолов А.А.,2004,,,,162,0,Russian,208,www.infanata.com,,,,,,,,,,,,1146123887-пло,0,,,,,,,0,3093243,pdf,174DF588E8455E8946CE9F433851ACDD,,,N:\\natahaus\\!2009\\2010-02\\[1146123887]Законодательство о Православной церкви в России.-Богомолов А.А..pdf,0,2000-01-01 01:00:00,2016-04-03 02:51:08,280000/174df588e8455e8946ce9f433851acdd-g.jpg,,
21573968,Церковное право в романо-германской правовой системе,,,,Варьяс М.Ю.,1997,,,,216,0,Russian,313,www.infanata.com,,,,,,,,,,,,1146123888-пло,0,,,,,,,0,4284799,pdf,3641B5384CAD24032956E52107589EAC,,,N:\\natahaus\\!2009\\2010-02\\[1146123888]Церковное право в романо-германской правовой системе.-Варьяс М.Ю..pdf,0,2000-01-01 01:00:00,2016-04-03 02:51:08,280000/3641b5384cad24032956e52107589eac-g.jpg,,
21573969,Религиозная ситуация как объект государственного регулирования,,,,Г.А. Выдрина,2004,,,,121,0,Russian,205,www.infanata.com,,,,,,,,,,,,1146123889-пло,0,,,,,,,1,2270951,pdf,D82FA313D2131F7924118C88B422F6C6,,,N:\\natahaus\\!2009\\2010-02\\[1146123889]Религиозная ситуация как объект государственного регулирования.-Г.А.Выдрина.pdf,0,2000-01-01 01:00:00,2016-04-03 02:51:08,280000/d82fa313d2131f7924118c88b422f6c6-g.jpg,,
21573970,Развитие России как светского государства (Историко-правовой анализ),,,,Дозорцев П.Н.,1998,,,,413,0,Russian,117,www.infanata.com,,,,,,,,,,,,1146123890-пло,0,,,,,,,0,6815409,pdf,E5AFBB59AA96AC317219C5EFCA9CB79A,,,N:\\natahaus\\!2009\\2010-02\\[1146123890]Развитие России как светского государства(Историко-правовой анализ).-Дозорцев П.Н..pdf,0,2000-01-01 01:00:00,2016-04-03 02:51:08,280000/e5afbb59aa96ac317219c5efca9cb79a-g.jpg,,
21573971,Институт «свободы совести и вероисповедания»: историко-правовой опыт России,,,,Левина А.А.,2003,,,,181,0,Russian,64,www.infanata.com,,,,,,,,,,,,1146123891-пло,0,,,,,,,0,3644656,pdf,D5A1BBA4F0AA4614B320FDD827781997,,,N:\\natahaus\\!2009\\2010-02\\[1146123891]Институт #свободы совести и вероисповедания#-историко-правовой опыт России.-Левина А.А..pdf,0,2000-01-01 01:00:00,2016-04-03 02:51:08,280000/d5a1bba4f0aa4614b320fdd827781997-g.jpg,,
21573972,Сердце разума Практ. использование методов НЛП В. 6: Сердце разума,,Серия. Раздел Тексты НЛП: нейро-лингвистическое программирование,,Стив и Коннира АНДРЕАС,2001,,"Ин-т общегуманитар. исслед., Современная психология: теория и практика:",М,151,0,Russian,198,www.infanata.com,,5-88230-110-0,,,,,,,,,,1146123892-,0,,,,,,,,1818825,rtf,5D1984F27EE72E4897B579C9E1683918,,,N:\\natahaus\\!2009\\2010-02\\[1146123892]Сердце разума.Практическое использование методов НЛП.-Стив и Коннира АНДРЕАС.rtf,0,2000-01-01 01:00:00,2016-04-03 02:51:08,280000/5d1984f27ee72e4897b579c9e1683918-d.jpg,,
21573973,"Технологии анализа данных: Data Mining, Visual Mining, Text Mining, OLAP: учебное пособие по специальности 071900 ''Информационные системы и технологии'' направления 654700 ''Информационные системы''",,Учебное пособие,,"Барсегян  А.А., Куприянов М.С., Степаненко В.В., Холод И.И.",2007,2-е изд,БХВ-Петербург,Санкт-Петербург,384,0,Russian,86,www.infanata.com,,5-94157-991-8,,,,,,,,,,1146123906-300,0,,,,,,,0,6749250,djvu,566D245338060CA0BBDCC7565786AC6A,3363a68fad2a1ce4c279b55c3180cde5,no,"N:\\natahaus\\!2009\\2010-02\\[1146123906]Технологии анализа данных.Data Mining,Visual Mining,Text Mining,OLAP.-Барсегян  А.А.,Куприянов М.С.,Степаненко В.В..djvu",0,2000-01-01 01:00:00,2016-04-03 02:51:08,280000/566d245338060ca0bbdcc7565786ac6a-d.jpg,,
21573974,Альманах Дада,,,,,2000,,,,208,0,Russian,,www.infanata.com,,,,,,,,,,,,1146123907-сре,0,,,,,,,1,3618792,djvu,99F7D33E35FD3D42349ABCA91A20AC1B,,,N:\\natahaus\\!2009\\2010-02\\[1146123907]Альманах Дада.- авторов.djvu,0,2000-01-01 01:00:00,2016-04-03 02:51:08,280000/99f7d33e35fd3d42349abca91a20ac1b-d.jpg,,
21573975,Основы цифровой техники,,,,Китаев Ю.В.,2007,,,СПбГУ ИТМО,87,0,Russian,210,www.infanata.com,,,,,,,,,,,,1146123909-отл,0,,,,,,1,1,1304460,pdf,A50CB5DA6F6B8DB80FEEE280CFA7C444,,,"N:\\natahaus\\!2009\\2010-02\\[1146123909]Основы цифровой техники.-Китаев Ю.В.,СПбГУ ИТМО.pdf",0,2000-01-01 01:00:00,2016-04-03 02:51:08,280000/a50cb5da6f6b8db80feee280cfa7c444-d.jpg,,
21573976,Хаус и философия,,Философия поп-культуры,,Г. Джейкоби,2010,,Юнайтед Пресс,,243,0,Russian,194,www.infanata.com,,,,,,,,,,,,1146123911-Хор,0,,,,,,,0,17677081,djvu,66BE2073225B32B5447D66B36464E9B9,,,"N:\\natahaus\\!2009\\2010-02\\[1146123911]Хаус и философия.-Г.Джейкоби,#Юнайтед Пресс#.djvu",0,2000-01-01 01:00:00,2016-04-03 02:51:08,280000/66be2073225b32b5447d66b36464e9b9-d.jpg,,
21573977,Самоучитель игры на семиструнной гитаре,,,,В. Сазонов,1961,,Музгиз,,153,0,Russian,186,www.infanata.com,,,,,,,,,,,,1146123912-хор,0,,,,,,1,1,11882522,pdf,012B30D7BE08590910B2C445AD7024EC,,,N:\\natahaus\\!2009\\2010-02\\[1146123912]Самоучитель игры на семиструнной гитаре.-В.Сазонов.pdf,0,2000-01-01 01:00:00,2016-04-03 02:51:08,280000/012b30d7be08590910b2c445ad7024ec-d.jpg,,
21573978,Наставление для ведения занятий в кавалерии,,,,,1912,,Военная типографiя (въ зданiи Главнаго Штаба),С.-Петербургъ,69,0,Russian,64,www.infanata.com,,,,,,,,,,,,1146123913-отл,0,,,,,,,0,15661563,pdf,986663BC89CF791D5D536FF6798ADCEF,,,"N:\\natahaus\\!2009\\2010-02\\[1146123913]Наставление для ведения занятий в кавалерии(1912).-автор неизвестен,Военная типографiя(въ зданiи Главнаго Штаба),С..pdf",0,2000-01-01 01:00:00,2016-04-03 02:51:08,280000/986663bc89cf791d5d536ff6798adcef-d.jpg,,
21573979,Богатая мама против богатого папы,,Путь к успеху,,Оксана Доронина,,,,,103,0,Russian,305,www.infanata.com,,,,,,,,,,,,1146123915-Отл,0,,,,,,,1,874806,pdf,5E9E75F1EC2881DE01E71C49433F3324,,,N:\\natahaus\\!2009\\2010-02\\[1146123915]Богатая мама против богатого папы.-Оксана Доронина.pdf,0,2000-01-01 01:00:00,2016-04-03 02:51:08,280000/5e9e75f1ec2881de01e71c49433f3324-d.jpg,,
21573980,Мудрость тысячелетий. Что такое любовь?: [сборник],,Мудрость тысячелетий,,,2005,,Олма-Пресс,М,320,0,Russian,201,www.infanata.com,,5-224-04282-8,,,,,,,,,,1146123916-Наб,0,,,,,,,,892416,doc,0579452DCA73717FC95500DD391E4A80,,,N:\\natahaus\\!2009\\2010-02\\[1146123916]Что такое любовь.Мудрость тысячелетий.-Олма-Пресс.doc,0,2000-01-01 01:00:00,2016-04-03 02:51:08,280000/0579452dca73717fc95500dd391e4a80-d.jpg,,
21573981,В поисках смысла: Мудрость тысячелетий,,,,,2002,"[2. изд., перераб. и доп.]",ОЛМА-ПРЕСС,М,194,0,Russian,251,www.infanata.com,0,5-224-03607-0,,,,,,,,,,1146123917-Хор,0,,,,,,,,4687872,doc,21A347B205FFDB7D0A085A1FDFEC8642,,,"N:\
atahaus!20092010-02[1146123917]В поисках смысла.Мудрость тысячелетий.-Олма-Пресс.doc",0,2000-01-01 01:00:00,2016-04-03 02:51:08,,,
21573982,Защита Христианства на Западе,,,,Троицкий С.В.,1913,,Синод,СПб,219,0,Russian,,,0,"978-0-511-59620-9,978-0-521-51855-0",,,,,,,,,,,0,0,0,,,,,1,4369749,djvu,932FD4A7653C5685AAB387C431032AAC,d62dd0221fa2745d9ac4320b10d82c2c,no,,0,2000-01-01 01:00:00,2016-04-03 02:51:08,348000/932FD4A7653C5685AAB387C431032AAC-g.jpg,,
21573983,Самодержавие накануне краха.,,,,Н.П. Ерошкин,1975,,"Просвещение, Москва",М,162,0,Russian,64,www.infanata.com,,,,,,,,,,,,1146123921-сре,0,,,,,,,0,6394761,djvu,D2A87799C9697BD35FD5621DCE574442,837fbb429e992ad8a71c38181861bafa,no,"N:\\natahaus\\!2009\\2010-02\\[1146123921]Ерошкин Н.П.Самодержавие накануне краха.-Ерошкин Н.П.,Москва-Просвещение.djvu",0,2000-01-01 01:00:00,2016-04-03 02:51:08,280000/d2a87799c9697bd35fd5621dce574442-d.jpg,,
21573984,Самые изумительные загадки в мире,,,,Тоунсенд Ч.,1998,,Попурри,,143,0,Russian,41,www.infanata.com,,985-438-129-3,,,,,,,,,,1146123923-,0,,,,,,,0,4519336,djvu,63AF3656D881B22DC77AD1713AFEF210,058495d617688b1b177f668c7c557dc3,no,"N:\\natahaus\\!2009\\2010-02\\[1146123923]Самые изумительные загадки в мире.-Тоунсенд Ч.,Попурри.djvu",0,2000-01-01 01:00:00,2016-04-03 02:51:08,280000/63af3656d881b22dc77ad1713afef210-d.jpg,,
21573985,"Русская баня. Веники, ароматические средства. Как правильно париться",,Здоровье и красота,,А.В. Мельник,2009,,РИПОЛ классик,Москва,64,0,Russian,41,www.infanata.com,,978-5-7905-3583-3,,,,,,,,,,1146123925-удо,0,,,,,,,0,2029570,pdf,3EB4CF75819314B319E1175351325056,,,"N:\\natahaus\\!2009\\2010-02\\[1146123925]Русская баня.Веники,ароматические средства.Как правильно парится..-А.В.Мельник,М.-РИПОЛ классик.pdf",0,2000-01-01 01:00:00,2016-04-03 02:51:08,280000/3eb4cf75819314b319e1175351325056-d.jpg,,
21573986,Рамаяна,,Литературные памятники,,перевод с санскрита П.А.Гринцера,2006,,Ладомир,,892,0,Russian,205,www.infanata.com,,5-86218-454-6,,,,,,,,,OL12589433M,1146123926-хор,0,,,,,,,1,37036671,pdf,7119FA44D95F019622531E3A99F95B42,,,"N:\\natahaus\\!2009\\2010-02\\[1146123926]Рамаяна.-перевод с санскрита П.А.Гринцера,Ладомир.pdf",0,2000-01-01 01:00:00,2016-04-03 02:51:08,280000/7119fa44d95f019622531e3a99f95b42-d.jpg,,
21573987,Монеты как средство пропаганды официальной политики Римской империи,,,,М. Г. Абрамзон,1995,,Институт археологии Российской Академии наук,,748,0,Russian,47,www.infanata.com,,5-7114-0063-0,,,,,,,,,OL777239M,1146123927-Отл,0,,,,,,,0,31324620,djvu,FFF1ECCA02586702EA1C9B0550559971,d638b077ed12615fc9820a97ecd556cd,no,"N:\\natahaus\\!2009\\2010-02\\[1146123927]Монеты как средство пропаганды официальной политики Римской империи.-М.Г.Абрамзон,Институт археологии Российской Ак.djvu",0,2000-01-01 01:00:00,2016-04-03 02:51:08,280000/fff1ecca02586702ea1c9b0550559971-d.jpg,,
21573988,Раскол империи: от Грозного-Нерона до Михаила Романова-Домициана,,"Исследования по новой хронологии: НХ, Новая хронология Фоменко-Носовского",,"Носовский Г. В., Фоменко А. Т.",2009,,"Астрель, АСТ",Москва,753,0,Russian,64,www.infanata.com,,"978-5-17-059523-5,978-5-271-23943-4",,,,,,,,,,1146123929-Отл,0,,,,,,,0,96718981,djvu,01152D8E873EE329F57E96A5D40CCC54,,,"N:\\natahaus\\!2009\\2010-02\\[1146123929]Раскол империи-от Грозного-Нерона до Михаила Романова-Домициана.-Г.В.Носовский,А.Т.Фоменко,АСТРЕЛЬ.djvu",0,2000-01-01 01:00:00,2016-04-03 02:51:08,280000/01152d8e873ee329f57e96a5d40ccc54-d.jpg,,
21573989,Введение в гетерогенный фотокатализ,,,,"Ю.М.Артемьев, В.К. Рябчук",1999,,Изд-во С.-Петерб. ун-та,,304,0,Russian,251,www.infanata.com,,5-288-01745-X,,,,,,,,,,1146123933-хор,0,,,,,,,0,5555126,djvu,C1AF43F4E9F7BCA7B91C6F9231E46AD9,d49bdbe29585c918c642c515ceffd657,no,"N:\\natahaus\\!2009\\2010-02\\[1146123933]Введение в гетерогенный фотокатализ.-Ю.М.Артемьев,В.К.Рябчук,Изд-во С.-Петерб.ун-та.djvu",0,2000-01-01 01:00:00,2016-04-03 02:51:08,280000/c1af43f4e9f7bca7b91c6f9231e46ad9-d.jpg,,
21573990,Советский Союз в интерьере Нобелевских премий: Факты. Док. Размышления. Коммент,,,,,2010,,Гуманистика,Санкт-Петербург,608,0,Russian,41,www.infanata.com,,5-86050-121-8,,,,,,,,,OL19891477M,1146123936-Хор,0,,,,,,,1,40175236,pdf,6398377C951CD73774B4B0205C999F88,,,"N:\\natahaus\\!2009\\2010-02\\[1146123936]Советский Союз в интерьере Нобелевских премий.-А.М.Блох,Гуманистика.pdf",0,2000-01-01 01:00:00,2016-04-03 02:51:08,280000/6398377c951cd73774b4b0205c999f88-d.jpg,,
21573991,История русско-японской войны 1904-1905 гг.,,,,,1977,,"Наука, Москва",,387,0,Russian,64,www.infanata.com,,,,,,,,,,,,1146123940-сре,0,,,,,,,0,13011903,djvu,2E887A8E726C7BA14382A4BBD0CB97B2,56321c1197e394546f447b1f8f7d1522,no,N:\\natahaus\\!2009\\2010-02\\[1146123940]История русско-японской войны 1904-1905 гг..--Москва-Наука.djvu,0,2000-01-01 01:00:00,2016-04-03 02:51:08,280000/2e887a8e726c7ba14382a4bbd0cb97b2-d.jpg,,
21573992,Суда для малых рек,,,,"Ю. В. Горбунов, В. И. Любимов, Б. П. Гамзин",1990,,Транспорт,М,179,0,Russian,289,www.infanata.com,,5-277-01017-3,,,,,,,,,,1146123941-хор,0,,,,,,1,1,8774283,djvu,9F18D740200F47915AFD62FA9C2F7137,,,"N:\\natahaus\\!2009\\2010-02\\[1146123941]Горбунов Ю.В.и др.Суда для малых рек.-Ю.В.Горбунов,В.И.Любимов,Б.П.Гамзин,Транспорт.djvu",0,2000-01-01 01:00:00,2016-04-03 02:51:08,280000/9f18d740200f47915afd62fa9c2f7137-d.jpg,,
21573993,Ласкеровские компенсации: Серия «Борьба при необычном соотношении материала».,,,,"Дроздов,Калёнов",2000,,"ООО СК Гардэ, М.",,119,0,Russian,289,www.infanata.com,,,,,,,,,,,,1146123945-хор,0,,,,,,,0,2506584,djvu,50FC3095E7C88321A7B080058C46A275,8eaa1eb94c7de1a986228b9e5df8541e,no,"N:\\natahaus\\!2009\\2010-02\\[1146123945]Ласкеровские компенсации-Серия #Борьба при необычном соотношении материала#..-Дроздов,Калёнов,М.-ООО #СК #Гардэ#.djvu",0,2000-01-01 01:00:00,2016-04-03 02:51:08,280000/50fc3095e7c88321a7b080058c46a275-d.gif,,
21573994,Конечные группы,,,,,1966,,"Наука и техника, Минск",,193,0,Russian,138,www.infanata.com,,,,,,,,,,,,1146123946-хор,0,,,,,,,1,2382752,djvu,3413DD06F45F00206DA19EF5F4939E8A,,,"N:\\natahaus\\!2009\\2010-02\\[1146123946]Конечные группы.- авторов,Минск-Наука и техника.djvu",0,2000-01-01 01:00:00,2016-04-03 02:51:08,280000/3413dd06f45f00206da19ef5f4939e8a-d.jpg,,
21573995,Чтобы город был чистым,,Быть Москве образцовым коммунистическим городом,,"З. И. Александровская, Я. В. Медведев, А. Г. Богачев",1979,,Стройиздат,,83,0,Russian,236,www.infanata.com,,,,,,,,,,,,1146123948-хор,0,,,,,,,1,2615788,djvu,1AB095FC717DA24422E009E926B3C63F,,,"N:\\natahaus\\!2009\\2010-02\\[1146123948]Александровская З.И.и др.Чтобы город был чистым.-З.И.Александровская,Я.В.Медведев,А.Г.Богачев,Стройиздат.djvu",0,2000-01-01 01:00:00,2016-04-03 02:51:08,280000/1ab095fc717da24422e009e926b3c63f-d.jpg,,
21573996,Математический анализ. Функции одного переменного,"Части 1, 2",,,Шилов Г. Е.,1969,,"Наука, М.",,523,0,Russian,137,www.infanata.com,,,,,,,,,,,,1146123949-хор,0,,,,,,1,1,4893549,djvu,C1FF6BABE09EF6690C3A072F3676C869,,,"N:\\natahaus\\!2009\\2010-02\\[1146123949]Математический анализ(Шилов Г.Е.).Функции одного переменного.Части 1,2.-Шилов Г.Е.,М.-Наука.djvu",0,2000-01-01 01:00:00,2016-04-03 02:51:08,280000/c1ff6babe09ef6690c3a072f3676c869-d.jpg,,
21573997,О физике и астрофизике Ст. и выступления,,Наука. Мировоззрение. Жизнь,,Гинзбург В. Л.,1992,"2-е изд., перераб. и доп",Наука,М,529,0,Russian,266,www.infanata.com,,5-02-014777-X,,,,,,,,,OL862351M,1146123950-хор,0,,,,,,,1,4258488,djvu,DE813124BDD3D39B52301919507599FD,,,"N:\\natahaus\\!2009\\2010-02\\[1146123950]О физике и астрофизике(Гинзбург В.Л.).-Гинзбург В.Л.,М.-Наука.djvu",0,2000-01-01 01:00:00,2016-04-03 02:51:08,280000/de813124bdd3d39b52301919507599fd-d.jpg,,
21573998,Основы технологии машиностроения: Учеб. для студентов машиностроит. специальностей вузов,,"Серия: Технология, оборудование и автоматизация машиностроительных производств",,И.М. Колесов,2001,"2. изд., испр",Высш. шк,М,593,0,Russian,210,www.infanata.com,,5-06-003662-6,,,,,,,,,,1146123952-нор,0,,,,,,,0,6739900,djvu,BD6ABF6EE4DDE73611479D808B1A7D05,899d8265918a07aa9238ffb6efceabba,no,"N:\\natahaus\\!2009\\2010-02\\[1146123952]Основы технологии машиностроения.-И.М.Колесов,Высшая школа.djvu",0,2000-01-01 01:00:00,2016-04-03 02:51:08,280000/bd6abf6ee4dde73611479d808b1a7d05-d.jpg,,
21573999,История Русского народа от потопа до Рюрика,,Славная Русь,,Вячеслав Манягин,2009,,"Алгоритм, ЭКСМО",Москва,384,0,Russian,64,www.infanata.com,,978-5-699-30510-0,,,,,,,,,,1146123953-Оче,0,,,,,,,1,12911653,djvu,94CEFFFD44091E1F86361D3E7182479E,,,"N:\\natahaus\\!2009\\2010-02\\[1146123953]История Русского народа от потопа до Рюрика.-Вячеслав Манягин,Эксмо.djvu",0,2000-01-01 01:00:00,2016-04-03 02:51:08,280000/94cefffd44091e1f86361d3e7182479e-d.jpg,,
21574000,Дания,,Исторический путеводитель,,О. И. Обухова,2009,,Вече,Москва,339,0,Russian,34,www.infanata.com,,978-5-9533-4149-3,,,,,,,,,,1146123954-Оче,0,,,,,,,1,16848245,djvu,0BBC1E086C7913018949DB1F66B086BE,,,"N:\\natahaus\\!2009\\2010-02\\[1146123954]Дания.-О.И.Обухова,Вече.djvu",0,2000-01-01 01:00:00,2016-04-03 02:51:08,280000/0bbc1e086c7913018949db1f66b086be-d.jpg,,
21574001,Войсковые учебники. Пехота. Учебник для унтер-офицеров,,,,Розеншильдъ-Паулин А.Н. (сост.),1917,,Типографiя Б.Д. Брукера,Петроградъ,343,0,Russian,183,www.infanata.com,,,,,,,,,,,,1146123956-отл,0,,,,,,,0,75256242,pdf,DCD8C130219B2BC5D94F83673F0828C9,,,N:\\natahaus\\!2009\\2010-02\\[1146123956]Войсковые учебники.Пехота.Учебник для унтер-офицеров(1917).-ответственный составитель Генералъ-Лейтенант А.Н.Розенш.pdf,0,2000-01-01 01:00:00,2016-04-03 02:51:08,280000/dcd8c130219b2bc5d94f83673f0828c9-d.jpg,,
21574002,Служебная книжка строевого офицера,,,,Гофман Г.Э.,1916,,Типографiя Тренке и Фюсно,Петроградъ,218,0,Russian,64,www.infanata.com,,,,,,,,,,,,1146123959-отл,0,,,,,,1,0,38980773,pdf,7A8F4220C6504B09FC6D24C0F9CCD793,,,"N:\\natahaus\\!2009\\2010-02\\[1146123959]Служебная книжка строевого офицера(1916).-Гофман Г.Э.,Типографiя Тренке и Фюсно,Петроградъ.pdf",0,2000-01-01 01:00:00,2016-04-03 02:51:08,280000/7a8f4220c6504b09fc6d24c0f9ccd793-d.jpg,,
21574003,Осмысление истории в древней Руси,,,,Мильков В.В.,2000,"2. изд., испр. и доп",Алетейя,СПб,383,0,Russian,64,www.infanata.com,,5-89329-227-8,,,,,,,,,OL494321M,1146123961-отл,0,,,,,,,1,7294038,djvu,6A9E203F07719CC8B5AB53EB049AEC98,,,"N:\\natahaus\\!2009\\2010-02\\[1146123961]Осмысление истории в древней Руси.-Мильков В.В.,Алетейя.djvu",0,2000-01-01 01:00:00,2016-04-03 02:51:08,280000/6a9e203f07719cc8b5ab53eb049aec98-d.jpg,,
21574004,Энциклопедия заблуждений. Война,,Энциклопедия заблуждений,,"Ю. Т. Темиров, А. С. Донец",2004,,Изд-во ''ЭКСМО''; Изд-во ''СКИФ'',"М., Донецк",320,0,Russian,188,www.infanata.com,,5-699-03020-4,,,,,,,,,,1146123962-Отл,0,,,,,,,0,10077812,djvu,18AB930BBE659BD6E37380E658CEEE86,93b53b7cccde4cf6e2f5ca323d56425a,no,"N:\\natahaus\\!2009\\2010-02\\[1146123962]Энциклопедия заблуждений.Война.-Ю.Т.Темиров,А.С.Донец,Эксмо.djvu",0,2000-01-01 01:00:00,2016-04-03 02:51:08,280000/18ab930bbe659bd6e37380e658ceee86-d.jpg,,
21574005,Поднимите свой финансовый IQ,,,,Роберт Кийосаки,2009,,Попурри,,254,0,Russian,305,www.infanata.com,,,,,,,,,,,,1146123965-хор,0,,,,,,,0,1700365,djvu,DA86B6D8B6069ABAA6C5D3BB5825117B,7beab6b975b3ae8d4e61d276c9ea875b,no,"N:\\natahaus\\!2009\\2010-02\\[1146123965]Поднимите свой финансовый IQ.-Роберт Кийосаки,Попурри.djvu",0,2000-01-01 01:00:00,2016-04-03 02:51:08,280000/da86b6d8b6069abaa6c5d3bb5825117b-d.jpg,,
21574006,"Принципы работы головного мозга: Синергет. подход к активности мозга, поведению и когнитив. деятельности",,,,Герман Хакен,2001,,Per Se,Москва,347,0,Russian,148,www.infanata.com,,5-9292-0047-5,,,,,,,,,,1146123966-Отл,0,,,,,,,1,19012176,pdf,251F82623C09344CE7E4DE2D4EDE5829,,,"N:\\natahaus\\!2009\\2010-02\\[1146123966]Принципы работы головного мозга.-Герман Хакен,ПЕР СЭ.pdf",0,2000-01-01 01:00:00,2016-04-03 02:51:08,280000/251f82623c09344ce7e4de2d4ede5829-d.jpg,,
21574007,"Психопатология детского возраста: Учеб. для вузов: Учеб. для студентов вузов, обучающихся по специальностям: 031500 - тифлопедагогика, 031600 - сурдопедагогика, 031700 - олигофренопедагогика, 031800 - логопедия, 03190 - спец. психология, 032000 - спец. дошк. педагогика и психология",,,,Д.Н.Исаев,2001,,СпецЛит,Санкт-Петербург,462,0,Russian,183,www.infanata.com,,5-299-00187-8,,,,,,,,,,1146123967-Отл,0,,,,,,,1,28369077,pdf,CCB1D6605219A7AD57B6758C5A85C474,,,"N:\\natahaus\\!2009\\2010-02\\[1146123967]Психопатология детского возраста.Учебник для вузов.-Д.Н.Исаев,СпецЛит.pdf",0,2000-01-01 01:00:00,2016-04-03 02:51:08,280000/ccb1d6605219a7ad57b6758c5a85c474-d.jpg,,
21574008,Ким Кийосаки. Богатая женщина,,,,Ким Кийосаки,2009,,Попурри,,304,0,Russian,305,www.infanata.com,,,,,,,,,,,,1146123968-,0,,,,,,,,1298432,doc,D3B6A1E03780C0EA10A9233637E871F5,,,N:\\natahaus\\!2009\\2010-02\\[1146123968]Богатая женщина.-Ким Кийосаки.doc,0,2000-01-01 01:00:00,2016-04-03 02:51:08,280000/d3b6a1e03780c0ea10a9233637e871f5-d.jpg,,
21574009,Школа игры на контрабасе,,,,,2010,,Издатцентр Марка,,199,0,Russian,62,www.infanata.com,,,,,,,,,,,,1146123972-Хор,0,,,,,,,0,16676708,pdf,D1AD846102DC6657E11871C200FAD9DD,,,"N:\\natahaus\\!2009\\2010-02\\[1146123972]Школа игры на контрабасе.-Ф.Симандл,Музгиз.pdf",0,2000-01-01 01:00:00,2016-04-03 02:51:08,280000/d1ad846102dc6657e11871c200fad9dd-d.jpg,,
21574010,С мольбертом по земному шару Мир глазами В. В. Верещагина,,,,Лев Демин,1991,,Мысль,М,377,0,Russian,59,www.infanata.com,,5-244-00447-6,,,,,,,,,OL1528328M,1146123974-хор,0,,,,,,,0,31838308,djvu,2BC29648AD5AC9A1F2652CB04C0C5CBA,d8a8774665d69e318377bb90e48b107b,no,"N:\\natahaus\\!2009\\2010-02\\[1146123974]С мольбертом по земному шару.Мир глазами В.В.Верещагина..-Лев Демин,М.-Мысль.djvu",0,2000-01-01 01:00:00,2016-04-03 02:51:08,280000/2bc29648ad5ac9a1f2652cb04c0c5cba-d.jpg,,
21574011,Банковское дело. Учебник для вузов,,,,"Белоглазова Г.Н.,Кроливецкая Л.П.,Савинская Н.А.",2003,,Финансы и статистика,,592,0,Russian,183,www.infanata.com,,5-279-02609-3,,,,,,,,,,1146123975-Отл,0,,,,,,,1,40945104,pdf,F776404426E4D562D723DC9E8084128C,,,"N:\\natahaus\\!2009\\2010-02\\[1146123975]Банковское дело.Учебник для вузов.-Белоглазова Г.Н.,Кроливецкая Л.П.,Савинская Н.А.,Финансы и статистика.pdf",0,2000-01-01 01:00:00,2016-04-03 02:51:08,280000/f776404426e4d562d723dc9e8084128c-d.jpg,,
21574012,Применение ЭВМ для решения задач теплопроводности,,,,Егоров В.И.,2006,,,СПбГУ ИТМО,77,0,Russian,113,www.infanata.com,,,,,,,,,,,,1146123976-отл,0,,,,,,1,1,1678496,pdf,0CA3A7AE982F87C87AFBF7CCDC7C2D23,,,"N:\\natahaus\\!2009\\2010-02\\[1146123976]Применение ЭВМ для решения задач теплопроводности.-Егоров В.И.,СПбГУ ИТМО.pdf",0,2000-01-01 01:00:00,2016-04-03 02:51:08,280000/0ca3a7ae982f87c87afbf7ccdc7c2d23-d.jpg,,
21574013,Экономика,,Homo faber,,Булатов А. С.,2001,,Юристъ,,893,0,Russian,305,www.infanata.com,,5-7975-0215-1,,,,,,,,,,1146123977-Отл,0,,,,,,,1,44926257,pdf,642CB8334FD6A1EA35348F9A45B91BF3,,,"N:\\natahaus\\!2009\\2010-02\\[1146123977]Булатов А.С.Экономика.-Булатов А.С.,Юристъ.pdf",0,2000-01-01 01:00:00,2016-04-03 02:51:08,280000/642cb8334fd6a1ea35348f9a45b91bf3-d.jpg,,
21574014,Основы метрологии и технического регулирования,,,,"Назаров В.Н., Карабегов М.А., Мамедов Р.К.",2008,,,СПбГУ ИТМО,110,0,Russian,210,www.infanata.com,,,,,,,,,,,,1146123978-отл,0,,,,,,1,1,1114897,pdf,28506FB3119F02D52E35EA081E9DA162,,,"N:\\natahaus\\!2009\\2010-02\\[1146123978]Основы метрологии и технического регулирования.-Назаров В.Н.,Карабегов М.А.,Мамедов Р.К.,СПбГУ ИТМО.pdf",0,2000-01-01 01:00:00,2016-04-03 02:51:08,280000/28506fb3119f02d52e35ea081e9da162-d.jpg,,
21574015,Экологическое состояние территории России: Учеб. пособие: Для студентов высш. пед. учеб. заведений,,Высшее образование,,"С.А.Ушаков, Я.Г.Кац",2001,,"Academia, Междунар. акад. наук пед. Образования",М,153,0,Russian,37,www.infanata.com,0,5-7695-0812-4,,,,,,,,,,1146123979-Хор,0,,,,,,1,1,8155211,djvu,62C2DA19064F8C1E7E8A8D4C061E6502,,,"N:\
atahaus!20092010-02[1146123979]Экологическое состояние территории России-учеб.пособие для пед.вузов.-С.А.Ушаков,Я.Г.Кац,Академия.djvu",0,2000-01-01 01:00:00,2016-04-03 02:51:08,280000/62c2da19064f8c1e7e8a8d4c061e6502-g.jpg,,
21574016,География. 9 класс: тематические тренировочные задания,,Государственная итоговая аттестация выпускников 10 классов,,Амбарцумова Э. М.,2010,,Эксмо,Москва,144,0,Russian,32,www.infanata.com,,978-5-699-36035-2,,,,,,,,,,1146123981-хор,0,,,,,,1,1,2252188,djvu,C30FC68B84D27E1B7DA3ACAE55AE6DC4,,,"N:\\natahaus\\!2009\\2010-02\\[1146123981]Амбарцумова Э.М.ГИА 2010.География-тематические тренировочные задания,9 класс.-Амбарцумова Э.М.,Эксмо.djvu",0,2000-01-01 01:00:00,2016-04-03 02:51:08,280000/c30fc68b84d27e1b7da3acae55ae6dc4-d.jpg,,
21574017,Справочная книжка для офицеров,,,,Малинко В.,1917,,Типографiя т./д. Мысль,Москва,454,0,Russian,64,www.infanata.com,,,,,,,,,,,,1146123986-отл,0,,,,,,1,0,53934522,pdf,381911F299438DA02A3A196FE3D66B63,,,"N:\\natahaus\\!2009\\2010-02\\[1146123986]Справочная книжка для офицеров(1917).-Малинко В.,Типографiя т.-д.Мысль,Москва.pdf",0,2000-01-01 01:00:00,2016-04-03 02:51:08,280000/381911f299438da02a3a196fe3d66b63-d.jpg,,
21574018,Егоров - Настольная справочная книга для строевых обер-офицеров (1913),,,,Егоров(сост.),1913,,Типографiя Штаба войскъ Гвардiи и Петербургскаго военного округа,С.-Петербургъ,265,0,Russian,64,www.infanata.com,,,,,,,,,,,,1146123987-отл,0,,,,,,,0,54207677,pdf,8D8BB0218374C86CD10D9D8C4CF1B224,,,N:\\natahaus\\!2009\\2010-02\\[1146123987]Егоров - Настольная справочная книга для строевых обер-офицеров(1913).-составилъ и издалъ Гв.Штабсъ-Капитанъ Егоров.pdf,0,2000-01-01 01:00:00,2016-04-03 02:51:08,280000/8d8bb0218374c86cd10d9d8c4cf1b224-d.jpg,,
21574019,Очистка газа,,,,"Коуль А.Л., Ризенфельд Ф.С.",1962,,Государственное научно-техническое издательство нефтяной и горно-топливной литературы,,397,0,Russian,251,www.infanata.com,,,,,,,,,,,,1146123988-,0,,,,,,,0,5048559,djvu,96860E2EA9B41ABD8C22E503138F537D,34832a3d2fe26b719559be05b1cbe4da,no,"N:\\natahaus\\!2009\\2010-02\\[1146123988]Коуль А.Л.- Очистка газа.-Коуль А.Л.,Ризенфельд Ф.С.,Государственное научно-техническое издательство нефтяной и гор.djvu",0,2000-01-01 01:00:00,2016-04-03 02:51:08,280000/96860e2ea9b41abd8c22e503138f537d-d.jpg,,
21574020,Духовная культура Китая: Мифология. Религия,том 2,,,Титаренко M.Л. (ред.),2007,,Восточная литература РАН,,887,0,Russian,191,www.infanata.com,,,,,,,,,,,,1146123989-300,0,,,,,,,0,17681908,djvu,7CD67CCA1EFBAEB3EC8D4338E3892210,de2a9c8fa7a7ad1ffe825fb8ec8e45f8,no,"N:\\natahaus\\!2009\\2010-02\\[1146123989]Духовная культура Китая-[Т.2-] Мифология.Религия.-гл.ред.M.Л.Титаренко,Восточная литература РАН.djvu",0,2000-01-01 01:00:00,2016-04-03 02:51:08,280000/7cd67cca1efbaeb3ec8d4338e3892210-d.jpg,,
21574021,Духовная культура Китая: Мифология. Религия,том 2,,,Титаренко M.Л. (ред.),2007,,Восточная литература РАН,,887,0,Russian,191,www.infanata.com,,"5-02-018429-2,978-5-02-018430-5",,,,,,,,,,1146123989-300,0,,,,,,,1,42712944,pdf,AB353E6DFB2A79699A55A8F5CA64139F,,,"N:\\natahaus\\!2009\\2010-02\\[1146123989]Духовная культура Китая-[Т.2-] Мифология.Религия.-гл.ред.M.Л.Титаренко,Восточная литература РАН.pdf",0,2000-01-01 01:00:00,2016-04-03 02:51:08,280000/ab353e6dfb2a79699a55a8f5ca64139f-d.jpg,,
21574022,Температуроустойчивые неорганические покрытия,,,,Аппен А.А.,1976,2е изд,Химия,,296,0,Russian,299,www.infanata.com,,,,,,,,,,,,1146123990-,0,,,,,,,0,6029356,djvu,98DEEC09BB3D777CDF1FC9289C9134C3,0fda958fbea7e24c91db515099f4ff42,no,"N:\\natahaus\\!2009\\2010-02\\[1146123990]Температуроустойчивые неорганические покрытия(2е изд.).-Аппен А.А.,Химия.djvu",0,2000-01-01 01:00:00,2016-04-03 02:51:08,280000/98deec09bb3d777cdf1fc9289c9134c3-d.jpg,,
21574023,Электрофизическая и электрохимическая обработка материалов: Справочник,,,,Попилов Д.Я.,1982,2,Машиностроение,,401,0,Russian,296,www.infanata.com,,,,,,,,,,,,1146123991-,0,,,,,,,0,7560188,djvu,FFAF6C85280994D41E68538C9FC06C37,89cabe354d3a0b45b79ef28ae749872a,no,"N:\\natahaus\\!2009\\2010-02\\[1146123991]Электрофизическая и электрохимическая обработка материалов-Справочник(2е изд.).-Попилов Д.Я.,Машиностроение.djvu",0,2000-01-01 01:00:00,2016-04-03 02:51:08,280000/ffaf6c85280994d41e68538c9fc06c37-d.jpg,,
21574024,Опыт о человеческом разумении,книги 1-3,Философское наследие,,Локк Джон,1985,,Мысль,Москва,520,0,Russian,194,www.infanata.com,,,,,,,,,,,,1146123992-хор,0,,,,,,,1,2939883,pdf,4663F638D84138E66382063F75AD2C2E,,,N:\\natahaus\\!2009\\2010-02\\[1146123992]Джон Локк.Опыт о человеческом разумении.-Локк Джон.Книга1-2-3.pdf,0,2000-01-01 01:00:00,2016-04-03 02:51:08,280000/4663f638d84138e66382063f75ad2c2e-d.jpg,,
21574025,Опыт о человеческом разумении,книга 4,Философское наследие,,Локк Джон,1985,,Мысль,Москва,206,0,Russian,194,www.infanata.com,,,,,,,,,,,,1146123992-хор,0,,,,,,,1,1413003,pdf,52F83E0C8A5B2E3D52318744DD0B1CCE,,,N:\\natahaus\\!2009\\2010-02\\[1146123992]Джон Локк.Опыт о человеческом разумении.-Локк Джон.Книга 4.pdf,0,2000-01-01 01:00:00,2016-04-03 02:51:08,280000/52f83e0c8a5b2e3d52318744dd0b1cce-d.jpg,,
21574026,"Intangible Assets und Goodwill im Spannungsfeld zwischen Entscheidungsrelevanz und Verlässlichkeit : eine normative, entscheidungsorientierte und empirische Analyse vor dem Hintergrund internationaler und nationaler Rechnungslegungs- und Prüfungsstandards",,"Gabler Edition Wissenschaft. Schriften zu Wirtschaftsprüfung, Steuerlehre und Controlling",,Patrick Velte,2008,,Gabler,Wiesbaden,866,0,German,,usenet,to 2012-06,"9783834981752,3834981753,9783834911827,3834911828",,,,,,,,,,,0,,,,,,,1,5986566,pdf,aa8e8888ab257e60d725454e0dd629f3,,,I:\\usenet_ger\\Intangible.Assets.und.Goodwill.im.Spannungsfeld.zwischen.Entscheidungsrelevanz.und.Verlaesslichkeit.[Springer].[2008].[u208h8].pdf,0,2000-01-01 01:00:00,2016-04-03 02:51:08,883000/aa8e8888ab257e60d725454e0dd629f3-g.jpg,,
21574027,Методические рекомендации по оценке эффективности инвестиционных проектов,,,,"Виленский П.Л.,Лившиц В.Н., Смоляк С.А. и другие",1999,,Экономика,,200,0,Russian,305,www.infanata.com,,,,,,,,,,,,1146123993-,0,,,,,,,,2248192,doc,916B04A36AB71147A66770F10F118F20,,,"N:\\natahaus\\!2009\\2010-02\\[1146123993]Методические рекомендации по оценке эффективности инвестиционных проектов.-Виленский П.Л.,Лившиц В.Н.,Смоляк С.А.и .doc",0,2000-01-01 01:00:00,2016-04-03 02:51:08,280000/916b04a36ab71147a66770f10f118f20-d.jpg,,
21574028,Грамматика свободы: конституционное право России и зарубежных стран Grammar of freedom: constitutional law of Russia and foreign countries,,Серия: ''Правовая культура'' / Рос. акад. юрид. наук,,"Бойцова В. В., Бойцова Л. В.",2001,,Юрист,М,736,0,Russian,313,www.infanata.com,,5-94103-002-9,,,,,,,,,OL3632876M,1146123994-Отл,0,,,,,,,1,36866596,pdf,035B9473C3712B8360E1446A7F8E34E9,,,"N:\\natahaus\\!2009\\2010-02\\[1146123994]Грамматика свободы.Конституционное право России и зарубежных стран.-Бойцова В.В.,Бойцова Л.В.,Юристъ.pdf",0,2000-01-01 01:00:00,2016-04-03 02:51:08,280000/035b9473c3712b8360e1446a7f8e34e9-d.jpg,,
21574029,Технология механической обработки,,,,Маталин А.А.,1977,,Машиностроение,,465,0,Russian,232,www.infanata.com,,,,,,,,,,,,1146123999-хор,0,,,,,,,0,8134558,djvu,C7570B0C0DE7E7A4933B945D1C2DEA48,8b1a401d377433651b672ad9454746b1,no,"N:\\natahaus\\!2009\\2010-02\\[1146123999]Технология механической обработки.-Маталин А.А.,Машиностроение.djvu",0,2000-01-01 01:00:00,2016-04-03 02:51:08,280000/c7570b0c0de7e7a4933b945d1c2dea48-d.jpg,,
21574030,"Eseu asupra intelectului omenesc, vol. 2",,,,John Locke,1961,,Editura Ştiinţifică,,420,0,Romanian,,,0,,,,,,,,,,,,0,,,,,,,,47173619,pdf,207abf92198c9b5c360c767d3d1b5982,a04f178f70366923eaba27a382852210,no,"John Locke - Eseu asupra intelectului omenesc, vol. 2.pdf",0,2000-01-01 01:00:00,2016-04-03 02:51:08,881000/207abf92198c9b5c360c767d3d1b5982-g.jpg,,
21574031,Математический анализ. Функции одного переменного, Часть 3,,,Шилов Г. Е.,1970,,Наука,М.,348,0,Russian,137,www.infanata.com,,,,,,,,,,,,1146124000-хор,0,,,,,,1,1,3536306,djvu,18F689BC99B0BF5CA105937190F0D96C,,,"N:\\natahaus\\!2009\\2010-02\\[1146124000]Математический анализ(Шилов Г.Е.).Функции одного переменного.Часть 3.-Шилов Г.Е.,М.-Наука.djvu",0,2000-01-01 01:00:00,2016-04-03 02:51:08,280000/18f689bc99b0bf5ca105937190f0d96c-d.jpg,,
21574032,Охрана труда в электроустановках,,,,Под ред. Князевского Б.А.,1983,3-е изд,Энергоатомиздат,,336,0,Russian,262,www.infanata.com,,,,,,,,,,,,1146124004-хор,0,,,,,,,0,22425842,pdf,C37025A976E69666CA5FC1593BC899A4,,,"N:\\natahaus\\!2009\\2010-02\\[1146124004]Охрана труда в электроустановках(3-е изд.).-Под ред.Князевского Б.А.,Энергоатомиздат.pdf",0,2000-01-01 01:00:00,2016-04-03 02:51:08,280000/c37025a976e69666ca5fc1593bc899a4-d.jpg,,
21574033,Оружие подводного удара,,,,"Белошицкий В.П., Багинский Ю.М.",1960,,Военное Издательство Министерства Обороны Союза ССР,,166,0,Russian,181,www.infanata.com,,,,,,,,,,,,1146124005-хор,0,,,,,,,0,2610339,djvu,F43B53348E5412F35F23CD8A69CD3F4E,f6db675999736ed1a7ef6cb21a10a17a,no,"N:\\natahaus\\!2009\\2010-02\\[1146124005]Оружие подводного удара.-Белошицкий В.П.,Багинский Ю.М.,Военное Издательство Министерства Обороны Союза ССР.djvu",0,2000-01-01 01:00:00,2016-04-03 02:51:08,280000/f43b53348e5412f35f23cd8a69cd3f4e-d.jpg,,
21574034,Полное собрание сочинений в 91 томе. Произведения 1889-1890,Том 27,Полное собрание сочинений,,Толстой Л.Н.,1936,,Художественная литература,,774,0,Russian,102,www.infanata.com,,,,,,,,,,,,1146124006-Ска,0,,,,,,,0,23094023,djvu,DEAFD95CF5B793532E027826A7FA150F,c48a157ae03eabccd2341541fcc789c5,no,N:\\natahaus\\!2009\\2010-02\\[1146124006]Л.Н.Толстой.Полное собрание сочинений в 91 томе.- Том 27(1936).Произведения 1889-1890.-Толстой Л.Н..djvu,0,2000-01-01 01:00:00,2016-04-03 02:51:08,280000/deafd95cf5b793532e027826a7fa150f-d.jpg,,
21574035,Эволюционная теория поведения = Evolutionary theory of behavior,,,,В.Ю.Большаков,2001,,Изд-во С.-Петерб. гос. ун-та,Санкт-Петербург,495,0,Russian,15,www.infanata.com,,5-288-03014-6,,,,,,,,,,1146124011-Отл,0,,,,,,,1,27087356,pdf,A3944C45C029FF475D3780A1B4E05E37,,,"N:\\natahaus\\!2009\\2010-02\\[1146124011]Эволюционная теория поведения.-В.Ю.Большаков,СПбГУ.pdf",0,2000-01-01 01:00:00,2016-04-03 02:51:08,280000/a3944c45c029ff475d3780a1b4e05e37-d.jpg,,
21574036,Теория насыщенных моделей,,,,Сакс Дж. Е.,1976,,Мир,М.,191,0,Russian,130,www.infanata.com,,,,,,,,,,,,1146124018-хор,0,,,,,,,1,2301655,djvu,06C75F1C0DDB9F2A9754FE1785A91DBC,,,"N:\\natahaus\\!2009\\2010-02\\[1146124018]Теория насыщенных моделей.-Сакс Дж.Е.,М.-Мир.djvu",0,2000-01-01 01:00:00,2016-04-03 02:51:08,280000/06c75f1c0ddb9f2a9754fe1785a91dbc-d.jpg,,
21574037,Математическая логика,,,,Эдельман С. Л.,1975,,Высшая школа,М.,176,0,Russian,137,www.infanata.com,,,,,,,,,,,,1146124020-сре,0,,,,,,,1,1554980,djvu,FE7B35E0B9CD18F1F2F8EEA8E34DE066,,,"N:\\natahaus\\!2009\\2010-02\\[1146124020]Математическая логика(Эдельман С.).-Эдельман С.Л.,М.-Высшая школа.djvu",0,2000-01-01 01:00:00,2016-04-03 02:51:08,280000/fe7b35e0b9cd18f1f2f8eea8e34de066-d.jpg,,
21574038,Физика. Учебно-справочное пособие для старшеклассников и абитуриентов,,,,Черноуцан А.,2000,,,,6,0,Russian,183,www.infanata.com,,,,,,,,,,,,1146124021-хор,0,,,,,,,1,112915,pdf,C877BEB6AF06D1E85540EC70924DC25D,,,N:\\natahaus\\!2009\\2010-02\\[1146124021]Физика.Учебно-справочное пособие для старшеклассников и абитуриентов.-Черноуцан А.Предметный указатель.pdf,0,2000-01-01 01:00:00,2016-04-03 02:51:08,280000/c877beb6af06d1e85540ec70924dc25d-d.jpg,,
21574039,C#. Советы программистам,,,,Климов А.,2008,,,,535,0,Russian,92,www.infanata.com,,978-5-9775-0174-3,,,,,,,,,,1146124023-OCR,0,,,,,,1,1,7550950,djvu,8EFFB0AF75601CFFF1EAB6E1FC2F6E48,,,N:\\natahaus\\!2009\\2010-02\\[1146124023]C#.Советы программистам.-Климов А..djvu,0,2000-01-01 01:00:00,2016-04-03 02:51:08,280000/8effb0af75601cfff1eab6e1fc2f6e48-d.jpg,,
21574040,Непридуманное. Повесть в рассказах,,,,Лев Разгон,1989,,Книга,,290,0,Russian,64,www.infanata.com,,5-212-00218-4,,,,,,,,,OL1807813M,1146124024-хор,0,,,,,,1,1,2767561,djvu,7B065CAFC47C11808F2B15B738576DA8,,,"N:\\natahaus\\!2009\\2010-02\\[1146124024]Непридуманное.Повесть в рассказах.-Лев Разгон,Книга.djvu",0,2000-01-01 01:00:00,2016-04-03 02:51:08,280000/7b065cafc47c11808f2b15b738576da8-d.jpg,,
21574041,Снаряжение верхового коня на Алтае в раннем железном веке и средневековье = Harness in the Altai in the Iron Age and Middle Ages: Сб. науч. тр,часть 1,,,Ю.Ф. Кирюшин,1998,,Изд-во Алт. гос. ун-та,Барнаул,63,0,Russian,64,www.infanata.com,,5-7904-0040-X,,,,,,,,,OL100480M,1146124025-хор,0,,,,,,1,0,8214876,pdf,C7670E5B5DC7FCC29D328898B986A870,,,N:\\natahaus\\!2009\\2010-02\\[1146124025]Снаряжение верхового коня на Алтае в раннем железном веке и средневековье.Часть1-Ю.Ф.Кирюшин.pdf,0,2000-01-01 01:00:00,2016-04-03 02:51:08,280000/C7670E5B5DC7FCC29D328898B986A870-g.jpg,,
21574042,Снаряжение верхового коня на Алтае в раннем железном веке и средневековье = Harness in the Altai in the Iron Age and Middle Ages: Сб. науч. тр,часть 2,,,Ю.Ф. Кирюшин,1998,,Изд-во Алт. гос. ун-та,Барнаул,65,0,Russian,64,www.infanata.com,,5-7904-0040-X,,,,,,,,,OL100480M,1146124025-хор,0,,,,,,1,0,5821389,pdf,26A40B7CD195AD53740619C20C96A555,,,N:\\natahaus\\!2009\\2010-02\\[1146124025]Снаряжение верхового коня на Алтае в раннем железном веке и средневековье.Часть2-Ю.Ф.Кирюшин.pdf,0,2000-01-01 01:00:00,2016-04-03 02:51:08,280000/26A40B7CD195AD53740619C20C96A555-g.jpg,,
21574043,Александр Македонский в Бактрии и Согдиане.,,,,Э.В. Ртвеладзе,2002,,Ташкент,Ташкент,93,0,Russian,64,www.infanata.com,,,,,,,,,,,,1146124027-низ,0,,,,,,,0,18393533,pdf,0C791432A1215B5C4821C453432DAA74,,,"N:\\natahaus\\!2009\\2010-02\\[1146124027]Александр Македонский в Бактрии и Согдиане.-Ртвеладзе Эдвард Васильевич,Ташкент,.pdf",0,2000-01-01 01:00:00,2016-04-03 02:51:08,280000/0c791432a1215b5c4821c453432daa74-d.jpg,,
21574044,Александр Македонский в Бактрии и Согдиане,,,,Ртвеладзе Эдвард Васильевич,2002,,Ташкент,,93,0,Russian,64,www.infanata.com,,,,,,,,,,,,1146124027-низ,0,,,,,,,1,7452729,pdf,05A66DA192A078D0AE4F86B34D90438C,,,"N:\\natahaus\\!2009\\2010-02\\[1146124027]Александр Македонский в Бактрии и Согдиане.-Ртвеладзе Эдвард Васильевич,Ташкент,_OCR.pdf",0,2000-01-01 01:00:00,2016-04-03 02:51:08,280000/05a66da192a078d0ae4f86b34d90438c-d.jpg,,
21574045,"Москва-Вашингтон = Moscow-Washington: Дипломат. отношения, 1933-1936",,,,Г.Н.Севостьянов,2002,,Наука,Москва,545,0,Russian,64,www.infanata.com,,5-02-008785-8,,,,,,,,,OL3662622M,1146124030-Отл,0,,,,,,,1,43933888,pdf,DF087865A9D57193E7421F92E69F089B,,,"N:\\natahaus\\!2009\\2010-02\\[1146124030]Москва - Вашингтон.Дипломатические отношения.1933-1936.-Г.Н.Севостьянов,Наука.pdf",0,2000-01-01 01:00:00,2016-04-03 02:51:08,280000/df087865a9d57193e7421f92e69f089b-d.jpg,,
21574046,Мебельных дел мастер,Часть 3,,,,2010,,,,50,0,Russian,41,www.infanata.com,0,,,,,,,,,,,,0,,,,,,,1,29230598,pdf,D2FF26A456BD066273120901961B5918,,,"N:/natahaus/!2009/2010-02/[1146124037]Мебельных дел мастер.Часть 3.-Sergelin,Интернет-издание.pdf",0,2000-01-01 01:00:00,2016-04-03 02:51:08,280000/d2ff26a456bd066273120901961b5918-d.jpg,,
21574047,Строевой кавалерийский устав. Одиночное обучение,часть 1,,,Изданiе Главнаго Управленiя Генеральнаго Штаба,1912,,Военная типографiя (въ зданiи Главнаго Штаба),С.-Петербургъ,83,0,Russian,64,www.infanata.com,,,,,,,,,,,,1146124039-отл,0,,,,,,,0,15494942,pdf,E4E27D79D1D609650E028285B9D2D48F,,,"N:\\natahaus\\!2009\\2010-02\\[1146124039]Строевой кавалерийский устав.Часть I.Одиночное обучение(1912).-Изданiе Главнаго Управленiя Генеральнаго Штаба,Военн.pdf",0,2000-01-01 01:00:00,2016-04-03 02:51:08,280000/e4e27d79d1d609650e028285b9d2d48f-d.jpg,,
21574048,"Красивое мыло своими руками: варим, вырезаем, декорируем",,Азбука рукоделия,,Анна Зайцева,2008,,Эксмо,Москва,65,0,Russian,251,www.infanata.com,0,978-5-699-29360-5,,,,,,,,,,1146124042-Хор,0,,,,,,,1,14124082,pdf,8CB99D063ADEFC5F1AA1E23B3054195F,,,"N:\
atahaus!20092010-02[1146124042]Красивое мыло своими руками.-Анна Зайцева,Эксмо.PDF",0,2000-01-01 01:00:00,2016-04-03 02:51:08,280000/8cb99d063adefc5f1aa1e23b3054195f-g.jpg,,
21574049,Энциклопедия вязания на спицах. Техника. Узоры. Модели,,,,Волынкина Л.В.,2009,,Мода и рукоделие,,91,0,Russian,210,www.infanata.com,,,,,,,,,,,,1146124044-Хор,0,,,,,,,0,13638328,djvu,1E7232046DC83E15180D626E3980B7B1,673238ce29fcf2b16d28650d41943633,no,"N:\\natahaus\\!2009\\2010-02\\[1146124044]Энциклопедия вязания на спицах.Техника.Узоры.Модели.-Волынкина Л.В.,Мода и рукоделие.djvu",0,2000-01-01 01:00:00,2016-04-03 02:51:08,280000/1e7232046dc83e15180d626e3980b7b1-d.jpg,,
21574050,История русского балета,,,,Бахрушин Ю. А.,1965,,Советская Россия,,227,0,Russian,64,www.infanata.com,,,,,,,,,,,,1146124045-,0,,,,,,,1,1918569,pdf,1AF25389091500F5616211D57C09C63A,,,N:\\natahaus\\!2009\\2010-02\\[1146124045]История русского балета.-Бахрушин Ю.А..pdf,0,2000-01-01 01:00:00,2016-04-03 02:51:08,280000/1af25389091500f5616211d57c09c63a-d.jpg,,
21574051,Шум времени: Мемуар. проза. Письма. Записные книжки,,Эпохи и судьбы,,Мандельштам О.Э.,2003,,ОЛМА-Пресс,М,480,0,Russian,111,www.infanata.com,,5-94850-088-8,,,,,,,,,OL20381669M,1146124049-Наб,0,,,,,,,,1940992,doc,9640A1A66A0B262D1816F57C538B70EE,,,"N:\\natahaus\\!2009\\2010-02\\[1146124049]Мандельштам О.Э.Шум времени.-Мандельштам О.Э.,Олма-Пресс.doc",0,2000-01-01 01:00:00,2016-04-03 02:51:08,280000/9640a1a66a0b262d1816f57c538b70ee-d.jpg,,
21574052,Темари. Традиционное японское искусство вышивки шаров,,,,Маргарет Ладлоу,2008,,Ниола-Пресс,,134,0,Russian,57,www.infanata.com,,978-5-366-00221-9,,,,,,,,,,1146124053-Хор,0,,,,,,,0,16154173,djvu,C428A5F2F182492CD875EF68558BE2B1,,,"N:\\natahaus\\!2009\\2010-02\\[1146124053]Темари.Традиционное японское искусство вышивки шаров.-Маргарет Ладлоу,Ниола-Пресс.djvu",0,2000-01-01 01:00:00,2016-04-03 02:51:08,280000/C428A5F2F182492CD875EF68558BE2B1-g.jpg,,
21574053,Джаз и музыка европейской академической традиции,,,,Чернышов Александр Валерьевич,2008,,,,253,0,Russian,62,www.infanata.com,,,,,,,,,,,,1146124054-Хор,0,,,,,,,0,14019850,pdf,6384C9B76F568F74C249861C11C72396,,,N:\\natahaus\\!2009\\2010-02\\[1146124054]Джаз и музыка европейской академической традиции.-Чернышов Александр Валерьевич.pdf,0,2000-01-01 01:00:00,2016-04-03 02:51:08,280000/6384c9b76f568f74c249861c11c72396-d.jpg,,
21574054,450 узоров вязания,,,,Балашова М.Я.,2000,,Современное слово,,348,0,Russian,41,www.infanata.com,,985-443-145-2,,,,,,,,,,1146124055-Нор,0,,,,,,,0,30781666,djvu,F3A463391AA055861E36CD500CDF2A76,5cf5e67d9535565b31714e90d28ca0e3,no,"N:\\natahaus\\!2009\\2010-02\\[1146124055]450 узоров вязания.-Балашова М.Я.,Современное слово.djvu",0,2000-01-01 01:00:00,2016-04-03 02:51:08,280000/f3a463391aa055861e36cd500cdf2a76-d.jpg,,
21574055,Большая защитная книга,,Великие целители мира,,Богданович В.,2002,,Прайм-Еврознак,,343,0,Russian,205,www.infanata.com,,5-94946-009-X,,,,,,,,,OL22982237M,1146124056-Вер,0,,,,,,,1,6954870,pdf,915EF760C1455B40852FE7F0381A05E3,,,"N:\\natahaus\\!2009\\2010-02\\[1146124056]Большая защитная книга.-Богданович В.,Прайм-Еврознак.pdf",0,2000-01-01 01:00:00,2016-04-03 02:51:08,280000/915ef760c1455b40852fe7f0381a05e3-d.jpg,,
21574056,История Англии. От ледникового периода до Великой хартии вольностей,,Научно-популярная библиотека,,Айзек Азимов,2005,,Центрполиграф,,321,0,Russian,64,www.infanata.com,,5-9524-0930-X,,,,,,,,,,1146124057-Хор,0,,,,,,,0,12349142,djvu,021BFB97A6199FFCE1E36743E9386979,,,"N:\\natahaus\\!2009\\2010-02\\[1146124057]История Англии.От ледникового периода до Великой хартии вольностей.-Айзек Азимов,Центрполиграф.djvu",0,2000-01-01 01:00:00,2016-04-03 02:51:08,280000/021bfb97a6199ffce1e36743e9386979-d.jpg,,
21574057,История почты. Собачьи упряжки,,Приложение к журналу Филателия,,Бофарулл Сальвадор,2009,,Марка,Москва,82,0,Russian,64,www.infanata.com,,,,,,,,,,,,1146124060-хор,0,,,,,,,0,10702129,pdf,E15D1B5FA2392B1B52F80726783ECB4F,,,"N:\\natahaus\\!2009\\2010-02\\[1146124060]История почты.Собачьи упряжки.-Бофарулл Сальвадор,Москва.Марка.pdf",0,2000-01-01 01:00:00,2016-04-03 02:51:08,280000/e15d1b5fa2392b1b52f80726783ecb4f-d.jpg,,
21574058,Православный словарь,,,,Будур Н.,2002,,ОЛМА-Пресс,М,384,0,Russian,208,www.infanata.com,,5-224-04052-3,,,,,,,,,,1146124061-Вер,0,,,,,,,1,43916287,pdf,EA0E94B22EA442E27450F88AEF56F186,,,"N:\\natahaus\\!2009\\2010-02\\[1146124061]Будур Н.Православный словарь.-Будур Н.,Олма-Пресс.pdf",0,2000-01-01 01:00:00,2016-04-03 02:51:08,280000/ea0e94b22ea442e27450f88aef56f186-d.jpg,,
21574059,Танковые войска Гитлера: первая энциклопедия Панцерваффе,,Танковый бестселлер,,Андрей Лобанов,2010,,Эксмо,Москва,560,0,Russian,67,www.infanata.com,,978-5-699-39768-6,,,,,,,,,,1146124062-хор,0,,,,,,,1,40189810,pdf,229F06B2344FA4199E669B5C72D08D2C,,,"N:\\natahaus\\!2009\\2010-02\\[1146124062]Танковые войска Гитлера.-Андрей Лобанов,Яуза,Эксмо.pdf",0,2000-01-01 01:00:00,2016-04-03 02:51:08,280000/229f06b2344fa4199e669b5c72d08d2c-d.jpg,,
21574060,Автомобили и тракторы. Основы эргономики и дизайна,,,,"Стапанов И.С., Евграфов А.Н., Карунин А.Л., Ломакин В.В., Шапиров В.М.",2002,,МГТУ МАМИ,,230,0,Russian,289,www.infanata.com,,,,,,,,,,,,1146124065-отл,0,,,,,,,0,2040180,djvu,774A2435A905A4F78BF7C3507959E8BE,a564aa372890b12ef0fbb8fd19c578e5,no,"N:\\natahaus\\!2009\\2010-02\\[1146124065]Автомобили и тракторы.Основы эргономики и дизайна.-Стапанов И.С.,Евграфов А.Н.,Карунин А.Л.,Ломакин В.В.,Шапиров В..djvu",0,2000-01-01 01:00:00,2016-04-03 02:51:08,280000/774a2435a905a4f78bf7c3507959e8be-d.jpg,,
21574061,Логика смысла,,,,Жиль Делёз,1998,,Раритет,Москва,468,0,Russian,130,www.infanata.com,0,5-85735-095-6,,,,,,,,,,1146124066-при,0,,,,,,,1,2399456,pdf,E639FD672EFCB2782542FBFBAC0CF4E7,,,"N:/natahaus/!2009/2010-02/[1146124066]Жиль Делез.Логика смысла.-Жиль Делёз,Москва-Раритет.pdf",0,2000-01-01 01:00:00,2016-04-03 02:51:08,280000/e639fd672efcb2782542fbfbac0cf4e7-d.jpg,,
21574062,Вяжем шарфики. Крючок,,Модное вязание,,,2008,,Ниола-Пресс,,51,0,Russian,41,www.infanata.com,,978-5-366-00356-8,,,,,,,,,,1146124068-Хор,0,,,,,,,0,17600647,djvu,5EA23A95C011316F83D33621DC7345B9,,,"N:\\natahaus\\!2009\\2010-02\\[1146124068]Вяжем шарфики.Крючок.-Коллектив,Ниола-Пресс.djvu",0,2000-01-01 01:00:00,2016-04-03 02:51:08,280000/5ea23a95c011316f83d33621dc7345b9-d.jpg,,
21574063,Физическая кристаллография,,,,Васильев Д. М.,1981,,Металлургия,М.,249,0,Russian,221,www.infanata.com,,,,,,,,,,,,1146124069-сре,0,,,,,,,0,2487178,djvu,3A1AF04F92CE80ED8B5B7DD5D7513ED1,c78a956fca910f25b6f199085cec2613,no,"N:\\natahaus\\!2009\\2010-02\\[1146124069]Физическая кристаллография.-Васильев Д.М.,М.-Металлургия.djvu",0,2000-01-01 01:00:00,2016-04-03 02:51:08,280000/3a1af04f92ce80ed8b5b7dd5d7513ed1-d.jpg,,
21574064,Математический анализ. Функции нескольких вещественных переменных,,,,Шилов Г. Е.,1972,,Наука,М.,618,0,Russian,137,www.infanata.com,,,,,,,,,,,,1146124070-хор,0,,,,,,1,1,8796650,djvu,028AB7ACB67FE64E123C25D15F7DF4E7,,,"N:\\natahaus\\!2009\\2010-02\\[1146124070]Математический анализ(Шилов Г.Е.).Функции нескольких вещественных переменных.-Шилов Г.Е.,М.-Наука.djvu",0,2000-01-01 01:00:00,2016-04-03 02:51:08,280000/028AB7ACB67FE64E123C25D15F7DF4E7-g.jpg,,
21574065,Тайны ушедшего века: Сенсации. Антисенсации. Суперсенсации,,Досье. Книжная полка Николая Зеньковича,,Зенькович Н.,2003,,"Олма Медиагрупп, Олма-Пресс",М,640,0,Russian,64,www.infanata.com,,5-224-04455-3,,,,,947.084,CB425 .Z53 2004,,,OL21093052M,1146124071-Наб,0,,,,,,,,2700800,doc,E0728B33812029A499B3E095740694B3,,,"N:\\natahaus\\!2009\\2010-02\\[1146124071]Зенькович Н.Тайны ушедшего века.Сенсации.Антисенсации.Суперсенсации.-Зенькович Н.,Олма-Пресс.doc",0,2000-01-01 01:00:00,2016-04-03 02:51:08,280000/e0728b33812029a499b3e095740694b3-d.jpg,,
21574066,"Неизвестная Фемида Док., события, люди",,Архив,,"Звягинцев А., Орлов Ю.",2003,,ОЛМА-пресс,М,640,0,Russian,64,www.infanata.com,,5-224-04224-0,,,,,,,,,OL20339569M,1146124072-Наб,0,,,,,,,,2828288,doc,A7AC20B5CA5AD06782B4F64FC7AAC5B4,,,"N:\\natahaus\\!2009\\2010-02\\[1146124072]Неизвестная Фемида.-Звягинцев А.,Орлов Ю.,Олма-Пресс.doc",0,2000-01-01 01:00:00,2016-04-03 02:51:08,280000/a7ac20b5ca5ad06782b4f64fc7aac5b4-d.jpg,,
21574067,Flash: сборник рецептов: [создание приложений и анимации],,,,Дж. Лотт,2007,,"Питер, Рус. ред","Санкт-Петербург, Москва",542,0,Russian,69,www.infanata.com,,"978-5-91180-199-1,978-5-7502-0302-4",,,,,,,,,,1146124074-OCR,0,,,,,,,1,6146545,djvu,68EF139A208530645AD1942B3CFC3B64,,,"N:\\natahaus\\!2009\\2010-02\\[1146124074]Flash.Сборник рецептов.-Дж.Лотт,Питер,Русская Редакция.djvu",0,2000-01-01 01:00:00,2016-04-03 02:51:08,280000/68ef139a208530645ad1942b3cfc3b64-d.jpg,,
21574068,,Выпуск 4,,Атлас. Целый мир в твоих руках,,2008,,Де Агостини,,24,0,Russian,251,www.infanata.com,0,,,,,,,,,,,,0,,,,,,,1,18179011,pdf,57AD56146DEE3B736C07148189C202EC,,ban,N:/natahaus/!2009/2010-02/[1146124075]Атлас.Целый мир в твоих руках.Выпуск 4.-Де Агостини.pdf,0,2000-01-01 01:00:00,2016-04-03 02:51:08,280000/57ad56146dee3b736c07148189c202ec-d.jpg,,
21574069,Разработка методов диакоптики для расчета режимов больших электро-энергетических систем,,,,"О.Т.Гераскин, П.П.Кутлер",1998,,Институт повышения квалификации государственных служащих,,15,0,Russian,250,www.infanata.com,,5-8081-0005-4,,,,,,,,,,1146124077-хор,0,,,,,,,0,444809,pdf,2933E6B4063B9509976717D21902C33D,,,"N:\\natahaus\\!2009\\2010-02\\[1146124077]Разработка методов диакоптики для расчета режимов больших электро-энергетических систем.-О.Т.Гераскин,П.П.Кутлер,Ин.pdf",0,2000-01-01 01:00:00,2016-04-03 02:51:08,280000/2933e6b4063b9509976717d21902c33d-d.jpg,,
21574070,Интуиционизм,,,,Гейтинг А.,1965,,Мир,М.,201,0,Russian,114,www.infanata.com,,,,,,,,,,,,1146124079-сре,0,,,,,,,1,1564445,djvu,EF2FA380D0496F56F759C39EAA1A5459,,,"N:\\natahaus\\!2009\\2010-02\\[1146124079]Интуиционизм.-Гейтинг А.,М.-Мир.djvu",0,2000-01-01 01:00:00,2016-04-03 02:51:08,280000/EF2FA380D0496F56F759C39EAA1A5459-g.jpg,,
21574071,Транспортные машины с газотурбинными двигателями,,"2-е изд., перераб. и доп.",,,1987,,Машиностроение. Ленингр. отд-ние,,259,0,Russian,210,www.infanata.com,,,,,,,,,,,,1146124081-хор,0,,,,,,,0,15974213,pdf,0EE5FBEFB41C6D2A08069FCA2FB7A3B9,,,N:\\natahaus\\!2009\\2010-02\\[1146124081]Транспортные машины с газотурбинными двигателями.-Машиностроение.Ленингр.отд-ние.pdf,0,2000-01-01 01:00:00,2016-04-03 02:51:08,280000/0ee5fbefb41c6d2a08069fca2fb7a3b9-d.jpg,,
21574072,Автоматы и автоматические линии. Основы проектирования,часть 1,,,"Букреев И.Н., Горячев В.И., Мансуров Б.М.",2009,,Техносфера,,233,0,Russian,210,www.infanata.com,,978-5-94836-197-0,,,,,,,,,,1146124082-Хор,0,,,,,,,0,5470242,djvu,0A158487370C6D054CA7BDCBA8FB7051,f6905a085820cb3fb46b3572786e0e26,no,"N:\\natahaus\\!2009\\2010-02\\[1146124082]Автоматы и автоматические линии.Часть I.Основы проектирования.-Волчкевич Л.И.и др.,Высшая школа_i.djvu",0,2000-01-01 01:00:00,2016-04-03 02:51:08,280000/0A158487370C6D054CA7BDCBA8FB7051-g.jpg,,
21574073,Справочник молодого сварщика на контактных машинах,,,,Сергеев Н.П.,1984,,Высшая школа,,81,0,Russian,210,www.infanata.com,,,,,,,,,,,,1146124086-сре,0,,,,,,,0,17759154,djvu,F3C3F2EDAE3B6524A9D6936EFAB9D8A3,,,"N:\\natahaus\\!2009\\2010-02\\[1146124086]Справочник молодого сварщика на контактных машинах.-Сергеев Н.П.,Высшая школа.djvu",0,2000-01-01 01:00:00,2016-04-03 02:51:08,280000/f3c3f2edae3b6524a9d6936efab9d8a3-d.jpg,,
21574074,Настольная игра Jackpot,,,,,2010,,,,,0,Russian,41,www.infanata.com,,,,,,,,,,,,1146124087-отл,0,,,,,,,,111616,doc,38B445A59C5D010549C5D15615CF7E75,,,N:\\natahaus\\!2009\\2010-02\\[1146124087]Настольная игра Jackpot.-неизвестен.doc,0,2000-01-01 01:00:00,2016-04-03 02:51:08,280000/38b445a59c5d010549c5d15615cf7e75-d.jpg,,
21574075,"Сталинградская битва: Хроника, факты, люди: [В 2 кн.]",том 1,Архив,,,2002,,ОЛМА-ПРЕСС,М,912,0,Russian,64,www.infanata.com,,5-224-03664-X,,,,,,,,,OL3751438M,1146124089-Наб,0,,,,,,,,5772800,doc,61A33EF01F83A3E028D2283AFE02100D,,,"N:\\natahaus\\!2009\\2010-02\\[1146124089]Сталинградская битва.Хроника,факты,люди.В 2-х тт.Том1.-Олма-Пресс.doc",0,2000-01-01 01:00:00,2016-04-03 02:51:08,280000/61a33ef01f83a3e028d2283afe02100d-d.jpg,,
21574076,"Сталинградская битва: Хроника, факты, люди: [В 2 кн.]",том 2,Архив,,,2002,,ОЛМА-ПРЕСС,М,912,0,Russian,64,www.infanata.com,,5-224-03664-X,,,,,,,,,OL3751438M,1146124089-Наб,0,,,,,,,,3565056,doc,E2A5C82B6D94F2719A9D561C9FB0E9DB,,,"N:\\natahaus\\!2009\\2010-02\\[1146124089]Сталинградская битва.Хроника,факты,люди.В 2-х тт.Том2.-Олма-Пресс.doc",0,2000-01-01 01:00:00,2016-04-03 02:51:08,280000/e2a5c82b6d94f2719a9d561c9fb0e9db-d.jpg,,
21574077,Нюрнбергский процесс: Сборник материалов в 8 томах,Т. 6,,,Лебедева Н.С. (сост.),1996,,Юридическая литература,М.,266,0,Russian,64,www.infanata.com,,5-7260-0015-3,,,,,341.6/9/026843324,JX5439 1987,,,OL1783345M,1146124091-,0,,,,,,,0,6870194,djvu,89BB60DAD5A17AE1E3F4F9A20EFFEB5C,863dbf680499a23a6abe5a8018133d54,no,"N:\\natahaus\\!2009\\2010-02\\[1146124091]Нюрнбергский процесс-Сборник материалов в 8 томах.Т.6.-Лебедева Н.С.(сост.),М.-Юридическая литература.djvu",0,2000-01-01 01:00:00,2016-04-03 02:51:08,280000/89bb60dad5a17ae1e3f4f9a20effeb5c-d.jpg,,
21574078,Этикет в стиле гламур. Как правильно себя вести в любой ситуации,,,,Сара Ивенс,2007,,"АСТ, Астрель, ВКТ","Москва, Владимир",253,0,Russian,,www.infanata.com,,"978-5-17-046898-0,978-5-271-19503-7,0-7499-2424-1,978-5-226-00174-1",,,,,,,,,,1146124096-хор,0,,,,,,1,1,10910781,pdf,C4E8504E4E90E3253BE19936119D8A73,,,"N:\\natahaus\\!2009\\2010-02\\[1146124096]Как правильно себя вести в любой ситуации.-Сара Ивенс,АСТ,Астрель.pdf",0,2000-01-01 01:00:00,2016-04-03 02:51:08,280000/c4e8504e4e90e3253be19936119d8a73-d.jpg,,
21574079,Процессы распыливания топлива дизельными форсунками,,,,Лышевский А.С.,1963,,Государственное Научно-Техническое Издательство Машиностроительной Литературы,,181,0,Russian,243,www.infanata.com,,,,,,,,,,,,1146124097-отл,0,,,,,,,1,5168114,djvu,4CA725CE759538A921DE9CC10E8B6A42,,,"N:\\natahaus\\!2009\\2010-02\\[1146124097]Процессы распыливания топлива дизельными форсунками.-Лышевский А.С.,Государственное Научно-Техническое Издательство.djvu",0,2000-01-01 01:00:00,2016-04-03 02:51:08,280000/4ca725ce759538a921de9cc10e8b6a42-d.jpg,,
21574080,Локомотивные двигатели внутреннего сгорания,,,,Володин А.И.,1990,"2-е изд., перераб. и доп",Транспорт,М,258,0,Russian,247,www.infanata.com,,5-277-00929-9,,,,,,,,,OL1905777M,1146124098-хор,0,,,,,,,0,5115206,djvu,54676FE66449079A23125D7557E3F121,ad84ee47a1fbf4e383f5f148c6afcacb,no,"N:\\natahaus\\!2009\\2010-02\\[1146124098]Локомотивные двигатели внутреннего сгорания(2-е изд.).-Володин А.И.,Транспорт.djvu",0,2000-01-01 01:00:00,2016-04-03 02:51:08,280000/54676fe66449079a23125d7557e3f121-d.jpg,,
21574081,The Day My Brain Exploded: A True Story,,,,Ashok Rajamani,2013,,Algonquin Books,,271,0,English,,,0,"1565129970,9781565129979",,,,,,,,,,,0,,,,1,,,1,1109100,pdf,aa9d03f584bc15849aa7f823e36e9c9b,,,The_Day_My_Brain_Exploded,0,2000-01-01 01:00:00,2016-04-03 02:51:08,881000/aa9d03f584bc15849aa7f823e36e9c9b-d.jpg,,
21574082,Анри Бергсон. Творческая эволюция,,Канон философии,,Анри Бергсон,2001,,Терра-Книжный клуб,,382,0,Russian,194,www.infanata.com,,5-275-00390-0,,,,,,,,,,1146124099-Отл,0,,,,,,,1,20974932,pdf,F6A6097C11B4819A9C36CECD549A114D,,,"N:\\natahaus\\!2009\\2010-02\\[1146124099]Творческая эволюция.-Анри Бергсон,Терра-Книжный клуб.pdf",0,2000-01-01 01:00:00,2016-04-03 02:51:08,280000/f6a6097c11b4819a9c36cecd549a114d-d.jpg,,
21574083,Скульптор лика земного,,,,Григорьев С. и Емцев М.,1977,,Мысль,,193,0,Russian,181,www.infanata.com,,,,,,,,,,,,1146124100-выш,0,,,,,,1,1,6872895,djvu,057CDB37FE0879EAFA89304EE130CD2B,,,"N:\\natahaus\\!2009\\2010-02\\[1146124100]Скульптор лика земного.-Григорьев С.и Емцев М.,Мысль.djvu",0,2000-01-01 01:00:00,2016-04-03 02:51:08,280000/057cdb37fe0879eafa89304ee130cd2b-d.jpg,,
21574084,Философия природы в античности и в средние века = Philosophy of nature in antiquity and the middle ages: [Сборник],,,,,2000,,Прогресс-Традиция,Москва,604,0,Russian,64,www.infanata.com,,5-89826-067-6,,,,,,,,,,1146124101-Отл,0,,,,,,,1,32122907,pdf,A5F47F722FDD84A37CC73ECE79787A0A,,,N:\\natahaus\\!2009\\2010-02\\[1146124101]Философия природы в античности и в средние века.-Прогресс-Традиция.pdf,0,2000-01-01 01:00:00,2016-04-03 02:51:08,280000/a5f47f722fdd84a37cc73ece79787a0a-d.jpg,,
21574085,Самогипноз. Накопление Силы и Здоровья,,,,Ярослав Заблоцкий,2010,,СиэН,,,0,Russian,164,www.infanata.com,,,,,,,,,,,,1146124102-кач,0,,,,,,,,28672,doc,031D49CF3B6EA0CFD4EB2A4DA6ED908C,,,N:\\natahaus\\!2009\\2010-02\\[1146124102]Самогипноз.Накопление Силы и Здоровья.-Ярослав Заблоцкий_инструкция.doc,0,2000-01-01 01:00:00,2016-04-03 02:51:08,280000/031d49cf3b6ea0cfd4eb2a4da6ed908c-d.jpg,,
21574086,Малая механизация кузнечно-прессовых цехов. Альбом чертежей,,,,Колтун С.И. и др.,1960,,Мащгиз,,104,0,Russian,232,www.infanata.com,,,,,,,,,,,,1146124103-хор,0,,,,,,,0,10428537,djvu,717B9886C5E084256151635EF53FD6A1,2eee44ce48406d8791347f2be1f73a83,no,"N:\\natahaus\\!2009\\2010-02\\[1146124103]Малая механизация кузнечно-прессовых цехов.Альбом чертежей.-Колтун С.И.и др.,Мащгиз.djvu",0,2000-01-01 01:00:00,2016-04-03 02:51:08,280000/717b9886c5e084256151635ef53fd6a1-d.jpg,,
21574087,Электротехника. Основные понятия,,,,"Ломоносов В.Ю., Поливанов К.М.",1962,,ГЭИ,,392,0,Russian,210,www.infanata.com,,,,,,,,,,,,1146124104-нор,0,,,,,,,1,5032518,djvu,779D25EFDDAF1C422853E2BCA30A7893,,,"N:\\natahaus\\!2009\\2010-02\\[1146124104]Электротехника.Основные понятия.-Ломоносов В.Ю.,Поливанов К.М.,ГЭИ.djvu",0,2000-01-01 01:00:00,2016-04-03 02:51:08,280000/779d25efddaf1c422853e2bca30a7893-d.jpg,,
21574088,Городские теплофикационные системы,,,,Громов Н. К.,1974,,Энергия,Москва,129,0,Russian,262,www.infanata.com,,,,,,,,,,,,1146124107-300,0,,,,,,,0,4915561,djvu,D12A58F3902946E2962D6D0FA38400CE,99da9cb19338615e026d449642db68f1,no,"N:\\natahaus\\!2009\\2010-02\\[1146124107]Городские теплофикационные системы.-Громов Н.К.,Москва,Энергия.djvu",0,2000-01-01 01:00:00,2016-04-03 02:51:08,280000/d12a58f3902946e2962d6d0fa38400ce-d.jpg,,
21574089,Трейдер-Инвестор,,,,Эрик Л. Найман,2000,,ВИРА-Р,,445,0,Russian,305,www.infanata.com,,966-7808-00-2,,,,,,,,,,1146124110-сре,0,,,,,,,1,13203199,pdf,3C319844625911669CA99B18B334F829,,,"N:\\natahaus\\!2009\\2010-02\\[1146124110]Трейдер-Инвестор.-Эрик Л.Найман,ВИРА-Р.pdf",0,2000-01-01 01:00:00,2016-04-03 02:51:08,280000/3c319844625911669ca99b18b334f829-d.jpg,,
21574090,Нюрнбергский процесс: Сборник материалов в 8 томах,Т. 7,,,Лебедева Н.С. (сост.),1997,,Юридическая литература,М.,368,0,Russian,64,www.infanata.com,,5-7260-0015-3,,,,,341.6/9/026843324,JX5439 1987,,,OL1783345M,1146124111-,0,,,,,,,0,11460664,djvu,FAAB444A1C9384EC247118A4344BFC5F,8ba68101ef4f0ac321c607bc0ae273a8,no,"N:\\natahaus\\!2009\\2010-02\\[1146124111]Нюрнбергский процесс-Сборник материалов в 8 томах.Т.7.-Лебедева Н.С.(сост.),М.-Юридическая литература.djvu",0,2000-01-01 01:00:00,2016-04-03 02:51:08,280000/faab444a1c9384ec247118a4344bfc5f-d.jpg,,
21574091,Лучшие методы линий тренда Алана Эндрюса плюс пять новых техник,,,,Патрик Микула,2002,,Mikula Forecasting Co,,80,0,Russian,210,www.infanata.com,,,,,,,,,,,,1146124112-,0,,,,,,,1,2763074,pdf,85E39C537C3FB6D7D721940BF6A90ED3,,,"N:\\natahaus\\!2009\\2010-02\\[1146124112]Лучшие методы линий тренда Алана Эндрюса плюс пять новых техник.-Патрик Микула,Mikula Forecasting Co.pdf",0,2000-01-01 01:00:00,2016-04-03 02:51:08,280000/85e39c537c3fb6d7d721940bf6a90ed3-d.jpg,,
21574092,Леонтьев Д.А. Психология смысла,,Фундаментальная психология,,Леонтьев Д.А.,2003,,Смысл,,488,0,Russian,198,www.infanata.com,,5-89357-082-0,,,,,,,,,,1146124115-Отл,0,,,,,,,1,28311126,pdf,86D3FBD6A1366121CD7094E749144365,,,"N:\\natahaus\\!2009\\2010-02\\[1146124115]Леонтьев Д.А.Психология смысла.-Леонтьев Д.А.,Смысл.pdf",0,2000-01-01 01:00:00,2016-04-03 02:51:08,280000/86d3fbd6a1366121cd7094e749144365-d.jpg,,
21574093,Схемотехника систем автоматизации. Учебное пособие,,,,Агунов А. В.,2005,,,Санкт-Петербург,104,0,Russian,183,www.infanata.com,,,,,,,,,,,,1146124116-Нор,0,,,,,,1,0,2927493,djvu,715B4ECD556E8240B66D1EE90CE3A301,3ad84b6cb107a79853d140f1d566a222,no,"N:\\natahaus\\!2009\\2010-02\\[1146124116]Агунов А.В.Схемотехника систем автоматизации.Учебное пособие.-Агунов А.В.,Санкт-Петербург.djvu",0,2000-01-01 01:00:00,2016-04-03 02:51:08,280000/715b4ecd556e8240b66d1ee90ce3a301-d.jpg,,
21574094,"Вязание спицами, крючком. Элегантные модели",,"Вязание спицами, крючком",,,2008,,"Контэнт, Мир книги",,41,0,Russian,41,www.infanata.com,,978-5-486-01819-0,,,,,,,,,,1146124117-Нор,0,,,,,,,0,3677264,djvu,E51F1ADDA7D1F503CE8C55F85D091458,,,"N:\\natahaus\\!2009\\2010-02\\[1146124117]Вязание спицами,крючком.Элегантные модели.-Коллектив,Контэнт,Мир книги.djvu",0,2000-01-01 01:00:00,2016-04-03 02:51:08,280000/e51f1adda7d1f503ce8c55f85d091458-d.jpg,,
21574095,Электротехника,,,,"Б.А.Волынский, Е.Н.Зейн, В.Е.Шатерников",1987,,Энергоатомиздат,,528,0,Russian,210,www.infanata.com,,,,,,,,,,,,1146124118-нор,0,,,,,,,0,24353182,pdf,BAE72B274BC1F443F527CFCB028C6E9F,,,"N:\\natahaus\\!2009\\2010-02\\[1146124118]Электротехника.-Б.А.Волынский,Е.Н.Зейн,В.Е.Шатерников,Энергоатомиздат.pdf",0,2000-01-01 01:00:00,2016-04-03 02:51:08,280000/bae72b274bc1f443f527cfcb028c6e9f-d.jpg,,
21574096,Вязание в стиле ''sexy''.Топы. Платья. Купальники,,,,,2009,,Контэнт,,65,0,Russian,41,www.infanata.com,,978-5-98150-286-6,,,,,,,,,,1146124119-Хор,0,,,,,,,0,10784147,djvu,0F6DA6542BF2FA53D5BE0955ECC56DC7,,,"N:\\natahaus\\!2009\\2010-02\\[1146124119]Вязание в стиле sexy.Топы.Платья.Купальники.-Коллектив,Контэнт.djvu",0,2000-01-01 01:00:00,2016-04-03 02:51:08,280000/0f6da6542bf2fa53d5be0955ecc56dc7-d.jpg,,
21574097,Линейная алгебра и проективная геометрия,,,,Бэр Р.,1955,,Издательство иностранной литературы,М.,399,0,Russian,121,www.infanata.com,,,,,,,,,,,,1146124120-сре,0,,,,,,,1,6228644,djvu,FD16D95C8DA0C7EAEBA4CE5A2303F9AE,,,"N:\\natahaus\\!2009\\2010-02\\[1146124120]Линейная алгебра и проективная геометрия.-Бэр Р.,М.-Издательство иностранной литературы.djvu",0,2000-01-01 01:00:00,2016-04-03 02:51:08,280000/fd16d95c8da0c7eaeba4ce5a2303f9ae-d.jpg,,
21574098,Физические основы применения ультразвуковых волн Рэлея и Лэмба в технике,,,,Викторов И. А.,1966,,Наука,М.,169,0,Russian,210,www.infanata.com,0,,,,,,,,,,,1146124123-хор,0,,,,,,,1,1916843,djvu,95D2F9CB1BE50E3D8565804A68DFAE9A,FEBA1658C55455464C4EB22BE2660685,no,"N:/natahaus/!2009/2010-02/[1146124123]Физические основы применения ультразвуковых волн Рэлея и Лэмба в технике.-Викторов И.А.,М.-Наука.djvu",0,2000-01-01 01:00:00,2016-04-03 02:51:08,280000/95d2f9cb1be50e3d8565804a68dfae9a-d.jpg,,
21574099,Тридцать лет на Cтарой площади,,,,Брутенц К.Н.,1998,,Международные отношения,,598,0,Russian,64,www.infanata.com,,5-7133-0957-6,,,,,,,,,OL499178M,1146124124-хор,0,,,,,,,0,35682429,pdf,DAA9DE26B6A32F047B38617F9ED999FA,,,"N:\\natahaus\\!2009\\2010-02\\[1146124124]Тридцать лет на Cтарой площади.-Брутенц К.Н.,Международные отношения.pdf",0,2000-01-01 01:00:00,2016-04-03 02:51:08,280000/daa9de26b6a32f047b38617f9ed999fa-d.jpg,,
21574100,Очерки о диффузии в кристаллах,,,,Гегузин Я. Е.,1974,,Наука,М.,254,0,Russian,181,www.infanata.com,,,,,,,,,,,,1146124125-хор,0,,,,,,,1,9575613,djvu,42F5C79F6DDDA24C66CD7D1FAA166C6F,,,"N:\\natahaus\\!2009\\2010-02\\[1146124125]Очерки о диффузии в кристаллах.-Гегузин Я.Е.,М.-Наука.djvu",0,2000-01-01 01:00:00,2016-04-03 02:51:08,280000/42f5c79f6ddda24c66cd7d1faa166c6f-d.jpg,,
21574101,Большая книга мышц: гениальный путеводитель к идеальной физической форме,,Библиотека Men's Health,,Ян Кинг и Лу Шулер,2009,,Эксмо,Москва,182,0,Russian,289,www.infanata.com,,978-5-699-33185-7,,,,,,,,,,1146124129-хор,0,,,,,,1,0,40189350,pdf,7B8202C1D6F8CD4AFF323890E26E4A7E,,,"N:\\natahaus\\!2009\\2010-02\\[1146124129]Большая книга мышц.-Ян Кинг и Лу Шулер,Эксмо.pdf",0,2000-01-01 01:00:00,2016-04-03 02:51:08,280000/7b8202c1d6f8cd4aff323890e26e4a7e-d.jpg,,
21574102,Тэквондо для начинающих,,Азбука восточных единоборств для начинающих,,Балдин Е. М.,2008,,"Терра-Спорт, Олимпия Пресс",,79,0,Russian,289,www.infanata.com,,978-5-9775-0230-6,,,,,,,,,,1146124130-Хор,0,,,,,,1,0,34309835,pdf,B9790DFA0F9A5C6C0A7DA58400E747E9,,,"N:\\natahaus\\!2009\\2010-02\\[1146124130]Тэквондо для начинающих.-Карамов С.К.,Терра-Спорт,Олимпия Пресс.pdf",0,2000-01-01 01:00:00,2016-04-03 02:51:08,280000/b9790dfa0f9a5c6c0a7da58400e747e9-d.jpg,,
21574103,Ван Гог,,Великие художники Т. 18,Великие художники. Альбом 18,,2010,,"Директ-Медиа, Комсомольская правда",Москва,52,0,Russian,59,www.infanata.com,,978-5-87107-191-5,,,,,,,,,,1146124132-хор,0,,,,,,,0,17209505,djvu,D6963CF015E3662BEDE0887044ACB2D5,,ban,N:\\natahaus\\!2009\\2010-02\\[1146124132]Великие художники.Альбом 18.Ван Гог.-Москва-Директ-Медиа.ИД #Комсомольская правда#.djvu,0,2000-01-01 01:00:00,2016-04-03 02:51:08,280000/d6963cf015e3662bede0887044acb2d5-d.jpg,,
21574104,Ван Гог,,Великие художники Т. 18,,,2010,,"Директ-Медиа, Комсомольская правда",Москва,52,0,Russian,59,www.infanata.com,,978-5-87107-191-5,,,,,,,,,,1146124132-хор,0,,,,,,1,0,129649522,pdf,A395923208E5E2406114EAB89FA1B84B,,,N:\\natahaus\\!2009\\2010-02\\[1146124132]Великие художники.Альбом 18.Ван Гог.-Москва-Директ-Медиа.ИД #Комсомольская правда#.pdf,0,2000-01-01 01:00:00,2016-04-03 02:51:08,280000/a395923208e5e2406114eab89fa1b84b-d.jpg,,
21574105,Из опыта текущей войны,,,,В. Буняковский,1916,,изданiе Т-ва В.А. Березовскiй,Петроградъ,42,0,Russian,64,www.infanata.com,,,,,,,,,,,,1146124134-,0,,,,,,,0,8987754,pdf,6A121A731F9071E0464575ACF287410D,,,"N:\\natahaus\\!2009\\2010-02\\[1146124134]Буняковский В.- Из опыта текущей войны(1916).-В.Буняковский,изданiе Т-ва В.А.Березовскiй,Петроградъ.pdf",0,2000-01-01 01:00:00,2016-04-03 02:51:08,280000/6a121a731f9071e0464575acf287410d-d.jpg,,
21574106,Плешкова Мария - Денщик за повара. Поваренная книжка для военных (1914),,,,Плешкова Мария,1914,,издалъ В. Березовскiй,С.-Петербургъ,74,0,Russian,64,www.infanata.com,,,,,,,,,,,,1146124135-,0,,,,,,,0,14400654,pdf,46FBAA9E81B03D8F2A8E0DB074EA8D19,,,"N:\\natahaus\\!2009\\2010-02\\[1146124135]Денщик за повара.Поваренная книжка для военных(1914).-Плешкова Мария,издалъ В.Березовскiй,С.-Петербургъ.pdf",0,2000-01-01 01:00:00,2016-04-03 02:51:08,280000/46fbaa9e81b03d8f2a8e0db074ea8d19-d.jpg,,
21574107,Электрические машины [Учеб. для электротехн. спец. техникумов],,,,М.М. Кацман,1990,"2-е изд., перераб. и доп",Высш. шк,М,464,0,Russian,210,www.infanata.com,,5-06-000120-2,,,,,,,,,,1146124136-нор,0,,,,,,,0,24627505,pdf,1F1CA841CC0BD7CCA8A33EA13CF6739E,,,"N:\\natahaus\\!2009\\2010-02\\[1146124136]Электрические машины.-М.М.Кацман,Высшая школа.pdf",0,2000-01-01 01:00:00,2016-04-03 02:51:08,280000/1f1ca841cc0bd7cca8a33ea13cf6739e-d.jpg,,
21574108,Безлимитный холдем: Теория и практика,,Покер,,"Д. Склански, Э. Миллер",2006,,Two Plus Two Publishing,,267,0,Russian,41,www.infanata.com,,,,,,,,,,,,1146124140-отл,0,,,,,,,0,1929726,pdf,848C8255510CA3F245887EBAFE4DF4F5,,,"N:\\natahaus\\!2009\\2010-02\\[1146124140]Безлимитный холдем.Теория и практика.-Д.Склански,Э.Миллер,Two Plus Two Publishing.pdf",0,2000-01-01 01:00:00,2016-04-03 02:51:08,280000/848c8255510ca3f245887ebafe4df4f5-d.jpg,,
21574109,"Хироми Шинья - Книга о вреде «здорового питания», или как жить до 100 лет, не болея",,,,Хироми Шинья,2007,,София,,160,0,Russian,164,www.infanata.com,,978-5-91250-474-7,,,,,,,,,,1146124141-,0,,,,,,,,542208,doc,549B7148C3E13E5BB4BF33C53434422E,,,"N:\\natahaus\\!2009\\2010-02\\[1146124141]Книга о вреде #здорового питания#,или как жить до 100 лет,не болея.-Хироми Шинья,София.doc",0,2000-01-01 01:00:00,2016-04-03 02:51:08,280000/549b7148c3e13e5bb4bf33c53434422e-d.jpg,,
21574110,Бандиты в белых воротничках: как разворовывали Россию,,,,А. Максимов,1999,,ЭКСМО-Пресс,,180,0,Russian,37,www.infanata.com,,5-04-002634-X,,,,,,,,,,1146124142-отл,0,,,,,,,1,2209834,pdf,AF2F8929B07B5C6D8BEA035DE985D968,,,"N:\\natahaus\\!2009\\2010-02\\[1146124142]Бандиты в белых воротничках-как разворовывали Россию.-А.Максимов,ЭКСМО-Пресс.pdf",0,2000-01-01 01:00:00,2016-04-03 02:51:08,280000/af2f8929b07b5c6d8bea035de985d968-d.jpg,,
21574111,ЦСКА. Футбольный справочник. 2001.,,Клубы России,,Пахомов Владимир Николаевич,2001,,Терра-Спорт,М,306,0,Russian,,www.infanata.com,,5-93127-140-6,,,,,,,,,,1146124143-хор,0,,,,,,1,1,3980230,pdf,1456372CA06101EC20DEA993CBE1896D,,,"N:\\natahaus\\!2009\\2010-02\\[1146124143]ЦСКА.Футбольный справочник.2001..-Пахомов Владимир Николаевич,Терра-Спорт.pdf",0,2000-01-01 01:00:00,2016-04-03 02:51:08,280000/1456372ca06101ec20dea993cbe1896d-d.jpg,,
21574112,Занимательно о ботанике,,Эврика,,"Ивченко С.И., Художник Г.Савицкий. ",1969,,Молодая гвардия,М.,243,0,Russian,181,www.infanata.com,,,,,,,,,,,,"Scan, Djvuing: ???, 2010",0,,,,,,1,1,3578214,djvu,CD6FAC00236247DF926884C12BBFD0B4,,,"N:\\natahaus\\!2009\\2010-02\\[1146124145]Ивченко С.И.Занимательно о ботанике.-Ивченко С.И.,Молодая гвардия.djvu",0,2000-01-01 01:00:00,2016-04-03 02:51:08,280000/cd6fac00236247df926884c12bbfd0b4-d.jpg,,
21574113,Литература. 11 класс. Ответы на экзаменационные билеты,,24 часа до экзамена и ЕГЭ,,Ерохина Е. Л.,2008,,Экзамен,,130,0,Russian,314,www.infanata.com,,978-5-377-01402-7,,,,,,,,,,1146124146-хор,0,,,,,,1,1,5925827,djvu,3FD03F014A48E30AA3C3C1B2AEA01A35,,,"N:\\natahaus\\!2009\\2010-02\\[1146124146]Ерохина Е.Л.Литература.11 класс.Ответы на экзаменационные билеты.-Ерохина Е.Л.,Экзамен.djvu",0,2000-01-01 01:00:00,2016-04-03 02:51:08,280000/3fd03f014a48e30aa3c3c1b2aea01a35-d.jpg,,
21574114,"Компьютер: большой самоучитель по ремонту, сборке и модернизации",,,,Денис Колисниченко,2008,,АСТ; Прайм-ЕВРОЗНАК,"Москва, Санкт-Петербург",320,0,Russian,186,www.infanata.com,,"978-5-17-054409-7,978-5-93878-725-4",,,,,,,,,,1146124147-хор,0,,,,,,,,14247424,doc,6E8F9B6C795E4B5974BCAD36B584E471,,,"N:\\natahaus\\!2009\\2010-02\\[1146124147]Компьютер.Большой самоучитель по ремонту,сборке и модернизации.-Денис Колисниченко,АСТ.doc",0,2000-01-01 01:00:00,2016-04-03 02:51:08,280000/6e8f9b6c795e4b5974bcad36b584e471-d.jpg,,
21574115,НКВД и партизанское движение,,Архив,,Попов А.,2003,,Олма-Пресс,,384,0,Russian,64,www.infanata.com,,5-224-04328-X,,,,,,,,,OL3350711M,1146124150-Наб,0,,,,,,,,2156032,doc,7B808DE64C7CCB527CAEC35F33E31E98,,,N:\\natahaus\\!2009\\2010-02\\[1146124150]Попов А.НКВД и партизанское движение.-Попов А..doc,0,2000-01-01 01:00:00,2016-04-03 02:51:08,280000/7b808de64c7ccb527caec35f33e31e98-d.jpg,,
21574116,Битва империй: Англия против России,,Великие противостояния,,Порохов С.,2008,,"АСТ, Хранитель; Астрель-СПб","Москва, Санкт-Петербург",352,0,Russian,64,www.infanata.com,,"978-5-17-049466-8,978-5-9762-5760-3,978-5-9725-1065-8",,,,,,,,,OL23179584M,1146124151-Наб,0,,,,,,,,1797632,doc,98495D9967A6C297B6B9DD5EE11CAF8F,,,"N:\\natahaus\\!2009\\2010-02\\[1146124151]Порохов С.Битва империй.Англия против России.-Порохов С.,АСТ.doc",0,2000-01-01 01:00:00,2016-04-03 02:51:08,280000/98495d9967a6c297b6b9dd5ee11caf8f-d.jpg,,
21574117,Инвестиции,,Завтра экзамен,,Бочаров В.В.,2008,,Питер,,276,0,Russian,305,www.infanata.com,,5-91180-083-7,,,,,,,,,,1146124154-,0,,,,,,,1,3833913,pdf,87A8F1BD2EB68A88B2A45CB790F4C8E5,,,"N:\\natahaus\\!2009\\2010-02\\[1146124154]Инвестиции.-Бочаров В.В.,Питер.pdf",0,2000-01-01 01:00:00,2016-04-03 02:51:08,280000/87a8f1bd2eb68a88b2a45cb790f4c8e5-d.jpg,,
21574118,Некоронованные короли мирового бизнеса,,,,Поворин С.В.,2003,,ВШЭ,М,232,0,Russian,1,www.infanata.com,,5-7598-0221-6,,,,,,,,,,1146124157-Наб,0,,,,,,,,882176,doc,87254006C21679087F9E154439E213E2,,,"N:\\natahaus\\!2009\\2010-02\\[1146124157]Некоронованные короли мирового бизнеса.-Поворин С.В.,ГУ ВШЭ.doc",0,2000-01-01 01:00:00,2016-04-03 02:51:08,280000/87254006c21679087f9e154439e213e2-d.jpg,,
21574119,15 встреч с генералом КГБ Бельченко,,Досье,,Попов А.,2002,,ОЛМА-пресс,М,384,0,Russian,64,www.infanata.com,,5-224-03310-1,,,,,,,,,OL24071580M,1146124158-Наб,0,,,,,,,,1666048,doc,784C129CA92BAB5EB7C634ACB8B68A43,,,N:\\natahaus\\!2009\\2010-02\\[1146124158]15 встреч с генералом КГБ Бельченко.-Попов А..doc,0,2000-01-01 01:00:00,2016-04-03 02:51:08,280000/784c129ca92bab5eb7c634acb8b68a43-d.jpg,,
21574120,Западноевропейская средневековая историография,,,,Вайнштейн О. Л.,1964,,Наука,,243,0,Russian,64,www.infanata.com,,,,,,,,,,,,1146124159-хор,0,,,,,,,0,31934210,pdf,829B7CFD92606A4C09BCA41B21302884,,,"N:\\natahaus\\!2009\\2010-02\\[1146124159]Вайнштейн О.Л.Западноевропейская средневековая историография..-Вайнштейн О.Л.,Наука.pdf",0,2000-01-01 01:00:00,2016-04-03 02:51:08,280000/829b7cfd92606a4c09bca41b21302884-d.jpg,,
21574121,Вяжем теплые вещи для всей семьи,,Крючком и спицами,,Н. Ю. Дмитриева,2009,,Мир книги,Москва,138,0,Russian,41,www.infanata.com,,978-5-486-03139-7,,,,,,,,,,1146124161-Хор,0,,,,,,,0,28543070,djvu,01D94C43A80965CC398B09F1EF5368AC,,,"N:\\natahaus\\!2009\\2010-02\\[1146124161]Вяжем теплые вещи для всей семьи.-Н.Ю.Дмитриева,Ниола-Пресс.djvu",0,2000-01-01 01:00:00,2016-04-03 02:51:08,280000/01d94c43a80965cc398b09f1ef5368ac-d.jpg,,
21574122,Математический анализ. Второй специальный курс,,,,Степаненко О. С.,2009,,Диалектика,,327,0,Russian,137,www.infanata.com,,978-5-8459-1462-0,,,,,,,,,,1146124165-Хор,0,,,,,,,1,2702440,djvu,FB41AE6A9F835388E120483E1B4D8E95,,,"N:\\natahaus\\!2009\\2010-02\\[1146124165]Математический анализ(Шилов Г.Е.).Второй специальный курс.-Шилов Г.Е.,М.-Наука.djvu",0,2000-01-01 01:00:00,2016-04-03 02:51:08,280000/fb41ae6a9f835388e120483e1b4d8e95-d.jpg,,
21574123,"Суперлинкоры Америки ''Айова'', ''Миссури'', ''Нью-Джерси''",,Война на море,,Сергей Балакин,2009,,Яуза [и др.],Москва,146,0,Russian,64,www.infanata.com,,978-5-699-34873-2,,,,,,,,,,1146124169-хор,0,,,,,,1,1,54422238,pdf,2054D4EA0BC59C51DBA08D884CFFD03D,,,"N:\\natahaus\\!2009\\2010-02\\[1146124169]Суперлинкоры Америки.#Айова#,#Миссури#,#Нью-Джерси#....-Сергей Балакин,Коллекция,Яуза,Эксмо.pdf",0,2000-01-01 01:00:00,2016-04-03 02:51:08,280000/2054d4ea0bc59c51dba08d884cffd03d-d.jpg,,
21574124,Правда и вымысел о советских евреях,,Вся правда о России,,Андрей Буровский,2009,,Яуза-пресс,Москва,320,0,Russian,64,www.infanata.com,,978-5-9955-0106-0,,,,,,,,,OL24127001M,1146124170-хор,0,,,,,,,1,17165369,pdf,FDC72F787D43FCDE3BEFEB6950FFC8B9,,,"N:\\natahaus\\!2009\\2010-02\\[1146124170]Правда и вымысел о советских евреях.-Андрей Буровский,Яуза-Пресс.pdf",0,2000-01-01 01:00:00,2016-04-03 02:51:08,280000/fdc72f787d43fcde3befeb6950ffc8b9-d.jpg,,
21574125,Автоматическая электродуговая наплавка,,,,Фрумин И.И.,1961,,Металлургиздат,,212,0,Russian,232,www.infanata.com,,,,,,,,,,,,1146124173-сре,0,,,,,,,0,13512188,djvu,32AFAEF02850F8FDED472B952051DC6D,7ce576db347d89d30354a2a86d620755,no,"N:\\natahaus\\!2009\\2010-02\\[1146124173]Автоматическая электродуговая наплавка.-Фрумин И.И.,Металлургиздат.djvu",0,2000-01-01 01:00:00,2016-04-03 02:51:08,280000/32afaef02850f8fded472b952051dc6d-d.jpg,,
21574126,Сварка конструкций с дополнительной порошкообразной присадкой,,"ПМР, Повышение мастерства рабочих строительства и промышленности строительных материалов",,Ханапетов М.В.,1992,,Стройиздат,М,98,0,Russian,232,www.infanata.com,,5-274-00784-8,,,,,,,,,,1146124174-нор,0,,,,,,,0,23000703,djvu,8C8D99A7CCDD8C0CB6662A2A16F0E0B9,,,"N:\\natahaus\\!2009\\2010-02\\[1146124174]Сварка конструкций с дополнительной порошкообразной присадкой.-Ханапетов М.В.,Стройиздат.djvu",0,2000-01-01 01:00:00,2016-04-03 02:51:08,280000/8c8d99a7ccdd8c0cb6662a2a16f0e0b9-d.jpg,,
21574127,Сварка строительных металлоконструкций порошковой проволокой,,МРБ-0226,,Каминир Л. Б.,1955,,Госэнергоизд,,89,0,Russian,221,www.infanata.com,,,,,,,,,,,,1146124175-Хор,0,,,,,,,0,16522509,djvu,4712BC78ECF09084963E702E10731A33,,,"N:\\natahaus\\!2009\\2010-02\\[1146124175]Сварка строительных металлоконструкций порошковой проволокой.-Шинкарев Б.Н.,Суптель А.М.,Будiвельник.djvu",0,2000-01-01 01:00:00,2016-04-03 02:51:08,280000/4712bc78ecf09084963e702e10731a33-d.jpg,,
21574128,Домашнее золото,,,,Стив Прайс,2007,,Интернет Сервисез Интернешнл,,130,0,Russian,41,www.infanata.com,,966-407-022-X,,,,,,,,,,1146124177-хор,0,,,,,,,0,5706076,pdf,E9A4BA932F2F2F25AA7AEE74FA66D2D7,,,"N:\\natahaus\\!2009\\2010-02\\[1146124177]Домашнее золото.-Стив Прайс,Интернет Сервисез Интернешнл.pdf",0,2000-01-01 01:00:00,2016-04-03 02:51:08,280000/e9a4ba932f2f2f25aa7aee74fa66d2d7-d.jpg,,
21574129,Психогенные факторы нарушения здоровья у старших дошкольников,,,,Войнова Елена Юрьевна,2009,,,,177,0,Russian,164,www.infanata.com,,,,,,,,,,,,1146124178-Хор,0,,,,,,,0,10975747,pdf,7897F65E2C7C3C76A2865D68B71E0915,,,N:\\natahaus\\!2009\\2010-02\\[1146124178]Психогенные факторы нарушения здоровья у старших дошкольников.-Войнова Елена Юрьевна.pdf,0,2000-01-01 01:00:00,2016-04-03 02:51:08,280000/7897f65e2c7c3c76a2865d68b71e0915-d.jpg,,
21574130,Компьютерная обработка и распознавание изображений: учебное пособие,,,,"Фисенко В. Т. , Фисенко Т. Ю.",2008,,СПбГУ ИТМО,,195,0,Russian,183,www.infanata.com,,,,,,,,,,,,1146124179-отл,0,,,,,,,1,6617529,pdf,845327A3257ADCB2C75093D368794BBA,,,"N:\\natahaus\\!2009\\2010-02\\[1146124179]Компьютерная обработка и распознавание изображений-учебное пособие.-Фисенко В.Т.,Фисенко Т.Ю.,СПбГУ ИТМО.pdf",0,2000-01-01 01:00:00,2016-04-03 02:51:08,280000/845327a3257adcb2c75093d368794bba-d.jpg,,
21574131,Самые открытые люди. Энциклопедия биографий,,Элита,,Зенькович Н.,2004,,ОЛМА-ПРЕСС Звезд. мир,М,921,0,Russian,188,www.infanata.com,,5-94850-036-5,,,,,,,,,OL3322834M,1146124180-Наб,0,,,,,,,,4675072,doc,737B1886BBF94288CE391091C16E164B,,,"N:\\natahaus\\!2009\\2010-02\\[1146124180]Зенькович Н.Самые открытые люди.Энциклопедия биографий.-Зенькович Н.,Олма-Пресс.doc",0,2000-01-01 01:00:00,2016-04-03 02:51:08,280000/737b1886bbf94288ce391091c16e164b-d.jpg,,
21574132,Беседы о животноводстве. ,,Эврика,,Новиков Ю. Ф.,1975,,Молодая Гвардия,М,225,0,Russian,181,www.infanata.com,,,,,,,,,,,,1146124181-оче,0,,,,,,1,1,6004024,djvu,9FD0F372329E00CA9358BE8A2E7BC2BB,,,"N:\\natahaus\\!2009\\2010-02\\[1146124181]Новиков Ю.Ф.Беседы о животноводстве.-Новиков Ю.Ф.,Молодая гвардия.djvu",0,2000-01-01 01:00:00,2016-04-03 02:51:08,280000/9fd0f372329e00ca9358be8a2e7bc2bb-d.jpg,,
21574133,Избранные партии (1926—1936),,,,Ботвинник М.М.,1938,,Физкультура и спорт,М.; Л.,371,0,Russian,289,www.infanata.com,,,,,,,,,,,,1146124183-удо,0,,,,,,,0,5266325,djvu,622E20EAD44DFDFD9332150165E926D5,85eb13ccdb2b7a425143953e9ac50b39,no,"N:\\natahaus\\!2009\\2010-02\\[1146124183]Ботвинник М.М. Избранные партии(1926#1936).-Ботвинник М.М.,М.; Л.-Физкультура и спорт.djvu",0,2000-01-01 01:00:00,2016-04-03 02:51:08,280000/622e20ead44dfdfd9332150165e926d5-d.gif,,
21574134,Световой дизайн города,,,,Щепетков Н.И.,2006,,Архитектура-С,,320,0,Russian,58,www.infanata.com,,5-9647-0103-5,,,,,,,,,,1146124184-хор,0,,,,,,,0,78150273,djvu,AF46A23DE71F8B3E3F56CBB05B3F3108,,,"N:\\natahaus\\!2009\\2010-02\\[1146124184]Световой дизайн города.-Щепетков Н.И.,Архитектура-С.djvu",0,2000-01-01 01:00:00,2016-04-03 02:51:08,280000/af46a23de71f8b3e3f56cbb05b3f3108-d.jpg,,
21574135,Современный психоанализ. Теория ,том 1,,,"Томэ X., Кэхеле X.",1996,,"Издательская группа Прогресс  — Литера,  Издательство Агентства Яхтсмен",М.,576,0,Russian,248,www.infanata.com,,"354016876,3-540-15386-1,5010045494",,,,,,,,,OL12772091M,1146124185-1:1,0,,,,,,,1,35663665,pdf,4EE5B37DDC4D771F9CA232CB2AED47BD,,,"N:\\natahaus\\!2009\\2010-02\\[1146124185]Современный психоанализ.Т.1.Теория.-Томэ X.,Кэхеле X.,М.pdf",0,2000-01-01 01:00:00,2016-04-03 02:51:08,280000/4ee5b37ddc4d771f9ca232cb2aed47bd-d.jpg,,
21574136,Современный психоанализ. Практика,том 2,,,"Томэ X., Кэхеле X.",1996,,"Издательская группа Прогресс  — Литера,  Издательство Агентства Яхтсмен",М.,776,0,Russian,248,www.infanata.com,,,,,,,,,,,,1146124185-1:1,0,,,,,,,1,45229663,pdf,B7B019C99A1C3F14CE16D425B4549B26,,,"N:\\natahaus\\!2009\\2010-02\\[1146124185]Современный психоанализ.Т.2.Практика.-Томэ X.,Кэхеле X.,М.pdf",0,2000-01-01 01:00:00,2016-04-03 02:51:08,280000/b7b019c99a1c3f14ce16d425b4549b26-d.jpg,,
21574137,Графика современного знака,,,,Серов Сергей Иванович,2005,,Линия График,,404,0,Russian,140,www.infanata.com,,900395-07-3,,,,,,,,,,1146124186-,0,,,,,,1,1,9599659,pdf,60C17EC495080BE50DDF61DF1264F531,,,"N:\\natahaus\\!2009\\2010-02\\[1146124186]Графика современного знака.-Серов Сергей Иванович,Линия График.pdf",0,2000-01-01 01:00:00,2016-04-03 02:51:08,280000/60c17ec495080be50ddf61df1264f531-d.jpg,,
21574138,Библиотека русской сказки,,,,Составитель: Круглов Ю. Г.,1992,,,,370,0,Russian,,www.infanata.com,,,,,,,,,,,,1146124187-Хор,0,,,,,,,0,4638896,djvu,8CABCD0BDDFEC2DACEC12525EA1E1067,539530f7a28936575b2d506ae66ae6f7,no,N:\\natahaus\\!2009\\2010-02\\[1146124187]Библиотека русской сказки.-Составитель-Круглов Ю.Г..djvu,0,2000-01-01 01:00:00,2016-04-03 02:51:08,280000/8cabcd0bddfec2dacec12525ea1e1067-d.jpg,,
21574139,The Dog Collection 3: Сибирский хаски,,The Dog Collection,,Мартин Медрано (главный редактор),2010,,ДжИ Фаббри Эдишинз,,20,0,Russian,23,www.infanata.com,,,,,,,,,,,,1146124190-хор,0,,,,,,,0,19151735,pdf,BF8D3017739EB1ED74D80D589C3E6B60,,,"N:\\natahaus\\!2009\\2010-02\\[1146124190]The Dog Collection 3-Сибирский хаски.-Мартин Медрано(главный редактор),ДжИ Фаббри Эдишинз.pdf",0,2000-01-01 01:00:00,2016-04-03 02:51:08,280000/BF8D3017739EB1ED74D80D589C3E6B60-g.jpg,,
21574140,Электротехника,,,,"Ломоносов В.Ю., Поливанов К.М., Михайлов О.П.",1990,,Энергоатомиздат,М,400,0,Russian,210,www.infanata.com,,5-283-00596-8,,,,,,,,,OL1773447M,1146124192-сре,0,,,,,,,0,14687461,pdf,B507AB8B85F4B2FEE9301E756BE8D72A,,,"N:\\natahaus\\!2009\\2010-02\\[1146124192]Электротехника.-Ломоносов В.Ю.,Поливанов К.М.,Михайлов О.П.,Энергоатомиздат.pdf",0,2000-01-01 01:00:00,2016-04-03 02:51:08,280000/b507ab8b85f4b2fee9301e756be8d72a-d.jpg,,
21574141,"Боевой устав бронетанковых и механизированных войск Красной Армии. Танк, танковый взвод, танковая рота",часть 1,,,Вольский В.Т.,1944,,Военное издательство Народного Комисариата Обороны,,211,0,Russian,67,www.infanata.com,,,,,,,,,,,,1146124193-,0,,,,,,,0,7615135,pdf,7A7B105725AB4CBE270FCBA303C1B101,,,"N:\\natahaus\\!2009\\2010-02\\[1146124193]Боевой устав бронетанковых и механизированных войск Красной Армии.Часть 1.Танк,танковый взвод,танковая рота(1944).-.pdf",0,2000-01-01 01:00:00,2016-04-03 02:51:08,280000/7a7b105725ab4cbe270fcba303c1b101-d.jpg,,
21574142,Бой танка с танками,,,,Клейн Г.,1942,,Воениздат НКО СССР,,34,0,Russian,67,www.infanata.com,,,,,,,,,,,,1146124194-,0,,,,,,1,0,7650148,pdf,AD8661B34F1D29375B3B022F90E063F0,,,"N:\\natahaus\\!2009\\2010-02\\[1146124194]Бой танка с танками(1942).-Клейн Г.,Воениздат НКО СССР.pdf",0,2000-01-01 01:00:00,2016-04-03 02:51:08,280000/ad8661b34f1d29375b3b022f90e063f0-d.jpg,,
21574143,Методы и средства диагностики оборудования высокого напряжения,,,,Сви М.,1992,,Энергоатомиздат,М,238,0,Russian,262,www.infanata.com,,5-283-01062-7,,,,,,,,,,1146124195-хор,0,,,,,,,0,2428740,djvu,154FB4918F69DEB496ADBBDC5C93F257,5c862466c6a2a2ade7808f43d5224807,no,"N:\\natahaus\\!2009\\2010-02\\[1146124195]Методы и средства диагностики оборудования высокого напряжения.-Сви М.,Энергоатомиздат.djvu",0,2000-01-01 01:00:00,2016-04-03 02:51:08,280000/154fb4918f69deb496adbbdc5c93f257-d.jpg,,
21574144,Подготовка войскового разведчика,,,,"П.Я.Поповских, А.В. Кукушкин, В.Н. Астанин, П.Ф. Юрченко, В.М. Савость",1991,,Воениздат,,,0,Russian,293,www.infanata.com,,,,,,,,,,,,1146124197-,0,,,,,,,,7752704,doc,C16DDFE9B9BE9B508409366158BFDA79,,,"N:\\natahaus\\!2009\\2010-02\\[1146124197]Подготовка войскового разведчика.-П.Я.Поповских,А.В.Кукушкин,В.Н.Астанин,П.Ф.Юрченко,В.М.Савость,Воениздат.doc",0,2000-01-01 01:00:00,2016-04-03 02:51:08,280000/c16ddfe9b9be9b508409366158bfda79-d.jpg,,
21574145,Шеф сыскной полиции Санкт-Петербурга И.Д.Путилин. В 2-х тт.,том 1,,,,2003,,Олма-Пресс,,480,0,Russian,64,www.infanata.com,,5-224-03867-7,,,,,,,,,,1146124200-Наб,0,,,,,,,,2413568,doc,66D1DB49E6B60C694F468B536ED06FB2,,,N:\\natahaus\\!2009\\2010-02\\[1146124200]Шеф сыскной полиции Санкт-Петербурга И.Д.Путилин.В 2-х тт.Том1.-Олма-Пресс.doc,0,2000-01-01 01:00:00,2016-04-03 02:51:08,280000/66d1db49e6b60c694f468b536ed06fb2-d.jpg,,
21574146,Шеф сыскной полиции Санкт-Петербурга И.Д.Путилин. В 2-х тт.,том 2,,,,2003,,Олма-Пресс,,480,0,Russian,64,www.infanata.com,,5-224-03867-7,,,,,,,,,,1146124200-Наб,0,,,,,,,,3770880,doc,97E91445CC56D548862DFCB41712DFB1,,,N:\\natahaus\\!2009\\2010-02\\[1146124200]Шеф сыскной полиции Санкт-Петербурга И.Д.Путилин.В 2-х тт.Том2.-Олма-Пресс.doc,0,2000-01-01 01:00:00,2016-04-03 02:51:08,280000/97e91445cc56d548862dfcb41712dfb1-d.jpg,,
21574147,Последний очевидец: Мемуары. Очерки. Сны,,Эпохи и судьбы,,Шульгин В.,2002,,ОЛМА-ПРЕСС,М,590,0,Russian,68,www.infanata.com,,5-94850-028-4,,,,,,,,,OL3750253M,1146124201-Наб,0,,,,,,,,3224064,doc,7171D3CBC7BFC3C44BC98EA2708788AF,,,"N:\\natahaus\\!2009\\2010-02\\[1146124201]Шульгин В.Последний очевидец.Мемуары.Очерки.Сны.-Шульгин В.,Олма-Пресс.doc",0,2000-01-01 01:00:00,2016-04-03 02:51:08,280000/7171d3cbc7bfc3c44bc98ea2708788af-d.jpg,,
21574148,Алгебра: сборник заданий для подготовки к ГИА в 9 кл,,Государственная итоговая аттестация,,"Л. В. Кузнецова, С. Б. Суворова, Е. А. Бунимович и др.",2010,,Просвещение,,242,0,Russian,114,www.infanata.com,,978-5-09-022180-1,,,,,,,,,,1146124202-хор,0,,,,,,1,1,3653012,djvu,3950216DF789AE264E0FFB1562642D87,,,"N:\\natahaus\\!2009\\2010-02\\[1146124202]Алгебра-сборник заданий для подготовки к ГИА в 9 кл.-Л.В.Кузнецова,С.Б.Суворова,Е.А.Бунимович и др.,Просвещение.djvu",0,2000-01-01 01:00:00,2016-04-03 02:51:08,280000/3950216df789ae264e0ffb1562642d87-d.jpg,,
21574149,Автоматическое регулирование и управление двигателей внутреннего сгорания [Учеб. для вузов по спец. ''Двигатели внутр. сгорания''],,,,В.И. Крутов,1989,"[5-е изд., перераб. и доп.]",Машиностроение,М,417,0,Russian,220,www.infanata.com,,5-217-00341-3,,,,,,,,,,1146124207-хор,0,,,,,,1,1,8253010,djvu,E5B15730452AEA477A50BE410E57F6B6,,,"N:\\natahaus\\!2009\\2010-02\\[1146124207]Автоматическое регулирование и управление двигателей внутреннего сгорания.-В.И.Крутов,Машиностроение.djvu",0,2000-01-01 01:00:00,2016-04-03 02:51:08,280000/e5b15730452aea477a50be410e57f6b6-d.jpg,,
21574150,Очень хороший самоучитель пользователя компьютером: как самому устранить 90% неисправностей в компьютере и увеличить его возможности,,,,Денис Колисниченко,2008,,АСТ; Прайм-Еврознак,"Москва, Санкт-Петербург",288,0,Russian,186,www.infanata.com,,"978-5-17-054408-0,78-59713-8731-2,978-5-93878-775-9",,,,,,,,,,1146124208-отл,0,,,,,,,,7422464,doc,ABD844B9761CEAA69AFB6F7B62C23071,,,"N:\\natahaus\\!2009\\2010-02\\[1146124208]Очень хороший самоучитель пользователя компьютером.-Денис Колисниченко,АСТ.doc",0,2000-01-01 01:00:00,2016-04-03 02:51:08,280000/abd844b9761ceaa69afb6f7b62c23071-d.jpg,,
21574151,Электропроводка своими руками,,,,Семеновский И.П.,2009,,Самиздат,,64,0,Russian,41,www.infanata.com,,,,,,,,,,,,1146124210-отл,0,,,,,,,,8327168,doc,D972B7421CEB8075A2629F10C6CF9856,,,"N:\\natahaus\\!2009\\2010-02\\[1146124210]Электропроводка своими руками.-Семеновский И.П.,Самиздат.doc",0,2000-01-01 01:00:00,2016-04-03 02:51:08,280000/d972b7421ceb8075a2629f10c6cf9856-d.jpg,,
21574152,"Электрооборудование производств: справочное пособие: учебное пособие для студентов высших учебных заведений, обучающихся по неэлектротехническим специальностям направлений подготовки дипломированных специалистов в области техники и технологии",,,,Рекус Г.Г.,2007,,Высш. шк,Москва,357,0,Russian,210,www.infanata.com,,978-5-06-004414-0,,,,,,,,,,1146124211-сре,0,,,,,,,0,18479616,djvu,439A0EE490B26C7B54A3A0DA4CB4A1DF,219a4581863450027d3549957bf21202,no,"N:\\natahaus\\!2009\\2010-02\\[1146124211]Электрооборудование производств.-Рекус Г.Г.,Высшая школа.djvu",0,2000-01-01 01:00:00,2016-04-03 02:51:08,280000/439a0ee490b26c7b54a3a0da4cb4a1df-d.jpg,,
21574153,Рецептурный справочник по 14 основным точкам Чжэньцзю,,,,"Максимовский Д.В., Моренков А.В.",1993,,Новосибирск,,106,0,Russian,,www.infanata.com,,,,,,,,,,,,1146124216-,0,,,,,,,,727552,doc,27DB6275A6D153F9E6D0D955FA55CD52,,,"N:\\natahaus\\!2009\\2010-02\\[1146124216]Рецептурный справочник по 14 основным точкам Чжэньцзю.-Максимовский Д.В.,Моренков А.В.,Новосибирск.doc",0,2000-01-01 01:00:00,2016-04-03 02:51:08,,,
21574154,Полное собрание сочинений в 91 томе. Царство Божие внутри нас 1890-1893,том 28,Полное собрание сочинений,,Толстой Л.Н.,1957,,Художественная литература,,442,0,Russian,102,www.infanata.com,,,,,,,,,,,,1146124218-Ска,0,,,,,,,0,14696766,djvu,4884ED2C9D49FFEC2E9F8B01F704EC15,5e36d84f655fd80fc7140a6daf4534a4,no,N:\\natahaus\\!2009\\2010-02\\[1146124218]Л.Н.Толстой.Полное собрание сочинений в 91 томе.- Том 28(1957).Царство Божие внутри нас 1890-1893.-Толстой Л.Н..djvu,0,2000-01-01 01:00:00,2016-04-03 02:51:08,280000/4884ed2c9d49ffec2e9f8b01f704ec15-d.jpg,,
21574155,Внутреннее устройство Microsoft Windows SharePoint Services 3.0,,,,"Паттисон Т., Ларсон Д.",2008,,Питер,,445,0,Russian,87,www.infanata.com,,978-5-388-00033-0,,,,,,,,,,1146124220-хор,0,,,,,,,0,37179752,djvu,9704BCF678F580739118C3BA45F77C5E,e495b940da6930af1397c7148f709145,no,"N:\\natahaus\\!2009\\2010-02\\[1146124220]Внутреннее устройство Microsoft Windows SharePoint Services 3.0.-Паттисон Т.,Ларсон Д.,Питер.djvu",0,2000-01-01 01:00:00,2016-04-03 02:51:08,280000/9704bcf678f580739118c3ba45f77c5e-d.jpg,,
21574156,"Дополнение к наставлениям по стрелковому делу 7,62-мм АК и АКС, АКМ и АКМС, РПК и РПКС",,,,Гулевич И.Д. (ред.),1976,,Воениздат,,202,0,Russian,69,www.infanata.com,,,,,,,,,,,,1146124222-отл,0,,,,,,,0,2969499,djvu,D9FA304DEC8AEB177045F022BA04D854,fbe2cd5e37511bfb677e9c37b9a85278,no,"N:\\natahaus\\!2009\\2010-02\\[1146124222]Дополнение к наставлениям по стрелковому делу 7,62-мм АК и АКС,АКМ и АКМС,РПК и РПКС.-под ред.Гулевича И.Д.,Военизд.djvu",0,2000-01-01 01:00:00,2016-04-03 02:51:08,280000/d9fa304dec8aeb177045f022ba04d854-d.jpg,,
21574157,Классическая Греция,,Гиды цивилизаций,,Анн-Мари Бюттен,2006,,Вече,,386,0,Russian,34,www.infanata.com,,5-9533-1522-8,,,,,,,,,,1146124223-Хор,0,,,,,,,1,13818297,djvu,00D6DEBC13B0287CF2B50F4E154231D7,,,"N:\\natahaus\\!2009\\2010-02\\[1146124223]Классическая Греция.-Анн-Мари Бюттен,Вече.djvu",0,2000-01-01 01:00:00,2016-04-03 02:51:08,280000/00d6debc13b0287cf2b50f4e154231d7-d.jpg,,
21574158,Дело всей жизни,,Военные мемуары,,Василевский А.М.,2002,,ОЛМА-Пресс,М,592,0,Russian,68,www.infanata.com,,5-94850-045-4,,,,,,,,,,1146124226-Наб,0,,,,,,,,3190784,doc,74070939783333F5939A28C75C37DBE6,,,"N:\\natahaus\\!2009\\2010-02\\[1146124226]Василевский А.М.Дело всей жизни.-Василевский А.М.,Олма-Пресс.doc",0,2000-01-01 01:00:00,2016-04-03 02:51:08,280000/74070939783333f5939a28c75c37dbe6-d.jpg,,
21574159,Православные брак и семья,,,,Екатерина Щеголева,2003,,ОЛМА-пресс,М,192,0,Russian,208,www.infanata.com,,5-224-04089-2,,,,,,,,,OL23600106M,1146124227-Наб,0,,,,,,,,768000,doc,7F24931B4F6FA76A95999CC908CEAA51,,,"N:\\natahaus\\!2009\\2010-02\\[1146124227]Православные брак и семья.-Екатерина Щеголева,Олма-Пресс.doc",0,2000-01-01 01:00:00,2016-04-03 02:51:08,280000/7f24931b4f6fa76a95999cc908ceaa51-d.jpg,,
21574160,Физика школьный иллюстрированный справочник,,,,"Крис Окслед, Корин Стокли, Джейн Уэртхайм",1995,,Росмен,,128,0,Russian,264,www.infanata.com,,5-7519-0148-7,,,,,,,,,,1146124228-хор,0,,,,,,,0,42933986,pdf,64AC2581BCFD94584E641B9194D7E183,,,"N:\\natahaus\\!2009\\2010-02\\[1146124228]Физика школьный иллюстрированный справочник.-Крис Окслед,Корин Стокли,Джейн Уэртхайм,Росмен.pdf",0,2000-01-01 01:00:00,2016-04-03 02:51:08,280000/64ac2581bcfd94584e641b9194d7e183-d.jpg,,
21574161,Химия. Школьный иллюстрированный справочник,,Школьные иллюстрированные справочники,,Джейн Верзейм,1995,,Росмэн,М,66,0,Russian,,www.infanata.com,,5-7519-0150-9,,,,,,,,,,1146124229-хор,0,,,,,,,0,109966177,pdf,C1FA4A57C9C9E5B2A4E87DEDD9A71084,,,N:\\natahaus\\!2009\\2010-02\\[1146124229]Химия.Школьный иллюстрированный справочник.-Джейн Верзейм.pdf,0,2000-01-01 01:00:00,2016-04-03 02:51:08,280000/c1fa4a57c9c9e5b2a4e87dedd9a71084-d.jpg,,
21574162,Библиотека русской сказки,,,,Составитель: Круглов Ю. Г.,1992,,,,338,0,Russian,,www.infanata.com,,,,,,,,,,,,1146124231-,0,,,,,,,0,4824833,djvu,D533FFD1DF4D14C69800185976DA985D,922a91b4fd3a3e61283a0f5846e3a47a,no,N:\\natahaus\\!2009\\2010-02\\[1146124231]Библиотека русской сказки.-Составитель-Круглов Ю.Г..djvu,0,2000-01-01 01:00:00,2016-04-03 02:51:08,280000/d533ffd1df4d14c69800185976da985d-d.jpg,,
21574163,Записки пресс-атташе,,,,Константинов Владимир Сергеевич,1998,,,,34,0,Russian,289,www.infanata.com,,,,,,,,,,,,1146124233-хор,0,,,,,,1,1,1103963,pdf,F28162E6D48DD72F662C97FACC56C551,,,N:\\natahaus\\!2009\\2010-02\\[1146124233]Записки пресс-атташе.Константинов В.С..-Константинов Владимир Сергеевич.pdf,0,2000-01-01 01:00:00,2016-04-03 02:51:08,280000/f28162e6d48dd72f662c97facc56c551-d.jpg,,
21574164,Александр Рар. Владимир Путин. ''Немец'' в Кремле,,Досье,,Александр Рар,2002,,Олма-Пресс,,320,0,Russian,,www.infanata.com,,5-224-03253-9,,,,,,,,,,1146124235-Наб,0,,,,,,,,1142784,doc,D33D9C8A8F20DA5EE69281FE862ADE4F,,,"N:\\natahaus\\!2009\\2010-02\\[1146124235]Владимир Путин.Немец в Кремле.-Александр Рар,Олма-Пресс.doc",0,2000-01-01 01:00:00,2016-04-03 02:51:08,280000/d33d9c8a8f20da5ee69281fe862ade4f-d.jpg,,
21574165,Гражданская война в Испании. 1936-1939 гг,,Архив,,Платошкин Н.,2005,,"Олма-Пресс, Крас. пролетарий",М,480,0,Russian,64,www.infanata.com,,"5-224-04456-1,5-85197-271-8",,,,,,,,,,1146124236-Наб,0,,,,,,,,2572288,doc,E66C5800B38D78A93424C802B1AC267D,,,"N:\\natahaus\\!2009\\2010-02\\[1146124236]Платошкин Н. Гражданская война в Испании.1936-1939.-Платошкин Н.,Олма-Пресс.doc",0,2000-01-01 01:00:00,2016-04-03 02:51:08,280000/e66c5800b38d78a93424c802b1ac267d-d.jpg,,
21574166,Полное собрание сочинений в 91 томе. Произведения 1891-1894,Том 29,Полное собрание сочинений,,Толстой Л.Н.,1954,,Художественная литература,,476,0,Russian,102,www.infanata.com,,,,,,,,,,,,1146124237-Ска,0,,,,,,,0,13653855,djvu,3B80B2C7686F96525029C12CE10A760B,efa8069b7a8e5157d5b8dcf42b6cb7f7,no,N:\\natahaus\\!2009\\2010-02\\[1146124237]Л.Н.Толстой.Полное собрание сочинений в 91 томе.- Том 29(1954).Произведения 1891-1894.-Толстой Л.Н..djvu,0,2000-01-01 01:00:00,2016-04-03 02:51:08,280000/3b80b2c7686f96525029c12ce10a760b-d.jpg,,
21574167,Обвиняются в шпионаже,,Досье,,"А. Михайлов, В. Томаровский",2004,,Олма-Пресс,,416,0,Russian,64,www.infanata.com,,5-94849-425-X,,,,,,,,,,1146124238-Наб,0,,,,,,,,881664,doc,F410E444EAA0928AB2F56A0EFBDC86DA,,,"N:\\natahaus\\!2009\\2010-02\\[1146124238]Обвиняются в шпионаже.-А.Михайлов,В.Томаровский,Олма-Пресс.doc",0,2000-01-01 01:00:00,2016-04-03 02:51:08,280000/f410e444eaa0928ab2f56a0efbdc86da-d.jpg,,
21574168,Эликсир жизни: Мудрость тысячелетий: Антология,,Мудрость тысячелетий,,,2002,,ОЛМА-ПРЕСС,М,782,0,Russian,111,www.infanata.com,,5-224-03927-4,,,,,,,,,,1146124239-Наб,0,,,,,,,,2800640,doc,28456490DE63ACA5EF8C7F462FC8C6E4,,,N:\\natahaus\\!2009\\2010-02\\[1146124239]Эликсир жизни.Мудрость тысячелетий.-Олма-Пресс.doc,0,2000-01-01 01:00:00,2016-04-03 02:51:08,280000/28456490de63aca5ef8c7f462fc8c6e4-d.jpg,,
21574169,Хожение за три моря Афанасия Никитина,,Литературные памятники,,Афанасий Никитин,1958,,АН СССР,,289,0,Russian,34,www.infanata.com,,,,,,,,,,,,1146124243-нор,0,,,,,,,1,7499968,djvu,ECFB4EF7DCE317CFC4723858D52F8AF4,,,"N:\\natahaus\\!2009\\2010-02\\[1146124243]Хожение за три моря Афанасия Никитина.-Афанасий Никитин,АН СССР.djvu",0,2000-01-01 01:00:00,2016-04-03 02:51:08,280000/ecfb4ef7dce317cfc4723858d52f8af4-d.jpg,,
21574170,Народные сказки,том 3,,,Составитель: Круглов Ю. Г.,1993,,,,322,0,Russian,,www.infanata.com,,,,,,,,,,,,1146124244-Хор,0,,,,,,,0,4837221,djvu,AAE8312A6CDEE39E30BF3DEB490749F6,55574b7a7acf7f2c2d18560804d1da7e,no,N:\\natahaus\\!2009\\2010-02\\[1146124244]Народные сказки.т.3..-Составитель-Круглов Ю.Г..djvu,0,2000-01-01 01:00:00,2016-04-03 02:51:08,280000/aae8312a6cdee39e30bf3deb490749f6-d.jpg,,
21574171,,,БАБУШКА. Энциклопедия народной медицины том 61,,Бондарева С.,2010,,Бабушка (Рецепты от 100 бед),Кировоград,82,0,Russian,188,www.infanata.com,,,,,,,,,,,,1146124245-хор,0,,,,,,,0,6824758,djvu,F5AF69C35464B0142D978D32478E2668,44d2633b52e7730feeb8ca34b4ae844c,no,"N:\\natahaus\\!2009\\2010-02\\[1146124245]БАБУШКА.Энциклопедия народной медицины.том 61.-Бондарева С.,Кировоград-Бабушка(Рецепты от 100 бед).djvu",0,2000-01-01 01:00:00,2016-04-03 02:51:08,280000/F5AF69C35464B0142D978D32478E2668-g.jpg,,
21574172,Последний SOS «Вольтурно»,,,,Скрягин Л. Н.,1989,,Мысль,,274,0,Russian,289,www.infanata.com,,5-244-00446-8,,,,,,,,,,1146124246-оче,0,,,,,,1,1,14756799,djvu,3A139FB48812A0FA227FD69D33D4A1D4,,,"N:\\natahaus\\!2009\\2010-02\\[1146124246]Скрягин Л.Н.Последний SOS #Вольтурно#.-Скрягин Л.Н.,Мысль.djvu",0,2000-01-01 01:00:00,2016-04-03 02:51:08,280000/3a139fb48812a0fa227fd69d33d4a1d4-d.jpg,,
21574173,Классический танец. История и современность,,Русская мысль о балете,,Л. Д. Блок,1987,,Искусство,,380,0,Russian,64,www.infanata.com,,,,,,,,,,,,1146124247-,0,,,,,,,1,8009210,pdf,9794919C45341F12C1C936CC1E1BA602,,,"N:\\natahaus\\!2009\\2010-02\\[1146124247]Классический танец.История и современность.Л.Д.Блок.-Л.Д.Блок,Искусство.pdf",0,2000-01-01 01:00:00,2016-04-03 02:51:08,280000/9794919c45341f12c1c936cc1e1ba602-d.jpg,,
21574174,Крупнейшие и самые устойчивые мировые состояния. Они выживают в любых ситуациях,,Библиотека Ъ,,"Сост. В. Башкирова, А. Соловьев",2010,,"Коммерсантъ, ЭКСМО",Москва,279,0,Russian,305,www.infanata.com,,978-5-699-39108-0,,,,,,,,,,1146124250-,0,,,,,,,1,1183500,pdf,B530B9DB49354D1A4B57314707DF4CF2,,,"N:\\natahaus\\!2009\\2010-02\\[1146124250]Крупнейшие и самые устойчивые мировые состояния.Они выживают в любых ситуациях.-Сост.В.Башкирова,А.Соловьев,Коммерс.pdf",0,2000-01-01 01:00:00,2016-04-03 02:51:08,280000/b530b9db49354d1a4b57314707df4cf2-d.jpg,,
21574175,Неоконченная история: Беседы Михаила Горбачева с политологом Борисом Славиным,,,,Славин Б.,2001,,ОЛМА-Пресс,М,160,0,Russian,64,www.infanata.com,,5-224-02253-3,,,,,,,,,OL18354332M,1146124252-Наб,0,,,,,,,,622592,doc,5B4D01860D0382A6CDB8176FC685903E,,,"N:\\natahaus\\!2009\\2010-02\\[1146124252]Неоконченная история.Беседы с Михаилом Горбачевым.-Славин Б.,Олма-Пресс.doc",0,2000-01-01 01:00:00,2016-04-03 02:51:08,280000/5b4d01860d0382a6cdb8176fc685903e-d.jpg,,
21574176,"ГРУ и атомная бомба: Неизвест. история о том, как воен. разведка добывала сведения об атом. проектах Великобритании, Германии, США и Японии",,Досье,,Лота В.,2002,,ОЛМА-пресс,М,384,0,Russian,64,www.infanata.com,,5-224-03677-1,,,,,,,,,OL19482648M,1146124253-Наб,0,,,,,,,,1450496,doc,85342AF44DD0B599C334FD4482E8E71E,,,"N:\\natahaus\\!2009\\2010-02\\[1146124253]Лота В.ГРУ и атомная бомба.-Лота В.,Олма-Пресс.doc",0,2000-01-01 01:00:00,2016-04-03 02:51:08,280000/85342af44dd0b599c334fd4482e8e71e-d.jpg,,
21574177,Статьи по семиотике и топологии культуры,,,,Лотман Ю.М.,1992,,Александра,Таллин,242,0,Russian,191,www.infanata.com,,,,,,,,,,,,1146124256-при,0,,,,,,,1,1884865,pdf,EE70DD6360BDDCD047BC5A96B4B56043,,,"N:\\natahaus\\!2009\\2010-02\\[1146124256]Лотман.Статьи по семиотике и топологии культуры.-Лотман Ю.М.,Таллин-#Александра#.pdf",0,2000-01-01 01:00:00,2016-04-03 02:51:08,280000/ee70dd6360bddcd047bc5a96b4b56043-d.jpg,,
21574178,Женьшень - корень жизни,,Здоровье и красота,,,2005,,РИПОЛ КЛАССИК: ЛА Софит-Принт,М.; Б. м,65,0,Russian,41,www.infanata.com,,5-7905-3159-8,,,,,,,,,,1146124257-отл,0,,,,,,1,1,1242128,pdf,E565CE84C0D111AB8909604D93566C43,,,N:\\natahaus\\!2009\\2010-02\\[1146124257]Женьшень - корень жизни.-РИПОЛ классик.pdf,0,2000-01-01 01:00:00,2016-04-03 02:51:08,280000/e565ce84c0d111ab8909604d93566c43-d.jpg,,
21574179,Очерки из истории движения декабристов,,,,,1954,,Политиздат,Москва,582,0,Russian,64,www.infanata.com,,,,,,,,,,,,1146124259-сре,0,,,,,,,0,17472789,djvu,90094F03B8C8B332EBC275CA2D3C9AC0,a7a8f3443f8e3dd4aa258b1ea252ecc0,no,N:\\natahaus\\!2009\\2010-02\\[1146124259]Очерки из истории движения декабристов.--Москва-Политиздат.djvu,0,2000-01-01 01:00:00,2016-04-03 02:51:08,280000/90094f03b8c8b332ebc275ca2d3c9ac0-d.jpg,,
21574180,Лечение без лекарств. Домашние средства,,,,Мери Лин Мейскотт (главред),2001,,Ридерз Дайджест,,382,0,Russian,302,www.infanata.com,,,,,,,,,,,,1146124262-отл,0,,,,,,,0,17731992,djvu,FABC589B557FB31B3275CC21DC877217,38a37af786618460892cfd576e8afa1c,no,"N:\\natahaus\\!2009\\2010-02\\[1146124262]Лечение без лекарств.Домашние средства.-Мери Лин Мейскотт(главред),Ридерз Дайджест.djvu",0,2000-01-01 01:00:00,2016-04-03 02:51:08,280000/fabc589b557fb31b3275cc21dc877217-d.jpg,,
21574181,Технология и оборудование сварки плавлением,,,,"Акулов А.И., Бельчук Г.А., Демянцевич В.П.",1977,,Машиностроение,,218,0,Russian,210,www.infanata.com,,,,,,,,,,,,1146124266-сре,0,,,,,,,0,14930526,djvu,77350F7CEB1AD86DA8A3B653DC598C2F,10f57bdfbfbc9ea4f4f10fb30e25cec1,no,"N:\\natahaus\\!2009\\2010-02\\[1146124266]Технология и оборудование сварки плавлением.-Акулов А.И.,Бельчук Г.А.,Демянцевич В.П.,Машиностроение.djvu",0,2000-01-01 01:00:00,2016-04-03 02:51:08,280000/77350f7ceb1ad86da8a3b653dc598c2f-d.jpg,,
21574182,Электродуговая сварка и наплавка под керамическими флюсами,,,,Багрянский К.В.,1976,,Технiка,,94,0,Russian,232,www.infanata.com,,,,,,,,,,,,1146124267-нор,0,,,,,,,0,23900502,djvu,83C19FEE77699B861CAAC8CBE9FBDA88,,,"N:\\natahaus\\!2009\\2010-02\\[1146124267]Электродуговая сварка и наплавка под керамическими флюсами.-Багрянский К.В.,Технiка.djvu",0,2000-01-01 01:00:00,2016-04-03 02:51:08,280000/83c19fee77699b861caac8cbe9fbda88-d.jpg,,
21574183,"Технология и оборудование контактной сварки: учебник: для студентов образовательных учреждений среднего профессионального образования, обучающихся по специальности 150203 ''Сварочное производство''",,"Среднее профессиональное образование. Машиностроение, Учебник",,М.Д. Банов,2008,"3-е изд., стер",Академия,Москва,109,0,Russian,210,www.infanata.com,,978-5-7695-5128-4,,,,,,,,,,1146124268-сре,0,,,,,,,0,2730591,djvu,7CC838CA63B2443F7364BEC7FDD13CCA,cfbcfdae02c9e51b499c6dd57402f801,no,"N:\\natahaus\\!2009\\2010-02\\[1146124268]Технология и оборудование контактной сварки.-М.Д.Банов,Академия.djvu",0,2000-01-01 01:00:00,2016-04-03 02:51:08,280000/7cc838ca63b2443f7364bec7fdd13cca-d.jpg,,
21574184,Народные сказки,т. 4,,,Составитель: Круглов Ю. Г.,1993,,,,352,0,Russian,,www.infanata.com,,,,,,,,,,,,1146124271-Хор,0,,,,,,,0,5059325,djvu,66AC908A014FF73D01BA8896D798976D,d5851fbf583bae3e1f12f4ee82d41276,no,N:\\natahaus\\!2009\\2010-02\\[1146124271]Народные сказки.т.4.-Составитель-Круглов Ю.Г..djvu,0,2000-01-01 01:00:00,2016-04-03 02:51:08,280000/66ac908a014ff73d01ba8896d798976d-d.jpg,,
21574185,365 советов дачнику,,,,Н. Каменева,2007,,Тригон,,193,0,Russian,41,www.infanata.com,,5-94684-726-0,,,,,,,,,,1146124273-хор,0,,,,,,,0,30222573,pdf,5B4448604666333FA16CE36CFFDF3DA3,,,N:\\natahaus\\!2009\\2010-02\\[1146124273]365 советов дачнику.-Н.Каменева.pdf,0,2000-01-01 01:00:00,2016-04-03 02:51:08,280000/5b4448604666333fa16ce36cffdf3da3-d.jpg,,
21574186,"Именем Усамы бен Ладена: Секрет. досье на террориста, которого разыскивает весь мир",,Досье,,Жаккар Р.,2001,,ОЛМА-ПРЕСС,М,381,0,Russian,,www.infanata.com,,5-224-03370-5,,,,,,,,,,1146124274-Наб,0,,,,,,,,1143296,doc,60358FFC81E7228410B9FE8B21BCD768,,,"N:\\natahaus\\!2009\\2010-02\\[1146124274]Жаккар Р.Именем Усамы бен Ладена.-Жаккар Р.,Олма-Пресс.doc",0,2000-01-01 01:00:00,2016-04-03 02:51:08,280000/60358ffc81e7228410b9fe8b21bcd768-d.jpg,,
21574187,История Лейб Гвардии Преображенского полка,,,,Бобровский П.О.,1900,,Экспедиция заготовления государственных бумаг,,411,0,Russian,64,www.infanata.com,,,,,,,,,,,,1146124279-,0,,,,,,,1,161387507,pdf,76A6AD4735CCE8C39921B8FE8FC0D03F,,,N:\\natahaus\\!2009\\2010-02\\[1146124279]История Лейб Гвардии Преображенского полка.-Бобровский П.О..pdf,0,2000-01-01 01:00:00,2016-04-03 02:51:08,280000/76a6ad4735cce8c39921b8fe8fc0d03f-d.jpg,,
21574188,История Лейб Гвардии Преображенского полка,,,,Бобровский П.О.,1900,,Экспедиция заготовления государственных бумаг,,271,0,Russian,64,www.infanata.com,,,,,,,,,,,,1146124279-,0,,,,,,,1,103389749,pdf,32AA7A775741F335FDAF43CF3EE27082,,,N:\\natahaus\\!2009\\2010-02\\[1146124279]История Лейб Гвардии Преображенского полка.-Бобровский П.О._pril-1.pdf,0,2000-01-01 01:00:00,2016-04-03 02:51:08,280000/32aa7a775741f335fdaf43cf3ee27082-d.jpg,,
21574189,Самые открытые люди. Энциклопедия биографий,,Элита,,Зенькович Н.,2004,"[Изд. 2-е, испр. и доп.]",Олма-пресс,М,688,0,Russian,188,www.infanata.com,,5-94850-342-9,,,,,,,,,,1146124281-Наб,0,,,,,,,,3789824,doc,088001969CDBC14CA211EC2A0F59DBA1,,,"N:\\natahaus\\!2009\\2010-02\\[1146124281]Зенькович Н.Самые закрытые люди.Энциклопедия биографий.-Зенькович Н.,Олма-Пресс.doc",0,2000-01-01 01:00:00,2016-04-03 02:51:08,280000/088001969cdbc14ca211ec2a0f59dba1-d.jpg,,
21574190,За фасадом масонского храма Взгляд на пробл,,,,Замойский Л,1990,,Политиздат,М,362,0,Russian,205,www.infanata.com,0,5-250-01315-5,,,,,,,,,,1146124282-Хор,0,,,,,,,,1509376,doc,03FB97059363980D687814047908E134,,,"N:\
atahaus!20092010-02[1146124282]За фасадом масонского храма.-Замойский Л.,Издательство политической литературы.doc",0,2000-01-01 01:00:00,2016-04-03 02:51:08,,,
21574191,Создание djvu-книг. Черно-белые и полутоновые иллюстрации,,,,,,,,,,0,Russian,183,www.infanata.com,,,,,,,,,,,,1146124284-,0,,,,,,,,3870208,doc,3898622F3DA20108849EF46932C790A4,,,N:\\natahaus\\!2009\\2010-02\\[1146124284]Создание djvu-книг. Черно-белые и полутоновые иллюстрации.doc,0,2000-01-01 01:00:00,2016-04-03 02:51:08,280000/3898622f3da20108849ef46932c790a4-d.jpg,,
21574192,История Древнего Египта,,,,Юрий Перепелкин,2000,,"Летний сад , журнал Нева",Санкт-Петербург,560,0,Russian,64,www.infanata.com,,5-89740-011-3,,,,,,,,,OL22578687M,1146124285-хор,0,,,,,,,1,33443049,pdf,14C608E6BF05EB4412249CC4F613ED0A,,,N:\\natahaus\\!2009\\2010-02\\[1146124285]История Древнего Египта.-Юрий Перепелкин.pdf,0,2000-01-01 01:00:00,2016-04-03 02:51:08,280000/14c608e6bf05eb4412249cc4f613ed0a-d.jpg,,
21574193,Т-72. Уральская броня против НАТО,,Арсенал коллекция,,Михаил Барятинский,2008,,Яуза [и др.],Москва,146,0,Russian,64,www.infanata.com,,978-5-699-30987-0,,,,,,,,,,1146124286-отл,0,,,,,,1,0,84284948,pdf,B89FAAB2740D667752022C20D68733F4,,,"N:\\natahaus\\!2009\\2010-02\\[1146124286]Т-72.Уральская броня против НАТО.-Михаил Барятинский,Коллекция,Яуза,Эксмо.pdf",0,2000-01-01 01:00:00,2016-04-03 02:51:08,280000/b89faab2740d667752022c20d68733f4-d.jpg,,
21574194,Штурмовые орудия Гитлера. «Штурмгешютце» в бою,,Война и мы. Танковая коллекция,,Жеребцов И. П.,1955,,ДОСААФ,,106,0,Russian,251,www.infanata.com,,978-5-699-37230-0,,,,,,,,,,1146124287-Хор,0,,,,,,,0,65154529,pdf,CFDF720D62981D5195159A28A0F12BF3,,,"N:\\natahaus\\!2009\\2010-02\\[1146124287]Штурмовые орудия Гитлера.#Штурмгешютце# в бою.-М.Барятинский,Яуза,Коллекция,Эксмо.pdf",0,2000-01-01 01:00:00,2016-04-03 02:51:08,280000/cfdf720d62981d5195159a28a0f12bf3-d.jpg,,
21574195,"Математическое моделирование исторических, военных, социально-экономических  и политических процессов",,Синергетика: от прошлого к будущему,,"Н.В. Белотелое, Ю.И.Бродский,  Ю.Н.Павловский",2009,,Книжный дом ЛИБРОКОМ,,319,0,Russian,137,www.infanata.com,,978-5-397-00659-0,,,,,,,,,,1146124290-,0,,,,,,,1,11077486,djvu,344F7042CA55D91D6E3981C42EF90BA7,,,"N:\\natahaus\\!2009\\2010-02\\[1146124290]Математическое моделирование исторических,военных,социально-экономических  и политических процессов.-Н.В.Белотелое,.djvu",0,2000-01-01 01:00:00,2016-04-03 02:51:08,280000/344f7042ca55d91d6e3981c42ef90ba7-d.jpg,,
21574196,Заграничный поход Суворова,,Военная история,,,2001,,"АСТ, Харвест",,50,0,Russian,64,www.infanata.com,,"5-17-011602-0,985-13-0792-0",,,,,,,,,,1146124294-Хор,0,,,,,,1,1,22790372,pdf,95A4B15A77FE928353FB3A4D5A95C779,,,"N:\\natahaus\\!2009\\2010-02\\[1146124294]Заграничный поход Суворова.-Коллектив,АСТ,Харвест.pdf",0,2000-01-01 01:00:00,2016-04-03 02:51:08,280000/95a4b15a77fe928353fb3a4d5a95c779-d.jpg,,
21574197,Математический анализ. Конечномерные линейные пространства,,,,Шилов Г. Е.,1969,,Наука,М.,421,0,Russian,113,www.infanata.com,,,,,,,,,,,,1146124295-сре,0,,,,,,,1,7607032,djvu,2F88E3B54E5F8929E952B6A99849FBB1,,,"N:\\natahaus\\!2009\\2010-02\\[1146124295]Математический анализ(Шилов Г.Е.).Конечномерные линейные пространства.-Шилов Г.Е.,М.-Наука.djvu",0,2000-01-01 01:00:00,2016-04-03 02:51:08,280000/2f88e3b54e5f8929e952b6a99849fbb1-d.jpg,,
21574198,Легион ''белой смерти'',,Досье,,,2002,,Олма-Пресс,,384,0,Russian,,www.infanata.com,,5-224-02734-9,,,,,,,,,OL3641462M,1146124300-Наб,0,,,,,,,,1974272,doc,C7176C4078965F568A285109312F8D73,,,N:\\natahaus\\!2009\\2010-02\\[1146124300]Легион белой смерти.-Олма-Пресс.doc,0,2000-01-01 01:00:00,2016-04-03 02:51:08,280000/c7176c4078965f568a285109312f8d73-d.jpg,,
21574199,Курсом к Победе,,Военные мемуары,,Н.Г.Кузнецов,2003,,ОЛМА-Пресс,М,510,0,Russian,68,www.infanata.com,,5-94850-078-0,,,,,,,,,,1146124301-Наб,0,,,,,,,,2817024,doc,1377D92E0A5DD6F3B22070E93E5180B4,,,"N:\\natahaus\\!2009\\2010-02\\[1146124301]Курсом к Победе.-Н.Г.Кузнецов,Олма-Пресс.doc",0,2000-01-01 01:00:00,2016-04-03 02:51:08,280000/1377d92e0a5dd6f3b22070e93e5180b4-d.jpg,,
21574200,"Безопасность жизнедеятельности в машиностроении: Учеб. пособие для студентов учреждений сред. проф. образования, обучающихся по специальности техн. профиля",,"Серия: Технология, оборудование и автоматизация машиностроительных производств",,"В. Г. Еремин, В. В. Сафронов, А. Г. Схиртладзе, Г. А. Харламов",2002,,Высш. шк,М,313,0,Russian,210,www.infanata.com,,5-06-004079-8,,,,,,,,,,1146124304-нор,0,,,,,,,0,7076978,djvu,EC324C9E043CBB0CD6C2970E7037A2D1,951490c6192951c5cefc68d03e47d778,no,"N:\\natahaus\\!2009\\2010-02\\[1146124304]Безопасность жизнедеятельности в машиностроении.-В.Г.Еремин,В.В.Сафронов,А.Г.Схиртладзе,Г.А.Харламов,Высшая школа.djvu",0,2000-01-01 01:00:00,2016-04-03 02:51:08,280000/ec324c9e043cbb0cd6c2970e7037a2d1-d.jpg,,
21574201,Народные сказки,том 5,Библиотека русской сказки,,Составитель: Круглов Ю. Г.,1993,,,,338,0,Russian,,www.infanata.com,,,,,,,,,,,,1146124306-Хор,0,,,,,,,0,3568215,djvu,27070C679D76BAD439245FC8D181218F,dc95e2cbb41ff0ae36059a768c3132ca,no,N:\\natahaus\\!2009\\2010-02\\[1146124306]Народные сказки.т.5.-Составитель-Круглов Ю.Г..djvu,0,2000-01-01 01:00:00,2016-04-03 02:51:08,280000/27070c679d76bad439245fc8d181218f-d.jpg,,
21574202,Греция. Путеводитель ''Пти Фюте'',,3-е издание,,"Мишель Строгов, Пьер-Кристиан Броше, Доминик Озиас",2005,,Авангард,,228,0,Russian,32,www.infanata.com,,,,,,,,,,,,1146124311-,0,,,,,,,0,49543552,pdf,7AF4F4B4FA4D6EF17E10C266655D9B87,,,"N:\\natahaus\\!2009\\2010-02\\[1146124311]Греция.Путеводитель Пти Фюте.-Мишель Строгов,Пьер-Кристиан Броше,Доминик Озиас,Авангард.pdf",0,2000-01-01 01:00:00,2016-04-03 02:51:08,280000/7af4f4b4fa4d6ef17e10c266655d9b87-d.jpg,,
21574203,Оборудование и технология дуговой автоматической и механизированной сварки [Учеб. для проф. учеб. заведений],,Профессия,,В. С. Виноградов,1997,,"Высш. шк., Изд. центр ''Академия''",М,162,0,Russian,210,www.infanata.com,,5-06-003324-4,,,,,,,,,,1146124316-сре,0,,,,,,,0,7409321,djvu,B5581D79E7408CD7DABF9E4440DDCDD1,6f1cf032ab69df10344f276383febe23,no,"N:\\natahaus\\!2009\\2010-02\\[1146124316]Оборудование и технология дуговой автоматической и механизированной сварки.-В.С.Виноградов,Высшая школа,Академия.djvu",0,2000-01-01 01:00:00,2016-04-03 02:51:08,280000/b5581d79e7408cd7dabf9e4440ddcdd1-d.jpg,,
21574204,Выбор сварочного электрода,,,,Юхин Н.А.,2003,,СОУЭЛО,,36,0,Russian,232,www.infanata.com,,,,,,,,,,,,1146124317-хор,0,,,,,,,0,10278659,pdf,25CB95ECD8BEF7FAACAECEA6440BCD2F,,,"N:\\natahaus\\!2009\\2010-02\\[1146124317]Выбор сварочного электрода.-Юхин Н.А.,СОУЭЛО.pdf",0,2000-01-01 01:00:00,2016-04-03 02:51:08,280000/25cb95ecd8bef7faacaecea6440bcd2f-d.jpg,,
21574205,Расчет трансформаторов. Учебное пособие для энергетических втузов,,,,Трамбицкий А. В.,1938,,ГОНТИ НКТП СССР. Главная редакция энергетической литературы,Л.-М.,384,0,Russian,183,www.infanata.com,,,,,,,,,,,,"Scan: AAW, Formatting: Pohorsky, 2010",600,,,,,,,0,15557480,djvu,5F626DE47EE6C470CF6E21D400C40B6E,5c6c09ba2c981dfe40668783cf0e0eb5,no,"N:\\natahaus\\!2009\\2010-02\\[1146124318]Расчет трансформаторов.-А.В.Трамбицкий,Главная редакция энергетической литературы.djvu",0,2000-01-01 01:00:00,2016-04-03 02:51:08,280000/5f626de47ee6c470cf6e21d400c40b6e-d.jpg,,
21574206,Египет первых фараонов: Хеб-Сед и становление древнеегипет. государства,,,,Алексей Крол,2005,,Рудомино,Москва,108,0,Russian,64,www.infanata.com,,5-7380-0210-5,,,,,,,,,,1146124319-сре,0,,,,,,,0,4873985,djvu,E0F1E1145BC1A41132D6DBCA7BC89029,2db00d631d7302b4016624ca9f060fb1,no,N:\\natahaus\\!2009\\2010-02\\[1146124319]Египет первых фараонов.-Алексей Крол.djvu,0,2000-01-01 01:00:00,2016-04-03 02:51:08,280000/e0f1e1145bc1a41132d6dbca7bc89029-d.jpg,,
21574207,"Музыка - радость и боль моя: Воспоминания, письма, ст., интервью",,Эпохи и судьбы,,И.Козловский,2003,,ОЛМА-Пресс,М,382,0,Russian,68,www.infanata.com,,5-94850-113-2,,,,,,,,,OL12617864M,1146124320-Наб,0,,,,,,,,1677824,doc,3590952B029284CD25FBFFE69697223F,,,"N:\\natahaus\\!2009\\2010-02\\[1146124320]Музыка - радость и боль моя.-И.Козловский,Олма-Пресс.doc",0,2000-01-01 01:00:00,2016-04-03 02:51:08,280000/3590952b029284cd25fbffe69697223f-d.jpg,,
21574208,''Холодная война'': Свидетельство ее участника,,Досье,,Корниенко Г.,2001,,ОЛМА-Пресс,М,464,0,Russian,64,www.infanata.com,,5-224-02460-9,,,,,,,,,OL3649110M,1146124321-Наб,0,,,,,,,,1686016,doc,95045BC7286850EDCC4FA705FF653466,,,"N:\\natahaus\\!2009\\2010-02\\[1146124321]Корниенко Г.Холодная война.Свидетельство ее участника.-Корниенко Г.,Олма-Пресс.doc",0,2000-01-01 01:00:00,2016-04-03 02:51:08,280000/95045bc7286850edcc4fa705ff653466-d.jpg,,
21574209,В небе Испании. 1936–1939 годы,,,,С.Абросов,2003,,,,455,0,Russian,64,www.infanata.com,,5-08-0040-89-0,,,,,,,,,OL3725088M,1146124323-оче,0,,,,,,,0,28312756,djvu,732E5A70DE2C3218244945F4529623B7,bbbfa227ef36305a80d117245672e222,no,N:\\natahaus\\!2009\\2010-02\\[1146124323]В небе Испании.1936#1939 годы.-С.Абросов.djvu,0,2000-01-01 01:00:00,2016-04-03 02:51:08,280000/732e5a70de2c3218244945f4529623b7-d.jpg,,
21574210,Йога и психотренинг: Пусть к космическому сознанию,,Библиотека йога и экстрасенса,,Иванов Ю.М.,1990,,"СП Лесинвест, ЛТД",,146,0,Russian,212,www.infanata.com,,,,,,,,,,,,1146124329-удо,0,,,,,,,0,63758156,djvu,B73A10D2EAB6F8BCCF0D24791488FCCA,,,"N:\\natahaus\\!2009\\2010-02\\[1146124329]Йога и психотренинг-Пусть к космическому сознанию.-Иванов Ю.М.,СП Лесинвест,ЛТД.djvu",0,2000-01-01 01:00:00,2016-04-03 02:51:08,280000/b73a10d2eab6f8bccf0d24791488fcca-d.jpg,,
21574211,Йога и здоровье Практ. руководство,,Библиотека йога и экстрасенса,,Иванов Ю.М.,1991,,СП ''Лесинвест'',М,112,0,Russian,212,www.infanata.com,,5-8234-0001-2,,,,,,,,,OL23037206M,1146124330-хор,0,,,,,,,0,1205471,djvu,0EAAD61C30F7FE0B5D5F01EAD2CB095A,87880ab7bebff79cfd1717eb5598e611,no,"N:\\natahaus\\!2009\\2010-02\\[1146124330]Йога и здоровье.Практическое руководство.-Иванов Ю.М.,СП Лесинвест,ЛТД.djvu",0,2000-01-01 01:00:00,2016-04-03 02:51:08,280000/0eaad61c30f7fe0b5d5f01ead2cb095a-d.jpg,,
21574212,Кулинарный сборникъ.,,,,Черниенко А.Ф.,1914,,Журнал для хозяек,,195,0,Russian,49,www.infanata.com,,,,,,,,,,,,1146124331-хор,0,,,,,,,1,11807960,djvu,7B677713A19435C3E4C9F0774DDF53B2,,,"N:\\natahaus\\!2009\\2010-02\\[1146124331]Кулинарный сборникъ..-Черниенко А.Ф.,Журнал для хозяек.djvu",0,2000-01-01 01:00:00,2016-04-03 02:51:08,280000/7b677713a19435c3e4c9f0774ddf53b2-d.jpg,,
21574213,Решатели интеллектуальных задач,,,,Е.И. Ефимов,1982,,Наука,,320,0,Russian,113,Kolxo3,,,,,,,,,,,,1146124333-хор,0,,,,,,1,1,8915902,djvu,AD3CF5DC50B9821D0E579A4016ADB337,,,"Cs_Computer science/CsAi_AI, knowledge/Efimov E.I. Reshateli intellektual'nyh zadach (FML, 1982)(ru)(600dpi)(T)(O)(320s)_CsAi_.djvu",0,2000-01-01 01:00:00,2016-04-03 02:51:08,280000/ad3cf5dc50b9821d0e579a4016adb337-d.jpg,,
21574214,Пророк завоеватель. Уникальное жизнеописание Магомета. Скрижали Моисея. Ярославский метеорит 1421 года. Появление булата. Фаэтон,,"Новая хронология Фоменко-Носовского, НХ: исследования по новой хронологии",,"Г.В.Носовский, А.Т.Фоменко",2010,,"Астрель, АСТ",Москва,689,0,Russian,64,www.infanata.com,,"978-5-271-25228-0,978-5-17-062025-8",,,,,,,,,,1146124343-Отл,0,,,,,,,0,88059366,djvu,14EFB705F0CF9D3F324C028FD6F8427B,,,N:\\natahaus\\!2009\\2010-02\\[1146124343]Пророк завоеватель.Уникальное жизнеописание Магомета.Скрижали Моисея.Ярославский метеорит 1421 года.Появление булат.djvu,0,2000-01-01 01:00:00,2016-04-03 02:51:08,280000/14efb705f0cf9d3f324c028fd6f8427b-d.jpg,,
21574215,Динамика радиоэлектроники: [монография],,,,Борисов Ю.И. (ред.),2007,,Техносфера,Москва,403,0,Russian,256,www.infanata.com,0,978-5-94836-142-0,,,,,,,,,,1146124346-Выс,0,,,,,,,1,14305542,djvu,C98E6C9BD305DF346ABE71094F9A264C,,,"N:/natahaus/!2009/2010-02/[1146124346]Динамика радиоэлектроники.-Под общ.ред.Борисова Ю.И.,Техносфера.djvu",0,2000-01-01 01:00:00,2016-04-03 02:51:08,280000/c98e6c9bd305df346abe71094f9a264c-d.jpg,,
21574216,Ставицкий В. За кулисами тайных событий,,Секретные миссии,,Ставицкий В.,2004,,Терра-Книжный клуб,,464,0,Russian,64,www.infanata.com,,5-275-00982-8,,,,,,,,,,1146124349-Наб,0,,,,,,,,1181696,doc,0B1EBA87B7B885F16D635F7DCCC332DA,,,"N:\\natahaus\\!2009\\2010-02\\[1146124349]Ставицкий В.За кулисами тайных событий.-Ставицкий В.,Терра-Книжный клуб.doc",0,2000-01-01 01:00:00,2016-04-03 02:51:08,280000/0b1eba87b7b885f16d635f7dccc332da-d.jpg,,
