28807949,Электролитическое осаждение благородных и редких металлов,,,,Ямпольский А.М.,1977,,,,96,96,Russian,264,ihtik,1,,,,,,,,,,,,0,,,,,,,0,1064205,djvu,99E22738ABE59379F19A0EA1EDBB6254,8c28b356095204cb0bd3428bdd385fa9,no,,0,2000-01-01 01:00:00,2016-05-01 00:28:44,97000/99E22738ABE59379F19A0EA1EDBB6254-g.jpg,,
28807948,Краткий справочник гальванотехника,,,,Ямпольский А.М.,1981,"3-е, переработанное и дополненное",Машиностроение,Ленинград,269,269,Russian,210,ihtik,1,,,,621.357(031),34.663я2,,,,,,,0,,,,,1,,0,3163229,djvu,39A9EC5DBD8924BCF06C249DBF6355FE,67f63202a97d00b873ca0523c2addb44,no,,0,2000-01-01 01:00:00,2016-05-01 00:28:44,97000/39a9ec5dbd8924bcf06c249dbf6355fe.jpg,,
28807947,Методы опред. вредных веществ в воде водоемов,,,,Щицкова М.,1981,,,,189,189,Russian,296,ihtik,1,,,,,,,,,,,,0,,,,,,,0,2170674,djvu,461B728C5D30D30F723DBCE4D6D6DCAF,fab6ee636e52bdbae27a840d5e9803bb,no,,0,2000-01-01 01:00:00,2016-05-01 00:28:44,97000/461b728c5d30d30f723dbce4d6d6dcaf.jpg,,
28807945,Идентификация органических соединений,,,,"Шрайнер Р., Фьюзон Р., Кертин Д., Моррилл",1983,,,,50,50,Russian,300,ihtik,1,,,,,,,,,,,,0,,,,,,,0,1375474,djvu,259270FF09C5EAF8B1CCF7CA84808A79,6fe5f20ead89be6a1eed13f9f8f84301,no,,0,2000-01-01 01:00:00,2016-05-01 00:28:44,97000/259270ff09c5eaf8b1ccf7ca84808a79.jpg,,
28807946,Душистые вещества с мускусным запахом,,,,"Шулов Л.М., Хейфиц Л.А.",1964,,,,105,105,Russian,296,ihtik,1,,,,,,,,,,,,0,,,,,,,0,1280586,djvu,7DD06D3DEBBCEB95F875EE54636AF9D9,350e7ad23090dd0829a218f9e98e63f7,no,,0,2000-01-01 01:00:00,2016-05-01 00:28:44,97000/7dd06d3debbceb95f875ee54636af9d9.jpg,,
28807944,Справочник по сварке и склеиванию пластмас,,,,Шестопал А.Н.,1986,,,,97,97,Russian,,ihtik,1,,,,,,,,,,,,0,,,,,,,0,2084662,djvu,D6D2D03982061D8667DECEB73D925E7F,2f0af580750da869280a66546febeb7c,no,,0,2000-01-01 01:00:00,2016-05-01 00:28:44,97000/d6d2d03982061d8667deceb73d925e7f.jpg,,
28807943,Занимательная пиротехника,часть 2,,,Чувурин А.В.,2003,,,,364,364,Russian,210,ihtik,1,,,,,,,,,,,,0,,,,,,,0,4143867,djvu,9C5546098CAEB94C6279DE09FDCB184A,19619be24a91276ffa8eda432b3ce51b,no,,0,2000-01-01 01:00:00,2016-05-01 00:28:44,97000/9c5546098caeb94c6279de09fdcb184a.jpg,,
28807942,Занимательная пиротехника,часть 1,,,Чувурин А.В.,2003,,,,360,360,Russian,210,ihtik,1,,,,,,,,,,,,0,,,,,,,0,4235920,djvu,46945B9F8E9F62261C3205105CBEF647,9225001be8ebee391503d751e4d8e6db,no,,0,2000-01-01 01:00:00,2016-05-01 00:28:44,97000/46945b9f8e9f62261c3205105cbef647.jpg,,
28807941,Электронно-зондовый микроанализ в исследовании полимеров,,,,"Чалых А.Е., Алиев А.Д., Рубцов А.Е.",1990,,,,97,97,Russian,117,ihtik,1,,,,,,,,,,,,0,,,,,,,0,1848900,djvu,63138FEAEB7B2C3B9348100675AAE666,1b0f57a1d8532f77d494d005551c409f,no,,0,2000-01-01 01:00:00,2016-05-01 00:28:44,97000/63138feaeb7b2c3b9348100675aae666.jpg,,
28807940,Строение твердых тел и поверхностей,,,,Хофман Р.,1990,,,,216,216,Russian,296,ihtik,1,,,,,,,,,,,,0,,,,,,,0,1336312,djvu,8CA78870D021F75592D72D7CB29DACDD,008cbbce96d0784f4c7ab2191c7d878d,no,,0,2000-01-01 01:00:00,2016-05-01 00:28:44,97000/8ca78870d021f75592d72d7cb29dacdd.jpg,,
28807939,Справочник по взрывчатым веществам,часть 2,,,Хмельницкий Л.И.,1962,,,,829,829,Russian,,ihtik,1,,,,,,,,,,,,0,,,,,,,0,9411201,djvu,8080B64678BFDC8EF05B0A3D8EAD081B,d7e4e26e4ce81601169050ff136952d9,no,,0,2000-01-01 01:00:00,2016-05-01 00:28:44,97000/8080b64678bfdc8ef05b0a3d8ead081b.jpg,,
28807938,Введение в курс спектроскопии ЯМР,,,,Гюнтер Х. ,1984,,,,240,240,Russian,296,ihtik,1,,,,,,,,,,,,0,,,,,,,0,5999400,djvu,DB533D1E2A10C62FDF560411539511C5,effa3ec33a3ac12e536ccf76f4f2d294,no,,0,2000-01-01 01:00:00,2016-05-01 00:28:44,97000/db533d1e2a10c62fdf560411539511c5.jpg,,
28807936,Неорганическая химия в таблицах,,,,Турова Н.Я.,1997,,,,111,111,Russian,299,ihtik,1,,,,,,,,,,,,0,,,,,,,0,3098131,djvu,EEBD43BE4F3E850EE5FC8CD6D8DD4DEF,f857861228669d0e02f913baf83b676c,no,,0,2000-01-01 01:00:00,2016-05-01 00:28:44,97000/eebd43be4f3e850ee5fc8cd6d8dd4def.jpg,,
28807937,Вредные химические вещества (Справочник),,,,Филов В.А.,1989,,,,54,54,Russian,296,ihtik,1,,,,,,,,,,,,0,,,,,,,0,1192082,djvu,6A45C865359155C259D3048E27B2D2C2,8b3eea996987bf69d5b6153bf420e17f,no,,0,2000-01-01 01:00:00,2016-05-01 00:28:44,97000/6a45c865359155c259d3048e27b2d2c2.jpg,,
28807935,Вся химия в 50 таблицах,,,,Стахеев А.Ю.,1998,,,,61,61,Russian,296,ihtik,1,5-7804-0063-6,,,,,,,,,,,0,,,,,,,1,1446420,djvu,B67055369BE5AD2EE6BA8D68DB12D60A,BD765347C097CD3D84756BDDDEA56101,no,,0,2000-01-01 01:00:00,2016-05-01 00:28:44,97000/b67055369be5ad2ee6ba8d68db12d60a.jpg,,5780400636
28807934,Основы бомбометания,,,,"Соловьев, Арбузов",1940,,,,453,453,Russian,296,ihtik,1,,,,,,,,,,,,0,,,,,,,0,5351664,djvu,CBE1E2B9312FB62C7887A6207D529F10,7e6c0abef06b396a9d08c66bf237661e,no,,0,2000-01-01 01:00:00,2016-05-01 00:28:44,97000/cbe1e2b9312fb62c7887a6207d529f10.jpg,,
28807933,Основы органической химии лекарственных веществ,,,,Солдатенков А.Т.,2001,,,,95,95,Russian,300,ihtik,1,,,,,,,,,,,,0,,,,,,,0,1888217,djvu,027151D7E379F3ED07E712EE6B9F4B51,39214a9d52b8b7b2b8ca70658e315fa1,no,,0,2000-01-01 01:00:00,2016-05-01 00:28:44,97000/027151d7e379f3ed07e712ee6b9f4b51.jpg,,
28807932,Количественный органический анализ по функциональным группам,,,,"Сиггиа С., Ханна Дж.Г.",1983,,Химия,,336,336,Russian,300,ihtik,1,,,,,,,,,,,,0,,,,,,,0,16341396,djvu,792BEC0D79EB338404CD4444AF10BD4A,db1bcecb19987bef2b61b4299a665133,no,,0,2000-01-01 01:00:00,2016-05-01 00:28:44,97000/792bec0d79eb338404cd4444af10bd4a.jpg,,
28807930,Неорганическая химия,,,,"Оленин С.С., Фадеев Г.Н.",1979,,,,196,196,Russian,64,ihtik,1,,,,,,,,,,,,0,,,,,,,0,3980499,djvu,E6F4C47D2796BBBA849D676CD08E8457,1dc96dc936c65351d50a098381638690,no,,0,2000-01-01 01:00:00,2016-05-01 00:28:44,97000/e6f4c47d2796bbba849d676cd08e8457.jpg,,
28807931,"Малярные краски,их свойства,применение и изготовление кустарным способом",,,,Семёнов А.С.,1925,,,,25,25,Russian,296,ihtik,1,,,,,,,,,,,,0,,,,,,,0,689039,djvu,128BB0AA06AA25C1DA89BD0B91390276,3af1668eb7b3c837912c7abfe5634725,no,,0,2000-01-01 01:00:00,2016-05-01 00:28:44,97000/128bb0aa06aa25c1da89bd0b91390276.jpg,,
28807929,"Пожарная опасность веществ и материалов, применяемых в химической промышленности Справочник",,,,Рябов,,,Химия,,169,169,Russian,210,ihtik,1,,,,,,,,,,,,0,,,,,,,0,2682838,djvu,E76F7DC491EDE825B1BF743740A13FC2,83dd71905cfc15325021edd559931d28,no,,0,2000-01-01 01:00:00,2016-05-01 00:28:44,97000/e76f7dc491ede825b1bf743740a13fc2.jpg,,
28807928,Рентгенография металлов,,,,Русаков А.А.,1977,,,,483,483,Russian,264,ihtik,1,,,,,,,,,,,,0,,,,,,,0,7491268,djvu,C355D16BC5406546DABEE1E9DADBC7B6,9210640b6e132f8cfadf920a709007b0,no,,0,2000-01-01 01:00:00,2016-05-01 00:28:44,97000/c355d16bc5406546dabee1e9dadbc7b6.jpg,,
28807926,Применение клеев при производстве электромонтажных работ,,,,Ратьковский В.С.,1978,,,,65,65,Russian,210,ihtik,1,,,,,,,,,,,,0,,,,,,,0,629800,djvu,01F2974E62F4570720A13CB0BD2D51FD,7aa05f3d5f9b25c108613d7a9f969342,no,,0,2000-01-01 01:00:00,2016-05-01 00:28:44,97000/01f2974e62f4570720a13cb0bd2d51fd.jpg,,
28807927,Свойства газов и жидкостей. Справочное пособие,,,,"Рид Р., Праусниц Дж., Шервуд Т.",1982,,,,265,265,Russian,,ihtik,1,,,,,,,,,,,,0,,,,,,,0,6919807,djvu,D791A5A3FEBA3C97A34CEE05DC16352E,a92aa5a65d9c57696de3071d23805fa8,no,,0,2000-01-01 01:00:00,2016-05-01 00:28:44,97000/d791a5a3feba3c97a34cee05dc16352e.jpg,,
28807925,Краткий химический справочник,,,,Рабинович В.А.,1977,,,,377,377,Russian,296,ihtik,1,,,,,,,,,,,,0,,,,,,,0,5036870,djvu,8D9A3DA7A327E4F39D3474A855D8618B,0f8d3b2213587eecb845fcf84c25710d,no,,0,2000-01-01 01:00:00,2016-05-01 00:28:44,97000/8d9a3da7a327e4f39d3474a855d8618b.jpg,,
28807924,Краткий химический справочник,,,,Рабинович В.А.,1978,,,,316,316,Russian,296,ihtik,1,,,,,,,,,,,,0,,,,,,,0,4555239,djvu,DF0DD82A60CCB5D1F2F3DC13BCEEB27C,2ccf90243de44a082c1b799714a6827d,no,,0,2000-01-01 01:00:00,2016-05-01 00:28:44,97000/df0dd82a60ccb5d1f2f3dc13bceeb27c.jpg,,
28807922,Начала органической химии,книга 2,,,"Несмеянов А.Н., Несмеянов Н.А.",1970,,Химия,,827,827,Russian,300,ihtik,1,,,,,,,,,,,,0,,,,,,,0,11237968,djvu,D4567B711AEBA6D370D4528D6B0D12F3,0da9079554a7403c0229b86ea9142c99,no,,0,2000-01-01 01:00:00,2016-05-01 00:28:44,97000/d4567b711aeba6d370d4528d6b0d12f3.jpg,,
28807923,Идентификация органических соединений,,,,"Шрайнер Р., и др.  ",1983,,,,71,71,Russian,300,ihtik,1,,,,,,,,,,,,0,,,,,,,0,1822964,djvu,9CF1D0E398BB9C8BE53EE2F895293AF0,2dfd88d7637dcf6291a702d5341e0fdc,no,,0,2000-01-01 01:00:00,2016-05-01 00:28:44,97000/9cf1d0e398bb9c8be53ee2f895293af0.jpg,,
28807921,Общая химия. Учебник,,,,Глинка Н.Л.,,2,,,371,371,Russian,183,ihtik,1,,,,,,,,,,,,0,,,,,,,0,4870044,djvu,2FB4E9AAE8A1A7B34D49DF39351B6F9D,11c04e76c35368438bdfa630ed766f60,no,,0,2000-01-01 01:00:00,2016-05-01 00:28:44,97000/2fb4e9aae8a1a7b34d49df39351b6f9d.jpg,,
28807920,Общая химия. Учебник,,,,Глинка Н.Л.,,1,,,360,360,Russian,183,ihtik,1,,,,,,,,,,,,0,,,,,,,0,4972119,djvu,AE918A1A6238143527D6075C9B946300,f2a24a54a7d59138f4210ac4d952f804,no,,0,2000-01-01 01:00:00,2016-05-01 00:28:44,97000/ae918a1a6238143527d6075c9b946300.jpg,,
28807919,Физико-химические расчеты на  микро-ЭВМ. Справочное издание,,,,Мариничев А.Н.,1990,,Химия,,253,253,Russian,,ihtik,1,5-7245-0223-2,,,,,,,,,,,0,,,,,,,0,2027872,djvu,60202FB0DC87BAFEA7CE8133F878C3AC,f242d2929b4d33ccb027a905a0442e0f,no,,0,2000-01-01 01:00:00,2016-05-01 00:28:44,97000/60202fb0dc87bafea7ce8133f878c3ac-d.jpg,,5724502232
28807918,Полунепрерывная технологическая схема производства спирта,,,,"А.Л.Малченко, З.К.Ашкинузи и др.",1951,,Государственное издательство технической литературы Украины,Киев - Львов,132,132,Russian,210,ihtik,1,,,,,,,,,,,"Scan, Djvuing: АЧ, 2003",0,,,,,,,0,2332767,djvu,11F8A64ECDC7214BBCC50DD78C39EBEF,0b834b7d7fbe07b389350f2907247e95,no,,0,2000-01-01 01:00:00,2016-05-01 00:28:44,97000/11f8a64ecdc7214bbcc50dd78c39ebef.jpg,,
28807917,Лакокрасочные покрытия в машиностроении.Справочник,,,,Гольдберг М.М.,1974,,,,576,576,Russian,210,ihtik,1,,,,,,,,,,,,0,,,,,,,0,6974354,djvu,4B12C9BA889514B0D534B2595AD8ADCB,d0eed9f7bb051c216d6495cc449944ad,no,,0,2000-01-01 01:00:00,2016-05-01 00:28:44,97000/4b12c9ba889514b0d534b2595ad8adcb.jpg,,
28807915,Металловедение и термическая обработка металлов,,,,Лахтин Ю.М.,1983,,,,359,359,Russian,264,ihtik,1,,,,,,,,,,,,0,,,,,,,0,8699439,djvu,C86690408508CDB6AE36393E3E656C87,d96004bc55943e1acf71eccc1806e774,no,,0,2000-01-01 01:00:00,2016-05-01 00:28:44,97000/c86690408508cdb6ae36393e3e656c87.jpg,,
28807916,Физическая и коллоидная химия,,,,"Равич-Щербо М.И., Новиков В.В.",1975,,,М,130,130,Russian,296,ihtik,1,,,,,,,,,,,,0,,,,,,,0,3791754,djvu,FCF425427CE6994A481AE800378011A6,bfc8d8b99187e666ccd5871c0d389f30,no,,0,2000-01-01 01:00:00,2016-05-01 00:28:44,97000/fcf425427ce6994a481ae800378011a6.jpg,,
28807914,Коррозия,,,,Шрайер Л.Л.,1981,,,,632,632,Russian,232,ihtik,1,,,,,,,,,,,,0,,,,,,,0,10861364,djvu,4653D26A1ABFB0EDB746083BF17B0C4B,c9f447f5f184b97a0559b20d432089c0,no,,0,2000-01-01 01:00:00,2016-05-01 00:28:44,97000/4653d26a1abfb0edb746083bf17b0c4b.jpg,,
28807913,Курс аналитической химии,,,,"Крешков А.П., Ярославцев А.А.",1982,,химия,,158,158,Russian,296,ihtik,1,,,,,,,,,,,,0,,,,,,,0,4441926,djvu,119B066F698E05577D7F55723DCEF8DA,5b7112e0e039cd4173e1a36bcc805673,no,,0,2000-01-01 01:00:00,2016-05-01 00:28:44,97000/119b066f698e05577d7f55723dcef8da.jpg,,
28807911,Металлографические реактивы,,,,Коваленко В.С.,1981,,,,121,121,Russian,264,ihtik,1,,,,,,,,,,,,0,,,,,,,0,914488,djvu,E6285A28B0EFAEBBB44DE8D54692B7E6,0961419f9d7d28ae5a2419de5c9710b7,no,,0,2000-01-01 01:00:00,2016-05-01 00:28:44,97000/e6285a28b0efaebbb44de8d54692b7e6.jpg,,
28807912,Мономеры для поликонденсации,,,,Коршак В.В.,1976,,Мир,,629,629,Russian,296,ihtik,1,,,,,,,,,,,,0,,,,,,,0,5682248,djvu,5920317148057ED4DEF87F67E62932DE,31b868b5d0a485ba6126e22f34aa840d,no,,0,2000-01-01 01:00:00,2016-05-01 00:28:44,97000/5920317148057ed4def87f67e62932de.jpg,,
28807910,Химический демонстрационный эксперимент,,,,"Иванова М.Д., Кононова М.А.",1969,,,,120,120,Russian,296,ihtik,1,,,,,,,,,,,,0,,,,,,,0,2364880,djvu,17C1C4A00306863767BACBE4879A56BB,4a5a44e0b4364e28acdaa0c27f3a49f8,no,,0,2000-01-01 01:00:00,2016-05-01 00:28:44,97000/17c1c4a00306863767bacbe4879a56bb.jpg,,
28807909,Токсикология высокомолекулярных материалов и химического сырья для их синтеза,,,,Данишевский,1966,,,,46,46,Russian,31,ihtik,1,,,,,,,,,,,,0,,,,,,,0,1992865,djvu,99B02436F810D2F40CE9495B7C34CBA9,5688847fea33d0f672beba4177e13776,no,,0,2000-01-01 01:00:00,2016-05-01 00:28:44,97000/99b02436f810d2f40ce9495b7c34cba9.jpg,,
28807908,Введение в курс спектроскопии ЯМР. (NMR Spectroscopy) ,,,,"Гюнтер Xаральд, Перевод с английского Ю.А.Устынюка и Н.М.Сергеева. ",1984,,Мир. Редакция литературы по химии,М.,240,240,Russian,296,ihtik,1,,,,,,,,,,,"Scan, Formatting: ???, 2009",0,,,,,,,0,5016412,djvu,5399C9E966E861418CB4C5A351E925A6,77fa7661f658ff3b552752b5467fdbca,no,,0,2000-01-01 01:00:00,2016-05-01 00:28:44,97000/5399c9e966e861418cb4c5a351e925a6.jpg,,
28807907,Методы органической химии,том 3,,,Губен И.,1934,,,,12,12,Russian,300,ihtik,1,,,,,,,,,,,,0,,,,,,,0,186934,djvu,A0D1175889ACF445C643A8A4B34E11D4,16838c7bf650016b3cc89ce4f49d10e1,no,,0,2000-01-01 01:00:00,2016-05-01 00:28:44,97000/a0d1175889acf445c643a8a4b34e11d4.jpg,,
28807906,Методы органической химии,том 2,,,Губен И.,1941,,,,24,24,Russian,300,ihtik,1,,,,,,,,,,,,0,,,,,,,0,252369,djvu,F592EA0A91CB1D83CBF73CB7B911A099,325e3e95fe14bf90f67193dc93082648,no,,0,2000-01-01 01:00:00,2016-05-01 00:28:44,97000/f592ea0a91cb1d83cbf73cb7b911a099.jpg,,
28807905,Химия и технология стабилизаторов полимерных материалов,,,,"Б.Н.Горбунов, Я.А.Гурвич, И.П.Маслова.",1981,,Химия,М.,184,184,Russian,232,ihtik,1,,,,,,,,,,,"Scan, Djvuing: АЧ, 2003",0,,,,,,,0,3544777,djvu,9496E741A9686E239659BCD2CC7208B0,417eb1333f8f4456026ec9e1a7b3f2d7,no,,0,2000-01-01 01:00:00,2016-05-01 00:28:44,97000/9496e741a9686e239659bcd2cc7208b0.jpg,,
28807904,Биологически активные вещества лекарственных растений,,,,"Георгиевский В.П., Комиссаренко Н.Ф., Дмитрук С.Е.",1990,,,,167,167,Russian,29,ihtik,1,,,,,,,,,,,,0,,,,,,,0,5223910,djvu,F63F8E395375734949F65AC507E38483,df6c9fa41105ece9559e51704f0425b4,no,,0,2000-01-01 01:00:00,2016-05-01 00:28:44,97000/f63f8e395375734949f65ac507e38483.jpg,,
28807903,Готовимся к единому государственному экзамену. Химия,,,,"Габриелян, Решетов, и др.",2004,,Дрофа,М,56,56,Russian,296,ihtik,1,,,,,,,,,,,,0,,,,,,,0,471157,djvu,0FA9A38E7B929D7CA9C0F2E665A9EB5B,ed677417ac4d0457ba36c503bd724121,no,,0,2000-01-01 01:00:00,2016-05-01 00:28:44,97000/0fa9a38e7b929d7ca9c0f2e665a9eb5b.jpg,,
28807901,Промышленная гальванопластика,,,,Вансовская К.М.,1985,,,,53,53,Russian,210,ihtik,1,,,,,,,,,,,,0,,,,,,,0,1826402,djvu,93226B7DCAB32423842C4DB24473C07D,4b96c732f40d8c0385c54db60128822c,no,,0,2000-01-01 01:00:00,2016-05-01 00:28:44,97000/93226b7dcab32423842c4db24473c07d.jpg,,
28807902,Тонкостенные упругие стержни,,,,Власов В.З.,1959,,,,286,286,Russian,296,ihtik,1,,,,,,,,,,,,0,,,,,,,0,7407673,djvu,76AF3EB4B8985DD6FAA8F7909CA0B355,11d7c5570be30664dd2282481e91fa23,no,,0,2000-01-01 01:00:00,2016-05-01 00:28:44,97000/76af3eb4b8985dd6faa8f7909ca0b355.jpg,,
28807900,"Металлические покрытия,нанесённые химическим способом",,,,Вансовская К.М.,1985,,,,50,50,Russian,221,ihtik,1,,,,,,,,,,,,0,,,,,,,0,1531280,djvu,90688D2D4C9CC644787024E5DC79AAC5,3a595c64d69bd16498dc550259395fa5,no,,0,2000-01-01 01:00:00,2016-05-01 00:28:44,97000/90688d2d4c9cc644787024e5dc79aac5.jpg,,
28807899,Электромагнитные волны,,,,Вайнштейн Л.А.,,,,,440,440,Russian,296,ihtik,1,,,,,,,,,,,,0,,,,,1,,0,4176395,djvu,1A44338C4A5D48B8E9D94C75E73F4760,b3c00aa1396c0960f04d9af40e88e840,no,,0,2000-01-01 01:00:00,2016-05-01 00:28:44,97000/1a44338c4a5d48b8e9d94c75e73f4760.jpg,,
28807898,"Серебрение,золочение,палладирование и родирование",,,,Буркат Г.К.,1984,,,,43,43,Russian,69,ihtik,1,,,,,,,,,,,,0,,,,,,,0,1357874,djvu,E0FE836A20EB2403A27284E4B8F1F2DF,72e82c0c7b8b605dc24c57e52564d63e,no,,0,2000-01-01 01:00:00,2016-05-01 00:28:44,97000/e0fe836a20eb2403a27284e4b8f1f2df.jpg,,
28807897,Теория и практика ювелирного дела,,,,Бреполь Э.,1982,,,,189,189,Russian,183,ihtik,1,,,,,,,,,,,,0,,,,,,,0,5548205,djvu,A6FED18FD9325F727D0F925AEADEBCDB,02a8eca0df38b57717e4f6b8a0c83481,no,,0,2000-01-01 01:00:00,2016-05-01 00:28:44,97000/a6fed18fd9325f727d0f925aeadebcdb.jpg,,
28807896,Технология пластических масс. Учебное пособие для техникумов,,,,"Е.А.Брацыхин, Э.С.Шульгина.",1982,"3-е издание, переработанное и дополненное",Химия,Л.,162,162,Russian,183,ihtik,1,,,,,,,,,,,"Scan, Djvuing: АЧ, 2003",0,,,,,,,0,3534231,djvu,EEB58842EDEC7C300EAC6F83DF38EFC7,0ae474521db69a1874a64bd34f6371e8,no,,0,2000-01-01 01:00:00,2016-05-01 00:28:44,97000/eeb58842edec7c300eac6f83df38efc7.jpg,,
28807894,Электроосаждение металлических покрытий,,,,Беленький М.А.,1985,,,,146,146,Russian,264,ihtik,1,,,,,,,,,,,,0,,,,,1,,0,4392867,djvu,15DF3BAF29BF59755688936A0B384605,ee04dfc1b6698a685144c6ec1b369135,no,,0,2000-01-01 01:00:00,2016-05-01 00:28:44,97000/15df3baf29bf59755688936a0b384605.jpg,,
28807895,Углеводы,,,,Бочков А.Ф.,1980,,,,175,175,Russian,296,ihtik,1,,,,,,,,,,,,0,,,,,,,0,1135527,djvu,6FE15F7B724294165F8EDA35258757B6,e2ba1dee56e11104e0a7c74f41474de8,no,,0,2000-01-01 01:00:00,2016-05-01 00:28:44,97000/6fe15f7b724294165f8eda35258757b6.jpg,,
28807893,Математические методы в химической технике 301-413,,,,"Батунер Л.М., Позин М.Е.",,6,,,113,113,Russian,137,ihtik,1,,,,,,,,,,,,0,,,,,,,0,1655189,djvu,C857929F1F3E29EAEBE526A36944F898,cc5ec312554a5229909cff7cab8d5fb5,no,,0,2000-01-01 01:00:00,2016-05-01 00:28:44,97000/c857929f1f3e29eaebe526a36944f898.jpg,,
28807892,Математические методы в химической технике 201-300,,,,"Батунер Л.М., Позин М.Е.",,6,,,100,100,Russian,137,ihtik,1,,,,,,,,,,,,0,,,,,,,0,1382270,djvu,E37100A09B0FE0393289617C02CC77F3,73108f8d5cb3fcf5f8ea67de1fd00d1a,no,,0,2000-01-01 01:00:00,2016-05-01 00:28:44,97000/e37100a09b0fe0393289617c02cc77f3.jpg,,
28807891,Математические методы в химической технике 101-200,,,,"Батунер Л.М., Позин М.Е.",,6,,,100,100,Russian,137,ihtik,1,,,,,,,,,,,,0,,,,,,,0,1332100,djvu,0D084616ED42C40FF03BCD9D62497C18,288a3937a84174205686d1b20cf16773,no,,0,2000-01-01 01:00:00,2016-05-01 00:28:44,97000/0d084616ed42c40ff03bcd9d62497c18.jpg,,
28807890,Математические методы в химической технике 001-100,,,,"Батунер Л.М., Позин М.Е.",,6,,,100,100,Russian,137,ihtik,1,,,,,,,,,,,,0,,,,,,,0,1421355,djvu,B7416848B0C58C446147DF0BA41FFB8E,09426373aedcad70dd6846c1654a66b4,no,,0,2000-01-01 01:00:00,2016-05-01 00:28:44,97000/b7416848b0c58c446147df0ba41ffb8e.jpg,,
28807889,"Внутримолекулярное вхаимодействие нитрильной и C-H, O-H",,,,"Бабичев Ф.С., Шаранин Ю.А., Литвинов В.П.",,,,,101,101,Russian,296,ihtik,1,,,,,,,,,,,,0,,,,,,,0,3621087,djvu,74A135160CB4EE1D9C057AF17EDE0954,9c34253727aa7d4933439da6cf202304,no,,0,2000-01-01 01:00:00,2016-05-01 00:28:44,97000/74a135160cb4ee1d9c057af17ede0954.jpg,,
28807888,Хлорметилирование простых эфиров двухатомных фенолов и некоторые их превращения,,,,,,,,,1,1,Russian,219,ihtik,1,,,,,,,,,,,,0,,,,,,,0,79135,djvu,DDBCFBAA30CAE7FA6A64E78661ABF255,4546778e95852d940e9f620e62c7d83d,no,,0,2000-01-01 01:00:00,2016-05-01 00:28:44,97000/DDBCFBAA30CAE7FA6A64E78661ABF255-g.jpg,,
28807886,Designing organic syntheses,,,,Warren S.,1978,,,,140,140,English,300,ihtik,1,,,,,,,,,,,,0,,,,,,,0,1021694,djvu,7FD4917E62565A491011E1D265CF45BF,a74953c874b68d4e04268df41faf424e,no,,0,2000-01-01 01:00:00,2016-05-01 00:28:44,97000/7fd4917e62565a491011e1d265cf45bf.jpg,,
28807887,Коррозионная стойкость оборудования химических производств.Способы защиты оборудования от коррози,,,,,,,,,278,278,Russian,210,ihtik,1,,,,,,,,,,,,0,,,,,,,0,3804594,djvu,FDD442FBA6C310B3E7C3EE574414D647,75c8ad5cc66ae9cb9e289f71982fd7fd,no,,0,2000-01-01 01:00:00,2016-05-01 00:28:44,97000/fdd442fba6c310b3e7c3ee574414d647.jpg,,
28807885,Chemistry of Crop Protection,,,,"Günther Voss, Gerardo Ramos",2003,,Wiley-VCH,,393,393,English,296,ihtik,1,"3527305408,9783527305407",,,,,632/.9,SB950.A2 C44 2003,,,OL3700442M,,0,,,,,1,,0,3291599,djvu,DE4DB7FEE449E25865B3BF1D6856BA84,a81bdb0bc0cd0eb6354339022a35c9db,no,,0,2000-01-01 01:00:00,2016-05-01 00:28:44,97000/de4db7fee449e25865b3bf1d6856ba84-d.jpg,,"3527305408,9783527305407"
28807884,Computational methods in surface and colloid science,,,,Borowko M.,2000,,,,943,943,English,120,ihtik,1,,,,,,,,,,,,0,,,,,,,0,14481933,djvu,D405B794DABD970558313B20267DB1F4,d0c113929a7be9572e93607046bc1b35,no,,0,2000-01-01 01:00:00,2016-05-01 00:28:44,97000/d405b794dabd970558313b20267db1f4.jpg,,
28807883,Хромато-масс-спектрометрия (Методы аналитической химии),,,,Хмельницкий,1984,,Химия,,107,107,Russian,296,ihtik,1,,,,,,,,,,,,0,,,,,,,1,13361603,pdf,24FBB5602E14F648827748E7FE27D5FB,98A7D099B20BC4FA780E7D09BA53A4EC,no,,0,2000-01-01 01:00:00,2016-05-01 00:28:44,97000/24fbb5602e14f648827748e7fe27d5fb-d.jpg,,
28807882,ВЭЖХ в биохимии,,,,Хеншен,,,,,645,645,Russian,296,ihtik,1,,,,,,,,,,,,0,,,,,,,0,6793940,djvu,ECF76112B905C69C63543D3F7CEF19DC,c03bac17312b7a4dbc03c168bafd501d,no,,0,2000-01-01 01:00:00,2016-05-01 00:28:44,97000/ecf76112b905c69c63543d3f7cef19dc.jpg,,
28807881,Методы совершенствования хроматографических систем и механизмы удерживания в ВЭЖХ,,,,Сычёв,2000,,,,106,106,Russian,296,ihtik,1,,,,,,,,,,,,0,,,,,,,0,2705443,djvu,ADEB6F47701919F020394F40BB2FF3B8,a0f85b43b084709ab27c0c0ded5de406,no,,0,2000-01-01 01:00:00,2016-05-01 00:28:44,97000/adeb6f47701919f020394f40bb2ff3b8.jpg,,
28807879,Handbook of Thin-Layer Cromatography,,,,,,,,,1063,1063,English,,ihtik,1,,,,,,,,,,,,0,,,,,,,0,10924015,djvu,A8AC40AE38F5572C9E0324E54CF80FCB,84fef791c8f791aa11fab4b7330ecbfc,no,,0,2000-01-01 01:00:00,2016-05-01 00:28:44,97000/a8ac40ae38f5572c9e0324e54cf80fcb.jpg,,
28807880,Mass Spectrometry for Biotechnology,,,,Gary Siuzdak,1996,1,Academic Press,,177,177,English,17,ihtik,1,"9780126474718,0126474710",,,,,574.19/245/028,QP519.9.M3 S58 1996,,,OL794773M,,0,,,,,,,0,1691890,djvu,A00377DC8DD10D518C30D29CF539342A,bd86fc57da5b749887e5d00142003ffd,no,,0,2000-01-01 01:00:00,2016-05-01 00:28:44,97000/a00377dc8dd10d518c30d29cf539342a-d.jpg,,"9780126474718,0126474710"
28807878,Фосфорорганические мономеры и полимеры,,,,Гефтер Е.Л.,1960,,ИАН СССР,,287,287,Russian,300,ihtik,1,,,,,,,,,,,,0,,,,,,,0,5761695,djvu,935D8A798B7B9735C7F8E32E2403E3DE,26b975c6dbba5ece649d74ec0294ff43,no,,0,2000-01-01 01:00:00,2016-05-01 00:28:44,97000/935d8a798b7b9735c7f8e32e2403e3de.jpg,,
28807877,Расчет и исследование предохранительных и переливных клапанов,,,,"Ситников Б.Т., Матвеев И.Б.",1971,,,,131,131,Russian,210,ihtik,1,,,,,,,,,,,,0,,,,,,,0,4845277,djvu,5573FD7C7433906CF9804B25D9CBE5F4,683072135032e7765744eb6552da7360,no,,0,2000-01-01 01:00:00,2016-05-01 00:28:44,97000/5573fd7c7433906cf9804b25d9cbe5f4.jpg,,
28807876,Примеры и задачи по курсу процессов и аппаратов химической технологии,,,,"Павлов К. Ф., и др.",1987,,,,572,572,Russian,113,ihtik,1,,,,,,,,,,,,0,,,,,,,0,7805404,djvu,A0BC6B2D2EED1B013D00BDD5F88BF94A,a9d4c2d0175fa2ebfa78f7800362b262,no,,0,2000-01-01 01:00:00,2016-05-01 00:28:44,97000/a0bc6b2d2eed1b013d00bdd5f88bf94a.jpg,,
28807875,Указания по расчету циклонов,,,,"Коузов П.А., и др.",1971,,,,53,53,Russian,296,ihtik,1,,,,,,,,,,,,0,,,,,,,0,1194915,djvu,D9713A15EC173C3367904446D7EC9EA8,fe9e672f4f48e509e4a8592c8b8e3cb1,no,,0,2000-01-01 01:00:00,2016-05-01 00:28:44,97000/d9713a15ec173c3367904446d7ec9ea8.jpg,,
28807873,Процессы и аппараты химической технологии,,,,"Плановский А.Н., и др.",1965,,,,845,845,Russian,210,ihtik,1,,,,,,,,,,,,0,,,,,,,0,13804592,djvu,4DFC8F83A88C4A5223E6DF280DD6220A,89b0c7d749727f67bf0afc8b899a76ed,no,,0,2000-01-01 01:00:00,2016-05-01 00:28:44,97000/4dfc8f83a88c4a5223e6df280dd6220a.jpg,,
28807874,Проектирование аппаратов пылегазоочистки,,,,"Зиганшин, и др.",1998,,,,255,255,Russian,210,ihtik,1,,,,,,,,,,,,0,,,,,,,0,5605757,djvu,CCF7D2368441563C60E966311DB53C83,3efa9977a3ba2c5bdb66b7bade899cdd,no,,0,2000-01-01 01:00:00,2016-05-01 00:28:44,97000/ccf7d2368441563c60e966311db53c83.jpg,,
28807872,Основные процессы и аппараты химической технологии,,,,Касаткин А.Г.,1970,,,,784,784,Russian,210,ihtik,1,,,,,,,,,,,,0,,,,,,,0,10310729,djvu,B1219930B0DF8D0D2E64FAF9779A2B46,4e93f9e82a3d399e874bb80ffb16d557,no,,0,2000-01-01 01:00:00,2016-05-01 00:28:44,97000/b1219930b0df8d0d2e64faf9779a2b46.jpg,,
28807871,Курс физической химии,том 2,,,"Герасимов Я.И., и др.",1973,,Химия,,625,625,Russian,296,ihtik,1,,,,,,,,,,,,0,,,,,,,0,5459693,djvu,D3D74E25296E5765223BD67B361095D7,08712d8dae092024b5815b054d1df8d3,no,,0,2000-01-01 01:00:00,2016-05-01 00:28:44,97000/d3d74e25296e5765223bd67b361095d7.jpg,,
28807870,Курс физической химии,том 1,,,"Герасимов Я.И., и др.",1964,,Химия,,626,626,Russian,296,ihtik,1,,,,,,,,,,,,0,,,,,,,0,6328333,djvu,17AF7E1C0B064D9C91E16C225773EB05,f8a19c7dc781e7c36c41eddf2716e15d,no,,0,2000-01-01 01:00:00,2016-05-01 00:28:44,97000/17af7e1c0b064d9c91e16c225773eb05.jpg,,
28807868,Termochemistry of the chemical substances,,,,"Bichowsky F.R., Rossini F.D.",2003,,,New York,459,459,English,296,ihtik,1,,,,,,,,,,,,0,,,,,,,0,3785668,djvu,12A8C910797C19D757AFB05F1DD009C4,7b506a3ac022c5b7a82e20be3077c816,no,,0,2000-01-01 01:00:00,2016-05-01 00:28:44,97000/12a8c910797c19d757afb05f1dd009c4.jpg,,
28807869,Chemically reacting flow,,,,"Kee R.J., Coltrin M.E., Glarborg P.",2003,,,,860,860,English,296,ihtik,1,,,,,,,,,,,,0,,,,,,,0,5749094,djvu,CF34C24A44B69BFB68D8098C447936EE,57f6196738f3fee32b6ae6bde2d1da14,no,,0,2000-01-01 01:00:00,2016-05-01 00:28:44,97000/cf34c24a44b69bfb68d8098c447936ee.jpg,,
28807867,Фотометрический анализ,,,,Коренман,,,,,171,171,Russian,117,ihtik,1,,,,,,,,,,,,0,,,,,,,0,3229908,djvu,BE718095B1B818ABC6FE7BA33263B9FF,450572b3cffd20be6ceaa41864e2550f,no,,0,2000-01-01 01:00:00,2016-05-01 00:28:44,97000/be718095b1b818abc6fe7ba33263b9ff.jpg,,
28807866,Технология лекарств,том 1,,,Муравьев И.А.,1980,,,,12,12,Russian,232,ihtik,1,,,,,,,,,,,,0,,,,,,,0,184811,djvu,0EC4749E5866E6DE75A4727DDB716B50,4e35c6ba0e79cbffb33a2a9abb6b3c8d,no,,0,2000-01-01 01:00:00,2016-05-01 00:28:44,97000/0ec4749e5866e6de75a4727ddb716b50.jpg,,
28807865,Технология лекарственных форм,том 12,,,Иванова,,,,,20,20,Russian,232,ihtik,1,,,,,,,,,,,,0,,,,,,,0,341706,djvu,38CB30E1622579643EEFC183BDEC30FF,a706a2c5b7cd309f417884662fe9cdfd,no,,0,2000-01-01 01:00:00,2016-05-01 00:28:44,97000/38cb30e1622579643eefc183bdec30ff.jpg,,
28807864,Сознательные выходы из тела,,,,Бореев Г.А.,2002,,,,113,113,Russian,296,ihtik,1,,,,,,,,,,,,0,,,,,,,0,2041837,djvu,C7896112C2470954D0C53CF463FB32D6,93aafde178b50c1be6e87ac02b6cdbde,no,,0,2000-01-01 01:00:00,2016-05-01 00:28:44,97000/c7896112c2470954d0c53cf463fb32d6.jpg,,
28807862,Основы пиротехники,,,,Шидловский А.А.,1964,3,,,172,172,Russian,210,ihtik,1,,,,,,,,,,,,0,,,,,,,0,3383891,djvu,FDFD45DEF779A125053CF4BAEA2A36BA,eb889ef62237e440db208656fe1fbe37,no,,0,2000-01-01 01:00:00,2016-05-01 00:28:44,97000/fdfd45def779a125053cf4baea2a36ba.jpg,,
28807863,Способы получения эфирных масел,,,,,1978,,,,5,5,Russian,296,ihtik,1,,,,,,,,,,,,0,,,,,,,0,112397,djvu,5D51C861860F3037186C0349E50B028D,145eada882bf6f4533026a65e517fcee,no,,0,2000-01-01 01:00:00,2016-05-01 00:28:44,97000/5d51c861860f3037186c0349e50b028d.jpg,,
28807861,Химия пиррора,том 1,,,Фишер Г.,1937,,,,248,248,Russian,300,ihtik,1,,,,,,,,,,,,0,,,,,,,0,7952150,djvu,AE0FAF1C1F802BABDDE2740D58C0561A,023f9b02a6b3f88b7dcd32fe85d3e88e,no,,0,2000-01-01 01:00:00,2016-05-01 00:28:44,97000/ae0faf1c1f802babdde2740d58c0561a.jpg,,
28807860,Методы органической химии,том 3 вып 3,,,Губен И.,1935,,,,339,339,Russian,300,ihtik,1,,,,,,,,,,,,0,,,,,,,0,9628152,djvu,F6D1DE13126D6DCF83D150AB63067944,103e2cee6b33d10b88fb246eeed299ec,no,,0,2000-01-01 01:00:00,2016-05-01 00:28:44,97000/f6d1de13126d6dcf83d150ab63067944.jpg,,
28807859,Методы органической химии,том 3 вып 2,,,Губен И.,1935,,,,267,267,Russian,300,ihtik,1,,,,,,,,,,,,0,,,,,,,0,7659241,djvu,9BA0B14B34B7F31F1BE70677845B132B,f0cb58b8160cefab4237700839b27b9b,no,,0,2000-01-01 01:00:00,2016-05-01 00:28:44,97000/9ba0b14b34b7f31f1be70677845b132b.jpg,,
28807858,Методы органической химии,том 2 вып 1,,,Губен И.,1941,,,М~Л,361,361,Russian,300,ihtik,1,,,,,,,,,,,,0,,,,,,,0,12543488,djvu,AEA92ADE04C81344B8489750F6E6D8B6,978762abe473c977e4608aa62b9678aa,no,,0,2000-01-01 01:00:00,2016-05-01 00:28:44,97000/aea92ade04c81344b8489750f6e6d8b6.jpg,,
28807857,Органические реакции,часть 5,,,Адамс Р.,1951,,,М,228,228,Russian,300,ihtik,1,,,,,,,,,,,,0,,,,,,,0,7250124,djvu,0CF67014999E7D9252380C6CBB16C79E,39fd26c57686575ad111fd5516973947,no,,0,2000-01-01 01:00:00,2016-05-01 00:28:44,97000/0cf67014999e7d9252380c6cbb16c79e.jpg,,
28807856,Методы получения особо чистых неорганических веществ. Монография,,,,"Б.Д.Степин, И.Г.Горштейн, Г.З.Блюм, Г.М.Курдюмов, И.П.Оглоблина.",1969,,Химия,Л.,241,241,Russian,299,ihtik,1,,,,,,,,,,,"Scan, Djvuing: АЧ, 2003",0,,,,,,,0,4507061,djvu,C7129EA1D04F38468AC8E56B4C791DBE,65da670b715dcdf237ddd58104086868,no,,0,2000-01-01 01:00:00,2016-05-01 00:28:44,97000/c7129ea1d04f38468ac8e56b4c791dbe.jpg,,
28807855,Руководство по обработке драгоценных и поделочных камней,,,,Синкенкес Дж.,1989,,,,424,424,Russian,232,ihtik,1,,,,,,,,,,,,0,,,,,,,0,7976932,djvu,2AC805A73145DCB798A464F9E36BF89D,a6113764cdd5ed489fcb1c5ddbec86c6,no,,0,2000-01-01 01:00:00,2016-05-01 00:28:44,97000/2ac805a73145dcb798a464f9e36bf89d.jpg,,
28807854,"Обезжиривание, травление и полирование металлов",,,,Грилихес С.Я.,1983,,,,54,54,Russian,221,ihtik,1,,,,,,,,,,,,0,,,,,,,0,732728,djvu,7CFDB7D77E9F41783A3FC998F16C358F,141b3cde9a00fd04550d52e28c5cac13,no,,0,2000-01-01 01:00:00,2016-05-01 00:28:44,97000/7cfdb7d77e9f41783a3fc998f16c358f.jpg,,
28807853,Препаративная химия гидридов,,,,"Антонова М.М., Морозова Р.А.",1976,,,,50,50,Russian,299,ihtik,1,,,,,,,,,,,,0,,,,,,,0,698452,djvu,3128937DA7F252B050C7A0F92F716581,7a28fbdcac4992fbfc695c9ed91f5671,no,,0,2000-01-01 01:00:00,2016-05-01 00:28:44,97000/3128937da7f252b050c7a0f92f716581.jpg,,
28807852,The technology of glass and ceramics,,,,Jan Hlavac,1983,,Elsevier Science & Technology,,215,215,English,299,ihtik,1,"0444996885,9780444996886",,,,,666,TP807 .H59 1983,,,OL3491551M,,0,,,,,1,,0,4094210,djvu,B8D8FC4AFED86416BEF71F30CA447809,3d042d4c13a10ecf9328754b5917ecb2,no,,0,2000-01-01 01:00:00,2016-05-01 00:28:44,97000/b8d8fc4afed86416bef71f30ca447809.jpg,,"0444996885,9780444996886"
28807851,A guide to chalcogen-nitrogen chemistry,,,,Chivers T.,2005,,,,335,335,English,299,ihtik,1,,,,,,,,,,,,0,,,,,,,0,1259789,djvu,D6C80B239C978919496B4899ED57BF95,a7fbd405f00f5af8944618966dc30fd0,no,,0,2000-01-01 01:00:00,2016-05-01 00:28:44,97000/d6c80b239c978919496b4899ed57bf95.jpg,,
28807850,Фармакология адамантанов,,,,"Морозов И.С., Петров В.И., Сергеева С.А.",2001,,,,161,161,Russian,31,ihtik,1,,,,,,,,,,,,0,,,,,,,0,2858037,djvu,F765F008F3DDA5246CF0FBFA53EB9F74,cd8e44aa817ffb656e936429bf0a8496,no,,0,2000-01-01 01:00:00,2016-05-01 00:28:44,97000/f765f008f3dda5246cf0fbfa53eb9f74.jpg,,
28807849,Психотомиметики,,,,"Мильштейн Г.И., Спивак Л.Н.",1971,,,,9,9,Russian,31,ihtik,1,,,,,,,,,,,,0,,,,,,,0,216638,djvu,B9323D1041EB50854047B14FD5B18135,58a14251fa6e93975436ab006711f1e6,no,,0,2000-01-01 01:00:00,2016-05-01 00:28:44,97000/b9323d1041eb50854047b14fd5b18135.jpg,,
28807848,S-Алкиниловые эфиры тиокислот фосфора,,,,"Бресткин А.П., и др.",,,,,33,33,Russian,31,ihtik,1,,,,,,,,,,,,0,,,,,,,0,385680,djvu,B80940BFFEB3C046265E632F399EC235,9e2253c73df6eb3e4be26fb18e59d927,no,,0,2000-01-01 01:00:00,2016-05-01 00:28:44,97000/b80940bffeb3c046265e632f399ec235.jpg,,
28807847,Фармакологическая коррекция утомления,,,,"Бобков Ю.Г., Виноградов В.М., Катков В.Ф., Лосев С.С., Смирнов А.В.",,,,,13,13,Russian,31,ihtik,1,,,,,,,,,,,,0,,,,,,,0,250142,djvu,C72C52C9FA84A169A4640503839EA111,3a1afece4e42d93cf587012e53fbf36c,no,,0,2000-01-01 01:00:00,2016-05-01 00:28:44,97000/c72c52c9fa84a169a4640503839ea111.jpg,,
28807845,Гликопротеины,,,,Хьюз Р.,1985,,,,141,141,Russian,17,ihtik,1,,,,,,,,,,,,0,,,,,,,0,1475690,djvu,109C639AB40E5F788CEE774F524A3433,5d828eb6470b4c3b8ac03f3f8e5d9003,no,,0,2000-01-01 01:00:00,2016-05-01 00:28:44,97000/109c639ab40e5f788cee774f524a3433.jpg,,
28807846,Химическое оружие на рубеже двух столетий,,,,Антонов Н.С.,1994,,,,88,88,Russian,67,ihtik,1,,,,,,,,,,,,0,,,,,,,0,2727345,djvu,CEB3895E4D9EC075DFA14BF3A76F4AB1,c51e319474db606e346a7b1d4cfe2d2d,no,,0,2000-01-01 01:00:00,2016-05-01 00:28:44,97000/ceb3895e4d9ec075dfa14bf3a76f4ab1.jpg,,
28807844,Хитин и хитозан,,,,"Скрябин К.Г., Вихорева Г.А., Варламов В.П.",2002,,,,365,365,Russian,17,ihtik,1,,,,,,,,,,,,0,,,,,,,0,6892386,djvu,275FA6120EFBAE0E82B0ED131D6656B4,c441935bfd18062a6ade6a298b6f4965,no,,0,2000-01-01 01:00:00,2016-05-01 00:28:44,97000/275fa6120efbae0e82b0ed131d6656b4.jpg,,
28807843,Липидология,,,,Кейтс М.,1972,,,,161,161,Russian,17,ihtik,1,,,,,,,,,,,,0,,,,,,,0,7027858,djvu,D12EBD15ECC6260DC1FFAA24317D560C,06b963edd49b08315bc68d7990aacb91,no,,0,2000-01-01 01:00:00,2016-05-01 00:28:44,97000/d12ebd15ecc6260dc1ffaa24317d560c.jpg,,
28807841,Биологическая химия,,,,"Березов Т.Т., Коровкин Б.Ф.",1998,,,,704,704,Russian,12,ihtik,1,,,,,,,,,,,,0,,,,,,,0,5529404,djvu,E337A0B340BB660264405DC91AE79D71,4a3d4aeb06b50e5712978d9ac59b23cc,no,,0,2000-01-01 01:00:00,2016-05-01 00:28:44,97000/e337a0b340bb660264405dc91ae79d71.jpg,,
28807842,Химия аминокислот и пептидов,,,,"Гринштейн Дж., Виниц М.",1968,,,,820,820,Russian,296,ihtik,1,,,,,,,,,,,,0,,,,,,,0,15457116,djvu,5980950D6860BD787492411E5BDB43AD,481b19b2e9f0f7eeb468e353181916f2,no,,0,2000-01-01 01:00:00,2016-05-01 00:28:44,97000/5980950d6860bd787492411e5bdb43ad.jpg,,
28807840,Авиационная метеорология,,,,Яковлев А.М,1971,,,,250,250,Russian,36,ihtik,1,,,,,,,,,,,,0,,,,,,,0,6321108,djvu,6F150691E2C310C66FED6F1AA90F2A6B,f8490e254d1a5c862c4358749084b92f,no,,0,2000-01-01 01:00:00,2016-05-01 00:28:44,97000/6f150691e2c310c66fed6f1aa90f2a6b.jpg,,
28807839,Концентрация напряжений в элементах авиационных конструкций,,,,Мавлютов Р.Р.,,,,,72,72,Russian,245,ihtik,1,,,,,,,,,,,,0,,,,,,,0,1730541,djvu,5485F7AFBC994242CCCA3FBB12AE19A2,31614cfe58c6faf6392e0b4c16ec0ff3,no,,0,2000-01-01 01:00:00,2016-05-01 00:28:44,97000/5485f7afbc994242ccca3fbb12ae19a2.jpg,,
28807838,Полет птиц как основа искусства летать,,,,Лилиенталь О.,2002,,,,233,233,Russian,23,ihtik,1,,,,,,,,,,,,0,,,,,,,0,1086048,djvu,823C877D41D489865A2734E165CF49EE,97d0aac788adb60d7366ad7c498fed83,no,,0,2000-01-01 01:00:00,2016-05-01 00:28:44,97000/823c877d41d489865a2734e165cf49ee.jpg,,
28807837,Как и почему летает планер,,,,Жабров А.А.,1938,,ГОНТИ НКТП,,204,204,Russian,245,ihtik,1,,,,,,,,,,,,0,,,,,,,0,3911684,djvu,49A8B0F534EB515F1587F6FD9D1C3390,885f456393161464e7e58047a34a301f,no,,0,2000-01-01 01:00:00,2016-05-01 00:28:44,97000/49a8b0f534eb515f1587f6fd9d1c3390-d.jpg,,
28807836,Приборы на самолете,part 2,,,"Браславский Д.А., Логунов С.С.",1947,,,,221,221,Russian,245,ihtik,1,,,,,,,,,,,,0,,,,,,,0,3495655,djvu,52A3C2472AF0920A8CAE2A66309BADCE,9baa1bf4ea1dc0c29124efc9357dd9c2,no,,0,2000-01-01 01:00:00,2016-05-01 00:28:44,97000/52a3c2472af0920a8cae2a66309badce.jpg,,
28807835,Приборы на самолете,part 1,,,"Браславский Д.А., Логунов С.С.",1947,,,,316,316,Russian,245,ihtik,1,,,,,,,,,,,,0,,,,,,,0,4455237,djvu,A006091B9F74C74CF2BFC13021F085E3,dd91f0f122ae98c89afbf1f9274bd4d5,no,,0,2000-01-01 01:00:00,2016-05-01 00:28:44,97000/a006091b9f74c74cf2bfc13021f085e3.jpg,,
28807834,Летательные аппараты нетрадиционных схем,,,,Бауэрс П.,1991,,,,163,163,Russian,210,ihtik,1,,,,,,,,,,,,0,,,,,,,0,7723700,djvu,19FBFD123CFCEA3EDBCFC895005D2D37,94fefbe1202fd1ee64823461326dc054,no,,0,2000-01-01 01:00:00,2016-05-01 00:28:44,97000/19fbfd123cfcea3edbcfc895005d2d37.jpg,,
28807833,Самолет Як-12. Технич. описание,,,,"Г. И. Гудеменко, О. А. Алферов, Г. П. Медников",1950,,Оборонгиз,,356,356,Russian,210,ihtik,1,,,,,,,,,,,,0,,,,,,,0,10816238,djvu,45AA5486D6AA3BE2C961026B61985B67,92d4c9e633bffe85694f5f0d2f9fe4d6,no,,0,2000-01-01 01:00:00,2016-05-01 00:28:44,97000/45aa5486d6aa3be2c961026b61985b67.jpg,,
28807832,Практические работы по курсу воздушных винтов,,,,"Касторский В.Е., Курочкин Ф.П.",1948,,Издание Академии,,144,144,Russian,245,ihtik,1,,,,,,,,,,,,0,,,,,,,0,4090031,djvu,D93957F1460DDD757FAB9DC1DFE8356E,19820178175f72dfc261ae437333f455,no,,0,2000-01-01 01:00:00,2016-05-01 00:28:44,97000/d93957f1460ddd757fab9dc1dfe8356e-d.jpg,,
28807831,Молекулярные потоки в сложных вакуумных системах,,,,Саксаганский,1980,,,,108,108,Russian,210,ihtik,1,,,,,,,,,,,,0,,,,,,,0,2798593,djvu,B4C75339863B4C337E1901A5689D993D,441050d657079ab60e52e5f85884f043,no,,0,2000-01-01 01:00:00,2016-05-01 00:28:44,97000/b4c75339863b4c337e1901a5689d993d.jpg,,
28807830,Тепловое излучение полостей,,,,"Русин, Пелецкий",1987,,,,77,77,Russian,264,ihtik,1,,,,,,,,,,,,0,,,,,,,0,1652555,djvu,89D995EA786596D48890E9BCD47A6524,86a0d25e3f162575e2f176decbe96424,no,,0,2000-01-01 01:00:00,2016-05-01 00:28:44,97000/89d995ea786596d48890e9bcd47a6524.jpg,,
28807828,Элементы физической кинетики,,,,Крюков,1995,,,,42,42,Russian,210,ihtik,1,,,,,,,,,,,,0,,,,,,,0,694418,djvu,945D024B58D13E72D1908B5951ECAB51,688dc9e8b6ec51afb825236b75a2f82a,no,,0,2000-01-01 01:00:00,2016-05-01 00:28:44,97000/945d024b58d13e72d1908b5951ecab51.jpg,,
28807829,Справочник по физико-техническим основам криогеники,,,,Малков,1985,,,,432,432,Russian,210,ihtik,1,,,,,,,,,,,,0,,,,,,,0,9352882,djvu,71DE38A3AE117541245B195E4C9B0985,1de13190fe0016943a5f23645293db29,no,,0,2000-01-01 01:00:00,2016-05-01 00:28:44,97000/71de38a3ae117541245b195e4c9b0985.jpg,,
28807827,Динамика разреженного газа,,,,Коган,1967,,,,221,221,Russian,210,ihtik,1,,,,,,,,,,,,0,,,,,,,0,4467573,djvu,6F5C06A706669651C1C5C8D09783D149,f0395e13d7ffb3acd4d05c42a4e1f6b7,no,,0,2000-01-01 01:00:00,2016-05-01 00:28:44,97000/6f5c06a706669651c1c5c8d09783d149.jpg,,
28807826,Тепловая изоляция в технике низких температур,,,,Каганер М.Г,1966,,,,137,137,Russian,210,ihtik,1,,,,,,,,,,,,0,,,,,,,0,2667007,djvu,129BBDB359A0DA68DBFA34C69AA3DCF5,55edef85848bc83512bd36d1697ba396,no,,0,2000-01-01 01:00:00,2016-05-01 00:28:44,97000/129bbdb359a0da68dbfa34c69aa3dcf5.jpg,,
28807825,Тепло- и массообмен в радиоэлектронной аппаратуре,,,,Дульнев Г.Н.,1984,,Высшая школа,,246,246,Russian,242,ihtik,1,,,,,,,,,,,,0,,,,,,,0,3468172,djvu,BDB36D6F8A2CA9E0D365C96A0BABDD6C,419749b2e3ba503d292bb6755e410b89,no,,0,2000-01-01 01:00:00,2016-05-01 00:28:44,97000/bdb36d6f8a2ca9e0d365c96a0babdd6c-d.gif,,
28807824,Микрокриогенная техника,,,,"Грезин А.К., Зиновьев В.С.",1977,,,,115,115,Russian,210,ihtik,1,,,,,,,,,,,,0,,,,,,,0,3148919,djvu,DB73C41C97E27CAE4F105099F6C4C79B,ebf71ff6faef4a5dd9113aa93a594aac,no,,0,2000-01-01 01:00:00,2016-05-01 00:28:44,97000/db73c41c97e27cae4f105099f6c4c79b.jpg,,
28807823,Расчёт нагревательных и термических печей,,,,Тымчак В.М.,1983,,,,481,481,Russian,210,ihtik,1,,,,,,,,,,,,0,,,,,,,0,10478211,djvu,B861BAFFEB1FCF545D70D6319D859A2D,8fafcba83df887bf96053183f3130eb9,no,,0,2000-01-01 01:00:00,2016-05-01 00:28:44,97000/b861baffeb1fcf545d70d6319d859a2d.jpg,,
28807822,Молекулярная газовая динамика,,,,Берд,1981,,,,80,80,Russian,210,ihtik,1,,,,,,,,,,,,0,,,,,,,0,2902134,djvu,82DCE4853B067DABEDF2F9C2E4E1C45E,4e5492420d5aae2fbb28c00d0281dceb,no,,0,2000-01-01 01:00:00,2016-05-01 00:28:44,97000/82dce4853b067dabedf2f9c2e4e1c45e.jpg,,
28807820,Этюды о Вселенной,,,,Редже Туллио,,,,,0,0,Russian,178,ihtik,1,,,,,,,,,,,,0,,,,,,,,807424,doc,42B29B0659694E90808A5E12E1022C7B,6320e072a6ee52cb39478176af99ab97,no,,0,2000-01-01 01:00:00,2016-05-01 00:28:44,,,
28807821,Краткая история времени. От большого взрыва до черных дыр,,,,Хокинг С.,,,,,,0,Russian,64,ihtik,1,,,,,,,,,,,,0,,,,,1,,,1260544,doc,C05E6BEE03FB2EC587ADEE306AF2502A,C4417A5FC9566743FD62E1DD18B423A5,no,,0,2000-01-01 01:00:00,2016-05-01 00:28:44,,,
28807819,Курс лекций по логике науки,,,,Ракитов А.И.,1971,,,,176,176,Russian,183,ihtik,1,,,,,,,,,,,,0,,,,,,,0,4501871,djvu,16CC3BBD57FE5B4E44D7ECB87FF47C40,1ddbfb59ab0d2e71306e3d5fc56df9a7,no,,0,2000-01-01 01:00:00,2016-05-01 00:28:44,96000/16cc3bbd57fe5b4e44d7ecb87ff47c40.jpg,,
28807818,Практическая энциклопедия.,Том 1,,,Битнер Вильгельм Казимир Вильгельмович,1903,,Издательство «ВЪстника Знанiя»,,377,377,Russian,188,infanata,1,,,,,,,,,,,"Scan, Djvuing, OCR, SpellCheck: Pirat,",0,,,,,,,0,8145462,djvu,28C52114161E0CB7D478AE42287B429F,686a955716326f45c3b4b33ed293907a,no,N:\\natahaus\\2006\\2006-04\\[1144430160]Практическая энциклопедия. Том I.-- Битнеръ В.В. (ред.).djv,0,2000-01-01 01:00:00,2016-05-01 00:28:44,96000/28c52114161e0cb7d478ae42287b429f-d.jpg,,
28807817,Энциклопедия чудес,2,,,Мезенцев В.,1990,,,,267,267,Russian,188,ihtik,1,,,,,,,,,,,,0,,,,,,,0,2696532,djvu,C3FCE90C29E8483FE03B0AFD5FDE1A24,c45504775240ccdb44a0a31b28734591,no,,0,2000-01-01 01:00:00,2016-05-01 00:28:44,96000/c3fce90c29e8483fe03b0afd5fde1a24.jpg,,
28807815,Вибрационное горение,,,,Раушенбах Б.В.,,2,,,250,250,Russian,210,ihtik,1,,,,,,,,,,,,0,,,,,,,0,3299854,djvu,CDC42E8AD09FFD3EAFAD448C9E58E87D,a74f3db48904dbddf2067bd6596e33bc,no,,0,2000-01-01 01:00:00,2016-05-01 00:28:44,96000/cdc42e8ad09ffd3eafad448c9e58e87d.jpg,,
28807816,Энциклопедия чудес,1,,,Мезенцев В.,1990,,,,260,260,Russian,188,ihtik,1,,,,,,,,,,,,0,,,,,,,0,2680798,djvu,E29E68F853B81DED3C3D8927CF52F572,4cb7a56da4abdee4aafde99d4dc991a5,no,,0,2000-01-01 01:00:00,2016-05-01 00:28:44,96000/e29e68f853b81ded3c3d8927cf52f572.jpg,,
28807814,Вибрационное горение,,,,Раушенбах Б.В.,,1,,,251,251,Russian,210,ihtik,1,,,,,,,,,,,,0,,,,,,,0,3237728,djvu,4EDCE47CBACC8E89E8E36A6431CFBE00,dd6b3aa23fd260106e75fd4932fd1460,no,,0,2000-01-01 01:00:00,2016-05-01 00:28:44,96000/4edce47cbacc8e89e8e36a6431cfbe00.jpg,,
28807813,Строительная физика,,,,Е.Шильд и др.,1982,,Стройиздат,М.,296,296,Russian,264,infanata,1,,,,,,,,,,,,0,,,,,,,0,20412243,djvu,D9E0209C607E290667C09624B78E2765,6cd2b7fb34c70816cd7e82adaa83d108,no,N:\\natahaus\\2008\\2008-02\\2008.02.07\\Е.Шильд и др. - Строительная физика 1982.djvu,0,2000-01-01 01:00:00,2016-05-01 00:28:44,96000/d9e0209c607e290667c09624b78e2765-d.jpeg,,
28807812,Тепловой режим здания,,,,Богословский В.Н.,,,,,249,249,Russian,264,ihtik,1,,,,,,,,,,,,0,,,,,,,0,5770891,djvu,A716FD23D68542907B56C71EC765A500,35738a5bac96bca10dced210c5e2607e,no,,0,2000-01-01 01:00:00,2016-05-01 00:28:44,96000/a716fd23d68542907b56c71ec765a500.jpg,,
28807811,Промышленные печи,Том 2 (2),,,Тринкс В.,1961,,,,196,196,Russian,210,ihtik,1,,,,,,,,,,,,0,,,,,,,0,3678967,djvu,10D02326783AB6D169806D93DB4C50AF,4cba8914eb22ac6113deb5e3a8b8734c,no,,0,2000-01-01 01:00:00,2016-05-01 00:28:44,96000/10d02326783ab6d169806d93db4c50af.jpg,,
28807810,Промышленные печи,Том 2 (1),,,Тринкс В.,1961,,,,196,196,Russian,210,ihtik,1,,,,,,,,,,,,0,,,,,,,0,3905204,djvu,C9D08DB346207140A9219EB72AAA2340,be14580c0bf865d1178a173a0ead5c3e,no,,0,2000-01-01 01:00:00,2016-05-01 00:28:44,96000/c9d08db346207140a9219eb72aaa2340.jpg,,
28807809,Метод конечных элементов. Основы,,,,Галлагер Р. ,1984,,,,428,428,Russian,120,ihtik,1,,,,,,,,,,,,0,,,,,,,0,3163815,djvu,2BFDFA4B3B4BEC4F033508C334B37BB9,a302f8c3194150cb3c958085f212fda5,no,,0,2000-01-01 01:00:00,2016-05-01 00:28:44,96000/2bfdfa4b3b4bec4f033508c334b37bb9.jpg,,
28807808,Метод конечных элементов в задачах строительной механики летательных аппарат,,,,"Образцов И.Ф., и др.",,,,,392,392,Russian,113,ihtik,1,,,,,,,,,,,,0,,,,,,,0,3198108,djvu,BBC93F2EA14A66D68521F0484F21ADB8,902843c75b2961c05f02718f2e50b1cc,no,,0,2000-01-01 01:00:00,2016-05-01 00:28:44,96000/bbc93f2ea14a66d68521f0484f21adb8.jpg,,
28807806,Введение в метод конечных элементов,,,,"Норри Д., де Фриз Ж.",1981,,,,155,155,Russian,120,ihtik,1,,,,,,,,,,,,0,,,,,,,0,2914022,djvu,61202F0BE26AA4394E2E89FE197BF9BF,9560537aab3c43f6ca30b24cdd1cc92a,no,,0,2000-01-01 01:00:00,2016-05-01 00:28:44,96000/61202f0be26aa4394e2e89fe197bf9bf.jpg,,
28807807,Применение метода конечных элементов,,,,Сегерлинд Л. ,1979,,Мир,,195,195,Russian,120,ihtik,1,,,,,,,,,,,,0,,,,,,,0,4334545,djvu,E723FB3DDC08B0B3B8C571485CF02F21,a9a8311c5e8639ec9ec021514207a906,no,,0,2000-01-01 01:00:00,2016-05-01 00:28:44,96000/e723fb3ddc08b0b3b8c571485cf02f21-d.jpg,,
28807805,Метод граничных элементов в прикладных науках,,,,"Бенерджи П., Баттерфилд Р.",1984,,,,493,493,Russian,236,ihtik,1,,,,,,,,,,,,0,,,,,,,0,7526220,djvu,93E9468D6A73DE4F1557B51F58596680,271c8c5bcc63fabbbc8bb356ce7eedf1,no,,0,2000-01-01 01:00:00,2016-05-01 00:28:44,96000/93e9468d6a73de4f1557b51f58596680.jpg,,
28807804,Задачи контактного взаимодействия элементов конструкций,,,,"Подгорный А.Н., и др.  ",,,,,116,116,Russian,113,ihtik,1,,,,,,,,,,,,0,,,,,,,0,2525084,djvu,EB1299A9AC8A0CC03F7AC7E532C87650,d03882c754b3e795689a1d943520ccef,no,,0,2000-01-01 01:00:00,2016-05-01 00:28:44,96000/eb1299a9ac8a0cc03f7ac7e532c87650.jpg,,
28807803,Металлические конструкции: Общий курс,,Учеб. для вузов,,Г.С.Ведеников,1998,,Стройиздат,М.,758,758,Russian,221,infanata,1,5-274-01465-8,,,,,,,,,,,0,,,,,,,0,9103950,djvu,90E6FE83A6BEC219C21E975781BF56B6,c1eeaaf2a1eedec31179c60421846ed1,no,N:\\natahaus\\2008\\2008-02\\2008.02.02\\Г.С.Ведеников - Металлические конструкции- Общий курс 1998.djvu,0,2000-01-01 01:00:00,2016-05-01 00:28:44,96000/90e6fe83a6bec219c21e975781bf56b6.jpg,,5274014658
28807802,Расчет железобетонных конструкций при сложных деформаций,,,,Торяник М.С.,1974,,,,298,298,Russian,236,ihtik,1,,,,,,,,,,,,0,,,,,,,0,5747651,djvu,161BFF29CDF32C729A9CB84A3D8A9419,013721f37c16845daf5e02577666f997,no,,0,2000-01-01 01:00:00,2016-05-01 00:28:44,96000/161bff29cdf32c729a9cb84a3d8a9419.jpg,,
28807800,Железобетонные конструкции,,,,"Байков, Сигалов",,1,,,368,368,Russian,236,ihtik,1,,,,,,,,,,,,0,,,,,,,0,3351624,djvu,584599DAAE0D754FDBADC2BD936EEF10,115d2195efd0827dcb255c30e58203ad,no,,0,2000-01-01 01:00:00,2016-05-01 00:28:44,96000/584599daae0d754fdbadc2bd936eef10.jpg,,
28807801,Железобетонные конструкции,,,,"Байков, Сигалов",,2,,,358,358,Russian,236,ihtik,1,,,,,,,,,,,,0,,,,,,,0,4025440,djvu,3030C59DCCC2F62429FC4C8FE0281F32,b7bf6aab2c875e869bdfeb02bfd7ed5a,no,,0,2000-01-01 01:00:00,2016-05-01 00:28:44,96000/3030c59dccc2f62429fc4c8fe0281f32.jpg,,
28807799,Общая гидрогеология,,,,Климентов П.П.,,,,,224,224,Russian,39,ihtik,1,,,,,,,,,,,,0,,,,,,,0,4433974,djvu,508D3A0C82AA7BE2A45B6756E80500A7,0af7e783d7f2fce2c7c71ffcda82d1b0,no,,0,2000-01-01 01:00:00,2016-05-01 00:28:44,96000/508d3a0c82aa7be2a45b6756e80500a7.jpg,,
28807798,Движение подземных вод в неоднородных пластах,,,,"Каменский Г.Н., Корчебоков Н.А., Разин К.И.",,,,,169,169,Russian,39,ihtik,1,,,,,,,,,,,,0,,,,,,,0,4374109,djvu,6E12F6D4AB7CC856D6115DB6DBA58FFE,054bb3ee9983818ea5547b68f4dcc3a6,no,,0,2000-01-01 01:00:00,2016-05-01 00:28:44,96000/6e12f6d4ab7cc856d6115db6dba58ffe.jpg,,
28807797,Гидродинамические и физико-химические свойства горных пород,,,,"Веригин Н.Н., и др.",,,,,273,273,Russian,264,ihtik,1,,,,,,,,,,,,0,,,,,,,0,7531410,djvu,8190F480F2181C31C256DDC388E2DB91,90925fb3f679b7c5b8d1204c081be200,no,,0,2000-01-01 01:00:00,2016-05-01 00:28:44,96000/8190f480f2181c31c256ddc388e2db91.jpg,,
28807796,The flow of homogeneous fluids through porous media,,,,M. Muskat,1982,1,Springer,,783,783,English,39,ihtik,1,"9780934634168,0934634165",,,,,,,,,OL9727504M,,0,,,,,,,0,9579144,djvu,B6916AE79740E9F9CD846F67E0EE2B02,1ff1893c7ed0be0166b2039c03671969,no,,0,2000-01-01 01:00:00,2016-05-01 00:28:44,96000/b6916ae79740e9f9cd846f67e0ee2b02.jpg,,"9780934634168,0934634165"
28807795,ANSYS Справочник пользовотеля,,,,Басов К.А.,,,,,640,640,Russian,,ihtik,1,,,,,,,,,,,,0,,,,,,,0,8852340,djvu,CDED1534AFE8922BD4A0D3BF479E19D3,4b1484076d98cd41b79d124a4ec2090e,no,,0,2000-01-01 01:00:00,2016-05-01 00:28:44,96000/cded1534afe8922bd4a0d3bf479e19d3.jpg,,
28807794,Цифровые и аналоговые интегральные микросхемы,,,,Якубовский С.В.,1990,,Радио и связь,,496,496,Russian,250,ihtik,1,5-256-00259-7,,,,,,,,,,,0,,,,,,,0,7644706,djvu,00A219A84FE869446DB680801B126EFB,5ec0d1ca56c17b90153c8aa13396b25f,no,,0,2000-01-01 01:00:00,2016-05-01 00:28:44,96000/00a219a84fe869446db680801b126efb-d.jpg,,5256002597
28807793,Электротехника. Учебник для вузов,,,,"Борисов Ю.М., Липатов Д.Н., Зорин Ю.Н.",1985,,,,275,275,Russian,183,ihtik,1,,,,,,,,,,,,0,,,,,,,0,6496201,djvu,01D8204CFB6E9ACA9F223979E5A8BBAA,0f41595b4f9a259bc538f6bafa4b758c,no,,0,2000-01-01 01:00:00,2016-05-01 00:28:44,96000/01d8204cfb6e9aca9f223979e5a8bbaa.jpg,,
28807792,Полупроводниковые СВЧ устройства,,,,Хотунцев Ю.Л.,1978,,,,129,129,Russian,250,ihtik,1,,,,,,,,,,,,0,,,,,,,0,2937751,djvu,8C386A9D7FF657903F7244409BA94DF6,c08d7a24e8643cd844fb9e313ca4260d,no,,0,2000-01-01 01:00:00,2016-05-01 00:28:44,96000/8c386a9d7ff657903f7244409ba94df6.jpg,,
28807791,Справочное пособие по высокочастотной схемотехнике,,,,Ред Э. ,1990,,,,253,253,Russian,210,ihtik,1,,,,,,,,,,,,0,,,,,,,0,3443184,djvu,25375F942B4A624B06BDB066E573F538,c09fd7fe75ae6a30005810ed3b368cbe,no,,0,2000-01-01 01:00:00,2016-05-01 00:28:44,96000/25375f942b4a624b06bdb066e573f538.jpg,,
28807789,Искусство схемотехники,том 1,,,"Хоровиц П.,Хилл В.",1986,,,,600,600,Russian,210,ihtik,1,,,,,,,,,,,,0,,,,,,,0,6793950,djvu,66F105CC62084B434E713771A0D1517C,edb9ca403f9e93a47f021b064ebe87f6,no,,0,2000-01-01 01:00:00,2016-05-01 00:28:44,96000/66f105cc62084b434e713771a0d1517c.jpg,,
28807790,Искусство схемотехники,том 2,,,"Хоровиц П.,Хилл В.",1986,,,,589,589,Russian,210,ihtik,1,,,,,,,,,,,,0,,,,,,,0,10692289,djvu,DBD5D6D3D706AC5A529D3084EE86CA78,f9be9a286ac56a485691dc89f0993f5b,no,,0,2000-01-01 01:00:00,2016-05-01 00:28:44,96000/dbd5d6d3d706ac5a529d3084ee86ca78.jpg,,
28807788,Техника сверхвысоких частот,том 1,,,Харвей А.Ф.,1965,,,,392,392,Russian,210,ihtik,1,,,,,,,,,,,,0,,,,,,,0,8701107,djvu,929D440A54DF02093D8772E2537E678D,2ae2cc81b7d28bc33172e4df8e2803e7,no,,0,2000-01-01 01:00:00,2016-05-01 00:28:44,96000/929d440a54df02093d8772e2537e678d.jpg,,
28807787,Cartea despre Dao si putere,,,,Lao Zi,1993,,Humanitas,,321,321,Romanian,,,0,,,,,,,,,,,,0,,,,,,,0,6159051,djvu,4b41099000789547f79e53be0f9293a3,78a5d1e99514ae1af8d980806ab55e4f,no,Lao Zi - Cartea despre Dao si putere,0,2000-01-01 01:00:00,2016-05-01 00:28:44,881000/4b41099000789547f79e53be0f9293a3-g.jpg,,
28807786,Микроконтроллеры это же просто,том 1 ,,,Фрунзе,2002,,,,168,168,Russian,254,ihtik,1,,,,,,,,,,,,0,,,,,,,0,2908062,djvu,18C775C394F19F26BD4BFCC7B5CFA301,d547c59803648474c1b712f78b056243,no,,0,2000-01-01 01:00:00,2016-05-01 00:28:44,96000/18c775c394f19f26bd4bfcc7b5cfa301.jpg,,
28807785,Проектирование цифровых устройств на однокристальных микроконтроллерах,Главы 3-8,,,"Урусов, Сташин",,,,,82,82,Russian,254,ihtik,1,,,,,,,,,,,,0,,,,,,,0,2121770,djvu,BE0FF1BE34BE2370AD0E2E2B50EE305B,574dafdcc5f28a5c95d6dafbb02e7d70,no,,0,2000-01-01 01:00:00,2016-05-01 00:28:44,96000/be0ff1be34be2370ad0e2e2b50ee305b.jpg,,
28807784,P-CAD 2002 и SPECCTRA. Разработка печатных плат,,,,Уваров А.С.,2003,,,,543,543,Russian,97,ihtik,1,,,,,,,,,,,,0,,,,,,,0,7677174,djvu,022382503DBCBB4A8025C9A1592B9590,4c360ef6d33efd271d6a06fe0bca1563,no,,0,2000-01-01 01:00:00,2016-05-01 00:28:44,96000/022382503dbcbb4a8025c9a1592b9590.jpg,,
28807783,Полупроводниковая схемотехника,,,,"Титце У., Шенк К.",1982,,,,512,512,Russian,210,ihtik,1,,,,,,,,,,,,0,,,,,,,0,6966638,djvu,2372F9CA224A12DB1148BEA27FA40EDB,485240673e3fe6bf1afad0c884061e0c,no,,0,2000-01-01 01:00:00,2016-05-01 00:28:44,96000/2372f9ca224a12db1148bea27fa40edb.jpg,,
28807782,Полупроводниковые приёмно-усилительные устройства.Справочник радиолюбителя,,,,Терещук Р.М.,,,,,672,672,Russian,256,ihtik,1,,,,,,,,,,,,0,,,,,,,0,9901973,djvu,10187403FCABC38543EED3BD35B900FD,464414776d44364bad39c2c8721e176a,no,,0,2000-01-01 01:00:00,2016-05-01 00:28:44,96000/10187403fcabc38543eed3bd35b900fd.jpg,,
28807781,Синхронизация в телекоммуникационных системах. Анализ инженерных решений,,,,"Сухман С.М., Бернов А.В., Шевкопляс Б.В.",2003,,Эко-Трендз,,136,136,Russian,260,ihtik,1,,,,,,,,,,,,0,,,,,,,0,3757562,djvu,3BDAB0C21689AF42886AEDDDBC82C03B,0d830e51660f09d29671887c24d58a27,no,,0,2000-01-01 01:00:00,2016-05-01 00:28:44,96000/3bdab0c21689af42886aedddbc82c03b-d.jpg,,
28807780,Силовая электроника для любителей и профессионалов,,,,Семёнов Б.Ю.,2001,,,,333,333,Russian,261,ihtik,1,,,,,,,,,,,,0,,,,,,,0,2875147,djvu,F07471A827C9B4D4A43DA55AF72087C2,cf6810e7a4809c5f8aea105ad5f08635,no,,0,2000-01-01 01:00:00,2016-05-01 00:28:44,96000/f07471a827c9b4d4a43da55af72087c2.jpg,,
28807779,Шина I2C в радиотехнических конструкциях,,,,Б.Ю.Семенов,2002,,Солон-Р,М.,190,190,Russian,210,infanata,1,5-93455-168-X,,,,,,,,,,,0,,,,,,,0,1520472,djvu,1A238FE4AF44B6F1F58E1125292BABB6,f192efb41a937ebd91e4f25728f03d25,no,N:\\natahaus\\2005\\2005-10\\28 10 05\\Б.Ю.Семенов - Шина I2C в радиотехнических конструкциях  2002.djvu,0,2000-01-01 01:00:00,2016-05-01 00:28:44,96000/1a238fe4af44b6f1f58e1125292babb6.jpg,,593455168X
28807778,Радиотехнические цепи и сигналы,,,,Баскаков С.И.,,,,,446,446,Russian,210,ihtik,1,,,,,,,,,,,,0,,,,,,,0,7826163,djvu,F346EF13FE2DE53FF79EFCFEAFDB299E,1befc1887b043fc503c7a964e5577bca,no,,0,2000-01-01 01:00:00,2016-05-01 00:28:44,96000/f346ef13fe2de53ff79efcfeafdb299e.jpg,,
28807777,Трансформаторы для электрической контактной сварки,,,,Рыськова З.А.,1990,,Энергоатомиздат,,424,424,Russian,232,ihtik,1,,,,,,,,,,,,0,,,,,,,0,4128224,djvu,924710F39B7610FE81F0D6494B23440E,64632ba9cf7885555382e194a9ba79cf,no,,0,2000-01-01 01:00:00,2016-05-01 00:28:44,96000/924710f39b7610fe81f0d6494b23440e-d.jpg,,
28807776,Термоэлектродные провода и кабели,,,,Рыбаков И.Ф.,1980,,,,129,129,Russian,261,ihtik,1,,,,,,,,,,,,0,,,,,,,0,1460133,djvu,33736A832C61450EE8B1FED348B479FC,6ab0cef036be7dcb39004115d4d0021a,no,,0,2000-01-01 01:00:00,2016-05-01 00:28:44,96000/33736a832c61450ee8b1fed348b479fc.jpg,,
28807775,Источники вторичного электропитания радиоэлектронной аппаратуры,,Массовая радиобиблиотека 1035,,Ромаш Э.М,,,Радио и связь,М.,224,224,Russian,261,publ.lib.ru,1,,,,,,,,,,,,0,,,,,,,0,2652794,djvu,419AD02841C8714BDF64881378BD49D5,436b9136a29cabf1e2180d87cb005baf,no,L:\\журналы\\!радио\\!\\Массовая Радио Библиотека\\МРБ 1035. Ромаш Э.М. Источники вторичного электропитания радиоэлектронной аппаратуры.djvu,0,2000-01-01 01:00:00,2016-05-01 00:28:44,96000/419ad02841c8714bdf64881378bd49d5.jpg,,
28807773,Условные обозначения в описаниях зарубежной бытовой РЭА,,,,Варламов Р.Г.,1990,,,,96,96,Russian,261,ihtik,1,,,,,,,,,,,,0,,,,,,,0,723954,djvu,8B277C57CFB9DCDD66BE804468E77BD9,79172de5bbefab5d36a9586783117943,no,,0,2000-01-01 01:00:00,2016-05-01 00:28:44,96000/8b277c57cfb9dcdd66be804468e77bd9.jpg,,
28807774,Краткий справочник конструктора радиоэлектронной аппаратуры,,,,Варламова Р.Г.,1972,,Советское радио,,856,856,Russian,256,ihtik,1,,,,,,,,,,,,0,,,,,,,0,9975558,djvu,C5B53761B68B3CAA8FF82B776C506BE0,109721f55f9c75229572b13252b4441e,no,,0,2000-01-01 01:00:00,2016-05-01 00:28:44,96000/c5b53761b68b3caa8ff82b776c506be0-d.gif,,
28807772,Справочник конструктора РЭА.Общие принципы конструирования,,,,Варламов Р.Г.,1980,,,,480,480,Russian,210,ihtik,1,,,,,,,,,,,,0,,,,,,,0,8484813,djvu,65B2E79961CE20C6138D0A417C5AD72F,34fbbcfc96644b82395494538424c99d,no,,0,2000-01-01 01:00:00,2016-05-01 00:28:44,96000/65b2e79961ce20c6138d0a417c5ad72f.jpg,,
28807770,Микрополосковые антенны,,,,"Панченко Б.А., Нефёдов Е.И.",1986,,,,73,73,Russian,261,ihtik,1,,,,,,,,,,,,0,,,,,,,0,1382173,djvu,53CE204BE350C1EEABFC8563DD59265C,6a401c8827772beb41a14004740756a8,no,,0,2000-01-01 01:00:00,2016-05-01 00:28:44,96000/53ce204be350c1eeabfc8563dd59265c.jpg,,
28807771,"Справочник конструктора РЭА.Компоненты,механизмы,надёжность",,,,Варламов Р.Г. (ред.),1985,,Радио и Связь,Москва,384,384,Russian,271,ihtik,1,,,,,,,,,,,,100,,,,,,,0,5744655,djvu,3A94DCB4559D424523EC732A7EB02818,88dd0992d3246c22aafb25f7f3ff807d,no,,0,2000-01-01 01:00:00,2016-05-01 00:28:44,96000/3a94dcb4559d424523ec732a7eb02818.jpg,,
28807769,Автоматические измерения и приборы,,,,Орнатский П.П.,1986,,,,504,504,Russian,261,ihtik,1,,,,,,,,,,,,0,,,,,,,0,7092539,djvu,751620370B1DFD54C6B5E6FF4618E6C4,4a281b17056a3046275a3441d2905c05,no,,0,2000-01-01 01:00:00,2016-05-01 00:28:44,96000/751620370b1dfd54c6b5e6ff4618e6c4.jpg,,
28807768,Широкополосные радиопередающие устройтсва,,,,Алексеев О.В.,1978,,,,151,151,Russian,261,ihtik,1,,,,,,,,,,,,0,,,,,,,0,3636041,djvu,4C0C7278C101241AE66950D36A572CCA,de4579b11ce1896a232823df1c82148f,no,,0,2000-01-01 01:00:00,2016-05-01 00:28:44,96000/4c0c7278c101241ae66950d36a572cca.jpg,,
28807767,Электронные измерительные приборы и методы измерений,,,,Мейзда Ф.,1990,,,,536,536,Russian,261,ihtik,1,,,,,,,,,,,,0,,,,,,,0,7171235,djvu,3C0FFDE1865A97B18DBA99E8326C83D7,7d3e5b158c3ab0d404544640037742da,no,,0,2000-01-01 01:00:00,2016-05-01 00:28:44,96000/3c0ffde1865a97b18dba99e8326c83d7.jpg,,
28807766,Фильтры СВЧ. Согласуещие цепи и цепи связи,том 2,,,"Маттей Д.Л., Янг Л., Джонс Е.М.Т.",1972,,,,249,249,Russian,260,ihtik,1,,,,,,,,,,,,0,,,,,,,0,4682742,djvu,023148305916D14957E4655930BCB63A,7b6b8821db38c9bf92cd33ae1543292b,no,,0,2000-01-01 01:00:00,2016-05-01 00:28:44,96000/023148305916d14957e4655930bcb63a.jpg,,
28807765,Фильтры СВЧ. Согласуещие цепи и цепи связи,том 1,,,"Маттей Д.Л., Янг Л., Джонс Е.М.Т.",1972,,,,222,222,Russian,260,ihtik,1,,,,,,,,,,,,0,,,,,,,0,4237507,djvu,FE18BC7FECE18C91C47E599B1729D899,984984db2a683620d035b8deea0148e3,no,,0,2000-01-01 01:00:00,2016-05-01 00:28:44,96000/fe18bc7fece18c91c47e599b1729d899.jpg,,
28807764,Основы цифровой техники,,,,Мальцева Л.А.,1986,,,,128,128,Russian,210,ihtik,1,,,,,,,,,,,,0,,,,,,,0,1907303,djvu,FD5283B72A021461F9D5BE0D609C1733,33d158b4e4a9ce411f5042a6c9a73063,no,,0,2000-01-01 01:00:00,2016-05-01 00:28:44,96000/fd5283b72a021461f9d5be0d609c1733.jpg,,
28807763,Диоды и тиристоры в преобразовательных установках,,,,"Абрамович М.И., и др.",,,,,217,217,Russian,250,ihtik,1,,,,,,,,,,,,0,,,,,,,0,4170513,djvu,14AD3654A3139B7D70E01A11BAA916BB,5eaaad6dbaee12ce2dcc001b84227c08,no,,0,2000-01-01 01:00:00,2016-05-01 00:28:44,96000/14AD3654A3139B7D70E01A11BAA916BB-g.jpg,,
28807761,Радиоприемные устройства,,,,Барулина Л.Г.,1984,,,,137,137,Russian,261,ihtik,1,,,,,,,,,,,,0,,,,,,,0,4775352,djvu,4E1999DBA39B1BDD41E3D10D1EC8333B,15654c56c6bd15dfa3c2ac0fad6aa76c,no,,0,2000-01-01 01:00:00,2016-05-01 00:28:44,96000/4e1999dba39b1bdd41e3d10d1ec8333b.jpg,,
28807762,Радиопередающие и радиоприемные устройства,,,,Левичев В.Г.,1974,,,,511,511,Russian,261,ihtik,1,,,,,,,,,,,,0,,,,,,,0,5983477,djvu,03B624B1205A01732827DD52B4A43001,bd27bfecd8523bd1ca868f544e712c5b,no,,0,2000-01-01 01:00:00,2016-05-01 00:28:44,96000/03b624b1205a01732827dd52b4a43001.jpg,,
28807760,Теоретические основы электротехники,,,,Бессонов Л.А.,1978,,,,266,266,Russian,210,ihtik,1,,,,,,,,,,,,0,,,,,,,0,8518685,djvu,91F65800E9B9FCC6141FFCB143A5FB76,20d57560a3607496074cab238d0a0483,no,,0,2000-01-01 01:00:00,2016-05-01 00:28:44,96000/91f65800e9b9fcc6141ffcb143a5fb76.jpg,,
28807759,Тиристорные устройства,,,,Кублановский Я.С.,1987,,,,112,112,Russian,250,ihtik,1,,,,,,,,,,,,0,,,,,,,0,1821092,djvu,7819B78DC275424142E7CA9E07B25949,6b32fa4dd4553ecd31618c7d21650752,no,,0,2000-01-01 01:00:00,2016-05-01 00:28:44,96000/7819b78dc275424142e7ca9e07b25949.jpg,,
28807758,Справочник по проектированию автоматизированного электропривода и систем управления технологическ,,,,"Крупович, Барыбин, Самовер",,,,,417,417,Russian,210,ihtik,1,,,,,,,,,,,,0,,,,,,,0,8090329,djvu,D751B7FA2BFA30367A1411372AC1D99E,23e4c29a8e25702efb42b1d397d6971a,no,,0,2000-01-01 01:00:00,2016-05-01 00:28:44,96000/d751b7fa2bfa30367a1411372ac1d99e.jpg,,
28807757,Радиоавтоматика: Учеб. для вузов по спец. Радиотехника,,,,Коновалов Г.Ф.,1990,,Высшая школа,,337,337,Russian,210,infanata,1,,,,,,,,,,,,0,,,,,,,0,3289518,djvu,DB1FF1896A0D65B951C0BBFDC5A70FF4,e6f10e2571fb7d0fa699ddb5d3478eab,no,N:\\natahaus\\2006\\2006-04\\[1146066718]Радиоавтоматика_ Учеб. для вузов по спец. Радиотехника.-- Коновалов Г.Ф..djvu,0,2000-01-01 01:00:00,2016-05-01 00:28:44,96000/db1ff1896a0d65b951c0bbfdc5a70ff4.jpg,,
28807756,Конструирование и расчет полосковых устройств,,,,"Голубев В. И., Ковалев И. С, Кузнецов Е. Г. и др.",,,Сов. радио, М.:,150,150,Russian,210,infanata,1,,,,,,,,,,,,0,,,,,,,0,2247690,djvu,F493F5A13B0F69A4573C4961BDAA37D6,15297e695bd7b8e4e4821dacb244be90,no,"N:\\natahaus\\2009\\2009-03\\[1146110249]Конструирование и расчет полосковых устройств.-- Голубев В. И., Ковалев И. С, Кузнецов Е. Г. и др..djvu",0,2000-01-01 01:00:00,2016-05-01 00:28:44,96000/f493f5a13b0f69a4573c4961bdaa37d6.jpg,,
28807755,Электрические машины,часть 1,,,Китаев В.Е.,1978,,Высшая школа,,184,184,Russian,210,ihtik,1,,,,,,,,,,,,0,,,,,,,0,2454898,djvu,7F888F9C23F87D042DF215FEBCB68265,dd262f8f1c706b2a4d082ba3391c9721,no,,0,2000-01-01 01:00:00,2016-05-01 00:28:44,96000/7f888f9c23f87d042df215febcb68265-d.jpg,,
28807754,Тиристорные преобразователи частоты с искусственной коммутацией,,,,Карташов Р.П.,1979,,,,152,152,Russian,250,ihtik,1,,,,,,,,,,,,0,,,,,,,0,1580168,djvu,89EF4796B65D61D75A7C78E8ADE2FA81,efb057e186a8c392b1d52c12127da299,no,,0,2000-01-01 01:00:00,2016-05-01 00:28:44,96000/89ef4796b65d61d75a7c78e8ade2fa81.jpg,,
28807753,Антенны,,,,Ротхаммель К. ,,,,,161,161,Russian,261,ihtik,1,,,,,,,,,,,,0,,,,,,,0,5533158,djvu,7887E53D877C19A05AFC5AFFC45C9E05,fc4d054482e5f986ec0cd3be6322be1f,no,,0,2000-01-01 01:00:00,2016-05-01 00:28:44,96000/7887e53d877c19a05afc5affc45c9e05.jpg,,
28807752,Телеуправление и телеизмерение,,,,Ильин В.А.,,3,Энергоиздат,Москва,560,560,Russian,210,ihtik,1,,,,,,,,,,,,0,,,,,,,0,5329838,djvu,BBD974333F3717DEBD453C5D8821375A,90ab07843cac1a4ef07dde94f98dcd49,no,,0,2000-01-01 01:00:00,2016-05-01 00:28:44,96000/bbd974333f3717debd453c5d8821375a.jpg,,
28807751,"Волноводы,коаксиальные и полосковые линии",,,,Изюмова Т.И.,1975,,,,113,113,Russian,261,ihtik,1,,,,,,,,,,,,0,,,,,,,0,1691551,djvu,B06D3EF6E5B37E8F55276EF3A34FCFE3,4d255fc54064c030be113961480fcf11,no,,0,2000-01-01 01:00:00,2016-05-01 00:28:44,96000/b06d3ef6e5b37e8f55276ef3a34fcfe3.jpg,,
28807749,Высококачественные акустические системы и излучатели,,,,"Алдошина И.А., Войшвилло А.Г.",1985,,Радио и связь,Москва,95,95,Russian,272,ihtik,1,,,,621.395.623.8(024),32.841,,,,,,,300,,,,,,,0,2111767,djvu,9FD7630748C12504E444AB4A24C460F9,afeb39c1e726825f7455dd611cb8d433,no,,0,2000-01-01 01:00:00,2016-05-01 00:28:44,96000/9fd7630748c12504e444ab4a24c460f9.jpg,,
28807750,Резисторы. Справочник,,,,Четвертков И.И.,1981,,,,352,352,Russian,,ihtik,1,,,,,,,,,,,,0,,,,,,,0,5659729,djvu,A5A91205BF470EFFDAAB7215EE93E3E6,2731ce1ecc1eca273d26d9b59be4ec34,no,,0,2000-01-01 01:00:00,2016-05-01 00:28:44,96000/a5a91205bf470effdaab7215ee93e3e6.jpg,,
28807748,Физика полупроводниковых приборов,,,,Зи С.М.,1973,,,,655,655,Russian,264,ihtik,1,,,,,,,,,,,,0,,,,,,,0,8264208,djvu,C7DD62A408B237899C58CBE2EA355BCA,24d1af4154886361481975aebc2282bb,no,,0,2000-01-01 01:00:00,2016-05-01 00:28:44,96000/c7dd62a408b237899c58cbe2ea355bca.jpg,,
28807747,Электроприводы постоянного тока с вентильными преобразователями,,,,Зимин Е.Н.,1981,,,,192,192,Russian,210,ihtik,1,,,,,,,,,,,,0,,,,,,,0,1579738,djvu,D68D1744BE932F27EC01A65DF965CF69,f33ffb137bab28acf8758e41d9f5147e,no,,0,2000-01-01 01:00:00,2016-05-01 00:28:44,96000/d68d1744be932f27ec01a65df965cf69-d.jpg,,
28807746,Мощные полупроводниковые приборы.Тиристоры,,,,Замятин В.Я.,,,,,576,576,Russian,250,ihtik,1,,,,,,,,,,,,0,,,,,,,0,7010969,djvu,5CCE29C3562638E962740723717622DB,8a82913d4945746c7f8e541768b857b7,no,,0,2000-01-01 01:00:00,2016-05-01 00:28:44,96000/5cce29c3562638e962740723717622db.jpg,,
28807745,Теория автоматического управления и регулирования,,,,Зайцев Г.Ф.,1988,,,,432,432,Russian,139,ihtik,1,,,,,,,,,,,,0,,,,,,,0,5956074,djvu,38BCC9B580AC25DE13ADBB47366189CF,5bc8be8327ba82da788089cd18544231,no,,0,2000-01-01 01:00:00,2016-05-01 00:28:44,96000/38bcc9b580ac25de13adbb47366189cf.jpg,,
28807744,Электрические и магнитные цепи. Основы электротехники,,,,Жеребцов И.П.,1982,,Энергоатомиздат,Л.,216,216,Russian,287,infanata,1,,,,,,,,,,,,0,,,,,,,0,2449306,djvu,3D4A1488297C9879B3DE6EB0FB5AEEC6,8b1ac93cdb93c74bc0e4a047c304f5f3,no,N:\\natahaus\\2007\\2007-12\\2007 12 25\\Жеребцов И.П. -Электрические и магнитные цепи. Основы электротехники 1982.djvu,0,2000-01-01 01:00:00,2016-05-01 00:28:44,96000/3d4a1488297c9879b3de6eb0fb5aeec6.jpg,,
28807743,Симисторы и их применение в бытовой электроаппаратуре,,,,"Ю.А.Евсеев, С.С.Крылов.",1990,,Энергоатомиздат,М.,121,121,Russian,64,infanata,1,,,,,,,,,,,"Scan, Djvuing: A.T.Microchip Co., 2008",0,,,,,,,0,1078856,djvu,687CACC3507CA0AEACB5B8BAF1982A73,b4e210746d8543fe9514060ded223ea3,no,"N:\\natahaus\\2006\\2006-04\\[1145426744]Симисторы и их применение в бытовой электроаппаратуре.-- Евсеев Ю.А., Крылов С.С..djvu",0,2000-01-01 01:00:00,2016-05-01 00:28:44,96000/687cacc3507ca0aeacb5b8baf1982a73-d.jpg,,
28807742,Проектирование датчиков для измерения механических величин,,,,Осадчий Е.П.,1979,,,,480,480,Russian,210,ihtik,1,,,,,,,,,,,,0,,,,,,,0,4529295,djvu,D32434E8B916AD55D0B58334630CB09A,1adc5fefffff869dcfe8c5fa136409ef,no,,0,2000-01-01 01:00:00,2016-05-01 00:28:44,96000/d32434e8b916ad55d0b58334630cb09a.jpg,,
28807741,Дальнее распространение ультракоротких волн,,Лекции по технике связи,,Черенкова Е.Л.,0,,,,21,21,Russian,261,ihtik,1,,,,,,,,,,,,0,,,,,,,0,1076376,djvu,6035BD3E2733AC89FE24AD230C702B02,776946af38dfb375e4203cc193cda0e8,no,,0,2000-01-01 01:00:00,2016-05-01 00:28:44,96000/6035bd3e2733ac89fe24ad230c702b02.jpg,,
28807740,Типовые расчёты по электрооборудованию,,,,Дьяков В.И.,1985,,,,142,142,Russian,261,ihtik,1,,,,,,,,,,,,0,,,,,,,0,1379489,djvu,5677D9315EBEEC6F71E075661DC37076,431c3f47a3dfc81d4608c817d15df9b4,no,,0,2000-01-01 01:00:00,2016-05-01 00:28:44,96000/5677d9315ebeec6f71e075661dc37076.jpg,,
28807739,Цифровая связь,,,,Прокис Дж. ,2000,,,,801,801,Russian,260,ihtik,1,,,,,,,,,,,,0,,,,,,,0,26118025,djvu,958F524B5955E38F71CB4C89661884E5,07f0781f41748d3764620955b297e7cf,no,,0,2000-01-01 01:00:00,2016-05-01 00:28:44,96000/958f524b5955e38f71cb4c89661884e5.jpg,,
28807738,Резонаторы и резонаторные замедляющие системы СВЧ,,,,"Григорьев А.Д., Янкевич В.Б.",1984,,,,246,246,Russian,250,ihtik,1,,,,,,,,,,,,0,,,,,,,0,2055402,djvu,4ABF90853E2DB5B469C3918A96810EBF,17bf1439e879d55b3713e0438245777f,no,,0,2000-01-01 01:00:00,2016-05-01 00:28:44,96000/4abf90853e2db5b469c3918a96810ebf.jpg,,
28807736,Объёмные интегральные схемы СВЧ - элементная база аналоговой и цифровой электроники,,,,Гвоздев В.И.,,,,,112,112,Russian,250,ihtik,1,,,,,,,,,,,,0,,,,,,,0,1077096,djvu,705E8257D2298204C624EDE035D77E23,d2a90409bad08d585f5c17ce7ca25e47,no,,0,2000-01-01 01:00:00,2016-05-01 00:28:44,96000/705e8257d2298204c624ede035d77e23.jpg,,
28807737,Основы теплометрии,,,,Геращенко О.А.,1971,,,,192,192,Russian,242,ihtik,1,,,,,,,,,,,,0,,,,,,,0,2250153,djvu,A59C6B087AA47E69FA7BE85DBFD786F1,093dd6a9d2d6a4a65053a021cf267051,no,,0,2000-01-01 01:00:00,2016-05-01 00:28:44,96000/a59c6b087aa47e69fa7be85dbfd786f1.jpg,,
28807735,300 схем источников питания,,,,Шрайбер Г. ,,,,,182,182,Russian,261,ihtik,1,,,,,,,,,,,,0,,,,,,,0,2089345,djvu,4D0E8B59AB18312C9D8C8FCDB8E30BA7,fc139e55b595ec686583bff9f9f115e6,no,,0,2000-01-01 01:00:00,2016-05-01 00:28:44,96000/4d0e8b59ab18312c9d8c8fcdb8e30ba7.jpg,,
28807734,Проектирование радиопередающих устройств СВЧ,,,,Уткина Г.М.,1979,,,,145,145,Russian,210,ihtik,1,,,,,,,,,,,,0,,,,,,,0,3113303,djvu,858A26A110C0375945501959F6F1A4F3,d0f23ddf0e0896354e1076883664cd97,no,,0,2000-01-01 01:00:00,2016-05-01 00:28:44,96000/858a26a110c0375945501959f6f1a4f3.jpg,,
28807733,Аналоговые и цифровые фильтры. Расчет и реализация,,,,Лэм Г. ,1982,,,,592,592,Russian,210,ihtik,1,,,,,,,,,,,,0,,,,,,,0,6881167,djvu,BB8E62DB63420B383D1CC69CB07803F7,326bb82722fab673396d15e3557ac9cf,no,,0,2000-01-01 01:00:00,2016-05-01 00:28:44,96000/BB8E62DB63420B383D1CC69CB07803F7-g.jpg,,
28807732,Микроэлектронные устройства СВЧ,,,,Веселов Г.И.,1988,,,,138,138,Russian,250,ihtik,1,,,,,,,,,,,,0,,,,,,,0,2981539,djvu,A100B052513FF569B0DE483AE506AD28,403a9d722fc641c0b42ccc55a36953b6,no,,0,2000-01-01 01:00:00,2016-05-01 00:28:44,96000/a100b052513ff569b0de483ae506ad28.jpg,,
28807731,Основы теории цепей,,,,Зевеке Г.В.,1975,,,,753,753,Russian,261,ihtik,1,,,,,,,,,,,,0,,,,,,,0,7138541,djvu,1459EF9BF4453CCB532A3AB10E938BD3,d85e1fd1b3d31c0f2776ed2101be72d1,no,,0,2000-01-01 01:00:00,2016-05-01 00:28:44,96000/1459ef9bf4453ccb532a3ab10e938bd3.jpg,,
28807730,Усилительные устройства,,,,Войшвилло Г.В.,1983,,,,264,264,Russian,261,ihtik,1,,,,,,,,,,,,0,,,,,,,0,2717896,djvu,F9CEB00ADE766942CCC932E9E0D5D1D3,75611176de2a82011d3d2f35255c253a,no,,0,2000-01-01 01:00:00,2016-05-01 00:28:44,96000/f9ceb00ade766942ccc932e9e0d5d1d3.jpg,,
28807729,Справочник по расчету и конструированию СВЧ полосковых устройств,,,,"Бахарев С.И., Вольман В.И., Либ Ю.Н.",1982,,Радио и связь,М.:,326,326,Russian,210,infanata,1,,,,,,,,,,,,0,,,,,,,0,4687896,djvu,165CDF3F56A8AD646AD1FF0BFF377EF0,4f505c7878fed27cfedc1f2220c0e142,no,N:/natahaus/2007/2007-07/14 07 2007/Вольман В.И. (ред) Справочник по расчету и конструированию СВЧ полосковых устройств.djvu,0,2000-01-01 01:00:00,2016-05-01 00:28:44,96000/165cdf3f56a8ad646ad1ff0bff377ef0.jpg,,
28807728,Электрические машины,,,,Вольдек.,1974,,,,840,840,Russian,210,ihtik,1,,,,,,,,,,,,0,,,,,,,0,11678149,djvu,E920688701CD6E332046925D3D43CA46,11c9629c3a226eaf5be677e0f8ace1f8,no,,0,2000-01-01 01:00:00,2016-05-01 00:28:44,96000/e920688701cd6e332046925d3d43ca46.jpg,,
28807727,Датчики.Устройство и применение,,,,Виглеб Г.,1989,,,,199,199,Russian,261,ihtik,1,,,,,,,,,,,,0,,,,,,,0,2666060,djvu,21220117621E827977653110C5DC5515,c2cf129e6f7b77a432590abee527ba4a,no,,0,2000-01-01 01:00:00,2016-05-01 00:28:44,96000/21220117621e827977653110c5dc5515.jpg,,
28807726,Микроэлектронные устройства СВЧ,,,,Веселов Г.И.,1988,,,,138,138,Russian,250,ihtik,1,,,,,,,,,,,,0,,,,,,,0,2966081,djvu,2923EBC4E2F6140CADD108FA131C3EC8,d3ac07431b598d4e61c22d4997dd105f,no,,0,2000-01-01 01:00:00,2016-05-01 00:28:44,96000/2923ebc4e2f6140cadd108fa131c3ec8.jpg,,
28807725,Полупроводниковые приборы,,,,"Галкин В.И., Булычев А.Л., Прохоренко В.А.",,,,,287,287,Russian,250,ihtik,1,,,,,,,,,,,,0,,,,,,,0,4944507,djvu,9D402263FEC0CBB5405F54AF323EEE0C,f97822447debc5207f2edeb19a8d0740,no,,0,2000-01-01 01:00:00,2016-05-01 00:28:44,96000/9d402263fec0cbb5405f54af323eee0c.jpg,,
28807723,Шумы в электронных приборах и системах,,,,Букингем М.,1986,,,,398,398,Russian,261,ihtik,1,,,,,,,,,,,,0,,,,,,,0,3515634,djvu,15C1C0341B06D2317921007DC6780261,08820a38b5c4a46a8f58c9e1ccf0bfd0,no,,0,2000-01-01 01:00:00,2016-05-01 00:28:44,96000/15c1c0341b06d2317921007dc6780261.jpg,,
28807724,Радиоизмерения на миллиметровых волнах,,,,"Бурдун Г.Д., и др.",1958,,,,61,61,Russian,261,ihtik,1,,,,,,,,,,,,0,,,,,,,0,1706833,djvu,5F1B7DA0251BAD61585CF15468BC59EA,4524f7803f385af5ed7cc99d66da306e,no,,0,2000-01-01 01:00:00,2016-05-01 00:28:44,96000/5f1b7da0251bad61585cf15468bc59ea.jpg,,
28807722,Теоретические основы электротехники. Электрические цепи,,,,Бессонов Л.А.,1996,9 ,,,580,580,Russian,210,ihtik,1,,,,,,,,,,,,0,,,,,,,0,8306563,djvu,4177ED196107EC69576315E2B7947D09,af4dd59c8a274967d923e46b50dee6de,no,,0,2000-01-01 01:00:00,2016-05-01 00:28:44,96000/4177ed196107ec69576315e2b7947d09.jpg,,
28807721,Микрополосковые антенны,,,,"Панченко Б.А., Нефедов Е.И.",1986,,,,73,73,Russian,261,ihtik,1,,,,,,,,,,,,0,,,,,,,0,1817425,djvu,6380E68766715B63E5403E31254F9A2D,58b005bc869e222aa255053dcaa1a26a,no,,0,2000-01-01 01:00:00,2016-05-01 00:28:44,96000/6380e68766715b63e5403e31254f9a2d.jpg,,
28807720,Трансформаторы тока,,,,Афанасьев В.В.,1989,"2-е изд., перераб. и доп","Энергоатомиздат, Ленингр. отд-ние",Л,416,416,Russian,232,infanata,1,5-283-04444-0,,,,,,,,,,,0,,,,,,,0,5217129,djvu,0A1F2D090B3B86726A5C14EFD2BF139B,c0fb39b216fbd6bbf9f29ad780d095e6,no,N:\\natahaus\\2007\\2007-06\\08 06 2007\\Афанасьев В.В. - Трансформаторы тока 1989.djvu,0,2000-01-01 01:00:00,2016-05-01 00:28:44,96000/0a1f2d090b3b86726a5c14efd2bf139b.jpg,,5283044440
28807719,Фильтры и цепи СВЧ,,,,Матсумото Акио,,,,,124,124,Russian,250,ihtik,1,,,,,,,,,,,,0,,,,,,,0,2687338,djvu,0D2E1D421E4FEA2C2D89F22E7F976174,3b2c2b9074e6b4724fd560ef6c02d3fc,no,,0,2000-01-01 01:00:00,2016-05-01 00:28:44,96000/0d2e1d421e4fea2c2d89f22e7f976174.jpg,,
28807717,Применение интегральных схем.Практическое руководство,книга 1 ,,,Уильямс А. ,1987,,,,432,432,Russian,250,ihtik,1,,,,,,,,,,,,0,,,,,,,0,5232780,djvu,87444A8D90D6DC423090182916B22386,1466d6ae7016ad2fdbb9ef983b9b6e09,no,,0,2000-01-01 01:00:00,2016-05-01 00:28:44,96000/87444A8D90D6DC423090182916B22386-g.jpg,,
28807718,Применение интегральных схем.Практическое руководство,книга 2 ,,,Уильямс А. ,1987,,,,416,416,Russian,250,ihtik,1,,,,,,,,,,,,0,,,,,,,0,5570531,djvu,BB4ADFB828CEE54545F6603CC0153034,09e1ab5581ee12e2782b5f99368ef320,no,,0,2000-01-01 01:00:00,2016-05-01 00:28:44,96000/bb4adfb828cee54545f6603cc0153034.jpg,,
28807716,Электрические измерения,,,,Фемке А.В.,1980,,,,392,392,Russian,261,ihtik,1,,,,,,,,,,,,0,,,,,,,0,4747283,djvu,393FA63CC9F1CEF52215D7E91A9610F5,7ae713207040814fa72addf146400741,no,,0,2000-01-01 01:00:00,2016-05-01 00:28:44,96000/393fa63cc9f1cef52215d7e91a9610f5.jpg,,
28807715,Электроматериалы и радиодетали,,,,,,,,,111,111,Russian,250,ihtik,1,,,,,,,,,,,,0,,,,,,,0,4701052,djvu,BF91D71BFE0B9DBB9145CE3EBFE864DF,5ce5eb67baa83e2a102f9093583b5f03,no,,0,2000-01-01 01:00:00,2016-05-01 00:28:44,96000/bf91d71bfe0b9dbb9145ce3ebfe864df.jpg,,
28807714,Маркировка электронных компонентов,,,,,2004,9 ,,,208,208,Russian,261,ihtik,1,,,,,,,,,,,,0,,,,,,,0,4211853,djvu,C97EA9C267AE4D7B8951B3ECF8EF2327,d803daa6554b31419b41cd2c474d83ea,no,,0,2000-01-01 01:00:00,2016-05-01 00:28:44,96000/c97ea9c267ae4d7b8951b3ecf8ef2327.jpg,,
28807713,Антенные решётки,,,,"Бененсон Л. С., Журавлёв В. А., Попов С. В., Постнов Г. А.",,,Советское радио,М.,365,365,Russian,256,infanata,1,,,,,,,,,,,,0,,,,,,,0,2337853,djvu,DE2326925AC111A919B4DFD1633A0B17,01cce39dbc580693b6443184ccc6c7ac,no,"N:\\natahaus\\2009\\2009-04\\[1146110436]Антенные решётки.-- Бененсон Л. С., Журавлёв В. А., Попов С. В., Постнов Г. А..djvu",0,2000-01-01 01:00:00,2016-05-01 00:28:44,96000/de2326925ac111a919b4dfd1633a0b17.jpg,,
28807712,Основы сварочного дела,,,,Геворкян В.Г.,1985,,,,167,167,Russian,232,ihtik,1,,,,,,,,,,,,0,,,,,,,0,1827431,djvu,81D2F9751267269FAC27FF141685C468,0c9b4dbec3235455d1340b5ffebb9c6a,no,,0,2000-01-01 01:00:00,2016-05-01 00:28:44,96000/81d2f9751267269fac27ff141685c468.jpg,,
28807711,Расчёт и проектирование цифровых сглаживающих и преобразующих устройств,,,,Коршунов Ю.М.,1976,,,,335,335,Russian,210,ihtik,1,,,,,,,,,,,,0,,,,,,,0,2614006,djvu,248321F984FBDF7AF15A6F58FD8B973E,96ba5d3c08165a41611cdb7457600180,no,,0,2000-01-01 01:00:00,2016-05-01 00:28:44,96000/248321f984fbdf7af15a6f58fd8b973e.jpg,,
28807710,Введение в теорию и расчёт активных фильтров,,,,Хьюлсман Л.П.,1984,,,,381,381,Russian,256,ihtik,1,,,,,,,,,,,,0,,,,,,,0,5036715,djvu,C86320AC13A0A8BEF0454BBDED008B78,1cdfa044cda5f1b0a18bcea14bc2ab2a,no,,0,2000-01-01 01:00:00,2016-05-01 00:28:44,96000/c86320ac13a0a8bef0454bbded008b78.jpg,,
28807708,Адаптивная обработка сигналов,,,,Уидроу Б.,1989,,,,219,219,Russian,118,ihtik,1,,,,,,,,,,,,0,,,,,,,0,3791644,djvu,3E15CE89653B2D78FA4E2A8D0E1B7C8A,248f4f28091ebf4c677e50e283be2def,no,,0,2000-01-01 01:00:00,2016-05-01 00:28:44,96000/3e15ce89653b2d78fa4e2a8d0e1b7c8a.jpg,,
28807709,Теория сигналов,,,,Фрэнкс Л.,1969,,,,172,172,Russian,256,ihtik,1,,,,,,,,,,,,0,,,,,,,0,2692801,djvu,DFDE8BF6DAB413C6BE23E8F5837D2AFF,84fbbc2e16714711d7c47e59be79500d,no,,0,2000-01-01 01:00:00,2016-05-01 00:28:44,96000/dfde8bf6dab413c6be23e8f5837d2aff.jpg,,
28807707,Цифровая обработка речевых сигналов,,,,Рабинер Л.Р.,1981,,,,494,494,Russian,256,ihtik,1,,,,,,,,,,,,0,,,,,,,0,9098846,djvu,EC13D7EDA89BB342F089A99545A34897,71422ead38a90f89c09b0cde196242a8,no,,0,2000-01-01 01:00:00,2016-05-01 00:28:44,96000/ec13d7eda89bb342f089a99545a34897.jpg,,
28807706,Теория и применение цифровой обработки сигналов,,,,Рабинер Л.,1978,,,,835,835,Russian,256,ihtik,1,,,,,,,,,,,,0,,,,,,,0,10616451,djvu,B3757AEE41DFC809426C75164B074DE6,73d8eddebf905f30ca4ef3476daa08dc,no,,0,2000-01-01 01:00:00,2016-05-01 00:28:44,96000/b3757aee41dfc809426c75164b074de6.jpg,,
28807705,Быстрое преобразование Фурье и алгоритмы вычисления свёрток,,,,Нуссбаумер,1985,,Радио и связь,,248,248,Russian,120,infanata,1,,,,,,,,,,,,0,,,,,,,0,2652029,djvu,7AF9AB215CA1BDCF23B41D047722D511,fd2320b6a9e1460522fd141b799223b7,no,N:\\natahaus\\2006\\2006-12\\04 12 06\\Г. Нуссбаумер - Быстрое преобразование Фурье и алгоритмы вычисления свёрток 1985.djvu,0,2000-01-01 01:00:00,2016-05-01 00:28:44,96000/7af9ab215ca1bdcf23b41d047722d511.jpg,,
28807704,Аналоговые и цифровые фильтры.Расчёт и реализация,,,,Лэм Г.,1982,,,,589,589,Russian,210,ihtik,1,,,,,,,,,,,,0,,,,,,,0,5671357,djvu,BA1D35D3835EDCAD02DC6CF46EECE723,d8b1b8edda7c7fc970950a83314474f4,no,,0,2000-01-01 01:00:00,2016-05-01 00:28:44,96000/ba1d35d3835edcad02dc6cf46eece723.jpg,,
28807703,Введение в цифровую обработку сигналов,,,,Лукин А.,2002,,,,44,44,Russian,92,ihtik,1,,,,,,,,,,,,0,,,,,,,0,537236,djvu,9545E33A40736615734CAE9EAEACFF85,e3b100d1373c16870a3ba15257202380,no,,0,2000-01-01 01:00:00,2016-05-01 00:28:44,96000/9545e33a40736615734cae9eaeacff85.jpg,,
28807701,Активные RC-фильтры,,,,Знаменский А.Е.,1970,,,,278,278,Russian,256,ihtik,1,,,,,,,,,,,,0,,,,,,,0,4030985,djvu,7AB6BD3523809EEC0015E8F65FAAA00D,3af92e164843ee19f0bd9ca800080f7b,no,,0,2000-01-01 01:00:00,2016-05-01 00:28:44,96000/7ab6bd3523809eec0015e8f65faaa00d.jpg,,
28807702,Аналоговые и цифровые корректоры,,,,Кисель В.А.,1986,,,,183,183,Russian,256,ihtik,1,,,,,,,,,,,,0,,,,,,,0,2170233,djvu,81A9486E2C6D812F8BAB49CF4AAC7D23,02faa1d79863db939f74e1bb759d2bb0,no,,0,2000-01-01 01:00:00,2016-05-01 00:28:44,96000/81a9486e2c6d812f8bab49cf4aac7d23.jpg,,
28807700,Справочник по активным фильтрам,,,,Джонсон Д.,1983,,,,127,127,Russian,,ihtik,1,,,,,,,,,,,,0,,,,,,,0,2156500,djvu,BE1FD2989AF59E233232339840FEB924,c317bae8e0e3a1b78f80df2de8bfe149,no,,0,2000-01-01 01:00:00,2016-05-01 00:28:44,96000/be1fd2989af59e233232339840feb924.jpg,,
28807699,Цифровая обработка сигналов,,,,Гольденберг Л.М.,1985,,,,254,254,Russian,118,ihtik,1,,,,,,,,,,,,0,,,,,,,0,3377239,djvu,F62102D1D74AA0A5DC5C805996BD19CA,bccd6a382110fb29ef381737a5aa47f2,no,,0,2000-01-01 01:00:00,2016-05-01 00:28:44,96000/f62102d1d74aa0a5dc5c805996bd19ca.jpg,,
28807698,Активные фильтры с переключаемыми конденсаторами,,,,Гауси М.,1986,,,,165,165,Russian,256,ihtik,1,,,,,,,,,,,,0,,,,,,,0,1807418,djvu,36C2C7CB473EF7938E83A8D7E463A6BE,a6e969617a3a6da4e4ae171b3d34e93f,no,,0,2000-01-01 01:00:00,2016-05-01 00:28:44,96000/36c2c7cb473ef7938e83a8d7e463a6be.jpg,,
28807697,Теория и практика вейвлет-преобразования,,,,Воробьев В.П.,1999,,,,203,203,Russian,118,ihtik,1,,,,,,,,,,,,0,,,,,,,0,566928,djvu,F6F3F28E8A203AE0C443E1DE2B5C926F,177332876bb15e14dff9465055496407,no,,0,2000-01-01 01:00:00,2016-05-01 00:28:44,96000/f6f3f28e8a203ae0c443e1de2b5c926f.jpg,,
28807696,Быстрые алгоритмы цифровой обработки сигналов,,,,Блейхут Р.,1989,,,,448,448,Russian,256,ihtik,1,,,,,,,,,,,,0,,,,,,,0,4135046,djvu,7B5988CD12EE88E9CA6838D5DF70D346,dac586a6ba5047965ec62c74a58dc258,no,,0,2000-01-01 01:00:00,2016-05-01 00:28:44,96000/7b5988cd12ee88e9ca6838d5df70d346.jpg,,
28807694,Цифровая обработка сигналов.Практический подход,,,,Айфичер Э.,2004,,,,989,989,Russian,118,ihtik,1,,,,,,,,,,,,0,,,,,,,0,9798318,djvu,8CFB35AD2588EAE7707AF604BE3C9FF9,8e7c0054de19748422f40e907bb5faae,no,,0,2000-01-01 01:00:00,2016-05-01 00:28:44,96000/8cfb35ad2588eae7707af604be3c9ff9.jpg,,
28807695,Цифровые фильтры. Анализ и проектирование,,,,Антонью А.,1983,,,,318,318,Russian,210,ihtik,1,,,,,,,,,,,,0,,,,,,,0,4421515,djvu,D0421EA1B9E7131F17337F23AB1A5515,17ddcc821bce5e2d8192dd4b2443ba6c,no,,0,2000-01-01 01:00:00,2016-05-01 00:28:44,96000/d0421ea1b9e7131f17337f23ab1a5515.jpg,,
28807693,Adaptive filter theory,,,,Haykin S.,,,,,997,997,English,256,ihtik,1,,,,,,,,,,,,0,,,,,,,0,20966071,djvu,A4A7DB91047F0508383A56B8BA71BA61,e506221a3ce31192edf816a7165c46e3,no,,0,2000-01-01 01:00:00,2016-05-01 00:28:44,96000/a4a7db91047f0508383a56b8ba71ba61.jpg,,
28807692,Моделирование динамических процессов роботизированного производства,2,,,"Яглинский В.П., Иоргачов Д.В.",2004,,,Одесса,122,122,Russian,210,ihtik,1,,,,,,,,,,,,0,,,,,,,0,3718352,djvu,91C24DA28EF30B6506EAD6184D22D57A,8b0ec1b3bdf8bba420cd0b999e109620,no,,0,2000-01-01 01:00:00,2016-05-01 00:28:44,96000/91c24da28ef30b6506ead6184d22d57a.jpg,,
28807691,Моделирование динамических процессов роботизированного производства,1,,,"Яглинский В.П., Иоргачов Д.В.",2004,,,Одесса,111,111,Russian,210,ihtik,1,,,,,,,,,,,,0,,,,,,,0,3473689,djvu,732E52C548C509D8432A2218314BF346,97151313001a6facd9e018177d035471,no,,0,2000-01-01 01:00:00,2016-05-01 00:28:44,96000/732e52c548c509d8432a2218314bf346.jpg,,
28807690,"Специальные функции. Формулы, графики, таблицы",,,,Янке Е.,1964,,,,344,344,Russian,140,ihtik,1,,,,,,,,,,,,0,,,,,,,0,11618474,djvu,AAF478EDA67E07BB78CC51DA8F48F9E8,1fc108f2cecad40637241264b7687331,no,,0,2000-01-01 01:00:00,2016-05-01 00:28:44,96000/aaf478eda67e07bb78cc51da8f48f9e8.jpg,,
28807689,Я строю КВ радиостанцию,,,,Лаповок Я.С.,1992,,,,176,176,Russian,256,ihtik,1,,,,,,,,,,,,0,,,,,,,0,1380515,djvu,E90855E405E59FD024AE8F618A14CC6F,5bbffe960d5df497179a05b97b1d4e9e,no,,0,2000-01-01 01:00:00,2016-05-01 00:28:44,96000/e90855e405e59fd024ae8f618a14cc6f.jpg,,
28807688,Теория автоматического управления,,,,Юревич Е.И.,1975,,,,182,182,Russian,139,ihtik,1,,,,,,,,,,,,0,,,,,,,0,5916233,djvu,25DDF7F9D05185E382931D997FC5F5B8,2099447bd0e850a36af5b03c3c94a627,no,,0,2000-01-01 01:00:00,2016-05-01 00:28:44,96000/25ddf7f9d05185e382931d997fc5f5b8.jpg,,
28807686,Электронная техника в автоматике,,,,Конев Ю.И.,1986,,,,270,270,Russian,210,ihtik,1,,,,,,,,,,,,0,,,,,,,0,2691189,djvu,1DBA44CD74669BBD87C1F02C3BF69415,4d85062d2e44ae86776f9e70982b698b,no,,0,2000-01-01 01:00:00,2016-05-01 00:28:44,96000/1dba44cd74669bbd87c1f02c3bf69415.jpg,,
28807687,Проектирование импульсных и цифровых устройств радиотехнических систем,,,,Казаринов Ю.М.,1985,,,,318,318,Russian,210,ihtik,1,,,,,,,,,,,,0,,,,,,,0,3593203,djvu,472159E52AA4B62FBDEA8D97B5D37978,266e271f5e501a04d540a50531110da9,no,,0,2000-01-01 01:00:00,2016-05-01 00:28:44,96000/472159e52aa4b62fbdea8d97b5d37978.jpg,,
28807685,Справочник по электротехническим материалам,Т.2,,,"Корицкий Юрий Владимирович, Под редакцией Ю.В.Корицкого и др.",1987,"3-е издание, переработанное. ",Энергоатомиздат,М.,464,464,Russian,210,infanata,том 1,,,,,,,,,,,"Scan, Djvuing: ???, 2005",0,,,,,,,0,8434107,djvu,479C2E6789D5AB5BEF54E3401AEF5349,5756f4e9c504b1482d76e8d14a6e6bda,no,"N:\\natahaus\\2007\\2007-12\\2007 12 25\\под ред. Ю.В. Корицкого, В.В. Пасынкова, Б.М. Тареева -  Справочник по электротехническим материалам в 3-х томах, Т2 1987.djvu",0,2000-01-01 01:00:00,2016-05-01 00:28:44,96000/479c2e6789d5ab5bef54e3401aef5349.jpg,,
28807684,Справочник по электротехническим материалам в 3-х томах,том 3,,,"Корицкий Ю.В. (ред.), Пасынков В.В. (ред.), Тареев Б.М. (ред.)",1986,,Энергоатомиздат, Москва,368,368,Russian,210,infanata,1,,,,,,,,,,,,0,,,,,,,0,9041708,djvu,E0BC4BBF1D3976BEA52981D449386805,78533c74d019341b58555f48056f8afc,no,"N:\\natahaus\\2007\\2007-12\\2007 12 25\\под ред. Ю.В. Корицкого, В.В. Пасынкова, Б.М. Тареева - Справочник по электротехническим материалам в 3-х томах, Т3.djvu",0,2000-01-01 01:00:00,2016-05-01 00:28:44,96000/e0bc4bbf1d3976bea52981d449386805.jpg,,
28807683,Измерение характеристик конденсаторов,,,,Эпштейн С.Л.,1971,,,,220,220,Russian,256,ihtik,1,,,,,,,,,,,,0,,,,,,,0,2741755,djvu,2ACC723C6FE8F20C93EC3BFCCD7E3623,6605daf8d789545f3a589ee9faaa51ca,no,,0,2000-01-01 01:00:00,2016-05-01 00:28:44,96000/2acc723c6fe8f20c93ec3bfccd7e3623.jpg,,
28807682,Воздушные завесы,,,,Эльтерман В.М.,1966,,,,165,165,Russian,256,ihtik,1,,,,,,,,,,,,0,,,,,,,0,1725113,djvu,9F0B8733A462616268813334505C170A,91945f794192b43c6687a5038d8f372f,no,,0,2000-01-01 01:00:00,2016-05-01 00:28:44,96000/9f0b8733a462616268813334505c170a.jpg,,
28807681,Практические конструкции антенн,,,,Шпиндлер Э. ,1989,,,,325,325,Russian,256,ihtik,1,,,,,,,,,,,,0,,,,,,,0,3651584,djvu,35C98995C9FD3A3AE93B91A759F45479,4f96aa37b57d5c6e6fc229266ad72d98,no,,0,2000-01-01 01:00:00,2016-05-01 00:28:44,96000/35c98995c9fd3a3ae93b91a759f45479.jpg,,
28807679,Инфракрасные лучи в электронике,,,,Шрайбер Г.,2003,,,,237,237,Russian,256,ihtik,1,,,,,,,,,,,,0,,,,,,,0,2516131,djvu,B5AD4FDE11C6D8E19B1361298508A448,76d6039016ae16860d5a9c5c5b0e2af6,no,,0,2000-01-01 01:00:00,2016-05-01 00:28:44,96000/b5ad4fde11c6d8e19b1361298508a448.jpg,,
28807680,Любительские схемы контроля и сигнализации на ИС,,,,Шумейкер Ч.,1989,,,,92,92,Russian,258,ihtik,1,,,,,,,,,,,,0,,,,,,,0,3380133,djvu,BFF15FC658268CDC1236FC5FCDCDBE02,dccf5ac7222119a35d98e9125dff9328,no,,0,2000-01-01 01:00:00,2016-05-01 00:28:44,96000/bff15fc658268cdc1236fc5fcdcdbe02.jpg,,
28807678,300 схем источников питания,,,,Шрайбер Г.,,,,,189,189,Russian,256,ihtik,1,,,,,,,,,,,,0,,,,,,,0,2117150,djvu,58CA25E9C45ABE2FB282E2E33C57D766,2b1e5e6093d82f330fcb221c09e3fe92,no,,0,2000-01-01 01:00:00,2016-05-01 00:28:44,96000/58ca25e9c45abe2fb282e2e33c57d766.jpg,,
28807677,Рецептурный справочник для электротехника,,,,Шкержик Я.,1971,,,,104,104,Russian,210,ihtik,1,,,,,,,,,,,,0,,,,,,,0,748573,djvu,A7152BC1B9B652A4CC351A49E1809BD2,878dc1ee66812bae99a732a44fca0624,no,,0,2000-01-01 01:00:00,2016-05-01 00:28:44,96000/a7152bc1b9b652a4cc351a49e1809bd2.jpg,,
28807675,"Популярные микросхемы КМОП (серии 176,561,564,1561,1564)",,,,Шило В.Л.,1993,,,,33,33,Russian,256,ihtik,1,,,,,,,,,,,,0,,,,,,,0,1052036,djvu,E1BEDF049F14080191E2587CA5948FC1,75f278c21876cf95e7b20098745b2d9d,no,,0,2000-01-01 01:00:00,2016-05-01 00:28:44,96000/e1bedf049f14080191e2587ca5948fc1.jpg,,
28807676,Популярные цифровые микросхемы,,,,Шило В.Л.,1987,,,,352,352,Russian,250,ihtik,1,,,,,,,,,,,,0,,,,,,,0,4577933,djvu,7FFC8A34D9E76D9B6150D07B03E62F55,2e8f512047c1f44e396a0fc3a2196819,no,,0,2000-01-01 01:00:00,2016-05-01 00:28:44,96000/7ffc8a34d9e76d9b6150d07b03e62f55.jpg,,
28807674,Линейные интегральные схемы в радиоэлектронной аппаратуре,,,,Шило В.Л.,1974,,,,309,309,Russian,250,ihtik,1,,,,,,,,,,,,0,,,,,,,0,3901536,djvu,38FD852F5C591E7B361C61BCFCF6637E,a49e9b69676b5ffeb1d4973e3c953844,no,,0,2000-01-01 01:00:00,2016-05-01 00:28:44,96000/38fd852f5c591e7b361c61bcfcf6637e.jpg,,
28807673,Микропроцессоры,,,,Шилейко А.В.,1986,,,,112,112,Russian,254,ihtik,1,,,,,,,,,,,,0,,,,,,,0,1484446,djvu,2C9D4D01C8278F265F4F3C1F6557B3F7,49a97e0ee037ff913dc0f15432ca3a6a,no,,0,2000-01-01 01:00:00,2016-05-01 00:28:44,96000/2c9d4d01c8278f265f4f3c1f6557b3f7.jpg,,
28807671,Плавка в бессердечниковых индукционных печах,,,,Шекалов А.А.,1954,,,,15,15,Russian,256,ihtik,1,,,,,,,,,,,,0,,,,,,,0,629663,djvu,79A7C26012A61929B25AF20F430AD9E1,bca2dd1c905cc9e1c8ab5bcd5c3a6c65,no,,0,2000-01-01 01:00:00,2016-05-01 00:28:44,96000/79a7c26012a61929b25af20f430ad9e1.jpg,,
28807672,Упрочнение деталей машин поверхностной закалкой при индукционном нагреве,,,,Шепеляковский К.З.,1972,,,,144,144,Russian,210,ihtik,1,,,,,,,,,,,,0,,,,,,,0,4622992,djvu,A566D1CACD710909E85D819E6E63F0FB,845c4aeb7da52cda1bb09af39bf44410,no,,0,2000-01-01 01:00:00,2016-05-01 00:28:44,96000/a566d1cacd710909e85d819e6e63f0fb.jpg,,
28807669,Электрооборудование строительных машин и энергоснабжение строительных площадок,,,,Чукаев Д.С.,1981,,,,221,221,Russian,210,ihtik,1,,,,,,,,,,,,0,,,,,,,0,2211388,djvu,3451A0201F4967B309993DBD95C513F7,e4b1de5cf6754ab91bcace99ad92ad81,no,,0,2000-01-01 01:00:00,2016-05-01 00:28:44,96000/3451a0201f4967b309993dbd95c513f7.jpg,,
28807670,Проектирование радиопередающих устройств,,,,Шахгильдян В.В.,1976,,,,432,432,Russian,210,ihtik,1,,,,,,,,,,,,0,,,,,,,0,5632868,djvu,BAD8D9A3747EA55756EC0B9C7192B33B,154a0ccf47bf524d238d67ca7ec33d15,no,,0,2000-01-01 01:00:00,2016-05-01 00:28:44,96000/bad8d9a3747ea55756ec0b9c7192b33b.jpg,,
28807668,"Расчёт исполнительных,корректирующих и преобразовательных элементов автоматических систем",,,,Чинаев П.И,1971,,,,308,308,Russian,210,ihtik,1,,,,,,,,,,,,0,,,,,,,0,3363013,djvu,E801AF6D909EC0071A43D554797CAD26,0320549f6407d6a0e412565f48ffa7b5,no,,0,2000-01-01 01:00:00,2016-05-01 00:28:44,96000/e801af6d909ec0071a43d554797cad26.jpg,,
28807667,Основы преобразовательной техники,,,,Чиженко И.М.,1974,,,,213,213,Russian,210,ihtik,1,,,,,,,,,,,,0,,,,,,,0,6141855,djvu,485ED9EB1E99F3436A334D2AFE45DFC9,0384ad75d1d8ff95b98269914e950e91,no,,0,2000-01-01 01:00:00,2016-05-01 00:28:44,96000/485ed9eb1e99f3436a334d2afe45dfc9.jpg,,
28807666,Проектирование ключевых источников электропитания,,,,Четти П.,1990,,,,240,240,Russian,210,ihtik,1,,,,,,,,,,,,0,,,,,,,0,2276853,djvu,77CD595208940075A23A108894E271B7,8cfcb793742493762d06d7be98736875,no,,0,2000-01-01 01:00:00,2016-05-01 00:28:44,96000/77cd595208940075a23a108894e271b7.jpg,,
28807665,Устойчивость движения,,,,Четаев Н.Г.,,,,,175,175,Russian,125,ihtik,1,,,,,,,,,,,,0,,,,,,,0,1293453,djvu,2A924249CC46DA5E462BBFDC53A92870,d920f88d11eed1a6a6062151392ff3e4,no,,0,2000-01-01 01:00:00,2016-05-01 00:28:44,96000/2a924249cc46da5e462bbfdc53a92870.jpg,,
28807664,Нелинейная теория упругости в машиностроительных расчётах,,,,Черных К.Ф.,1986,,,,336,336,Russian,210,ihtik,1,,,,,,,,,,,,0,,,,,,,0,2545929,djvu,3D7ACDAD387F0B3877EEA8524739B8FA,188c406191a9431fc853d6418a1df840,no,,0,2000-01-01 01:00:00,2016-05-01 00:28:44,96000/3d7acdad387f0b3877eea8524739b8fa.jpg,,
28807662,Силовые полупроводниковые приборы,,,,Чебовский О.Г.,1985,,,,401,401,Russian,250,ihtik,1,,,,,,,,,,,,0,,,,,,,0,5214828,djvu,54E1F3A3BD913CA274A73EFFE354949E,85dd0043b423d5f6fdedd2e77262ae08,no,,0,2000-01-01 01:00:00,2016-05-01 00:28:44,96000/54e1f3a3bd913ca274a73effe354949e.jpg,,
28807663,Тиристоры и их зарубежные аналоги,том 2,,,Черепанов В.П.,2002,,,,511,511,Russian,250,ihtik,1,,,,,,,,,,,,0,,,,,,,0,4854129,djvu,43692D80DB94A33F88E40305969FCDF4,5ed2f801a070b88b0de51981fc73d6bc,no,,0,2000-01-01 01:00:00,2016-05-01 00:28:44,96000/43692d80db94a33f88e40305969fcdf4.jpg,,
28807661,Современная теория управления,,,,Чаки Ф.,1975,,,,423,423,Russian,6,ihtik,1,,,,,,,,,,,,0,,,,,,,0,3602901,djvu,DEB1545FFA982FA9D8013494F9A2D18F,e9138b0623fb729a78af726a407824b7,no,,0,2000-01-01 01:00:00,2016-05-01 00:28:44,96000/deb1545ffa982fa9d8013494f9a2d18f.jpg,,
28807660,Metafizica noastra de toate zilele,,,,Stefan Afloroaiei,2008,,Humanitas,,360,360,Romanian,,,0,,,,,,,,,,,,0,,,,,,,0,3846946,djvu,5b34c268571aeadd9f0779231358dba9,18282f9e516b0002e2bd9a38c6d1d334,no,Stefan Afloroaiei - Metafizica noastra de toate zilele,0,2000-01-01 01:00:00,2016-05-01 00:28:44,881000/5b34c268571aeadd9f0779231358dba9-g.jpg,,
28807659,Релейные автоматические системы,,,,Цыпкин Я.З.,1974,,,,575,575,Russian,256,ihtik,1,,,,,,,,,,,,0,,,,,,,0,5116318,djvu,289F92A687C99856E528A2EE967B4602,2b87bcf15d3fd1b807af9cdcb33c7e2f,no,,0,2000-01-01 01:00:00,2016-05-01 00:28:44,96000/289f92a687c99856e528a2ee967b4602.jpg,,
28807658,Основы теории автоматических систем,,,,Цыпкин Я.З.,1977,,,,559,559,Russian,256,ihtik,1,,,,,,,,,,,,0,,,,,,,0,4553713,djvu,0C83DA271C7B6D256C95FDF4046E7A20,4827f47c608e8c70e5435729e4de70dd,no,,0,2000-01-01 01:00:00,2016-05-01 00:28:44,96000/0c83da271c7b6d256c95fdf4046e7a20.jpg,,
28807657,Вариационное исчисление и интегральные уравнения,,,,Цлаф Л.Я.,1966,1,,,176,176,Russian,117,ihtik,1,,,,519.3,,,,,,,,300,,,,,,,0,1383788,djvu,3F41AB8CCACFAD6BC7A8D88DD5FD5BE0,aa39862b141eb951ae2fb9ae8c95b6d4,no,,0,2000-01-01 01:00:00,2016-05-01 00:28:44,96000/3f41ab8ccacfad6bc7a8d88dd5fd5be0.jpg,,
28807656,"Измерительные информационные системы: Структуры и алгоритмы, системотехническое проектирование",,,,Цапенко М.П.,1985,,Энергоатомиздат,,438,438,Russian,210,ihtik,1,,,,,,,,,,,,0,,,,,,,0,4532463,djvu,750F59E8DE4427C74B2AB56DD22D7B17,cf458b4196e6aec67a95fe5914673df2,no,,0,2000-01-01 01:00:00,2016-05-01 00:28:44,96000/750f59e8de4427c74b2ab56dd22d7b17-d.jpg,,
28807655,Введение в теорию и расчет активных фильтров,,,,"Хьюлсман Л.П., Аллен Ф.Е.",1984,,,,383,383,Russian,256,ihtik,1,,,,,,,,,,,,0,,,,,,,0,5051995,djvu,552441E90F86EB8049224D0D8FC9FF9D,d51f16d902c8e8f6b9f51b51bf0a6f1d,no,,0,2000-01-01 01:00:00,2016-05-01 00:28:44,96000/552441e90f86eb8049224d0d8fc9ff9d.jpg,,
28807654,Проектирование цифровых вычислительных устройств на интегральных схемах,,,,Хоуп Г.,1984,,,,398,398,Russian,120,ihtik,1,,,,,,,,,,,,0,,,,,,,0,3542781,djvu,86573097EF482467FBD4C73D75F15E4D,3417e66420760a4ca8c04629d2b45263,no,,0,2000-01-01 01:00:00,2016-05-01 00:28:44,96000/86573097ef482467fbd4c73d75f15e4d.jpg,,
28807653,Искусство схемотехники,том 2,,,Хоровиц П.,1986,,,,589,589,Russian,210,ihtik,1,,,,,,,,,,,,0,,,,,,,0,10692385,djvu,18C059B1303821E466902EA76B16E58C,954fedb48fb9e5ba47997d208faea801,no,,0,2000-01-01 01:00:00,2016-05-01 00:28:44,96000/18c059b1303821e466902ea76b16e58c.jpg,,
28807651,Трансформаторы однофазного и трёхфазного тока,,,,Холуянов Ф.И.,1934,,,,130,130,Russian,256,ihtik,1,,,,,,,,,,,,0,,,,,,,0,3322237,djvu,2864AA37CCCC4D5976251088187C5B94,f55326ad69515738b9a151250bb89b04,no,,0,2000-01-01 01:00:00,2016-05-01 00:28:44,96000/2864aa37cccc4d5976251088187c5b94.jpg,,
28807652,Искусство схемотехники,том 1,,,Хоровиц П.,1986,,,,600,600,Russian,210,ihtik,1,,,,,,,,,,,,0,,,,,,,0,6794026,djvu,DD70F2DCA35D0F172B8EB06983E363B9,564c6bbaffb8256009946f1bfb108e9a,no,,0,2000-01-01 01:00:00,2016-05-01 00:28:44,96000/dd70f2dca35d0f172b8eb06983e363b9.jpg,,
28807650,Методы анализа нелинейных динамических моделей,,,,Холодниок М.,,,,,365,365,Russian,256,ihtik,1,,,,,,,,,,,,0,,,,,,,0,2630587,djvu,F8B7DBB8292B28C68CA5F198CA57CF05,913823948a306d0370042f5de55878e5,no,,0,2000-01-01 01:00:00,2016-05-01 00:28:44,96000/f8b7dbb8292b28c68ca5f198ca57cf05.jpg,,
28807649,"Многофункциональные ультразвуковые аппараты и их применение в условиях малых производств,сельском и домашнем хоз",,,,Хмелёв В.Н.,,,,,83,83,Russian,210,ihtik,1,,,,,,,,,,,,0,,,,,,,0,3262472,djvu,795D26558909B9C148BD440041059C10,f9c127bf2d8e3b7de9e6794cbab1c023,no,,0,2000-01-01 01:00:00,2016-05-01 00:28:44,96000/795d26558909b9c148bd440041059c10.jpg,,
28807648,Заливка электронного оборудования синтетическими смолами,,,,Харпер Ч.,1964,,,,408,408,Russian,256,ihtik,1,,,,,,,,,,,,0,,,,,,,0,4552369,djvu,F38C4AB74A5446194660BABDD8241672,9c25a61b299f10f5578d0880d5e5e97e,no,,0,2000-01-01 01:00:00,2016-05-01 00:28:44,96000/f38c4ab74a5446194660babdd8241672.jpg,,
28807647,Расчёт и конструирование радиоэлектронной аппаратуры,,,,Фрумкин Г.Д.,1985,,,,287,287,Russian,210,ihtik,1,,,,,,,,,,,,0,,,,,,,0,4433169,djvu,2A0E7A35F690DB3191318A7B2D57CCB4,e7b5d66d2909550a060a37f0506fd443,no,,0,2000-01-01 01:00:00,2016-05-01 00:28:44,96000/2a0e7a35f690db3191318a7b2d57ccb4.jpg,,
28807646,Язык радиосхем,,,,Фролов В.В.,1988,,,,128,128,Russian,256,ihtik,1,,,,,,,,,,,,0,,,,,,,0,2187452,djvu,7C082FB40E596468C335464A5AF39D80,f303946756dacf8b0e89765b3035a0a7,no,,0,2000-01-01 01:00:00,2016-05-01 00:28:44,96000/7c082fb40e596468c335464a5af39d80.jpg,,
28807645,Радиолюбительская технология,,,,Фролов В.В.,1975,,,,134,134,Russian,232,ihtik,1,,,,,,,,,,,,0,,,,,,,0,1748622,djvu,6D94979CA742275F121177E9CB6FF09B,d69001ecae15bad55dbfd2d04d31921a,no,,0,2000-01-01 01:00:00,2016-05-01 00:28:44,96000/6d94979ca742275f121177e9cb6ff09b.jpg,,
28807644,Герметизация радиоэлектронной аппаратуры,,,,Фридман Е.И.,1978,,,,359,359,Russian,256,ihtik,1,,,,,,,,,,,,0,,,,,,,0,4486215,djvu,0704D2C178DA99C4199417C872FE2596,760ab57f7e92df9dea45a6a951f7ec8a,no,,0,2000-01-01 01:00:00,2016-05-01 00:28:44,96000/0704d2c178da99c4199417c872fe2596.jpg,,
28807643,Теория и проектирование переключательных схем,,,,Фридман А.,1978,,,,578,578,Russian,210,ihtik,1,,,,,,,,,,,,0,,,,,,,0,4805435,djvu,6C5DB33DDA4A318DFB6DE859E7126A09,26b0913ba00f0148dffda82a8e7df6b9,no,,0,2000-01-01 01:00:00,2016-05-01 00:28:44,96000/6c5db33dda4a318dfb6de859e7126a09.jpg,,
28807642,Автоматический синтаксический анализ,,Математическое обеспечение ЭВМ,,Фостер Дж.,1975,,МИР,,72,36,Russian,256,ihtik,1,,,,,,,,,,,,0,,,,,,,0,405441,djvu,AC873CBAA3E3FF8339A9648BC5A56D74,2d043bc7a4f017dcf2d6380c368d44cd,no,,0,2000-01-01 01:00:00,2016-05-01 00:28:44,96000/ac873cbaa3e3ff8339a9648bc5a56d74.jpg,,
28807641,Справочное пособие по ремонту электрических и электронных систем,,,,Фолкенберри Л. М.,1989,,Энергоатомиздат,М,415,415,Russian,250,infanata,1,5-283-02470-9,,,,,,,,,,,0,,,,,,,0,4058634,djvu,0945AA10DD5AA6C42BE51839AEB8C19C,3a46af62d5046a3f710e64664264eba3,no,N:\\natahaus\\2008\\2008-01\\2008.01.24\\Фолкенберри Л. М. - Справочное пособие по ремонту электрических и электронных систем 1989.djvu,0,2000-01-01 01:00:00,2016-05-01 00:28:44,96000/0945aa10dd5aa6c42be51839aeb8c19c-d.gif,,5283024709
28807639,"Сигналы, помехи, ошибки",,,,Финк М.,1984,,,,133,133,Russian,256,ihtik,1,,,,,,,,,,,,0,,,,,,,0,5356503,djvu,876FD0D4CD5C7886534212CEF8D8CD99,ae057a24c7be69f868c8c419b15b09a6,no,,0,2000-01-01 01:00:00,2016-05-01 00:28:44,96000/876fd0d4cd5c7886534212cef8d8cd99.jpg,,
28807640,Теория электропривода,,,,Фираго А.И.,2004,,,,526,526,Russian,210,ihtik,1,,,,,,,,,,,,0,,,,,,,0,5791059,djvu,031EDB60DD4BDB1EB7025C4AECE40E2C,55f41701f1e91d58ef56de0e8fd2a5ba,no,,0,2000-01-01 01:00:00,2016-05-01 00:28:44,96000/031edb60dd4bdb1eb7025c4aece40e2c.jpg,,
28807638,Монтаж силовых трансформаторов,,,,Филиппишин В.Я.,1981,,,,432,432,Russian,256,ihtik,1,,,,,,,,,,,,0,,,,,,,0,4545846,djvu,AFDEF423046A103542D4E680BBC0A158,2ab91563e733d96de5ba3efab5ee5aed,no,,0,2000-01-01 01:00:00,2016-05-01 00:28:44,96000/afdef423046a103542d4e680bbc0a158.jpg,,
28807637,750 практических электронных схем,,,,Фелпс Р.,1986,,,,584,584,Russian,256,ihtik,1,,,,,,,,,,,,0,,,,,,,0,7289488,djvu,906C17F17421802DA93BA2666D172998,ca7be8c054f6c8da30202de6aaa7a934,no,,0,2000-01-01 01:00:00,2016-05-01 00:28:44,96000/906c17f17421802da93ba2666d172998.jpg,,
28807636,Многослойные печатные платы,,,,Федулова А.А.,1977,,,,247,247,Russian,256,ihtik,1,,,,,,,,,,,,0,,,,,,,0,2856256,djvu,7D9032DD412FFBAAB3E891627DE2F90E,020d8ec651b43e9a0c9d88a292642de1,no,,0,2000-01-01 01:00:00,2016-05-01 00:28:44,96000/7d9032dd412ffbaab3e891627de2f90e.jpg,,
28807635,"Микросхемы ЦАП и АЦП - функционирование,параметры,применение",,,,Федорков А.Г.,1990,,,,320,320,Russian,250,ihtik,1,,,,,,,,,,,,0,,,,,,,0,3375511,djvu,7BE9B8BF4729824D035D7178AEC909D7,62c12fe81fccc728bf2f4e9b7dbaea90,no,,0,2000-01-01 01:00:00,2016-05-01 00:28:44,96000/7be9b8bf4729824d035d7178aec909d7.jpg,,
28807633,UML. Основы,,,,Фаулер М.,2002,,,,188,188,Russian,91,ihtik,1,,,,,,,,,,,,0,,,,,,,0,1018736,djvu,394E59D3EDEC5B41B8D862188207F20C,cb80e975f2ac6bca3d047b6620c912a9,no,,0,2000-01-01 01:00:00,2016-05-01 00:28:44,96000/394e59d3edec5b41b8d862188207f20c.jpg,,
28807634,Рефакторинг.Улучшение существующего кода,,,,Фаулер М.,2003,,,,430,430,Russian,256,ihtik,1,,,,,,,,,,,,0,,,,,,,0,4446877,djvu,19CFBAF12E087C9E309D717D47E993FC,dbd4382848386e66557b53f63265a405,no,,0,2000-01-01 01:00:00,2016-05-01 00:28:44,96000/19cfbaf12e087c9e309d717d47e993fc.jpg,,
28807632,Солнечные элементы.Теория и эксперимент,,,,Фаренбрух А.,1987,,,,282,282,Russian,256,ihtik,1,,,,,,,,,,,,0,,,,,,,0,3419598,djvu,ABA8CE2C352AD139E0FAB6F356C83F67,e6f271f179785e8afd11df968ad30e01,no,,0,2000-01-01 01:00:00,2016-05-01 00:28:44,96000/aba8ce2c352ad139e0fab6f356c83f67.jpg,,
28807631,Лазеры.Основы устройства и применение,,,,Фёдоров А.Ф.,1988,,,,189,189,Russian,264,ihtik,1,,,,,,,,,,,,0,,,,,,,0,2060997,djvu,5C3984B6011173440A70C50C0B28FC30,5f525fd8eb78436b4b2e10c58ac443ed,no,,0,2000-01-01 01:00:00,2016-05-01 00:28:44,96000/5c3984b6011173440a70c50c0b28fc30.jpg,,
28807630,Principiile filosofiei dreptului,,,,G. W. F. Hegel,1969,,Editura Academiei,,391,391,Romanian,,,0,,,,,,,,,,,,0,,,,,,,,10162480,djvu,e261253164862af05cc4370553d209bc,843f760c9e174f43c70eeb9de80f27c8,no,G. W. F. Hegel - Principiile filosofiei dreptului.djvu,0,2000-01-01 01:00:00,2016-05-01 00:28:44,881000/e261253164862af05cc4370553d209bc-g.jpg,,
28807629,Проектирование цифровых устройств,Tом 1,,,Уэйкерли Дж.Ф.,2002,,,,1088,1088,Russian,210,ihtik,1,,,,,,,,,,,,0,,,,,,,0,12171723,djvu,3B4429C38CE28236A596108639B627AD,b4579f8e3225c9b45d82adb2d811ba25,no,,0,2000-01-01 01:00:00,2016-05-01 00:28:44,96000/3b4429c38ce28236a596108639b627ad.jpg,,
28807627,Установка АВУ.Техническое описание и инструкция по эксплуатации,,,,,,,,,45,45,Russian,210,ihtik,1,,,,,,,,,,,,0,,,,,,,0,1407853,djvu,B5BBA098942DA46581F6B20618DDB64B,e0264abfcb0fda7f8c7109a55ac7143e,no,,0,2000-01-01 01:00:00,2016-05-01 00:28:44,96000/b5bba098942da46581f6b20618ddb64b.jpg,,
28807628,Построение высоконадёжных систем,,,,Ушаков И.А.,1974,,,,62,62,Russian,256,ihtik,1,,,,,,,,,,,,0,,,,,,,0,496665,djvu,BF448C21DF7FC1E997FF909528802906,0c095303e038bca4deccc28296e21b15,no,,0,2000-01-01 01:00:00,2016-05-01 00:28:44,96000/bf448c21df7fc1e997ff909528802906.jpg,,
28807626,Графическое изображение электрорадиосхем,,,,Усатенко С.Т.,1986,,,,118,118,Russian,140,ihtik,1,,,,,,,,,,,,0,,,,,,,0,1479098,djvu,74F8FA62B44EE086DD369F875B464184,5a5545fa155da67805b8065790f8b45b,no,,0,2000-01-01 01:00:00,2016-05-01 00:28:44,96000/74f8fa62b44ee086dd369f875b464184.jpg,,
28807625,Нейрокомпьютерная техника.Теория и практика,,,,Уоссермен Ф.,1992,,,,184,184,Russian,210,ihtik,1,,,,,,,,,,,,0,,,,,,,1,2464875,pdf,26D1BC7E762B14F7FB5E0C8C12DA4988,8A02222A14A8353F70C50C77D506455A,no,,0,2000-01-01 01:00:00,2016-05-01 00:28:44,96000/26d1bc7e762b14f7fb5e0c8c12da4988.jpg,,
28807624,Микроконтроллеры PIC16C7X,,,,Ульрих В.А.,2000,,,,254,254,Russian,254,ihtik,1,,,,,,,,,,,,0,,,,,,,0,2719401,djvu,202BEDD3C60747186A438D13FDAB53C5,f2b2253dac3e7d5e1764cede353ff15e,no,,0,2000-01-01 01:00:00,2016-05-01 00:28:44,96000/202bedd3c60747186a438d13fdab53c5.jpg,,
28807622,Курс современного анализа,часть 1,,,Уиттекер Э.Т.,1963,,,,343,343,Russian,256,ihtik,1,,,,,,,,,,,,0,,,,,,,0,2769346,djvu,A4840DD7ED8FCC1419ABFB408442D9BD,e0e48b3aa5b533974e982c157bc81a35,no,,0,2000-01-01 01:00:00,2016-05-01 00:28:44,96000/a4840dd7ed8fcc1419abfb408442d9bd.jpg,,
28807623,Курс современного анализа,часть 2,,,Уиттекер Э.Т.,1963,,,,500,500,Russian,256,ihtik,1,,,,,,,,,,,,0,,,,,,,0,4187612,djvu,1DB22EC40E9B34CD865D4E56D27F2A75,d7d993180f0e01104318f3e858c028f4,no,,0,2000-01-01 01:00:00,2016-05-01 00:28:44,96000/1db22ec40e9b34cd865d4e56d27f2a75.jpg,,
28807621,Отладка микропроцессорных систем,,,,Уильямс Г.Б.,1988,,,,255,255,Russian,254,ihtik,1,,,,,,,,,,,,0,,,,,,,0,2469509,djvu,AAF266C5E14C573E7B1973512910ADBD,665fdbecc0dd225068bd4831083520d6,no,,0,2000-01-01 01:00:00,2016-05-01 00:28:44,96000/aaf266c5e14c573e7b1973512910adbd.jpg,,
28807620,Автоматизация холодильных установок распределительных и производственных холодильников,,,,Ужанский В.С.,1966,,,,275,275,Russian,210,ihtik,1,,,,,,,,,,,,0,,,,,,,0,3314849,djvu,0483DA882B130044B432B499D7CAA2B7,f35b169676dd5dcb56412c63d4c93935,no,,0,2000-01-01 01:00:00,2016-05-01 00:28:44,96000/0483da882b130044b432b499d7caa2b7.jpg,,
28807619,Цифровая схемотехника,,,,Угрюмов Е. П.,2004,,"БХВ, Санкт-Петербург",,528,528,Russian,210,ihtik,1,,,,,,,,,,,,0,,,,,,,0,5657235,djvu,E4434AD477052ECFC3EAF7CDE06F1608,5b8ecb3f9cec91dfd5a69f5864ce630d,no,,0,2000-01-01 01:00:00,2016-05-01 00:28:44,96000/e4434ad477052ecfc3eaf7cde06f1608.jpg,,
28807618,P-CAD2002 и SPECCTRA.Разработка печатных плат,,,,Уваров А.С.,2003,,,,543,543,Russian,97,ihtik,1,,,,,,,,,,,,0,,,,,,,0,7573970,djvu,0AA81704C5B4A129163B2F4AB35C68B7,eacdae87153b1a4f67aef01b68064aae,no,,0,2000-01-01 01:00:00,2016-05-01 00:28:44,96000/0aa81704c5b4a129163b2f4ab35c68b7.jpg,,
28807617,Пересчётные декады,,,,Тычино К.К.,1976,,,,93,93,Russian,256,ihtik,1,,,,,,,,,,,,0,,,,,,,0,1328307,djvu,8BD3AF4AECB5F5EDBF94190669CCF2AD,03c8defd73d415ca48eabfe4cf8adaba,no,,0,2000-01-01 01:00:00,2016-05-01 00:28:44,96000/8bd3af4aecb5f5edbf94190669ccf2ad.jpg,,
28807616,Интегральные микросхемы - усилители мощности НЧ,,,,Турута Е.,1994,,,,137,137,Russian,250,ihtik,1,,,,,,,,,,,,0,,,,,,,0,834911,djvu,F9A50C4CEB290C16012E00F0CD78DF45,3bed554d6527fa43f9db16df51d4a690,no,,0,2000-01-01 01:00:00,2016-05-01 00:28:44,96000/f9a50c4ceb290c16012e00f0cd78df45.jpg,,
28807615,Электрические сети и электрооборудование жилых и общественных зданий,,,,Тульчин И.К.,1990,,,,479,479,Russian,210,ihtik,1,,,,,,,,,,,,0,,,,,,,0,5393832,djvu,B05E742D528E8595F97B92872D85E58D,2d9d58fce5703ec8d078346e1d8b2e02,no,,0,2000-01-01 01:00:00,2016-05-01 00:28:44,96000/b05e742d528e8595f97b92872d85e58d.jpg,,
28807614,Радиотехнические расчеты на программируемых микрокалькуляторах Справочник,,,,"Трохименко Я.К., Любич Ф.Д.",1988,,,,304,304,Russian,210,ihtik,1,,,,,,,,,,,,0,,,,,,,0,2975132,djvu,EAA6DF80BE34A5DB22140DD05FBDE4A9,88e231078b1f29ba6ebccffccad60f60,no,,0,2000-01-01 01:00:00,2016-05-01 00:28:44,96000/eaa6df80be34a5db22140dd05fbde4a9.jpg,,
28807613,Радиолюбительские схемы на ИС типа 555,,,,Трейстер Р.,1988,,,,263,263,Russian,256,ihtik,1,,,,,,,,,,,,0,,,,,,,0,2014784,djvu,F001B114E8D6CECA4519C95FAD4F7FB0,be85047a59d9a72f7c54cfb82e5f50e9,no,,0,2000-01-01 01:00:00,2016-05-01 00:28:44,96000/f001b114e8d6ceca4519c95fad4f7fb0.jpg,,
28807611,Полупроводниковая схемотехника,,,,Титце У.,1982,,,,512,512,Russian,210,ihtik,1,,,,,,,,,,,,0,,,,,,,0,6964516,djvu,F6D9A7120A0A1B3CE91937673C07DB84,7da9c8753a87cc4fe11c40457d489a75,no,,0,2000-01-01 01:00:00,2016-05-01 00:28:44,96000/f6d9a7120a0a1b3ce91937673c07db84.jpg,,
28807612,"Управление проектами.Стандарты,методы,опыт",,,,Товб А.С.,2003,,,,120,120,Russian,227,ihtik,1,,,,,,,,,,,,0,,,,,,,0,7290886,djvu,6E6D0C0218CC8CB24A15B269549DA168,ff7c6888619a5541b17d476f532b87aa,no,,0,2000-01-01 01:00:00,2016-05-01 00:28:44,96000/6e6d0c0218cc8cb24a15b269549da168.jpg,,
28807610,Полупроводниковая схемотехника,,,,"Титце У., Шенк К.",1982,,,,512,512,Russian,210,ihtik,1,,,,,,,,,,,,0,,,,,,,0,7355955,djvu,CFA626FAC1FCCADF86C8D594AE5A8A86,62f99614b7ebdb8abca950f6c94da21c,no,,0,2000-01-01 01:00:00,2016-05-01 00:28:44,96000/cfa626fac1fccadf86c8d594ae5a8a86.jpg,,
28807608,Современные методы индукционной плавки,,,,Тир Л.Л.,1975,,,,56,56,Russian,256,ihtik,1,,,,,,,,,,,,0,,,,,,,0,1611529,djvu,7F9088CABD207DAE77564F977E7B2695,b05494898db25cf87f61b262988ca073,no,,0,2000-01-01 01:00:00,2016-05-01 00:28:44,96000/7f9088cabd207dae77564f977e7b2695.jpg,,
28807609,Работа с коммуникационными портами (COM и LPT) в программах для Win32,,,,Титов О.,,,,,23,23,Russian,85,ihtik,1,,,,,,,,,,,,0,,,,,,,1,508351,pdf,8C855EBBCB31076A9A5E32A7AF07351C,E73AF47A5529EFBA60F94EB1994A0837,no,,0,2000-01-01 01:00:00,2016-05-01 00:28:44,96000/8c855ebbcb31076a9a5e32a7af07351c.jpg,,
28807607,400 схем для АВМ,,,,Тетельбаум И.М.,1978,,,,247,247,Russian,256,ihtik,1,,,,,,,,,,,,0,,,,,,,0,2782634,djvu,85E3D4E647D6E7DEB37FD21ED1BD89D4,3ef2859f8bbb38a544f3d097e9baa434,no,,0,2000-01-01 01:00:00,2016-05-01 00:28:44,96000/85e3d4e647d6e7deb37fd21ed1bd89d4.jpg,,
28807606,Справочник радиолюбителя,,,,Терещук Р.М.,1957,,,,508,508,Russian,256,ihtik,1,,,,,,,,,,,,0,,,,,,,0,6594713,djvu,07D6A99549B395B0184063EF0255F7F1,740422d5f079924a512ab64a54f00eca,no,,0,2000-01-01 01:00:00,2016-05-01 00:28:44,96000/07D6A99549B395B0184063EF0255F7F1-g.jpg,,
28807605,Справочник радиолюбителя,часть 2,,,Терещук Р.М.,1970,,,,679,679,Russian,256,ihtik,1,,,,,,,,,,,,0,,,,,,,0,11386393,djvu,F465AE675CADA218EFD4121E605A7D57,b14ef23bffd6528bc46b7c03e8606192,no,,0,2000-01-01 01:00:00,2016-05-01 00:28:44,96000/f465ae675cada218efd4121e605a7d57.jpg,,
28807603,Полупроводниковые приёмно-усилительные устройства.Справочник радиолюбителя,,,,Терещук Р.М.,1981,,,,672,672,Russian,256,ihtik,1,,,,,,,,,,,,0,,,,,,,0,9902069,djvu,CB432E4C665D809B0D137BCBAD2F51B2,54cf502344e87c27565e973e5dc29e45,no,,0,2000-01-01 01:00:00,2016-05-01 00:28:44,96000/cb432e4c665d809b0d137bcbad2f51b2.jpg,,
28807604,Справочник радиолюбителя,часть 1,,,Терещук Р.М.,1970,,,,695,695,Russian,256,ihtik,1,,,,,,,,,,,,0,,,,,,,0,9550601,djvu,8CE480B2D30A893756624E7802203E62,61b5b7a33c15d84411e119cffb6f82d4,no,,0,2000-01-01 01:00:00,2016-05-01 00:28:44,96000/8ce480b2d30a893756624e7802203e62.jpg,,
28807602,Малогабаритная радиоаппаратура,,,,Терещук Р.М.,1975,,,,560,560,Russian,256,ihtik,1,,,,,,,,,,,,0,,,,,,,0,7821467,djvu,1E3E1B3055CD0ACC1A405AE9802B7FB5,e7b39cddb8a83291cc077a84f9098868,no,,0,2000-01-01 01:00:00,2016-05-01 00:28:44,96000/1e3e1b3055cd0acc1a405ae9802b7fb5.jpg,,
28807601,Расчёт и проектирование тиристоров,,,,Тейлор П.,1990,,,,207,207,Russian,250,ihtik,1,,,,,,,,,,,,0,,,,,,,0,1873111,djvu,CCA737091A8EB1DE44EDC2E6A34A96E8,a40e7d0f70b2c041ee5b639b074da7c9,no,,0,2000-01-01 01:00:00,2016-05-01 00:28:44,96000/cca737091a8eb1de44edc2e6a34a96e8.jpg,,
28807600,PIC-микроконтроллеры. Практика применения,,,,Тавернье К.,2003,,,,122,122,Russian,254,ihtik,1,,,,,,,,,,,,0,,,,,,,0,2429252,djvu,C9D467D04740AB15AA4264DD1369A03F,eb00d37e9fe01bec836c0288b4244312,no,,0,2000-01-01 01:00:00,2016-05-01 00:28:44,96000/c9d467d04740ab15aa4264dd1369a03f.jpg,,
28807599,Современная теория автоматического управления и её применение,,,,Сю Д.,1972,,,,552,552,Russian,139,ihtik,1,,,,,,,,,,,,0,,,,,,,0,5772978,djvu,B85312BC7280DEC96C9BDAC3FD92D2D9,f71db15ee99c779f9ac99d48b5cf2bcd,no,,0,2000-01-01 01:00:00,2016-05-01 00:28:44,96000/b85312bc7280dec96c9bdac3fd92d2d9.jpg,,
28807598,"Проектирование печатных плат в САПР P-CAD 4.5,8.5 и ACCEL EDA",,,,Сучков Д.И.,1998,,,,575,575,Russian,210,ihtik,1,,,,,,,,,,,,0,,,,,,,0,13180235,djvu,51AF7B0041B519C4E0AD84040D5FD927,b92a7605efdf3ddc3bb8067a90e101c6,no,,0,2000-01-01 01:00:00,2016-05-01 00:28:44,96000/51af7b0041b519c4e0ad84040d5fd927.jpg,,
28807597,Амплитудная модуляция и автомодуляция транзисторных генераторов,,,,Судаков Ю.И.,1969,,,,392,392,Russian,250,ihtik,1,,,,,,,,,,,,0,,,,,,,0,3585517,djvu,29A621B415BF794FDC13FB2C8FE80972,fa4953f40cd512c844c9774a471d2de1,no,,0,2000-01-01 01:00:00,2016-05-01 00:28:44,96000/29a621b415bf794fdc13fb2c8fe80972.jpg,,
28807596,Orfeu si orfismul,,,,Reynal Sorel,1998,,Teora,,157,157,Romanian,,,0,,,,,,,,,,,,0,,,,,,,0,625707,djvu,201a4b73475eddc23538f60751020631,c3a5b5654fea4bcd93b23931ae4f2cb5,no,Reynal Sorel - Orfeu si orfismul,0,2000-01-01 01:00:00,2016-05-01 00:28:44,881000/201a4b73475eddc23538f60751020631-g.jpg,,
28807595,Техническое руководство по волоконной оптике,,,,Стерлинг Д.Д.,1998,,,,194,194,Russian,210,ihtik,1,,,,,,,,,,,,0,,,,,,,0,1949815,djvu,ADD6222C3421788FD493A4E82E1DF50A,0d5fa6d1280fc4a6ce0b621b79615218,no,,0,2000-01-01 01:00:00,2016-05-01 00:28:44,96000/add6222c3421788fd493a4e82e1df50a.jpg,,
28807593,Теория и расчёт трансформаторов,,,,Стародубцев Ю.,,,,,320,320,Russian,256,ihtik,1,,,,,,,,,,,,0,,,,,,,0,5653830,djvu,EFBA4EB953F926677D56E7AD28871700,e4689d59f5fa4f0edce98cbe84cfe87e,no,,0,2000-01-01 01:00:00,2016-05-01 00:28:44,96000/efba4eb953f926677d56e7ad28871700.jpg,,
28807594,Проeктирование цифровых устройств на однокристальных микроконтроллерах,,,,Сташин В.В.,1990,,,,114,114,Russian,254,ihtik,1,,,,,,,,,,,,0,,,,,,,0,2445322,djvu,A71CEDA0482CBA1051653C9A3D1FCEDF,359e3acbaadd62d00b9377511ada6120,no,,0,2000-01-01 01:00:00,2016-05-01 00:28:44,96000/a71ceda0482cba1051653c9a3d1fcedf.jpg,,
28807591,Аналоговые интегральные схемы,,,,Соклоф С.,1988,,,,584,584,Russian,250,ihtik,1,,,,,,,,,,,,0,,,,,,,0,5154854,djvu,C19FB8266BD1C1B55855697CA1C13B0F,ec7201e98ea28eb0fffb3dfe17064d07,no,,0,2000-01-01 01:00:00,2016-05-01 00:28:44,96000/c19fb8266bd1c1b55855697ca1c13b0f.jpg,,
28807592,Газовая сварка и резка металлов,,,,Соколов И.И.,,,,,317,317,Russian,221,ihtik,1,,,,,,,,,,,,0,,,,,,,0,4471874,djvu,04DE27ADC9D2E56B7B1522903EE27DC4,3c85ff869d747ecb8f855770726260f8,no,,0,2000-01-01 01:00:00,2016-05-01 00:28:44,96000/04de27adc9d2e56b7b1522903ee27dc4.jpg,,
28807590,Тестеры и авометры,,,,Соболевский А.Г.,1963,,,,21,21,Russian,256,ihtik,1,,,,,,,,,,,,0,,,,,,,0,692571,djvu,C69AD4C9D59C46B8ACDA2E0C7BE6C4A2,6b7b2516f3ac114769bc5b4a04e32505,no,,0,2000-01-01 01:00:00,2016-05-01 00:28:44,96000/c69ad4c9d59c46b8acda2e0c7be6c4a2.jpg,,
28807589,Конструирование силовых полупроводниковых преобразователей,,,,Славик И.,1989,,,,111,111,Russian,210,ihtik,1,,,,,,,,,,,,0,,,,,,,0,2367548,djvu,73952F0BE81427821FEF0D951FA90215,2863250fb6691da7b43b1eb30b93b18a,no,,0,2000-01-01 01:00:00,2016-05-01 00:28:44,96000/73952f0be81427821fef0d951fa90215.jpg,,
28807588,Приборы для контроля и налаживания радиолюбительской аппаратуры,,,,Скрыпник В.А.,1990,,,,128,128,Russian,256,ihtik,1,,,,,,,,,,,,0,,,,,,,0,1670919,djvu,B4842DB589281555D6D3CB2A4D52FF5C,1a73c218c5f685883e9d9d5c49d75da2,no,,0,2000-01-01 01:00:00,2016-05-01 00:28:44,96000/b4842db589281555d6d3cb2a4d52ff5c.jpg,,
28807587,Радиаторы для полупроводниковых приборов,,,,Скрипников Ю.Ф.,1973,,,,48,48,Russian,250,ihtik,1,,,,,,,,,,,,0,,,,,,,0,969254,djvu,76D9BEFDD753477C1E4EBFFB349ACEEC,44708ebd579d097a3bcada9c894b5df8,no,,0,2000-01-01 01:00:00,2016-05-01 00:28:44,96000/76d9befdd753477c1e4ebffb349aceec.jpg,,
28807585,Расчёт и исследование предохранительных и переливных клапанов,,,,Ситников А.Т.,1972,,,,128,128,Russian,210,ihtik,1,,,,,,,,,,,,0,,,,,,,0,4723064,djvu,DBAE2BC37E1FD8148AFADD452F3C6851,f46419944b025406bcf1a3c0cd02b525,no,,0,2000-01-01 01:00:00,2016-05-01 00:28:44,96000/dbae2bc37e1fd8148afadd452f3c6851.jpg,,
28807586,Цифровая связь. Теоретические основы и практическое применение,,,,Скляр А.,2003,,,,1105,1105,Russian,260,ihtik,1,,,,,,,,,,,,0,,,,,,,0,12783330,djvu,81F7C53BCC1634E9C86CE06965EE9C3A,317ebdd921af227bdb993c32cbe3a474,no,,0,2000-01-01 01:00:00,2016-05-01 00:28:44,96000/81f7c53bcc1634e9c86ce06965ee9c3a.jpg,,
28807584,Введение в цифровую звукотехнику,,,,Синклер Я.,1990,,,,79,79,Russian,210,ihtik,1,,,,,,,,,,,,0,,,,,,,0,804770,djvu,B892552A41A6E7DE782965319E348232,9b5be42be6a87574170133247951749d,no,,0,2000-01-01 01:00:00,2016-05-01 00:28:44,96000/b892552a41a6e7de782965319e348232.jpg,,
28807583,Трансформаторы бытовой радиоэлектронной аппаратуры,,,,Сидоров И.Н.,1994,,,,321,321,Russian,256,ihtik,1,,,,,,,,,,,,0,,,,,,,0,5867234,djvu,34DD9FDE45C96B773E1FA2BDE0EE4081,3748fc992a5f22f65fc621b91c8a4534,no,,0,2000-01-01 01:00:00,2016-05-01 00:28:44,96000/34dd9fde45c96b773e1fa2bde0ee4081.jpg,,
28807582,Микрофоны и телефоны. Справочник,,Массовая радиобиблиотека 1197,,Сидоров И.Н.,1993,,"Радио и связь,",,153,153,Russian,256,ihtik,1,,,,,,,,,,,,0,,,,,1,,0,3674863,djvu,9A29535073685FAA08B7718DC45D3365,3d291e6450bcf9847ce1e6284f31db66,no,,0,2000-01-01 01:00:00,2016-05-01 00:28:44,96000/9a29535073685faa08b7718dc45d3365.jpg,,
28807580,Индуктивные элементы радиоэлектронной аппаратуры,,,,Сидоров И.Н.,1992,,,,142,142,Russian,256,ihtik,1,,,,,,,,,,,,0,,,,,,,0,5053089,djvu,E8EDA0B1EFE3B0F66924B95B89DC671B,81fabade5035404a0bd53ac094d57b74,no,,0,2000-01-01 01:00:00,2016-05-01 00:28:44,96000/e8eda0b1efe3b0f66924b95b89dc671b.jpg,,
28807581,"Малогабаритные трансформаторы, и др.оссели",,,,Сидоров И.Н.,1985,,,,415,415,Russian,256,ihtik,1,,,,,,,,,,,,0,,,,,,,0,4821257,djvu,0631A4E67B50E6A996F17DDB0F4D2AFF,a69ab804a022fef75fefaf96806c1229,no,,0,2000-01-01 01:00:00,2016-05-01 00:28:44,96000/0631a4e67b50e6a996f17ddb0f4d2aff.jpg,,
28807579,Применение индукционного нагрева в машиностроении,,,,Сидоренко В.Д.,1980,,,,116,116,Russian,210,ihtik,1,,,,,,,,,,,,0,,,,,,,0,3618709,djvu,16DF7180D7C83A7AF495259DA29AD9F2,4ac7525b265994f5c3c1b3deddb6c36c,no,,0,2000-01-01 01:00:00,2016-05-01 00:28:44,96000/16df7180d7c83a7af495259da29ad9f2.jpg,,
28807578,Справочник молодого рабочего по эксплуатации электроустановок промышленных предприятий,,,,Сибикин Ю.Д.,1984,,,,135,135,Russian,210,ihtik,1,,,,,,,,,,,,0,,,,,,,0,1768275,djvu,8F9C386777777251EF2F8AFB1173484D,bf11435e8769fbd0a2e3f8b54116348a,no,,0,2000-01-01 01:00:00,2016-05-01 00:28:44,96000/8f9c386777777251ef2f8afb1173484d.jpg,,
28807577,Электрические машины,,,,Сергеев П.С.,1962,,,,280,280,Russian,210,ihtik,1,,,,,,,,,,,,0,,,,,,,0,7258764,djvu,6730A4B3111846D89510F5399F9BB0EB,c15c43d00795bfbdb1d5658a281e4e37,no,,0,2000-01-01 01:00:00,2016-05-01 00:28:44,96000/6730a4b3111846d89510f5399f9bb0eb.jpg,,
28807576,Проектирование и расчёт структурированных кабельных систем и их компонентов,,,,Семёнов А.Б.,2003,,,,415,415,Russian,210,ihtik,1,,,,,,,,,,,,0,,,,,,,0,3685819,djvu,14453ECBEBB1298A77E31CAFC5C94870,f562703d7209b157645bf76934c46c25,no,,0,2000-01-01 01:00:00,2016-05-01 00:28:44,96000/14453ecbebb1298a77e31cafc5c94870.jpg,,
28807575,Шина I2C в радиотехнических конструкциях,,,,Семёнов Б.Ю.,2002,,,,190,190,Russian,210,ihtik,1,,,,,,,,,,,,0,,,,,,,0,1524698,djvu,FA6859C5786CCF074849626D91FEA817,104b854695caf952360e2be4ee25f544,no,,0,2000-01-01 01:00:00,2016-05-01 00:28:44,96000/fa6859c5786ccf074849626d91fea817.jpg,,
28807574,Шаг за шагом. Транзисторы,,,,Рудольф Сворень,1971,,Детская литература,,181,181,Russian,250,infanata,1,,,,,,,,,,,,0,,,,,,,0,4611853,djvu,422E7F6FB1197CA9931CB9841E640874,ffa14b98d5ac3517d8d61223ab946628,no,N:\\natahaus\\2006\\2006-04\\[1144240568]Шаг за шагом. Транзисторы.-- Рудольф Сворень.djvu,0,2000-01-01 01:00:00,2016-05-01 00:28:44,96000/422e7f6fb1197ca9931cb9841e640874.jpg,,
28807573,Основы автоматизированного электропривода,,,,Свириденко П.А.,1970,,,,392,392,Russian,210,ihtik,1,,,,,,,,,,,,0,,,,,,,0,5188757,djvu,F2D196E4F87CAAC7EF3B5349FE49CA01,c64f39eadde25da9af78a795ba9fd516,no,,0,2000-01-01 01:00:00,2016-05-01 00:28:44,96000/f2d196e4f87caac7ef3b5349fe49ca01.jpg,,
28807571,Прецизионные датчики угла с печатными обмотками,,,,Сафонов Л.Н.,1977,,,,151,151,Russian,256,ihtik,1,,,,,,,,,,,,0,,,,,,,0,1453097,djvu,F3554CA18C082A7641213FD6C6936C38,f4fbc74f94c4b3aafb90c847e1def228,no,,0,2000-01-01 01:00:00,2016-05-01 00:28:44,96000/f3554ca18c082a7641213fd6c6936c38.jpg,,
28807572,"Электрические станции,подстанции и сети",,,,Свирен С.Я.,1962,,,,278,278,Russian,262,ihtik,1,,,,,,,,,,,,0,,,,,,,0,3868693,djvu,BF80315776C2E12AE0B699C9C370195A,1F0238AA98B0C9D043D9A52B86F48F0E,no,,0,2000-01-01 01:00:00,2016-05-01 00:28:44,96000/bf80315776c2e12ae0b699c9c370195a.jpg,,
28807569,Типовые сушилки со взвешенным слоем,,,,Сажин А.С.,1973,,,,37,37,Russian,256,ihtik,1,,,,,,,,,,,,0,,,,,,,0,699610,djvu,94278A600285558624F219D8944E4690,28579a60ee77ec1fa2b8c50f8f36a6da,no,,0,2000-01-01 01:00:00,2016-05-01 00:28:44,96000/94278a600285558624f219d8944e4690.jpg,,
28807570,Ремонт микроволновых печей,,,,Сапунов Г.С.,1998,,,,266,266,Russian,256,ihtik,1,,,,,,,,,,,,0,,,,,,,0,5281193,djvu,8937E269556A1B7DDA910185D2C2B4F5,110d834b19c66afc3b92c7c78121c3a8,no,,0,2000-01-01 01:00:00,2016-05-01 00:28:44,96000/8937e269556a1b7dda910185d2c2b4f5.jpg,,
28807568,Электронные часы на МОП интегральных микросхемах,,,,Бирюков С.А.,1993,,Радио и связь,,51,51,Russian,250,ihtik,1,,,,,,,,,,,,0,,,,,,,0,1580312,djvu,8506E74B2D649FBFF0C49F6948FCE456,4b3dc85d64d9069be8bd5ec6fa481c99,no,,0,2000-01-01 01:00:00,2016-05-01 00:28:44,96000/8506e74b2d649fbff0c49f6948fce456-d.jpg,,
28807567,Радиотехнические электроизоляционные материалы,,,,Рязанов К.Б.,1967,,,,32,32,Russian,210,ihtik,1,,,,,,,,,,,,0,,,,,,,0,372297,djvu,4BF4D6ECF57729A2AFC7AD1E6A288DF0,eb515f55c4078f98b69d026cb5fee66c,no,,0,2000-01-01 01:00:00,2016-05-01 00:28:44,96000/4bf4d6ecf57729a2afc7ad1e6a288df0.jpg,,
28807566,Интегральные операционные усилители.Справочное руководство,,,,Рутковски Дж.,1978,,,,325,325,Russian,,ihtik,1,,,,,,,,,,,,0,,,,,,,0,3330097,djvu,E193604CEFA6270D9BB4028E96E5F995,40234674d221b84f8bd310c825af260e,no,,0,2000-01-01 01:00:00,2016-05-01 00:28:44,96000/e193604cefa6270d9bb4028e96e5f995.jpg,,
28807565,Асинхронные электроприводы с векторным управлением,,,,Рудаков В.В.,1987,,Энергоатомиздат, Ленинград,67,67,Russian,210,infanata,1,,,,,,,,,,,,0,,,,,,,0,1560069,djvu,61AFAC52A517948085D96D0FD9E1497B,df3a97b81268e05bfd2414082763a512,no,"N:\\natahaus\\2009\\2009-05\\[1146112360]Асинхронные электроприводы с векторным управлением.-- Рудаков В.В., Столяров И.М., Дартау В.А. (Энергоатомиздат, Ленинград, 1987, 136).djvu",0,2000-01-01 01:00:00,2016-05-01 00:28:44,96000/61afac52a517948085d96d0fd9e1497b.jpg,,
28807563,Вычислительная гидродинамика,,,,Роуч П.,,,,,612,612,Russian,120,ihtik,1,,,,,,,,,,,,0,,,,,,,0,5032176,djvu,615618AF39B47E61537FCECDBD9784A6,98a5dfe4a2bd0ba41a6b29b383b342b2,no,,0,2000-01-01 01:00:00,2016-05-01 00:28:44,96000/615618af39b47e61537fcecdbd9784a6.jpg,,
28807564,Разрядные источники света.,,,,Рохлин Г.Н.,1991,,Энергоатомиздат,,720,720,Russian,256,ihtik,1,,,,,,,,,,,,0,,,,,,,0,6759329,djvu,E6CFA001AFE80E896D5FD86DA8F67456,76df78d18e5a437550c2b3c84faa8454,no,,0,2000-01-01 01:00:00,2016-05-01 00:28:44,96000/e6cfa001afe80e896d5fd86da8f67456-d.jpg,,
28807562,Антенны,,,,Ротхаммель К.,1979,,,,161,161,Russian,256,ihtik,1,,,,,,,,,,,,0,,,,,,,0,5537910,djvu,90DCB5CB9AF371008D8EE3F204FA259A,6cfebea138ff65f60dda5563b0918677,no,,0,2000-01-01 01:00:00,2016-05-01 00:28:44,96000/90dcb5cb9af371008d8ee3f204fa259a.jpg,,
28807561,Источники вторичного электропитания радиоэлектронной аппаратуры,,,,Ромаш Э.М.,1981,,,,224,224,Russian,256,ihtik,1,,,,,,,,,,,,0,,,,,,,0,2652896,djvu,CC84C12F8A57054FD1846D7D742356DE,7ee1e23afae085a899ef1d22f073b7d4,no,,0,2000-01-01 01:00:00,2016-05-01 00:28:44,96000/cc84c12f8a57054fd1846d7d742356de.jpg,,
28807560,Периодически нестационарные системы управления,,,,Розенвассер Е.Н.,1973,,,,511,511,Russian,6,ihtik,1,,,,,,,,,,,,0,,,,,,,0,3335858,djvu,4AAE6FDA457F9177DA5886A41E2750FB,0fcd9ea6bf7d6bada42aba03553a8b9e,no,,0,2000-01-01 01:00:00,2016-05-01 00:28:44,96000/4aae6fda457f9177da5886a41e2750fb.jpg,,
28807558,Основы силовой электроники,,,,Розанов Ю.К.,1992,,,,148,148,Russian,256,ihtik,1,,,,,,,,,,,,0,,,,,,,0,2919363,djvu,24BBCAB3786BBF32B0A648A218F5EC0E,fb91ad7fc9e7f73aec6c9798495901bd,no,,0,2000-01-01 01:00:00,2016-05-01 00:28:44,96000/24bbcab3786bbf32b0a648a218f5ec0e.jpg,,
28807559,Технология герметизации элементов РЭА,,,,Роздзял П.,1981,,Радио и связь,,304,304,Russian,232,ihtik,1,,,,,,,,,,,,0,,,,,,,0,5684759,djvu,59C99C338530D073FE999B7CE0CAC0C7,2dbe8c5c5b3da20bbbfa72c3d6bc0197,no,,0,2000-01-01 01:00:00,2016-05-01 00:28:44,96000/59c99c338530d073fe999b7ce0cac0c7.jpg,,
28807557,Электрические аппараты,,,,Родштейн Л.А.,1981,,,,302,302,Russian,210,ihtik,1,,,,,,,,,,,,0,,,,,,,0,5762471,djvu,13875C35BC746126FBEAB6EB7297DDBA,42934e565034ba557e7449662134f457,no,,0,2000-01-01 01:00:00,2016-05-01 00:28:44,96000/13875c35bc746126fbeab6eb7297ddba.jpg,,
28807555,Деление частоты,,,,Ризкин И.Х.,1956,,,,41,41,Russian,256,ihtik,1,,,,,,,,,,,,0,,,,,,,0,650157,djvu,B4513AFD201CF5E99C71BD711861B466,4246a5678107f0ac7a534afddeae8c19,no,,0,2000-01-01 01:00:00,2016-05-01 00:28:44,96000/b4513afd201cf5e99c71bd711861b466.jpg,,
28807556,Ремонт мониторов,,,,Родин А.В.,1997,,,,284,284,Russian,256,ihtik,1,,,,,,,,,,,,0,,,,,,,0,4973643,djvu,77EC90FDABAB83FEE9765164F9E0C340,fabec3fa57866201cae276fe8fae4d89,no,,0,2000-01-01 01:00:00,2016-05-01 00:28:44,96000/77ec90fdabab83fee9765164f9e0c340.jpg,,
28807554,Расчёт и конструирование конденсаторов,,,,Ренне В.Т.,1966,,,,325,325,Russian,210,ihtik,1,,,,,,,,,,,,0,,,,,,,0,3283355,djvu,A72A98F127791E52ECA750B977136F92,93d2f408d629b9fb7827b6cd1ee7c97c,no,,0,2000-01-01 01:00:00,2016-05-01 00:28:44,96000/a72a98f127791e52eca750b977136f92.jpg,,
28807553,Транзисторы.Физическме основы и свойства,,,,Рейнгольд П.,1973,,,,248,248,Russian,250,ihtik,1,,,,,,,,,,,,0,,,,,,,0,8682030,djvu,7F3DA06DD64196A2360B8652133A94FB,f43e92e4d05402504715f7d75d36b7bd,no,,0,2000-01-01 01:00:00,2016-05-01 00:28:44,96000/7f3da06dd64196a2360b8652133a94fb.jpg,,
28807551,Электроприводы с распределенными параметрами механических элементов,,,,Рассудов Л.Н.,1987,,,,72,72,Russian,210,ihtik,1,,,,,,,,,,,,0,,,,,,,0,1915493,djvu,390D91BB9F152E0F2FA45590A2DB07AB,55cd94e865f94a3208e5e3e603cc9078,no,,0,2000-01-01 01:00:00,2016-05-01 00:28:44,96000/390d91bb9f152e0f2fa45590a2db07ab.jpg,,
28807552,Вопросы любительского высококачественного звуковоспроизведения,,,,Рачев Д.,1982,,,,184,184,Russian,256,ihtik,1,,,,,,,,,,,,0,,,,,,,0,2468157,djvu,759342AE4818CA0A5ED8D264A8A66B38,1e6c973169523b7e8b82cdd0202d0dc3,no,,0,2000-01-01 01:00:00,2016-05-01 00:28:44,96000/759342ae4818ca0a5ed8d264a8a66b38.jpg,,
28807550,Схемотехническое моделирование с помощью Micro-Cap 7,,,,Разевиг В.Д.,2003,,,,184,184,Russian,210,ihtik,1,,,,,,,,,,,,0,,,,,,,0,5249823,djvu,F8D86743A7ED379DF7CD25328DA5B533,93cf745b954637dbe99e3b8b1b0ca4f4,no,,0,2000-01-01 01:00:00,2016-05-01 00:28:44,96000/f8d86743a7ed379df7cd25328da5b533.jpg,,
28807549,Электрические машины Асинхрон. машины: [Учеб. для электромех. спец. вузов],,Учеб. для электромех. спец. вузов,,Радин В.И.,1988,,Высш. шк,М,165,165,Russian,210,infanata,1,5-06-001285-9,,,,,,,,,,,0,,,,,,,0,2630201,djvu,524F33E8F2D0243687E15E9C9494A763,8e38836f4528472a4c2e3bcaeeefe05e,no,N:\\natahaus\\2007\\2007-10\\2007 10 11\\Радин В.И. - Электрические машины. Асинхронные машины 1988.djvu,0,2000-01-01 01:00:00,2016-05-01 00:28:44,96000/524f33e8f2d0243687e15e9c9494a763.jpg,,5060012859
28807547,Проектирование дискретных устройств на интегральных микросхемах,,,,Пухальский Г.И.,1990,,,,304,304,Russian,210,ihtik,1,,,,,,,,,,,,0,,,,,,,0,3864755,djvu,D9BA24C8F50323A8F4A09D9194862708,0b269f976e29f5166cc776cd5229113b,no,,0,2000-01-01 01:00:00,2016-05-01 00:28:44,96000/d9ba24c8f50323a8f4a09d9194862708.jpg,,
28807548,Справочник конструктора РЭА.Общие принципы конструирования,,,,Варламов Р.Г.,1980,,,,477,477,Russian,210,ihtik,1,,,,,,,,,,,,0,,,,,,,0,8502297,djvu,858D144EFCF02EE65A4C1FBF744D2983,70869f81cffdb7d1d0a4c8726a05154b,no,,0,2000-01-01 01:00:00,2016-05-01 00:28:44,96000/858d144efcf02ee65a4c1fbf744d2983.jpg,,
28807546,Стохастические дифференциальные системы.Анализ и фильтрация,,,,Пугачев В.С.,,,,,630,630,Russian,256,ihtik,1,,,,,,,,,,,,0,,,,,,,0,6307596,djvu,AC53CE5896D1E95A2CD1A12D501D607E,b7dfa182b99769fe59689a1e2176b64a,no,,0,2000-01-01 01:00:00,2016-05-01 00:28:44,96000/ac53ce5896d1e95a2cd1a12d501d607e.jpg,,
28807545,Сборник задач по линейной алгебре,,,,Проскуряков И.В.,1966,3,,,384,384,Russian,113,ihtik,1,,,,,,,,,,,,0,,,,,,,0,8163642,djvu,7B931D73FC0A54381BF6FA2C15F30759,f405ddb9cb3b83a0f6a9c81a5fa9423f,no,,0,2000-01-01 01:00:00,2016-05-01 00:28:44,96000/7b931d73fc0a54381bf6fa2c15f30759.jpg,,
28807543,Справочник по PIC-микроконтроллерам,,,,Предко М.,2002,,,,492,492,Russian,254,ihtik,1,,,,,,,,,,,,0,,,,,,,0,4078299,djvu,461E54EB54203D466F2D698936F22BCD,668e5d1998338be09f625ffe45f02e3c,no,,0,2000-01-01 01:00:00,2016-05-01 00:28:44,96000/461e54eb54203d466f2d698936f22bcd.jpg,,
28807544,Цифровая связь,,,,Прокис Дж.,2000,,,,798,798,Russian,260,ihtik,1,,,,,,,,,,,,0,,,,,,,0,33064707,djvu,6DCAB6D853C9A9187F71E911C3FD31E8,f6973bad16de780579bd179ab3329bc4,no,,0,2000-01-01 01:00:00,2016-05-01 00:28:44,96000/6dcab6d853c9a9187f71e911c3fd31e8.jpg,,
28807542,Система проектирования печатных плат Protel,,,,Потапов Ю.В.,2003,,,,704,704,Russian,210,ihtik,1,,,,,,,,,,,,0,,,,,,,0,12951728,djvu,B7458FAB40A19531097AF159DD9F1002,33dd73a712d08d22333040bd55ef402b,no,,0,2000-01-01 01:00:00,2016-05-01 00:28:44,96000/b7458fab40a19531097af159dd9f1002.jpg,,
28807541,Измерение среднеквадратического значения напряжения,,,,Попов В.С.,1987,,,,120,120,Russian,256,ihtik,1,,,,,,,,,,,,0,,,,,,,0,1405232,djvu,5AED24FB8BEECDD8D64ADFF0E708DBB3,8bc9db373af021d294d93abd26c7f271,no,,0,2000-01-01 01:00:00,2016-05-01 00:28:44,96000/5aed24fb8beecdd8d64adff0e708dbb3.jpg,,
28807540,Основы теории цепей,,,,Попов В.П.,1985,,,,496,496,Russian,256,ihtik,1,,,,,,,,,,,,0,,,,,,,0,4028595,djvu,9366F65AE9DF855465E1CD49EA8365AB,c9c590fd34e774d91191aa8a16e07e15,no,,0,2000-01-01 01:00:00,2016-05-01 00:28:44,96000/9366f65ae9df855465e1cd49ea8365ab.jpg,,
28807538,Конструирование электромагнитных экранов для радиоэлектронной аппаратуры,,,,Полонский Н.Б.,1979,,,,216,216,Russian,287,ihtik,1,,,,,,,,,,,,0,,,,,,,0,2310786,djvu,90C49FC8A1307A7BFAA64C94137D0D78,df959b24b6739c8efb170968f98a0117,no,,0,2000-01-01 01:00:00,2016-05-01 00:28:44,96000/90c49fc8a1307a7bfaa64c94137d0d78.jpg,,
28807539,Радиолюбителям о технике прямого преобразования,,,,Поляков В.Т.,1990,,,,263,263,Russian,210,ihtik,1,,,,,,,,,,,,0,,,,,,,0,2536705,djvu,50B5D196C59116B82184634F731809F8,6fcf3c195c5db2d6670bb05d47810d53,no,,0,2000-01-01 01:00:00,2016-05-01 00:28:44,96000/50b5d196c59116b82184634f731809f8.jpg,,
28807537,Однотактные преобразователи напряжения в устройствах электропитания РЭА,,,,Поликарпов А.Г.,1989,,,,159,159,Russian,256,ihtik,1,,,,,,,,,,,,0,,,,,,,0,1457812,djvu,9ED274CC8590729268ABFC202C8B1B70,e24e79b3f9126ceca45ee2a1ec7d6f79,no,,0,2000-01-01 01:00:00,2016-05-01 00:28:44,96000/9ed274cc8590729268abfc202c8b1b70.jpg,,
28807536,Обработка инструментальных материалов,,,,Полевой С.Н.,1988,,,,89,89,Russian,256,ihtik,1,,,,,,,,,,,,0,,,,,,,0,3080288,djvu,9623E729A8BA0DAE0D6C90FBFD5C617F,6bc99da05f7b3e26c322a36163d20c37,no,,0,2000-01-01 01:00:00,2016-05-01 00:28:44,96000/9623e729a8ba0dae0d6c90fbfd5c617f.jpg,,
28807535,Радиолюбительские приборы и измерения,,,,Пилтакян А.М.,1989,,,,97,97,Russian,256,ihtik,1,,,,,,,,,,,,0,,,,,,,0,1615512,djvu,E8953CEF486BD1C78C876F3FD5B92D6F,b82b94cb0c63b389e5e8bd3736da2b6c,no,,0,2000-01-01 01:00:00,2016-05-01 00:28:44,96000/e8953cef486bd1c78c876f3fd5b92d6f.jpg,,
28807534,Домашний электрик и не только.,,,,Пестриков В.М.,,,,,219,219,Russian,41,ihtik,1,,,,,,,,,,,,0,,,,,,,0,2352976,djvu,4883BAE82F4D1FDBC6E2665838292F06,1784c2682eb155c78e931a61184582e6,no,,0,2000-01-01 01:00:00,2016-05-01 00:28:44,96000/4883bae82f4d1fdbc6e2665838292f06.jpg,,
28807533,Электромонтёр-обмотчик и изолировщик по ремонту электрических машин и трансформаторов,,,,Перельмутер Н.М.,1984,,,,327,327,Russian,210,ihtik,1,,,,,,,,,,,,0,,,,,,,0,4630483,djvu,1D14BC87DA1CC000CDBAABE62DB58F74,0e57cc1591b9c266fa47ab393774da6d,no,,0,2000-01-01 01:00:00,2016-05-01 00:28:44,96000/1d14bc87da1cc000cdbaabe62db58f74.jpg,,
28807531,Методика расчета дросселей входного и выходного фильтров сварочных ИИП,,,,Пентегов И.В.,,,,,6,6,Russian,232,ihtik,1,,,,,,,,,,,,0,,,,,,,0,195753,djvu,8A5EEBA11B57BD0F98CF15A6824F371F,114ac37d3f1f0ce9ce33b9b159d4b176,no,,0,2000-01-01 01:00:00,2016-05-01 00:28:44,96000/8a5eeba11b57bd0f98cf15a6824f371f.jpg,,
28807532,Системы управления тиристорными электроприводами постоянного тока,,,,Перельмутер В.М.,1988,,,,303,303,Russian,210,ihtik,1,,,,,,,,,,,,0,,,,,,,0,3827107,djvu,52286AD2CD32A392BE26FB4411B4E18E,1072c04090dcad1cde074c021f5c6e86,no,,0,2000-01-01 01:00:00,2016-05-01 00:28:44,96000/52286ad2cd32a392be26fb4411b4e18e.jpg,,
28807530,Численное решение задач теплопроводности и конвективного теплообмена при течении в каналах,,,,Патанкар С.В.,2003,,,,311,311,Russian,113,ihtik,1,,,,,,,,,,,,0,,,,,,,0,1882238,djvu,D6623E999FA13287B1EB81787C32477B,b76e6f084951c6b3e71ea89bdcaa2391,no,,0,2000-01-01 01:00:00,2016-05-01 00:28:44,96000/d6623e999fa13287b1eb81787c32477b.jpg,,
28807529,Осциллографические электронно-лучевые трубки,,,,Пароль Н.В.,1990,,,,96,96,Russian,256,ihtik,1,,,,,,,,,,,,0,,,,,,,0,1131990,djvu,761F23F5F1215A64B8473EA20B4E4F38,75106e3863adc8ac6f470028c907e57c,no,,0,2000-01-01 01:00:00,2016-05-01 00:28:44,96000/761f23f5f1215a64b8473ea20b4e4f38.jpg,,
28807528,Кинескопы. Справочние пособие,,,,Пароль Н.В.,1984,,,,64,64,Russian,250,ihtik,1,,,,,,,,,,,,0,,,,,,,0,795231,djvu,2A6B482229936668BA6238ACD6F71841,0a2bd456bd713c4e0e693e60f4a5aa56,no,,0,2000-01-01 01:00:00,2016-05-01 00:28:44,96000/2a6b482229936668ba6238acd6f71841.jpg,,
28807527,Усилители киноустановок,,,,Панфилов Н.Д.,1968,,,,232,232,Russian,256,ihtik,1,,,,,,,,,,,,0,,,,,1,,0,3264195,djvu,FD1B279D99FED53B36240C4F0958BBCE,7b5921163c34e17e30edfbb980576f01,no,,0,2000-01-01 01:00:00,2016-05-01 00:28:44,96000/fd1b279d99fed53b36240c4f0958bbce.jpg,,
28807525,Монтаж и ремонт кабельных линий,,,,Пантелеев Е.Г.,1990,,,,285,285,Russian,261,ihtik,1,,,,,,,,,,,,0,,,,,,,0,3914690,djvu,9A582F26AB844B4BB7CD4A3F40A37A23,d5ad198e5c250792453eedf087026317,no,,0,2000-01-01 01:00:00,2016-05-01 00:28:44,96000/9a582f26ab844b4bb7cd4a3f40a37a23.jpg,,
28807526,Цифровая связь.Справочник,,,,Панфилов И.П.,1992,,,,228,228,Russian,260,ihtik,1,,,,,,,,,,,,0,,,,,,,0,2531243,djvu,1FB95535030B7663F45199B593B983E1,ab7f731597959327c43de596a937bdc3,no,,0,2000-01-01 01:00:00,2016-05-01 00:28:44,96000/1fb95535030b7663f45199b593b983e1.jpg,,
28807524,Проектирование и производство электролитических преобразователей угла,,,,Павловский М.А.,1983,,,,30,30,Russian,210,ihtik,1,,,,,,,,,,,,0,,,,,,,0,1291502,djvu,AB8DE8B75F09C38ECF97F7EDA0EB51C9,e29b44130d7965b4a231387e0dc0bbee,no,,0,2000-01-01 01:00:00,2016-05-01 00:28:44,96000/ab8de8b75f09c38ecf97f7eda0eb51c9.jpg,,
28807523,Полупроводниковые преобразователи в автономном электроприводе постооянного тока,,,,Павлов В.Б.,1987,,,,137,137,Russian,210,ihtik,1,,,,,,,,,,,,0,,,,,,,0,3386994,djvu,4EDBDF98DF698CC47D29B481B122CDE1,0a50f21c7708c9ac6a6cf4d42bf67089,no,,0,2000-01-01 01:00:00,2016-05-01 00:28:44,96000/4edbdf98df698cc47d29b481b122cde1.jpg,,
28807521,Несущие конструкции радиоэлектронной аппаратуры,,,,Овсищер П.И.,1988,,,,231,231,Russian,256,ihtik,1,,,,,,,,,,,,0,,,,,,,0,4410576,djvu,BEA2D0A3E86003020EA1E4AE567E9CA0,00478e559681b6440e2e1ae6c4bca7e7,no,,0,2000-01-01 01:00:00,2016-05-01 00:28:44,96000/bea2d0a3e86003020ea1e4ae567e9ca0.jpg,,
28807522,Синхронный приём,,,,Павлов А.А.,1977,,,,78,78,Russian,256,ihtik,1,,,,,,,,,,,,0,,,,,,,0,801806,djvu,ECB0D23FD70F19BE1031D88A53A7783C,04e9249ef970bb87ad35f09ec2c271ad,no,,0,2000-01-01 01:00:00,2016-05-01 00:28:44,96000/ecb0d23fd70f19be1031d88a53a7783c.jpg,,
28807520,Электрические измерения неэлектрических величин,,,,Новицкий П.В.,1975,,,,576,576,Russian,256,ihtik,1,,,,,,,,,,,,0,,,,,,,0,6058454,djvu,2E60CF46159D200AE61D6025082249A1,4e07c2a11ca0ef58e2e4656c8d4fc999,no,,0,2000-01-01 01:00:00,2016-05-01 00:28:44,96000/2e60cf46159d200ae61d6025082249a1.jpg,,
28807519,Теоретические основы электротехники,том 1,,,Ионкин П.А.,1976,,,,544,544,Russian,210,ihtik,1,,,,,,,,,,,,0,,,,,,,0,8559929,djvu,6EA81D321F85183754EFE8887898339A,ad0ec8ff3ff5ad737b5758f058af3b59,no,,0,2000-01-01 01:00:00,2016-05-01 00:28:44,96000/6ea81d321f85183754efe8887898339a.jpg,,
28807517,Аналоговые полупроводниковые интегральные микросхемы,,,,Остапенко Г.С.,1981,,,,278,278,Russian,250,ihtik,1,,,,,,,,,,,,0,,,,,,,0,3334795,djvu,9D7DE740749680E97625D1E8E070803A,36b6d650172e3fc1ff0e4be442dc0dd9,no,,0,2000-01-01 01:00:00,2016-05-01 00:28:44,96000/9d7de740749680e97625d1e8e070803a.jpg,,
28807518,Сложный теплообмен,,,,Оцисик М.Н.,1976,,,,305,305,Russian,242,ihtik,1,,,,,,,,,,,,0,,,,,,,0,4343808,djvu,DEC98219343CD38D37F81C56F1AB5E61,7daffb6eafbf90374388d68ce659040d,no,,0,2000-01-01 01:00:00,2016-05-01 00:28:44,96000/dec98219343cd38d37f81c56f1ab5e61.jpg,,
28807516,Применение операционных усилителей в радиолюбительских конструкциях,,,,Орлов В.В.,1990,,,,27,27,Russian,256,ihtik,1,,,,,,,,,,,,0,,,,,,,0,674521,djvu,2BD4C61A9B9585217CDF6397537EF464,16dbc95a0eb4d0ba5fc4385d9f1b0a27,no,,0,2000-01-01 01:00:00,2016-05-01 00:28:44,96000/2bd4c61a9b9585217cdf6397537ef464.jpg,,
28807515,Цифровые системы автоматизации и управления,,,,Олссон Г.,2001,,,,273,273,Russian,6,ihtik,1,,,,,,,,,,,,0,,,,,,,0,5444959,djvu,41E4737B89270E3ED41B24B4B68EE3A9,3a2e3e8f65590374dc388b54632d5dc9,no,,0,2000-01-01 01:00:00,2016-05-01 00:28:44,96000/41e4737b89270e3ed41b24b4b68ee3a9.jpg,,
28807514,Приборы и методы температурных измерений,,,,Олейник А.М.,1987,,,,296,296,Russian,256,ihtik,1,,,,,,,,,,,,0,,,,,,,0,2775345,djvu,3A63867CC72088350701FCCF2B1E730B,a178de7b8269b38dfa3388a5b12ce0ea,no,,0,2000-01-01 01:00:00,2016-05-01 00:28:44,96000/3a63867cc72088350701fccf2b1e730b.jpg,,
28807512,Firewalls. Практическое применение межсетевых экранов,,,,Терри Оглтри,2001,,ДМК Пресс,,389,389,Russian,99,ihtik,1,5-94074-037-5,,,,,,,,,,,0,,,,,,,0,5776619,djvu,8D8F88A3F345392FFCFABE886B947B74,f537944838f28db3983785febd64cf15,no,,0,2000-01-01 01:00:00,2016-05-01 00:28:44,96000/8d8f88a3f345392ffcfabe886b947b74.jpg,,5940740375
28807513,Мощные полевые транзисторы и их применение,,,,Окснер Э.С.,1985,,,,284,284,Russian,250,ihtik,1,,,,,,,,,,,,0,,,,,,,0,2985587,djvu,FA2955DF0AE28EBB0B72A782D2F0A634,df50e535dbd5c244183cd434e45b3be5,no,,0,2000-01-01 01:00:00,2016-05-01 00:28:44,96000/fa2955df0ae28ebb0b72a782d2f0a634.jpg,,
28807511,Firewalls.Практическое применение межсетевых экранов,,,,Оглтри Т.В.,2001,,,,389,389,Russian,256,ihtik,1,,,,,,,,,,,,0,,,,,,,0,5776591,djvu,572E1633DDD5AE0BD78B3E87C96AC1DC,d79423c4e685294e4d77f18f3193f2ee,no,,0,2000-01-01 01:00:00,2016-05-01 00:28:44,96000/572e1633ddd5ae0bd78b3e87c96ac1dc.jpg,,
28807510,Автоматическое повторное включение,,,,Овчинников В.В.,1986,,,,49,49,Russian,256,ihtik,1,,,,,,,,,,,,0,,,,,,,0,756058,djvu,FBAAE2B13285E643EDFBB1491357FC46,79720f19d4ebd1b982e4efec93fc18bc,no,,0,2000-01-01 01:00:00,2016-05-01 00:28:44,96000/fbaae2b13285e643edfbb1491357fc46.jpg,,
28807508,Справочник по расчёту режимов работы электрических конденсаторов,,,,Мезенин О.Л.,1987,,,,168,168,Russian,,ihtik,1,,,,,,,,,,,,0,,,,,,,0,2455975,djvu,946F912A27866D8C08F365672B498FED,2af638f527e015d28239572ba3d3b426,no,,0,2000-01-01 01:00:00,2016-05-01 00:28:44,96000/946f912a27866d8c08f365672b498fed.jpg,,
28807509,Диоды. Справочник,,,,Григорьев О.П.,1990,,,,169,169,Russian,,ihtik,1,,,,,,,,,,,,0,,,,,,,0,3133736,djvu,0F436DA56C1438218A8A3D3122CDA782,9d63c2c812d7cc7f084ea3cd99ae3af8,no,,0,2000-01-01 01:00:00,2016-05-01 00:28:44,96000/0f436da56c1438218a8a3d3122cda782.jpg,,
28807507,Оптроны и их применение,,,,Носов Ю.Р.,1981,,,,139,139,Russian,256,ihtik,1,,,,,,,,,,,,0,,,,,,,0,3114219,djvu,D98C467727E77011BF601001765513B5,de4bc658c8ed1b667e1f29fd8ba3577d,no,,0,2000-01-01 01:00:00,2016-05-01 00:28:44,96000/d98c467727e77011bf601001765513b5.jpg,,
28807506,"Проверка,регулировка,настройка контакторов переменного тока",,,,Новодворец Л.А.,1979,,,,48,48,Russian,256,ihtik,1,,,,,,,,,,,,0,,,,,,,0,1346864,djvu,5CA02C294654AC0E53E2C6353EB9190C,c8aa5b329cd01b45c82acdec4edce639,no,,0,2000-01-01 01:00:00,2016-05-01 00:28:44,96000/5ca02c294654ac0e53e2c6353eb9190c.jpg,,
28807504,Микросхемы для бытовой радиоаппаратуры.Дополнение первое,,,,Новаченко И.В.,1990,,,,176,176,Russian,250,ihtik,1,,,,,,,,,,,,0,,,,,,,0,3298982,djvu,9082FFC2D7C5242FA9AF59FB95F54F9F,7074cfb1cb56ef3478425e0ad26bd490,no,,0,2000-01-01 01:00:00,2016-05-01 00:28:44,96000/9082ffc2d7c5242fa9af59fb95f54f9f.jpg,,
28807505,Влагостойкость радиоэлектронной аппаратуры,,,,Новиков М.И.,1981,,,,81,81,Russian,256,ihtik,1,,,,,,,,,,,,0,,,,,,,0,1612526,djvu,D9FC81045F69AA3ABE4E2CC56275B695,981907a94e6d21bff670653fe54aa909,no,,0,2000-01-01 01:00:00,2016-05-01 00:28:44,96000/d9fc81045f69aa3abe4e2cc56275b695.jpg,,
28807503,Микросхемы для бытовой радиоаппаратуры.Дополнение второе,,,,Новаченко И.В.,1991,,,,273,273,Russian,250,ihtik,1,,,,,,,,,,,,0,,,,,,,0,3183880,djvu,A77F97DE51A983C346C1AE0FCDF88C3E,157adf77e9a4ac210c390584e191ae12,no,,0,2000-01-01 01:00:00,2016-05-01 00:28:44,96000/a77f97de51a983c346c1ae0fcdf88c3e.jpg,,
28807502,Сварные конструкции. Прочность сварных соединений и деформация конструкций,,,,Николаев Г.А.,1982,,,,272,272,Russian,256,ihtik,1,,,,,,,,,,,,0,,,,,,,0,3455389,djvu,1D1ABFFD365EF0E18E93BCC96D050FA7,e40e3ecfc99e7ae6b50a89bbf6e2ee3d,no,,0,2000-01-01 01:00:00,2016-05-01 00:28:44,96000/1d1abffd365ef0e18e93bcc96d050fa7.jpg,,
28807501,Logica polivalenta,,,,Anton Dumitriu,1971,,Editura enciclopedică română,,409,409,Romanian,,,0,,,,,,,,,,,,0,,,,,,,0,2691261,djvu,f176ce95d091a3a440f2879156832f8a,eb139a55dbf758316f34b70f50261595,no,Anton Dumitriu - Logica polivalenta,0,2000-01-01 01:00:00,2016-05-01 00:28:44,881000/f176ce95d091a3a440f2879156832f8a-g.jpg,,
28807500,Отечественные полупроводниковые приборы и их зарубежные аналоги,,,,Нефедов А.В.,1990,,,,201,201,Russian,250,ihtik,1,,,,,,,,,,,,0,,,,,,,0,3221256,djvu,ED3604A8BBF69A208E94DAA3D70F933C,19bd22c1e5570ec8692e517d33f38c2f,no,,0,2000-01-01 01:00:00,2016-05-01 00:28:44,96000/ed3604a8bbf69a208e94daa3d70f933c.jpg,,
28807498,"Цвет, код, символика электронных компонентов",,,,Нестеренко И.И.,2004,,Солон-Р,Москва,237,237,Russian,256,ihtik,1,5-98003-071-9,,,,,,,,,,,0,,,,,,,0,8026853,djvu,55A008EFBDD400AECE1F94D0404673FD,6608e7950fb273babe3db67ed7124b50,no,,0,2000-01-01 01:00:00,2016-05-01 00:28:44,96000/55a008efbdd400aece1f94d0404673fd.jpg,,5980030719
28807499,Отечественные полупроводниковые приборы и их зарубежные аналоги,,,,Нефёдов А.В.,1985,2,Радио и связь,Москва,288,288,Russian,250,ihtik,1,,,,621.3825.3(031),32.852,,,,,,,0,,,,,,,0,3030717,djvu,3448B59D1A01091915D9560B07A13FD2,a1c137abe4ad690a4c62a99c5e646294,no,,0,2000-01-01 01:00:00,2016-05-01 00:28:44,96000/3448b59d1a01091915d9560b07a13fd2.jpg,,
28807497,Интегральные операционные усилители: Справочное пособие по применению,,,,Нестеренко Б.К.,1982,,Энергоиздат,,63,63,Russian,,ihtik,1,,,,,,,,,,,,0,,,,,,,0,1709194,djvu,04F099C466FB4538228C5430D466B782,51e960be2ff854e4563fff8d22ba8c2a,no,,0,2000-01-01 01:00:00,2016-05-01 00:28:44,96000/04f099c466fb4538228c5430d466b782-d.jpg,,
28807496,Чудо-оружие Третьего рейха,,,,Ненахов Ю.Ю.,1999,,,,310,310,Russian,67,ihtik,1,,,,,,,,,,,,0,,,,,,,0,5487963,djvu,9762DE0E6E4438FDD6801C58D8B70B34,0eaed06a2d47794fa2d8b36902c8cc7c,no,,0,2000-01-01 01:00:00,2016-05-01 00:28:44,96000/9762de0e6e4438fdd6801c58d8b70b34.jpg,,
28807494,Теорема Гёделя,,,,Нагель Э.,1970,,,,62,62,Russian,256,ihtik,1,,,,,,,,,,,,0,,,,,,,0,1393269,djvu,2BD21D5513143804B51173B6D3FF4FF1,6830867146049c4d8196592419751077,no,,0,2000-01-01 01:00:00,2016-05-01 00:28:44,96000/2bd21d5513143804b51173b6d3ff4ff1.jpg,,
28807495,Справочник по расчёту параметров катушек индуктивности,,,,Немцов М.В.,1981,,,,137,137,Russian,250,ihtik,1,,,,,,,,,,,,0,,,,,,,0,1611507,djvu,DE3AED9397581F319C0A664F90AB8EB0,a5f27c854bf57a096c8ee50904930ea3,no,,0,2000-01-01 01:00:00,2016-05-01 00:28:44,96000/de3aed9397581f319c0a664f90ab8eb0.jpg,,
28807493,Измерение электрических и неэлектрических величин,,,,Евтихеев Н.Н.,1990,,,,349,349,Russian,256,ihtik,1,,,,,,,,,,,,0,,,,,,,0,3405900,djvu,F164332B7841D342453379FD0611A471,4f48c659defcb89dc2e8c6cee131ec47,no,,0,2000-01-01 01:00:00,2016-05-01 00:28:44,96000/f164332b7841d342453379fd0611a471.jpg,,
28807492,Полупроводниковые приборы.Транзисторы,,,,Горюнова Н.Н.,1985,,,,905,905,Russian,250,ihtik,1,,,,,,,,,,,,0,,,,,,,0,7031307,djvu,0DCDEFDD63433B24BF6D22887E2B21A0,7da46f2193924ad1c740ec7e361be16d,no,,0,2000-01-01 01:00:00,2016-05-01 00:28:44,96000/0dcdefdd63433b24bf6d22887e2b21a0.jpg,,
28807491,Полупроводниковые приборы: транзисторы,,,,Горюнов Н.Н.,1985,,Энергоатомиздат,,904,904,Russian,250,ihtik,1,,,,,,,,,,,,0,,,,,,,0,6823935,djvu,A7A1C5D6AC881CAB5AAD6D79C91241F3,975d1601b96208ad559542f39509f95e,no,,0,2000-01-01 01:00:00,2016-05-01 00:28:44,96000/a7a1c5d6ac881cab5aad6d79c91241f3-d.jpg,,
28807489,Справочная книга радиолюбителя-конструктора,книга 2,,,Чистяков Н.И.,1993,,,,336,336,Russian,256,ihtik,1,,,,,,,,,,,,0,,,,,,,0,5900047,djvu,311550B22BD249E95A6E1BA078AA7669,2a3c7fd9b4082b729cc6406d32280dd0,no,,0,2000-01-01 01:00:00,2016-05-01 00:28:44,96000/311550b22bd249e95a6e1ba078aa7669.jpg,,
28807490,Каталог по применению полевых транзисторов,,,,Тугов Н.М.,1992,,,,148,148,Russian,250,ihtik,1,,,,,,,,,,,,0,,,,,,,0,3947815,djvu,3775924ADD4DA5FD3AFB876833BC2EB9,08937356463556ae727ffc67e163a134,no,,0,2000-01-01 01:00:00,2016-05-01 00:28:44,96000/3775924add4da5fd3afb876833bc2eb9.jpg,,
28807488,Справочная книга радиолюбителя-конструктора,,,,Чистяков Н.И.,1990,,,,624,624,Russian,256,ihtik,1,,,,,,,,,,,,0,,,,,,,0,9237622,djvu,E07827303159E33EEDDF189267301CF7,46dc6dfb922e18212b1e0fd476ac9977,no,,0,2000-01-01 01:00:00,2016-05-01 00:28:44,96000/e07827303159e33eeddf189267301cf7.jpg,,
28807486,Интерфейсы систем обработки данных,,,,Мячев А.А.,1989,,,,203,203,Russian,76,ihtik,1,,,,,,,,,,,,0,,,,,,,0,6595064,djvu,192F6BE4646B8D3B9E17A0AB4A8205C6,0910642189c5ea82e2b5b7b2a5beb009,no,,0,2000-01-01 01:00:00,2016-05-01 00:28:44,96000/192f6be4646b8d3b9e17a0ab4a8205c6.jpg,,
28807487,180 аналоговых микросхем,,,,Мячин Ю.А.,1993,,,,77,77,Russian,250,ihtik,1,,,,,,,,,,,,0,,,,,,,0,1261512,djvu,E93932502661269750CC917C897B2642,105082dcdcf9e0b5f751d72b151a07b8,no,,0,2000-01-01 01:00:00,2016-05-01 00:28:44,96000/e93932502661269750cc917c897b2642.jpg,,
28807484,Светоизлучающие диоды и их применение,,,,Мухитдинов М.,1988,,,,78,78,Russian,250,ihtik,1,,,,,,,,,,,,0,,,,,,,0,898528,djvu,85D32FBADBAD4DF90EC5DD7662255609,1dd03ae9946e0b4b2348165703dd7562,no,,0,2000-01-01 01:00:00,2016-05-01 00:28:44,96000/85d32fbadbad4df90ec5dd7662255609.jpg,,
28807485,Терморезисторы,,,,Мэклин Э.Д.,1983,,,,206,206,Russian,250,ihtik,1,,,,,,,,,,,,0,,,,,,,0,2443755,djvu,AFAEA785F7BD7FD5CC8DA42782DF9112,e308267dd2b842f5215814f1be1af959,no,,0,2000-01-01 01:00:00,2016-05-01 00:28:44,96000/afaea785f7bd7fd5cc8da42782df9112.jpg,,
28807483,Основы помехоустойчивой телепередачи информации,,,,Муттер В.М.,1990,,,,286,286,Russian,69,ihtik,1,,,,,,,,,,,,0,,,,,,,0,2338432,djvu,266F5541A91F6C3FF4FD5337F1A4466B,68979badcaa7b10fdc7e8f633c8dc482,no,,0,2000-01-01 01:00:00,2016-05-01 00:28:44,96000/266f5541a91f6c3ff4fd5337f1a4466b.jpg,,
28807482,Маркировка и обозначение радиоэлементов: Справочник,,Массовая радиобиблиотека 1240,,"Мукосеев В.В., Сидоров И.Н.",2001,,Горячая Линия - Телеком Дата,Москва,347,347,Russian,256,ihtik,1,,,,,,,,,,,,0,,,,,,,0,3255836,djvu,23FCE99BB84EC9C5C3B0BC86C7AF2113,72039681683f18cf84a4b18e402bca04,no,,0,2000-01-01 01:00:00,2016-05-01 00:28:44,96000/23fce99bb84ec9c5c3b0bc86c7af2113.jpg,,
28807480,"Электротехника,электроника и импульсная техника",,,,Морозов А.Г.,1987,,,,448,448,Russian,210,ihtik,1,,,,,,,,,,,,0,,,,,,,0,5433014,djvu,61EA1544EF44F5C974EFE9AC716FB835,43283d142e2aa9d91b3cefe85159b171,no,,0,2000-01-01 01:00:00,2016-05-01 00:28:44,96000/61ea1544ef44f5c974efe9ac716fb835.jpg,,
28807481,Метод наименьших модулей,,Математика кибернетика 1971-07,,Мудров В.И.,1971,,,,60,60,Russian,256,ihtik,1,,,,,,,,,,,,0,,,,,,,0,1081436,djvu,C552D55B60970E0ECD491491AD0AF6B4,15784fa3b01e7c5738c021f87048e122,no,,0,2000-01-01 01:00:00,2016-05-01 00:28:44,96000/c552d55b60970e0ecd491491ad0af6b4.jpg,,
28807479,Стабилизированные транзисторные преобразователи,,,,Моин В.С.,1986,,,,375,375,Russian,250,ihtik,1,,,,,,,,,,,,0,,,,,,,0,5061777,djvu,8968E467DA4A2216716925E2F4B2ABD8,71f84ec834c43df4c705e07657c5aaf6,no,,0,2000-01-01 01:00:00,2016-05-01 00:28:44,96000/8968e467da4a2216716925e2f4b2abd8.jpg,,
28807477,Несинусоидальные токи и их измерение,,,,Минин Г.П.,1979,,,,111,111,Russian,256,ihtik,1,,,,,,,,,,,,0,,,,,1,,0,1071868,djvu,4D0F29A9CFBAFA9D614CBE05A799AF8A,60a4b3d1e1524e256656e8a0451f54ca,no,,0,2000-01-01 01:00:00,2016-05-01 00:28:44,96000/4d0f29a9cfbafa9d614cbe05a799af8a.jpg,,
28807478,Микропроцессоры в измерительных приборах,,,,Мирский Г.Я.,1984,,,,160,160,Russian,254,ihtik,1,,,,,,,,,,,,0,,,,,,,0,1760119,djvu,B024361F5F7A30C98BE814AF441DE79B,080af6a8c82ac33040069668d2330926,no,,0,2000-01-01 01:00:00,2016-05-01 00:28:44,96000/b024361f5f7a30c98be814af441de79b.jpg,,
28807476,"Наладка и ремонт радиоэлектронных устройств,не имеющих технического описания",,,,Мидлтон Р.Г.,1994,,,,153,153,Russian,210,ihtik,1,,,,,,,,,,,,0,,,,,,,0,2560047,djvu,E4A40B126B948CA8D78C49F2BD42D2EF,83c4435b843f9ff6bf3488800e3eefe1,no,,0,2000-01-01 01:00:00,2016-05-01 00:28:44,96000/e4a40b126b948ca8d78c49f2bd42d2ef.jpg,,
28807475,Интегральные микросхемы в радиоэлектронных устройствах,,,,Мигулин И.Н.,1985,,,,208,208,Russian,250,ihtik,1,,,,,,,,,,,,0,,,,,,,0,3417307,djvu,E60079D813BE769FA446F76E275FBF67,4c0e399fb0c04723265cba544be3e53f,no,,0,2000-01-01 01:00:00,2016-05-01 00:28:44,96000/e60079d813be769fa446f76e275fbf67.jpg,,
28807473,Измерение и контроль влажности материалов,,,,Мелкумян В.Е.,1970,,,,139,139,Russian,256,ihtik,1,,,,,,,,,,,,0,,,,,,,0,1451189,djvu,151CA41CE7A2A03A1A8BFF030314A706,1b2ec3d1767eb0c187a2c9927c8a33af,no,,0,2000-01-01 01:00:00,2016-05-01 00:28:44,96000/151ca41ce7a2a03a1a8bff030314a706.jpg,,
28807474,Введение в теорию устойчивости движения,,,,Меркин Д.Р.,,,,,304,304,Russian,125,ihtik,1,,,,,,,,,,,,0,,,,,,,0,2446515,djvu,E43FFE9CAA324126BFE61328623B48C7,46802afc61d7ec97e1f16e79ce1a9c2e,no,,0,2000-01-01 01:00:00,2016-05-01 00:28:44,96000/e43ffe9caa324126bfe61328623b48c7.jpg,,
28807472,Измерительные приборы со встроенными микропроцессорами,,,,Мелик-Шахназаров А.М.,1985,,,,239,239,Russian,254,ihtik,1,,,,,,,,,,,,0,,,,,,,0,3133650,djvu,0007DD9DD230903FDBD86A318A6B394E,d260918e6aa6afe759a6f7ac3d15cdbf,no,,0,2000-01-01 01:00:00,2016-05-01 00:28:44,96000/0007dd9dd230903fdbd86a318a6b394e.jpg,,
28807470,Операционные усилители и их применение,,,,Марше Ж.,1974,,Энергия,Ленинград,215,215,Russian,256,ihtik,1,,,,,,,,,,,,0,,,,,,,0,2424111,djvu,253971759E478966A0C74FAB48F67A34,42b7f39fe13d9dbc5ccfaab597138b0e,no,,0,2000-01-01 01:00:00,2016-05-01 00:28:44,96000/253971759e478966a0c74fab48f67a34.jpg,,
28807471,Основы радиотехники,,,,Машкова Т.Т.,1992,,,,231,231,Russian,210,ihtik,1,,,,,,,,,,,,0,,,,,,,0,2614665,djvu,96C3CE2E39D1D0F20986BD83BC3687FB,5e814b4918ae9ce292925fefd239ac8e,no,,0,2000-01-01 01:00:00,2016-05-01 00:28:44,96000/96c3ce2e39d1d0f20986bd83bc3687fb.jpg,,
28807468,Антенны,,,,Марков Г.Т.,1975,,,,266,266,Russian,256,ihtik,1,,,,,,,,,,,,0,,,,,,,0,5097497,djvu,4A921BAC6B89F47498B1F0F607196DED,d2a4ae58ca592c206c3605f7150dad7d,no,,0,2000-01-01 01:00:00,2016-05-01 00:28:44,96000/4a921bac6b89f47498b1f0f607196ded.jpg,,
28807469,Бифуркация рождения цикла и ее приложения,,,,Марсден Дж.,,,,,367,367,Russian,256,ihtik,1,,,,,,,,,,,,0,,,,,,,0,2485699,djvu,994200F0F0B2F3854E87851B8A6CF4C9,cecefeb3fb657ef04a5d6d669e409f9b,no,,0,2000-01-01 01:00:00,2016-05-01 00:28:44,96000/994200f0f0b2f3854e87851b8a6cf4c9.jpg,,
28807467,Основы электробезопасности,,,,Манойлов В.Е.,1976,,,,344,344,Russian,256,ihtik,1,,,,,,,,,,,,0,,,,,,,0,3137317,djvu,95E8A4B302CE5A643993BCEC2D2ED84A,d0bf5e1df0220cf93c005c62542a3f26,no,,0,2000-01-01 01:00:00,2016-05-01 00:28:44,96000/95e8a4b302ce5a643993bcec2d2ed84a.jpg,,
28807465,Теория устойчивости движения,,,,Малкин И.Г.,,,,,530,530,Russian,125,ihtik,1,,,,,,,,,,,,0,,,,,,,0,3418949,djvu,0479F2850D120E30082DF0A65DFB668B,9b345eb6de574e964f25cbb2b239f7e0,no,,0,2000-01-01 01:00:00,2016-05-01 00:28:44,96000/0479f2850d120e30082df0a65dfb668b.jpg,,
28807466,Основы цифровой техники,,,,Мальцева Л.А.,1986,,,,128,128,Russian,210,ihtik,1,,,,,,,,,,,,0,,,,,,,0,1907393,djvu,BF0708D72A1AA6F113D01B3A60EF109F,e4ea99a3491ee7be8eee94637e10879c,no,,0,2000-01-01 01:00:00,2016-05-01 00:28:44,96000/bf0708d72a1aa6f113d01b3a60ef109f.jpg,,
28807464,Применение аналоговых интегральных микросхем в вычислительных устройствах,,,,Маклюков М.И.,1980,,,,160,160,Russian,120,ihtik,1,,,,,,,,,,,,0,,,,,,,0,1591412,djvu,3C123E96A178B5B54DEDA02A927CDF43,85a23b8769a73e03ef370352af9232a6,no,,0,2000-01-01 01:00:00,2016-05-01 00:28:44,96000/3c123e96a178b5b54deda02a927cdf43.jpg,,
28807463,Совершенный код,,,,Макконнелл С.,2005,,,,888,888,Russian,256,ihtik,1,"5-7502-0064-7,5-469-00822-3,0-7356-1967-0",,,,,,,,,,,0,,,,,,,1,24740309,djvu,81BAB5F79DFA4A5A8A92477BFE91E4DA,7ebb1afd6fa531d4839919a78071949d,no,,0,2000-01-01 01:00:00,2016-05-01 00:28:44,96000/81bab5f79dfa4a5a8a92477bfe91e4da.jpg,,"5750200647,5469008223,0735619670"
28807461,Простые опыты с ультразвуком,,,,Майер В.В.,1978,,,,161,161,Russian,256,ihtik,1,,,,,,,,,,,,0,,,,,,,0,2560477,djvu,A0C56CEE613375C0F205E831E5C89D84,dd3bac93ea5047dca4e8d2ec62df9eaf,no,,0,2000-01-01 01:00:00,2016-05-01 00:28:44,96000/a0c56cee613375c0f205e831e5c89d84.jpg,,
28807462,Электронные вычислительные машины (справочник по конструированию),,,,Майоров С.А.,1975,,,,504,504,Russian,120,ihtik,1,,,,,,,,,,,,0,,,,,,,0,9218589,djvu,DB40BBCF8F80CAF710971DCA40D99CD5,db9c49543b5b0e0121e0739e94293746,no,,0,2000-01-01 01:00:00,2016-05-01 00:28:44,96000/db40bbcf8f80caf710971dca40d99cd5.jpg,,
28807460,Конструирование радиовещательных приемников,,,,Румянцев М.М.,1982,,,,108,108,Russian,210,ihtik,1,,,,,,,,,,,,0,,,,,,,0,3005709,djvu,3CE1999F6306102CBC99932A64E152CD,61816d0422ab5a03c7abb51a9ac5fca3,no,,0,2000-01-01 01:00:00,2016-05-01 00:28:44,96000/3ce1999f6306102cbc99932a64e152cd.jpg,,
28807459,Диоды и тиристоры в преобразовательных установках,,,,Абрамович М.И.,1992,,,,432,432,Russian,250,ihtik,1,,,,,,,,,,,,0,,,,,,,0,4985033,djvu,F8203491359F1DC27D6521C037202781,e4988db90b294cdccf8fd2fcb582efa7,no,,0,2000-01-01 01:00:00,2016-05-01 00:28:44,96000/f8203491359f1dc27d6521c037202781.jpg,,
28807457,Современные линейные интегральные микросхемы и их применение,,,,Гальперин М.В.,1980,,,,273,273,Russian,250,ihtik,1,,,,,,,,,,,,0,,,,,,,0,2768245,djvu,ABBC9F0D4CACC74D7EF213E105452E40,da69440edfa79670190078ab7c8e5003,no,,0,2000-01-01 01:00:00,2016-05-01 00:28:44,96000/abbc9f0d4cacc74d7ef213e105452e40.jpg,,
28807458,Защита от радиопомех,,,,Максимов М.В.,1976,,Советское радио,,249,249,Russian,256,ihtik,1,,,,,,,,,,,,0,,,,,,,0,6072821,djvu,32C14D6E670E760BD7046641DFD2DC37,d58b26975a1e12d316df15709d32c1fe,no,,0,2000-01-01 01:00:00,2016-05-01 00:28:44,96000/32c14d6e670e760bd7046641dfd2dc37-d.jpg,,
28807455,Электрические соединители,,,,Лярский В.Ф.,1988,,,,272,272,Russian,256,ihtik,1,,,,,,,,,,,,0,,,,,,,0,3115411,djvu,52827DDA0AA06419200F03D3FEA28D32,e14c865f468d5666ca7c63ee929e1c44,no,,0,2000-01-01 01:00:00,2016-05-01 00:28:44,96000/52827dda0aa06419200f03d3fea28d32.jpg,,
28807456,Материалы для электротермических установок,,,,Гутман М.Б.,1987,,,,295,295,Russian,256,ihtik,1,,,,,,,,,,,,0,,,,,,,0,3122017,djvu,FCC70FD30FCBDEA9F062FD16EE8F1942,4be4942633177040b7b5c54da3e2524f,no,,0,2000-01-01 01:00:00,2016-05-01 00:28:44,96000/fcc70fd30fcbdea9f062fd16ee8f1942.jpg,,
28807454,Справочник радиоинженера,,,,Лэнди Р.,1961,,,,704,704,Russian,256,ihtik,1,,,,,,,,,,,,0,,,,,,,0,13774771,djvu,6226232F0CEF602B2EE5843DF87432EF,e8395c4f8486ccc3a31723ad76bb1a28,no,,0,2000-01-01 01:00:00,2016-05-01 00:28:44,96000/6226232f0cef602b2ee5843df87432ef.jpg,,
28807452,Справочник по высокочастотным трансформаторам,,,,Лондон С.Е.,1984,,,,216,216,Russian,250,ihtik,1,,,,,,,,,,,,0,,,,,,,0,2609393,djvu,A8E154B7EE87D96F2A536D3949D5D1A0,203f2874bbbf7cc8a82431672d628957,no,,0,2000-01-01 01:00:00,2016-05-01 00:28:44,96000/a8e154b7ee87d96f2a536d3949d5d1a0.jpg,,
28807453,Электрические машины и основы электропривода,,,,Лотоцкий К.В.,1964,,,,495,495,Russian,210,ihtik,1,,,,,,,,,,,,0,,,,,,,0,4509077,djvu,6FFB0F8C4330179929086EA0AB5457C8,3d6df78f57f8e52a5f2ded5022763fec,no,,0,2000-01-01 01:00:00,2016-05-01 00:28:44,96000/6ffb0f8c4330179929086ea0ab5457c8.jpg,,
28807451,Электротехника.Основные понятия,,,,Ломоносов В.Ю.,1962,,,,392,392,Russian,210,ihtik,1,,,,,,,,,,,,0,,,,,,,0,4009862,djvu,C0EE680A341A72B5281F7E7DE956ABCC,1904ef20ec83280468773d29fac8311c,no,,0,2000-01-01 01:00:00,2016-05-01 00:28:44,96000/c0ee680a341a72b5281f7e7de956abcc.jpg,,
28807450,Низковольтные индикаторы,,,,Лисицын А.Л.,1985,,,,135,135,Russian,256,ihtik,1,,,,,,,,,,,,0,,,,,,,0,1998186,djvu,4E064D48A0E86413CF676C1191FDB066,f6eee149ab7aa13ea4ad382023363bf2,no,,0,2000-01-01 01:00:00,2016-05-01 00:28:44,96000/4e064d48a0e86413cf676c1191fdb066.jpg,,
28807448,Электронные схемы.Практическое руководство,,,,Ленк Дж.,1985,,,,343,343,Russian,256,ihtik,1,,,,,,,,,,,,0,,,,,,,0,3157502,djvu,4C81AD5694CD1245B21AB2D340A03C73,eb8e6f1723a2af3bb4c3e0cc1a2e553d,no,,0,2000-01-01 01:00:00,2016-05-01 00:28:44,96000/4c81ad5694cd1245b21ab2d340a03c73.jpg,,
28807449,Зарубежные транзисторы широкого применения,,,,Леонтьев В.Ф.,1968,,,,47,47,Russian,250,ihtik,1,,,,,,,,,,,,0,,,,,,,0,858573,djvu,55C9274B3EB6A577608C3EBE8DE8CD69,b77431d5ca01924abd30e40171dcb969,no,,0,2000-01-01 01:00:00,2016-05-01 00:28:44,96000/55c9274b3eb6a577608c3ebe8de8cd69.jpg,,
28807447,Руководство для пользователей операционных усилителей,,,,Ленк Дж.,1978,,,,326,326,Russian,256,ihtik,1,,,,,,,,,,,,0,,,,,,,0,5187545,djvu,D7F5733DC1453D27D4A4B907C1D4F934,822fd9462bfa7fb44b3d024120d80f89,no,,0,2000-01-01 01:00:00,2016-05-01 00:28:44,96000/d7f5733dc1453d27d4a4b907c1d4f934.jpg,,
28807446,Компенсационные измерительные преобразователи электрических величин,,,,Лейтман М.Б.,1978,,,,224,224,Russian,256,ihtik,1,,,,,,,,,,,,0,,,,,,,0,2155500,djvu,590C519CE3C703D0DA0F9CDEBE2CBA84,e557d9f658dd704901f9c65acc5acb6b,no,,0,2000-01-01 01:00:00,2016-05-01 00:28:44,96000/590c519ce3c703d0da0f9cdebe2cba84.jpg,,
28807444,Электрические измерения физических величин,,,,Левшина Е.С.,1983,,,,320,320,Russian,256,ihtik,1,,,,,,,,,,,,0,,,,,,,0,4086454,djvu,FE81FDD257144FF3099E6039F6FBAAC9,2a97f3350ace786a6e045db7b2333792,no,,0,2000-01-01 01:00:00,2016-05-01 00:28:44,96000/fe81fdd257144ff3099e6039f6fbaac9.jpg,,
28807445,Расчёты и конструирование деталей машин,,,,Левятов В.С.,1979,,,,302,302,Russian,210,ihtik,1,,,,,,,,,,,,0,,,,,,,0,4975578,djvu,42D42F1C077509890AC628DBB0C36E28,40ed623a1c4543a9589e955a6e6a8e8d,no,,0,2000-01-01 01:00:00,2016-05-01 00:28:44,96000/42d42f1c077509890ac628dbb0c36e28.jpg,,
28807442,Радиопередающие и радиоприемные устройства,1,,,Левичев В.Г.,1974,,,,250,250,Russian,256,ihtik,1,,,,,,,,,,,,0,,,,,,,0,2918517,djvu,11E238523F78F6EFFBB714043B9AF2C8,0674fbea756cbe7581cf36d5dc3937fa,no,,0,2000-01-01 01:00:00,2016-05-01 00:28:44,96000/11e238523f78f6effbb714043b9af2c8.jpg,,
28807443,Радиопередающие и радиоприемные устройства,2,,,Левичев В.Г.,1974,,,,261,261,Russian,22,ihtik,1,,,,,,,,,,,,0,,,,,,,0,3065189,djvu,00C13ADF300DB3DFD1F1FB3FE65268A0,e727ad9bdfeeb2c8abf17b6dd14e8cd2,no,,0,2000-01-01 01:00:00,2016-05-01 00:28:44,96000/00c13adf300db3dfd1f1fb3fe65268a0.jpg,,
28807441,Эффект Ганна,,,,Левинштейн М.Е.,1975,,,,287,287,Russian,256,ihtik,1,,,,,,,,,,,,0,,,,,,,0,4535846,djvu,8F0239D2BB1AA03D7B99ED4BC59FD1FC,4150e02f552ed7e1a738b5d3d0b87bf2,no,,0,2000-01-01 01:00:00,2016-05-01 00:28:44,96000/8f0239d2bb1aa03d7b99ed4bc59fd1fc.jpg,,
28807439,СиБи - радиосвязь для всех,,,,Лапшин Е.,1997,,,,104,104,Russian,260,ihtik,1,,,,,,,,,,,,0,,,,,,,0,1232690,djvu,BBBC23880F0392A7E863803ECC9EA584,853d235c7ad112fa0e6bf1be870f4d10,no,,0,2000-01-01 01:00:00,2016-05-01 00:28:44,96000/bbbc23880f0392a7e863803ecc9ea584.jpg,,
28807440,Защита жилых домов и производственных сооружений от молнии,,,,Ларионов В.П.,1974,,,,56,56,Russian,210,ihtik,1,,,,,,,,,,,,0,,,,,,,0,826012,djvu,19004C5BB0FB6D5043B7B4E04039BFC9,c318d57e2f03ce4d3622f8dbaa33439b,no,,0,2000-01-01 01:00:00,2016-05-01 00:28:44,96000/19004c5bb0fb6d5043b7b4e04039bfc9.jpg,,
28807438,Самодельные аккумуляторы,,,,Ламтев Н.,1936,,,,72,72,Russian,256,ihtik,1,,,,,,,,,,,,0,,,,,,,0,1929155,djvu,D6223F406FAA06A4E229B7D5EF2874ED,793d20b4e4fe397629a42b4689fbbc1b,no,,0,2000-01-01 01:00:00,2016-05-01 00:28:44,96000/d6223f406faa06a4e229b7d5ef2874ed.jpg,,
28807436,Расчёт элементов цифровых устройств,,,,Преснухин Л.Н.,1991,,,,525,525,Russian,210,ihtik,1,,,,,,,,,,,,0,,,,,,,0,5594050,djvu,83BAAACC9567820D1D40251C82A2FD25,1000bed9db2edf51fc84566f9c0b4743,no,,0,2000-01-01 01:00:00,2016-05-01 00:28:44,96000/83baaacc9567820d1d40251c82a2fd25.jpg,,
28807437,Исследование устойчивости прямым методом Ляпунова,,,,Ла-Салль Ж.,,,,,168,168,Russian,256,ihtik,1,,,,,,,,,,,,0,,,,,,,0,963108,djvu,C8A66FE7CB2FD660CEC680DE3DD799EB,a38242baf09dac279c804444f94eef37,no,,0,2000-01-01 01:00:00,2016-05-01 00:28:44,96000/c8a66fe7cb2fd660cec680de3dd799eb.jpg,,
28807435,Стереофоническое воспроизведение звука,,,,"Кононович Л.М., Ковалгин Ю.А.",1981,,,,186,186,Russian,256,ihtik,1,,,,,,,,,,,,0,,,,,,,0,2356473,djvu,AD65EB266A296B04B8B2724ABF2A30F8,d912e2dc948835f963436aad3cc28ebf,no,,0,2000-01-01 01:00:00,2016-05-01 00:28:44,96000/ad65eb266a296b04b8b2724abf2a30f8.jpg,,
28807433,Аппаратура высококачественного звучания,,Массовая радиобиблиотека 0567,,Кюне Ф.,1965,,Энергия,,27,27,Russian,256,ihtik,1,,,,,,,,,,,,0,,,,,1,,0,1316415,djvu,D57A2251D68D3CF5E43C7C86250CA9CA,e77d6f63f239323ce8067263a98e31cc,no,,0,2000-01-01 01:00:00,2016-05-01 00:28:44,96000/d57a2251d68d3cf5e43c7c86250ca9ca.jpg,,
28807434,Справочник по приборам инфракрасной техники,,,,Криксунов Л.З.,1980,,,,230,230,Russian,210,ihtik,1,,,,,,,,,,,,0,,,,,,,0,3398118,djvu,DAEA10DB4323F4276E91CC7FEC186982,26a80d899dfb32e57c1839523f583b42,no,,0,2000-01-01 01:00:00,2016-05-01 00:28:44,96000/daea10db4323f4276e91cc7fec186982.jpg,,
28807431,Пакетная сеть связи общего пользования,,,,Кучерявый А.Е.,2004,,,,272,272,Russian,260,ihtik,1,,,,,,,,,,,,0,,,,,,,0,2479109,djvu,D3FDECE79268244767FEE63489A58F8C,e7805142f638d3dacaba7a25a2f48295,no,,0,2000-01-01 01:00:00,2016-05-01 00:28:44,96000/d3fdece79268244767fee63489a58f8c.jpg,,
28807432,Радиотехнические измерения,,,,Кушнир Ф.В.,1980,,,,177,177,Russian,210,ihtik,1,,,,,,,,,,,,0,,,,,,,0,2855523,djvu,7C609EABD37D5F5F4EBE349B2688453C,c267c9411259af9e3938b8a869ac2796,no,,0,2000-01-01 01:00:00,2016-05-01 00:28:44,96000/7c609eabd37d5f5f4ebe349b2688453c.jpg,,
28807429,"Примеры,расчеты и лабораторные работы по холодильным установкам",,,,Курылев Е.С.,1971,,,,256,256,Russian,249,ihtik,1,,,,,,,,,,,,0,,,,,,,0,2830350,djvu,99C3046B9B9713FA32FAC91FCC2924FA,b9ab224f8f14ce982b9a9169adc90cc2,no,,0,2000-01-01 01:00:00,2016-05-01 00:28:44,96000/99c3046b9b9713fa32fac91fcc2924fa.jpg,,
28807430,Впрыск топлива в дизелях,,,,Кутовой В.А.,1981,,,,61,61,Russian,243,ihtik,1,,,,,,,,,,,,0,,,,,,,0,1793752,djvu,6FF0CE9C9CC7B28D310783949EFD6F94,f909f2353bc836797edcbb0103fbedfa,no,,0,2000-01-01 01:00:00,2016-05-01 00:28:44,96000/6ff0ce9c9cc7b28d310783949efd6f94.jpg,,
28807428,Теория и проектирование цифровых систем управления,,,,Куо А.,1986,,,,447,447,Russian,210,ihtik,1,,,,,,,,,,,,0,,,,,,,0,5184031,djvu,F5759125BC7732754654E2A7F451C462,33288da2655b259ac939326ffd848561,no,,0,2000-01-01 01:00:00,2016-05-01 00:28:44,96000/f5759125bc7732754654e2a7f451c462.jpg,,
28807427,Трансформаторы для бытовой и офисной аппаратуры,,,,Куневич А.В.,,,,,139,139,Russian,256,ihtik,1,,,,,,,,,,,,0,,,,,,,0,2126598,djvu,6499FA0D971841139A0425BC93ED2A5B,36e95b7ae207fee9394980b89673012c,no,,0,2000-01-01 01:00:00,2016-05-01 00:28:44,96000/6499fa0d971841139a0425bc93ed2a5b.jpg,,
28807425,Модальное управление и наблюдающие устройства,,,,Кузовков Н.Т.,1976,,,,95,95,Russian,6,ihtik,1,,,,,,,,,,,,0,,,,,,,0,1465597,djvu,CE146F2595B413F56E81E8F4F1F055EE,181c0e0e77ff52d945c2b938b8eb6603,no,,0,2000-01-01 01:00:00,2016-05-01 00:28:44,96000/ce146f2595b413f56e81e8f4f1f055ee.jpg,,
28807426,Импульсные блоки питания для IBM РС,,,,Куличков А.В.,2002,,,,117,117,Russian,256,ihtik,1,,,,,,,,,,,,0,,,,,,,0,2839918,djvu,089360AD2286932ABAE9F5FA5F3EB284,9a36f26cc5b847b0d6bdced243efc058,no,,0,2000-01-01 01:00:00,2016-05-01 00:28:44,96000/089360ad2286932abae9f5fa5f3eb284.jpg,,
28807423,Ремонт комбинированных приборов,,,,Кузин В.М.,1999,,,,133,133,Russian,256,ihtik,1,,,,,,,,,,,,0,,,,,,,0,1846047,djvu,5BCD8D2CA55587F49D13433194FE71DF,b32881df10fe25992b8a5840e60936ae,no,,0,2000-01-01 01:00:00,2016-05-01 00:28:44,96000/5bcd8d2ca55587f49d13433194fe71df.jpg,,
28807424,Основы электротехники,,,,Кузнецов М.И.,1964,,,,561,561,Russian,210,ihtik,1,,,,,,,,,,,,0,,,,,,,0,5801446,djvu,7DDF9E2682BED4F289E64F69228A7A7D,d6fd58e0f4a23f0ec4533090771760f1,no,,0,2000-01-01 01:00:00,2016-05-01 00:28:44,96000/7ddf9e2682bed4f289e64f69228a7a7d.jpg,,
28807422,Алгоритмы и программы проектирования автоматических систем,,,,Крутько П.Д.,1988,,,,304,304,Russian,210,ihtik,1,,,,,,,,,,,,0,,,,,,,0,2766897,djvu,D44FCB7F3F314793E56D2F90E6A863E1,e780d51248d258bec23eb377b9b3f2fa,no,,0,2000-01-01 01:00:00,2016-05-01 00:28:44,96000/d44fcb7f3f314793e56d2f90e6a863e1.jpg,,
28807420,Приборы ночного видения,,,,Криксунов Л.З.,1975,,,,108,108,Russian,256,ihtik,1,,,,,,,,,,,,0,,,,,,,0,1931641,djvu,99D6C63FF00582DA036D3A461AEDD685,21e9750c71f81d7616e8bae08025a5d2,no,,0,2000-01-01 01:00:00,2016-05-01 00:28:44,96000/99d6c63ff00582da036d3a461aedd685.jpg,,
28807421,Справочник по основам инфракрасной техники,,,,Криксунов Л.З.,1978,,,,400,400,Russian,210,ihtik,1,,,,,,,,,,,,0,,,,,,,0,5092109,djvu,EC770A68C9B04DB74CE04C8899C3BAD8,3c6f92369ed4d4629f2a7f3ca9499aa1,no,,0,2000-01-01 01:00:00,2016-05-01 00:28:44,96000/ec770a68c9b04db74ce04c8899c3bad8.jpg,,
28807418,Пускорегулирующие аппараты для разрядных ламп,,,,Краснопольский А.Е.,1988,,,,104,104,Russian,210,ihtik,1,,,,,,,,,,,,0,,,,,,,0,1709382,djvu,0A1D597FF5FE4739481618E84A463741,5d0584f859e04d7bbe68d0575c4a978f,no,,0,2000-01-01 01:00:00,2016-05-01 00:28:44,96000/0a1d597ff5fe4739481618e84a463741.jpg,,
28807419,"Расчёт маломощных силовых трансформаторов, и др.осселей фильтров",,,,Кризе С.Н.,1950,,,,43,43,Russian,210,ihtik,1,,,,,,,,,,,,0,,,,,,,0,546248,djvu,0C8A63192E321F46F262037B46D88B9A,6feb8973ca3eb512677aeb4dba7bf1a3,no,,0,2000-01-01 01:00:00,2016-05-01 00:28:44,96000/0c8a63192e321f46f262037b46d88b9a.jpg,,
28807416,Reading the Rythm,,,,Clive Scott,1993,,Clarendon Press,,296,296,English,,,0,0-19-815882-3,,,,,,,,,,,0,,,,,,,0,1655031,djvu,7bd78369015c3affb4d5f05d36a04311,7106c39378109d734e62728b99358bb2,no,The Poetics of French Verse - Scott,0,2000-01-01 01:00:00,2016-05-01 00:28:44,881000/7bd78369015c3affb4d5f05d36a04311-g.jpg,,0198158823
28807417,Введение в физическую акустику,,,,Красильников В.А.,,,,,110,110,Russian,272,ihtik,1,,,,,,,,,,,,0,,,,,,,0,993466,djvu,96C3B46029A2071D7980E848C8C468DA,b44f5b6423ab62e0c9bc6f8fcd71e34f,no,,0,2000-01-01 01:00:00,2016-05-01 00:28:44,96000/96c3b46029a2071d7980e848c8c468da.jpg,,
28807415,Приборы для измерения температуры,,,,Крамарухин Ю.Е.,1990,,,,205,205,Russian,256,ihtik,1,,,,,,,,,,,,0,,,,,,,0,2561702,djvu,49A9A5290851FF8CF631C5E99847F6E6,07b528f706f4c8c059ad96d1b00ca5ff,no,,0,2000-01-01 01:00:00,2016-05-01 00:28:44,96000/49a9a5290851ff8cf631c5e99847f6e6.jpg,,
28807413,Радиоэлектронные средства и мощные электромагнитные помехи,,,,Кравченко В.И.,1987,,,,255,255,Russian,287,ihtik,1,,,,,,,,,,,,0,,,,,,,0,3447433,djvu,F91902303498520FD5D8118A58B98EA8,9ac592b80bde61acf498452109726dbe,no,,0,2000-01-01 01:00:00,2016-05-01 00:28:44,96000/f91902303498520fd5d8118a58b98ea8.jpg,,
28807414,Молниезащита зданий и сооружений.Как повысить её надёжность,,,,Кравченко О.А.,,,,,3,3,Russian,67,ihtik,1,,,,,,,,,,,,0,,,,,,,0,86088,djvu,C65181E857C2CBBD21C5A67B0F150193,143b6bb9c07d6bcf1f5fbe2303ed8377,no,,0,2000-01-01 01:00:00,2016-05-01 00:28:44,96000/c65181e857c2cbbd21c5a67b0f150193.jpg,,
28807411,Операционные усилители и линейные интегральные схемы,,,,Кофлин Р.,1979,,,,180,180,Russian,250,ihtik,1,,,,,,,,,,,,0,,,,,,,0,5337557,djvu,E42F8E7FB957AD8EC87159D3080D918F,847202887f6674e2e00fb8d4295e94e0,no,,0,2000-01-01 01:00:00,2016-05-01 00:28:44,96000/e42f8e7fb957ad8ec87159d3080d918f.jpg,,
28807412,Технические средства микропроцессорных систем,,,,Коффрон Дж.,1983,,,,172,172,Russian,210,ihtik,1,,,,,,,,,,,,0,,,,,,,0,3776540,djvu,BB6FA1957404B0AE1F9C54C37CC29A6C,0a8e95e18e37dbfddaf8e6ab0e8f692f,no,,0,2000-01-01 01:00:00,2016-05-01 00:28:44,96000/bb6fa1957404b0ae1f9c54c37cc29a6c.jpg,,
28807410,Алгоритмы машинной графики,,,,Котов И.И.,1977,,,,229,229,Russian,210,ihtik,1,,,,,,,,,,,,0,,,,,,,0,2451780,djvu,BA681565DBC1CA1E7D687E47C8CF940A,906949f17db1543991d4b9e3a7e5028f,no,,0,2000-01-01 01:00:00,2016-05-01 00:28:44,96000/ba681565dbc1ca1e7d687e47c8cf940a.jpg,,
28807409,Шумовые помехи в телевидении,,,,Костыков Ю.В.,1997,,,,37,37,Russian,256,ihtik,1,,,,,,,,,,,,0,,,,,,,0,991070,djvu,420E292A6DDC17487E40A92B7214EA2C,7bc2ae116dfdcf24235e948f9926eab7,no,,0,2000-01-01 01:00:00,2016-05-01 00:28:44,96000/420e292a6ddc17487e40a92b7214ea2c.jpg,,
28807408,Линейная алгебра и геометрия,,,,Кострикин А.И.,,,,,312,312,Russian,121,ihtik,1,,,,,,,,,,,,0,,,,,,,0,2735880,djvu,24630B94CA1179B35F92753BC7B30A13,3e64a420660d531581a06207679aecac,no,,0,2000-01-01 01:00:00,2016-05-01 00:28:44,96000/24630b94ca1179b35f92753bc7b30a13.jpg,,
28807406,Телефонные сети и аппараты,,,,Корякин-Черняк С.Л.,1998,,,,183,183,Russian,210,ihtik,1,,,,,,,,,,,,0,,,,,,,0,4916931,djvu,6A257EDD1EDBDF2D541F5FB3DB9F4D8A,5b795165bc3deaeb0ba6dd7756a43170,no,,0,2000-01-01 01:00:00,2016-05-01 00:28:44,96000/6a257edd1edbdf2d541f5fb3db9f4d8a.jpg,,
28807407,Источники электропитания высокого напряжения РЭА,,,,"Костиков В. Г., Никитин И. Е.",1986,,Радио и связь, М.:,199,199,Russian,232,infanata,1,,,,,,,,,,,,0,,,,,,,0,2145397,djvu,4E7DE9FA062B62E2DBB19C0EFC8C075E,feedcc69a1f08149c8cc7f43a9c092a5,no,"N:\\natahaus\\2007\\2007-11\\2007 11 23\\Костиков В. Г., Никитин И. Е. - Источники электропитания высокого напряжения РЭА 1986.djv",0,2000-01-01 01:00:00,2016-05-01 00:28:44,96000/4e7de9fa062b62e2dbb19c0efc8c075e.jpg,,
28807404,Электронные устройства автоматики,,,,Королёв Г.В.,1991,,,,256,256,Russian,256,ihtik,1,,,,,,,,,,,,0,,,,,,,0,1779486,djvu,EDC17E4BEC80941EF0589F6D7A3E5589,cf80ed48055f965f716bfeaa7fee7546,no,,0,2000-01-01 01:00:00,2016-05-01 00:28:44,96000/edc17e4bec80941ef0589f6d7a3e5589.jpg,,
28807405,Основы конструирования приспособлений,,,,Корсаков В.С.,1983,,Машиностроение,,276,276,Russian,210,infanata,1,,,,,,,,,,,,0,,,,,,,0,3847392,djvu,9D263FD0BFBFED48C2A0C49F1B4C7529,7b595ecc4998d673d32d52d707379321,no,"N:\\natahaus\\2009\\2009-05\\[1146112744]Основы конструирования приспособлений.-- Корсаков В. С. (Машиностроение, 1983, 276).djvu",0,2000-01-01 01:00:00,2016-05-01 00:28:44,96000/9d263fd0bfbfed48c2a0c49f1b4c7529-d.jpg,,
28807403,Вычислительные устройства на микросхемах,,,,Корнейчук В.И.,1986,,,,132,132,Russian,120,ihtik,1,,,,,,,,,,,,0,,,,,,,0,3506142,djvu,E831DA110762EB0917ACA77AA1FC6230,0386a3a67591a60c6032b4d3ab73492e,no,,0,2000-01-01 01:00:00,2016-05-01 00:28:44,96000/e831da110762eb0917aca77aa1fc6230.jpg,,
28807402,Устройства электробезопасности,,,,Кораблев В.П.,1979,,,,70,70,Russian,256,ihtik,1,,,,,,,,,,,,0,,,,,,,0,721888,djvu,7381239E8745C383E889F0170BEBE89D,54dd6ba736856941bf79325d9f61a0fd,no,,0,2000-01-01 01:00:00,2016-05-01 00:28:44,96000/7381239e8745c383e889f0170bebe89d.jpg,,
28807400,Радиоавтоматика,,,,Коновалов Г.Ф.,1990,,,,335,335,Russian,256,ihtik,1,,,,,,,,,,,,0,,,,,,,0,3352021,djvu,3574FE9922C3194B20E452DD341B9CF2,ab9aa82daf8f625e9b708b14086c87ad,no,,0,2000-01-01 01:00:00,2016-05-01 00:28:44,96000/3574fe9922c3194b20e452dd341b9cf2.jpg,,
28807401,Справочник по проектированию автоматизированного электропривода и систем управления технологическими процессами,,,,Копытов,,,,,414,414,Russian,210,ihtik,1,,,,,,,,,,,,0,,,,,,,0,8115921,djvu,41978C236E82488ED198A902569F453C,ead16687731b0c7e06afa84d2e85ce09,no,,0,2000-01-01 01:00:00,2016-05-01 00:28:44,96000/41978c236e82488ed198a902569f453c.jpg,,
28807399,"Канифоль, её состав и строение смоляных кислот",,,,Комшилов Н.Ф.,1965,,,,84,84,Russian,256,ihtik,1,,,,,,,,,,,,0,,,,,,,0,1879386,djvu,3D0E79507F76ABD8059E74AF33ED7EEC,e20ef94ce0342dbe42702ab3feebb6bb,no,,0,2000-01-01 01:00:00,2016-05-01 00:28:44,96000/3d0e79507f76abd8059e74af33ed7eec.jpg,,
28807398,Электронные автоматы и игры,,,,Комский Д.М.,1981,,,,168,168,Russian,256,ihtik,1,,,,,,,,,,,,0,,,,,,,0,1883449,djvu,95F2DB5F441412A8C84BECF66F298F98,9522e19229d82a9de733cc6cf19b2dc1,no,,0,2000-01-01 01:00:00,2016-05-01 00:28:44,96000/95f2db5f441412a8c84becf66f298f98.jpg,,
28807397,В лабиринтах силовой электроники,,,,Колпаков А.И.,2000,,,,95,95,Russian,256,ihtik,1,,,,,,,,,,,,0,,,,,,,0,1587721,djvu,9E9808DE8558BDDDAB9F9B7ED271D461,ed6336ffef0c7ec6848d2184feb78f38,no,,0,2000-01-01 01:00:00,2016-05-01 00:28:44,96000/9e9808de8558bdddab9f9b7ed271d461.jpg,,
28807396,Элементы автоматики,,,,Колосов С.П.,1970,,,,392,392,Russian,256,ihtik,1,,,,,,,,,,,,0,,,,,,,0,3351104,djvu,C2167E6D8D9D109888B149E206D5099D,4c44b3c4dd29a69ab925d2bbeccc474e,no,,0,2000-01-01 01:00:00,2016-05-01 00:28:44,96000/c2167e6d8d9d109888b149e206d5099d.jpg,,
28807395,Современные системы кондиционирования воздуха,,,,Кокорин О.Я.,2003,,,,138,138,Russian,238,ihtik,1,,,,,,,,,,,,0,,,,,,,0,4571323,djvu,7DFB355AEDFFDE1647D2B8AA9062CC7B,bc178c996953f22d78993daffb07d198,no,,0,2000-01-01 01:00:00,2016-05-01 00:28:44,96000/7dfb355aedffde1647d2b8aa9062cc7b.jpg,,
28807394,Основы автоматической коммутации,,,,Кожанов Ю.Ф.,1999,,,,147,147,Russian,256,ihtik,1,,,,,,,,,,,,0,,,,,,,0,2266220,djvu,2A1BF4E6341456AF8222D71481A35AEA,03f34ad3d6fabbafa642264fada746da,no,,0,2000-01-01 01:00:00,2016-05-01 00:28:44,96000/2a1bf4e6341456af8222d71481a35aea.jpg,,
28807393,Датчики Холла и магниторезисторы,,,,Кобус А.,1971,,,,180,180,Russian,287,ihtik,1,,,,,,,,,,,,0,,,,,,,0,4165659,djvu,7B33ADC6DC09487ACF126699B58DB9C6,8f971b2388c3139cebc669fc9cceba1b,no,,0,2000-01-01 01:00:00,2016-05-01 00:28:44,96000/7b33adc6dc09487acf126699b58db9c6.jpg,,
28807391,Проблемы обеспечения совместной работы радиоэлектронной аппаратуры,,,,Князев А.Д.,1971,,,,198,198,Russian,256,ihtik,1,,,,,,,,,,,,0,,,,,,,0,2199849,djvu,6908E281C4DF0D6B4FD2A681C0DA91CA,b1eaf6bf64377aef8e36c11d77738013,no,,0,2000-01-01 01:00:00,2016-05-01 00:28:44,96000/6908e281c4df0d6b4fd2a681c0da91ca.jpg,,
28807392,Теория и применение полевых транзисторов,,,,Кобболд Р.,1975,,,,304,304,Russian,250,ihtik,1,,,,,,,,,,,,0,,,,,,,0,3511614,djvu,EFF5F418FE16C49FDCBDDC8BF1B98811,33f87b00d5cb04adc38f251d8004f83d,no,,0,2000-01-01 01:00:00,2016-05-01 00:28:44,96000/eff5f418fe16c49fdcbddc8bf1b98811.jpg,,
28807390,Конструирование радиоэлектронной и электронно-вычислительной аппаратуры с учётом электромагнитной совместимости,,,,Князев А.Д.,,,,,222,222,Russian,287,ihtik,1,,,,,,,,,,,,0,,,,,,,0,2174157,djvu,8A9FA8A3657EE810753AE76DF99BBDBE,f1ea4307146bcf52f10a481e7368c543,no,,0,2000-01-01 01:00:00,2016-05-01 00:28:44,96000/8a9fa8a3657ee810753ae76df99bbdbe.jpg,,
28807389,Электропривод и автоматизация общепромышленных механизмов,,,,Ключев В.И.,1980,,,,359,359,Russian,210,ihtik,1,,,,,,,,,,,,0,,,,,,,0,4363144,djvu,2F6DB72B72D4F8789DB34DFF915AA9FF,291e90132d3cbe8351ee72ab6c330f19,no,,0,2000-01-01 01:00:00,2016-05-01 00:28:44,96000/2f6db72b72d4f8789db34dff915aa9ff.jpg,,
28807388,"Тензорезисторы.Теория,методики расчёта,разработки",,,,Клокова Н.П.,1990,,,,112,112,Russian,250,ihtik,1,,,,,,,,,,,,0,,,,,,,0,2120762,djvu,BD3D87A16B384C65EC7B74979DA3FF8D,8c46b81d1dc94d6df5e4576584e18f78,no,,0,2000-01-01 01:00:00,2016-05-01 00:28:44,96000/bd3d87a16b384c65ec7b74979da3ff8d.jpg,,
28807386,Расчет источников электропитания устройств связи,,,,"Китаев В.Е., и др.",1993,,,,118,118,Russian,260,ihtik,1,,,,,,,,,,,,0,,,,,,,0,2435052,djvu,96A6260B82F34D3675C0F38DFD5F0BA5,303c69273cdc6a6299989d386b5170f5,no,,0,2000-01-01 01:00:00,2016-05-01 00:28:44,96000/96a6260b82f34d3675c0f38dfd5f0ba5.jpg,,
28807387,Импульсные ключи в цифровых устройствах,,,,Климов В.В.,1989,,,,109,109,Russian,256,ihtik,1,,,,,,,,,,,,0,,,,,,,0,942631,djvu,35982DB6EA2EAC3052CEAB5CACE3D583,9df812f3d71eab9a62286da156f03ecd,no,,0,2000-01-01 01:00:00,2016-05-01 00:28:44,96000/35982db6ea2eac3052ceab5cace3d583.jpg,,
28807385,Классические и квантовые вычисления,,,,Китаев А.,1999,,,,193,193,Russian,120,ihtik,1,,,,,,,,,,,,0,,,,,,,0,1432828,djvu,52700F1DA16579AD2D48AB483CA61BCD,7bd570347f0c4894185df4b8cca7eb29,no,,0,2000-01-01 01:00:00,2016-05-01 00:28:44,96000/52700f1da16579ad2d48ab483ca61bcd.jpg,,
28807383,Алло! Кто у телефона,,,,Киндзиерски,1969,,,,88,88,Russian,256,ihtik,1,,,,,,,,,,,,0,,,,,,,0,2054995,djvu,7015A7E56B2EAF0A4E9E76B6AB7A23C9,c4e6cc5bc7451e7ababa9e524c6c08f2,no,,0,2000-01-01 01:00:00,2016-05-01 00:28:44,96000/7015a7e56b2eaf0a4e9e76b6ab7a23c9.jpg,,
28807384,Телевизионные антенны для индивидуального приёма,,,,Кисмерешкин В.П.,1976,,,,71,71,Russian,256,ihtik,1,,,,,,,,,,,,0,,,,,,,0,864563,djvu,09FA156C543AA8F125794C6569F9B085,49547d9e8191e2a218dceb8a3b1474a3,no,,0,2000-01-01 01:00:00,2016-05-01 00:28:44,96000/09fa156c543aa8f125794c6569f9b085.jpg,,
28807382,Записки исследователя компьютерных вирусов,,,,Касперски К.,2005,,,,315,315,Russian,256,ihtik,1,,,,,,,,,,,,0,,,,,,,0,5167508,djvu,F7E6138C5E8B1E0724DFEA6F4972F557,f0b6a755eb928bcb3a2c7e6a4e26949b,no,,0,2000-01-01 01:00:00,2016-05-01 00:28:44,96000/f7e6138c5e8b1e0724dfea6f4972f557.jpg,,
28807381,Нормы устройства сетей заземления,,,,Карякин Рудольф Николаевич,2002,,ЗАО «Энергосервис»,М.,121,121,Russian,262,ihtik,1,,,,,,,,,,,"Scan, Djvuing: A.T.Microchip Co., 2007",0,,,,,,,0,1460167,djvu,B11B891EDCE8B69B67983C009395EA2E,b0790b4cd72f6f9772c1b38263379530,no,,0,2000-01-01 01:00:00,2016-05-01 00:28:44,96000/b11b891edce8b69b67983c009395ea2e.jpg,,
28807380,Справочник по расчёту проводов и кабелей,,,,Карпов Ф.Ф.,1964,,,,224,224,Russian,,ihtik,1,,,,,,,,,,,,0,,,,,,,0,2321192,djvu,B2D8B1B4C6DE06CEB36956199B2A52DE,63bc9e0fc455c661aaf1680c8585bc1a,no,,0,2000-01-01 01:00:00,2016-05-01 00:28:44,96000/b2d8b1b4c6de06ceb36956199b2a52de.jpg,,
28807379,Проектирование и изготовление электронной аппаратуры,,,,Кар Дж.,1986,,,,384,384,Russian,210,ihtik,1,,,,,,,,,,,,0,,,,,,,0,3139592,djvu,E96EBBD862F8E73EE0FF19C5FDE0A502,6d97487817f84fedd7fb291286ef69d9,no,,0,2000-01-01 01:00:00,2016-05-01 00:28:44,96000/e96ebbd862f8e73ee0ff19c5fde0a502.jpg,,
28807377,Справочник по дифференциальным уравнениям в частных производных первого порядка,,,,Камке Э. (Kamke),1966,,Наука,Москва,260,260,Russian,125,ihtik,1http://fr,,,,,,,,,,,,0,,,,,,,0,2090189,djvu,BF6365725CE7C06EF8EA1882CEACAC95,2e24efe68d38fa27189c266814367131,no,,0,2000-01-01 01:00:00,2016-05-01 00:28:44,96000/bf6365725ce7c06ef8ea1882ceacac95.jpg,,
28807378,Установки и аппараты для замораживания рыбы и рыбопродуктов,,,,Кан А.В.,1967,,,,235,235,Russian,210,ihtik,1,,,,,,,,,,,,0,,,,,,,0,4645936,djvu,FA38FC7467AE20F5F922852ECC2F160F,b464e8f36a8080e5ef868d16fa3bf11f,no,,0,2000-01-01 01:00:00,2016-05-01 00:28:44,96000/fa38fc7467ae20f5f922852ecc2f160f.jpg,,
28807375,Системы управления автономными инверторами,,,,Калашников А.Е.,1974,,,,52,52,Russian,6,ihtik,1,,,,,,,,,,,,0,,,,,,,0,3164046,djvu,4ADD9A75DD9EA9CAC9935197441617D7,d98d367d60a4d49a11c0af343737bbaa,no,,0,2000-01-01 01:00:00,2016-05-01 00:28:44,95000/4add9a75dd9ea9cac9935197441617d7.jpg,,
28807376,Численные методы,,,,Калиткин Н.Н.,,,,,512,512,Russian,120,ihtik,1,,,,,,,,,,,,0,,,,,,,0,10708719,djvu,F50E6FDE87D7D3F9F13F1CFC6D5DBEA8,38c4e69030064e32fb6d85c6d97173d6,no,,0,2000-01-01 01:00:00,2016-05-01 00:28:44,96000/f50e6fde87d7d3f9f13f1cfc6d5dbea8.jpg,,
28807374,Расчёт индуктивностей,,,,Калантаров П.Л.,1986,,,,488,488,Russian,210,ihtik,1,,,,,,,,,,,,0,,,,,,,0,5287397,djvu,B066624B62AF883DBFBA3D418439205E,ea3e5134c377beb9f28bc397c0381a1c,no,,0,2000-01-01 01:00:00,2016-05-01 00:28:44,95000/b066624b62af883dbfba3d418439205e.jpg,,
28807372,Электромагнитные устройства РЭА,,,,Казаков Л.А.,1991,,,,352,352,Russian,287,ihtik,1,,,,,,,,,,,,0,,,,,,,0,4559870,djvu,4700F06035C32811EAD188C20B6020A3,b8fab5edb21e6780bbafde5cd5b59d26,no,,0,2000-01-01 01:00:00,2016-05-01 00:28:44,95000/4700f06035c32811ead188c20b6020a3.jpg,,
28807373,Датчики и микро-ЭВМ,,,,Како Н.,1986,,,,58,58,Russian,256,ihtik,1,,,,,,,,,,,,0,,,,,,,0,2045893,djvu,D1A6504A0861C8870C3F1FFF28A1FBE9,5325353402d45b8ee134b496b762a159,no,,0,2000-01-01 01:00:00,2016-05-01 00:28:44,95000/d1a6504a0861c8870c3f1fff28a1fbe9.jpg,,
28807371,Элементарная теория устойчивости и бифуркаций,,,,"Йосс Ж., Джозеф Д.",1983,,,,300,300,Russian,125,ihtik,1,,,,517.91,22.161.6,,,,,,,300,,,,,,,0,2126678,djvu,70481AD3CFAE3178633705D6E2AA51C9,327c7f97fb5762bc17f41e2443bfd17f,no,,0,2000-01-01 01:00:00,2016-05-01 00:28:44,95000/70481ad3cfae3178633705d6e2aa51c9.jpg,,
28807369,Общая акустика,,,,Исакович М.А.,1973,,,,496,496,Russian,272,ihtik,1,,,,,,,,,,,,0,,,,,,,0,3763881,djvu,925CE7915869ED5D1F7DE151733E4F89,84811f68d0c4e7fe5ac4ad01d4e78a78,no,,0,2000-01-01 01:00:00,2016-05-01 00:28:44,95000/925ce7915869ed5d1f7de151733e4f89.jpg,,
28807370,Теплопередача,,,,Исаченко В.П.,1975,,,,486,486,Russian,242,ihtik,1,,,,,,,,,,,,0,,,,,,,0,4873156,djvu,D199EBD78804F886E800ED93540213E0,e341d02fde9c75132e382407d2839321,no,,0,2000-01-01 01:00:00,2016-05-01 00:28:44,95000/d199ebd78804f886e800ed93540213e0.jpg,,
28807367,Технология изготовления печатных плат,,,,Ильин В.А.,1984,,,,40,40,Russian,232,ihtik,1,,,,,,,,,,,,0,,,,,,,0,985226,djvu,B6FD01BC7B379DB2BEEE22244E5645FB,12598b5ca0994930de6a1e0c67a78e55,no,,0,2000-01-01 01:00:00,2016-05-01 00:28:44,95000/b6fd01bc7b379db2beee22244e5645fb.jpg,,
28807368,Бытовые акустические системы,,,,Иофе В.К.,1984,,,,95,95,Russian,272,ihtik,1,,,,,,,,,,,,0,,,,,,,0,1659674,djvu,402FB1A0BDD996935E1ECE5FA46E01D2,75b78f71e4376d9536ca1ed016a88912,no,,0,2000-01-01 01:00:00,2016-05-01 00:28:44,95000/402fb1a0bdd996935e1ece5fa46e01d2.jpg,,
28807366,Основы микроэлектроники,,,,Игумнов Д.В.,1991,,,,256,256,Russian,256,ihtik,1,,,,,,,,,,,,0,,,,,,,0,1662805,djvu,037A31F1A315D7E73710EAA9F2641EAD,81d4acdfc1fc355e83df554e7bfbe1ec,no,,0,2000-01-01 01:00:00,2016-05-01 00:28:44,95000/037a31f1a315d7e73710eaa9f2641ead.jpg,,
28807364,Рентгеновские трубки технического назначения,,,,Иванов С.А.,1989,,,,100,100,Russian,210,ihtik,1,,,,,,,,,,,,0,,,,,,,0,2346232,djvu,DC2CD1BA89F60E3A9C8A0FE6B08B24B2,6646230d8100d676d435b7e98ca5567c,no,,0,2000-01-01 01:00:00,2016-05-01 00:28:44,95000/DC2CD1BA89F60E3A9C8A0FE6B08B24B2-g.jpg,,
28807365,Справочник по слабо точным электрическим реле,,,,Игловский И.Г.,1990,,Энергоатомиздат,,560,560,Russian,,infanata,1,5-283-04465-3,,,,,,,,,OL1639833M,,0,,,,,,,0,6701051,djvu,5984366CF12DCDD1D19F92B98F148158,befba7e74c5ce9c5f8f40f7b68536df8,no,"N:\\natahaus\\2006\\2006-03\\25 03 2006\\Игловский И.Г., Владимиров Г.В. - Справочник по слаботочным электрическим реле. 3-е изд., перераб. и доп. - 1990.djvu",0,2000-01-01 01:00:00,2016-05-01 00:28:44,95000/5984366cf12dcdd1d19f92b98f148158.jpg,,5283044653
28807363,Полупроводниковые оптоэлектронные приборы,,,,Иванов В.И.,1984,,Энергоатомиздат,Москва,185,185,Russian,250,ihtik,1,,,,621.396.6:621.383(03),32.852,,,,,,,0,,,,,,,0,2555624,djvu,E6F0333DB6E2952B6F79AEA17FB063E1,2eae3cafb6af00277d6c84e1d64a64b0,no,,0,2000-01-01 01:00:00,2016-05-01 00:28:44,95000/e6f0333db6e2952b6f79aea17fb063e1.jpg,,
28807362,Электротехнические устройства радиосистем,,,,Иванов-Цыганов А.И.,1979,,,,303,303,Russian,210,ihtik,1,,,,,,,,,,,,0,,,,,,,0,3672695,djvu,5FD52B5F64FAC4E77EFD63AFEC747FE9,45c3f1947f2b82a5967038dcdea08dad,no,,0,2000-01-01 01:00:00,2016-05-01 00:28:44,95000/5fd52b5f64fac4e77efd63afec747fe9.jpg,,
28807361,Резисторы. Справочник,,,,Четвертков И. ,1991,,,,528,528,Russian,,ihtik,1,,,,,,,,,,,,0,,,,,,,0,7392824,djvu,0682F9901D66AD63665AE2BB76145FDF,d3c50773c3c8876518cf540892bc3135,no,,0,2000-01-01 01:00:00,2016-05-01 00:28:44,95000/0682f9901d66ad63665ae2bb76145fdf.jpg,,
28807359,Справочник по электрическим конденсаторам,,,,Четвертков И.И.,1983,,,,576,576,Russian,,ihtik,1,,,,,,,,,,,,0,,,,,,,0,7257910,djvu,31ACDE885C51C2F98AC6B4D868A879C0,41100d5e7f91b2baede82d8b6d7c3b15,no,,0,2000-01-01 01:00:00,2016-05-01 00:28:44,95000/31acde885c51c2f98ac6b4d868a879c0.jpg,,
28807360,Резисторы.Справочник,,,,Четвертков И. ,1981,,,,352,352,Russian,,ihtik,1,,,,,,,,,,,,0,,,,,,,0,5659813,djvu,F2DC3487A1E8C7B6403148F95763AF96,2ae32713cc365b3f287a43f0b1e6bc2e,no,,0,2000-01-01 01:00:00,2016-05-01 00:28:44,95000/f2dc3487a1e8c7b6403148f95763af96.jpg,,
28807358,Надёжность технических систем,,,,Ушаков И.А.,1985,,,,606,606,Russian,210,ihtik,1,,,,,,,,,,,,0,,,,,,,0,6419723,djvu,B6E48198CB79EE7973E2C085EF88C9E5,08e9f36576e60b94df4475bd6ff4a6a7,no,,0,2000-01-01 01:00:00,2016-05-01 00:28:44,95000/b6e48198cb79ee7973e2c085ef88c9e5.jpg,,
28807357,Справочник по цифровой схемотехнике,,,,Зубчук В.И.,1990,,,,449,449,Russian,210,ihtik,1,,,,,,,,,,,,0,,,,,,,0,5327746,djvu,2D1AFF4730385253E27D01B27170D797,8c1b7b4642afc4d6524786f6f172890e,no,,0,2000-01-01 01:00:00,2016-05-01 00:28:44,95000/2d1aff4730385253e27d01b27170d797.jpg,,
28807355,Теплообмен излучением,,,,Зигель Р.,1975,,,,469,469,Russian,242,ihtik,1,,,,,,,,,,,,0,,,,,,,0,9641675,djvu,9A8EF1920CDC6EBEED18588663707F20,af05748e5a60e64b75fa449ee92661f6,no,,0,2000-01-01 01:00:00,2016-05-01 00:28:44,95000/9a8ef1920cdc6ebeed18588663707f20.jpg,,
28807356,Сварочный аппарат своими руками,,,,Зубаль И.Д.,2003,,,,173,173,Russian,256,ihtik,1,,,,,,,,,,,,0,,,,,,,0,1405782,djvu,5598854BC23582B0DD3B34E96AC08EE7,10f32efe8be07baeedfd8f45b73603b0,no,,0,2000-01-01 01:00:00,2016-05-01 00:28:44,95000/5598854bc23582b0dd3b34e96ac08ee7.jpg,,
28807354,Основы теории цепей,,,,Зевеке Г.В.,1975,,,,753,753,Russian,256,ihtik,1,,,,,,,,,,,,0,,,,,,,0,7147609,djvu,AEC7C7C3B0EDF2A61A2ECF09804AA79E,22ca1a548313549a0afa06989746871a,no,,0,2000-01-01 01:00:00,2016-05-01 00:28:44,95000/aec7c7c3b0edf2a61a2ecf09804aa79e.jpg,,
28807353,Мощные полупроводниковые приборы. Тиристоры,,,,Замятин В.Я.,1987,,Радио и Связь,Москва,576,576,Russian,250,ihtik,1,,,,621.382.233.011.222.072.1(031),32.852,,,,,,,0,,,,,,,0,8452011,djvu,1F0B32AF039325B6129444C8F76ED1C2,76ae3681bca6a3379b35ad04f09f4752,no,,0,2000-01-01 01:00:00,2016-05-01 00:28:44,95000/1f0b32af039325b6129444c8f76ed1c2.jpg,,
28807351,Трансформаторы для электродуговой сварки,,,,Закс М.И.,1988,,,,70,70,Russian,232,ihtik,1,,,,,,,,,,,,0,,,,,,,0,1574215,djvu,84769F2FDA5A869B7A98122D3C7703C1,125bc0a298f27a46c59aba7220111807,no,,0,2000-01-01 01:00:00,2016-05-01 00:28:44,95000/84769f2fda5a869b7a98122d3c7703c1.jpg,,
28807352,Замечательные учёные,,,,Капица С.П.,1980,,,,191,191,Russian,256,ihtik,1,,,,,,,,,,,,0,,,,,,,0,3388936,djvu,61D731982A1F93AB864E40F6BAA22667,705ecf90f45f18bb172d57c4273c57fa,no,,0,2000-01-01 01:00:00,2016-05-01 00:28:44,95000/61d731982a1f93ab864e40f6baa22667.jpg,,
28807350,Коаксиальные кабели,,Массовая радиобиблиотека 0324,,"Загик С.Е., Капчинский Л.М.",1959,,Госэнергоиздат,,23,23,Russian,261,ihtik,1,,,,,,,,,,,,0,,,,,1,,0,748566,djvu,89D3AF6B2B1B36B8E8F3E4E3C3CCECF8,686f197b8f3af3ed40f3770898d431c2,no,,0,2000-01-01 01:00:00,2016-05-01 00:28:44,95000/89d3af6b2b1b36b8e8f3e4e3c3ccecf8.jpg,,
28807349,Обработка сигналов в адаптивных антенных решетках,,,,"Журавлев А.К., Лукошкин А.П.",1983,,,,239,239,Russian,118,ihtik,1,,,,,,,,,,,,0,,,,,,,0,2084307,djvu,DC7F937A1594417AD3E9FBB26CC365A2,7150215f324e6743b17f708a5683c8fd,no,,0,2000-01-01 01:00:00,2016-05-01 00:28:44,95000/dc7f937a1594417ad3e9fbb26cc365a2.jpg,,
28807347,Самодельные телевизионные антенны,,,,Жовна И.А.,1995,,,,32,32,Russian,256,ihtik,1,,,,,,,,,,,,0,,,,,,,0,517432,djvu,B340A45CBABB7C8893CA4C6445479E24,fd7291719cc80594b995b6be2960727b,no,,0,2000-01-01 01:00:00,2016-05-01 00:28:44,95000/b340a45cbabb7c8893ca4c6445479e24.jpg,,
28807348,Машиностроительные материалы,,,,Жуков А.А.,1967,,,,192,192,Russian,210,ihtik,1,,,,,,,,,,,,0,,,,,,,0,1513801,djvu,398A1B3CDAE430327D8CFF9409A2A283,39662d3d8a322b695f882c2d98d3748f,no,,0,2000-01-01 01:00:00,2016-05-01 00:28:44,95000/398a1b3cdae430327d8cff9409a2a283.jpg,,
28807346,Конструирование и технология печатных плат,,,,Жигалов А.Т.,1973,,,,213,213,Russian,210,ihtik,1,,,,,,,,,,,,0,,,,,,,0,3357035,djvu,77F7701D81522D56A877122BF0517BFF,72bf79b20a9291add5560705656d6efe,no,,0,2000-01-01 01:00:00,2016-05-01 00:28:44,95000/77f7701d81522d56a877122bf0517bff.jpg,,
28807344,Полупроводниковые знакосинтезирующие индикаторы,,,,Ермаков О.Н.,1990,,,,239,239,Russian,250,ihtik,1,,,,,,,,,,,,0,,,,,,,0,2742285,djvu,12D2BC3B3480990322A86F649843E50F,d26b2cf8ac0e6b5b5322f2ed60c86579,no,,0,2000-01-01 01:00:00,2016-05-01 00:28:44,95000/12d2bc3b3480990322a86f649843e50f.jpg,,
28807345,Insemnari postume 1914-1951,,,,Ludwig Wittgenstein,1995,,Humanitas,,178,178,Romanian,,,0,,,,,,,,,,,,0,,,,,,,0,1361385,djvu,77a2692757c5dc77749e0b4787b917f2,47b18f0487d7cfd52b145d37bc62301c,no,Ludwig Wittgenstein - Insemnari postume 1914-1951,0,2000-01-01 01:00:00,2016-05-01 00:28:44,881000/77a2692757c5dc77749e0b4787b917f2-g.jpg,,
28807343,Практические советы радиолюбителю,,,,Ерлыкин Л.А.,1965,,,,,0,Russian,256,ihtik,1,,,,,,,,,,,,0,,,,,1,,,3222528,doc,099E4852EB1891E50ACAF5D364B60D4C,ac0fdfc4c0c26f19e0323e4d24b1f885,no,,0,2000-01-01 01:00:00,2016-05-01 00:28:44,,,
28807342,Практические советы радиолюбителю,,,,Ерлыкин Л.А.,,,Военнздат,,,0,Russian,256,ihtik,1,,,,,,,,,,,,0,,,,,1,,,3278848,doc,3796BA4C779D57F54DAF8135A619F231,ac0fdfc4c0c26f19e0323e4d24b1f885,no,,0,2000-01-01 01:00:00,2016-05-01 00:28:44,,,
28807340,Динамика систем электропривода,,,,Егоров В.Н.,1983,,,,105,105,Russian,210,ihtik,1,,,,,,,,,,,,0,,,,,,,0,3834262,djvu,0F5F063BF1BB6CA2AF9A6B8DEB7AFACD,369ed3d479754f4e6b8e98290e51dc4e,no,,0,2000-01-01 01:00:00,2016-05-01 00:28:44,95000/0f5f063bf1bb6ca2af9a6b8deb7afacd.jpg,,
28807341,Verilog-инструмент разработки цифровых электронных схем,,,,Емец С.,,,,,13,13,Russian,256,ihtik,1,,,,,,,,,,,,0,,,,,,,0,242386,djvu,79E8669675BF6F32769853E5BEF0B9F6,051c236f3e375160967a1fa47c649231,no,,0,2000-01-01 01:00:00,2016-05-01 00:28:44,95000/79e8669675bf6f32769853e5bef0b9f6.jpg,,
28807339,Микроконтроллеры AVR семейств Tiny и Mega фирмы Atmel,,,,Евстифеев А.В.,2004,,,,280,280,Russian,254,ihtik,1,,,,,,,,,,,,0,,,,,,,0,6784033,djvu,AF1FE6E8C1EEAC4FE70F881C56BF1528,a2f13cec6d58d15d590328bccda04b6f,no,,0,2000-01-01 01:00:00,2016-05-01 00:28:44,95000/af1fe6e8c1eeac4fe70f881c56bf1528.jpg,,
28807337,Высшая арифметика,,,,Дэвенпорт Г.,1965,,,,176,176,Russian,256,ihtik,1,,,,,,,,,,,,0,,,,,,,0,797022,djvu,219A87D6E11DE3B54F1C06C6204D118E,bc69095ebf7b4c42d2a04b88be3cb92f,no,,0,2000-01-01 01:00:00,2016-05-01 00:28:44,95000/219a87d6e11de3b54f1c06c6204d118e.jpg,,
28807338,Симисторы и их применение в бытовой электроаппаратуре,,,,Евсеев Ю.А.,1990,,,,119,119,Russian,64,ihtik,1,,,,,,,,,,,,0,,,,,,,0,1150624,djvu,35604AA2EC3922B036E731C2A909DB39,5160429b64e480858f103dc03e0a31fb,no,,0,2000-01-01 01:00:00,2016-05-01 00:28:44,95000/35604aa2ec3922b036e731c2a909db39.jpg,,
28807336,Справочник по расчётам на микрокалькуляторах,,,,Дьяконов В.П.,1985,,,,224,224,Russian,,ihtik,1,,,,,,,,,,,,0,,,,,,,0,3190503,djvu,60A991E567BB52FAA6455937E4704F81,79d688d4546284b5a2400de23f59d14e,no,,0,2000-01-01 01:00:00,2016-05-01 00:28:44,95000/60a991e567bb52faa6455937e4704f81.jpg,,
28807334,Кварцевые генераторы,,,,Дьяков А.,,,,,12,12,Russian,256,ihtik,1,,,,,,,,,,,,0,,,,,,,0,280275,djvu,C48E1B044DA9F104E413133820878A8B,8ef7658c2e14e725e6340a76e62be2a6,no,,0,2000-01-01 01:00:00,2016-05-01 00:28:44,95000/c48e1b044da9f104e413133820878a8b.jpg,,
28807335,Типовые расчёты по электрооборудованию,,,,Дьяков В.И.,1991,,,,82,82,Russian,256,ihtik,1,,,,,,,,,,,,0,,,,,,,0,1606781,djvu,B2B095C9C4710D85CF9C1E09562C5DBA,3ba7191c883a0379e52811065da4644e,no,,0,2000-01-01 01:00:00,2016-05-01 00:28:44,95000/b2b095c9c4710d85cf9c1e09562c5dba.jpg,,
28807333,200 знаменитых головоломок мира,,,,Дьюдени Г.,1999,,,,351,351,Russian,146,ihtik,1,,,,,,,,,,,,0,,,,,,,0,3636665,djvu,DF1A0E41CCF5B840439D422C3085320A,9043393635cad9a74086a30deb6aba4e,no,,0,2000-01-01 01:00:00,2016-05-01 00:28:44,95000/df1a0e41ccf5b840439d422c3085320a.jpg,,
28807331,Применение ЭВМ для решения задач теплообмена,,,,Дульнев Г.Н.,1990,,,,103,103,Russian,113,ihtik,1,,,,,,,,,,,,0,,,,,,,0,1802787,djvu,19291AE58D130AA612DEEEBC427DB8B7,12f60ba910d88c56a8aeed06a8c3998c,no,,0,2000-01-01 01:00:00,2016-05-01 00:28:44,95000/19291ae58d130aa612deeebc427db8b7.jpg,,
28807332,Детали машин.Курсовое проектирование,,,,Дунаев П.Ф.,1984,,,,336,336,Russian,210,ihtik,1,,,,,,,,,,,,0,,,,,,,0,5365636,djvu,5B85DCE291EDD8D0D3E9E2AAE5D4EF3B,d73377f730ebfa36296f7f3388a7afb5,no,,0,2000-01-01 01:00:00,2016-05-01 00:28:44,95000/5b85dce291edd8d0d3e9e2aae5d4ef3b.jpg,,
28807330,Электробезопасность при эксплуатации электроустановок напряжением до 1000В,,,,Дулицкий Г.А.,1988,,,,127,127,Russian,210,ihtik,1,,,,,,,,,,,,0,,,,,,,0,1113487,djvu,D176C9E286D0AF4A8BC6ABDC130DB85D,d04152350fbac8eaa38975b39a1191ae,no,,0,2000-01-01 01:00:00,2016-05-01 00:28:44,95000/d176c9e286d0af4a8bc6abdc130db85d.jpg,,
28807328,Антенны,,,,Драбкин А.Л.,1992,,,,143,143,Russian,256,ihtik,1,,,,,,,,,,,,0,,,,,,,0,1741414,djvu,A0CA697FF75FC8C8A31F5B7B2ADD7EAF,8e319f312b15fa53f4846c20adf0cf81,no,,0,2000-01-01 01:00:00,2016-05-01 00:28:44,95000/a0ca697ff75fc8c8a31f5b7b2add7eaf.jpg,,
28807329,60 схем радиолюбительских устройств,,,,Дробница Н.А.,1988,,,,121,121,Russian,256,ihtik,1,,,,,,,,,,,,0,,,,,,,0,1985421,djvu,C4A2245CAE07175F00B36C0FFAB735D8,ad63c674b3a9d80a681c6a080ffe4433,no,,0,2000-01-01 01:00:00,2016-05-01 00:28:44,95000/c4a2245cae07175f00b36c0ffab735d8.jpg,,
28807327,Операционные усилители,,,,Достал И.,1982,,,,512,512,Russian,256,ihtik,1,,,,,,,,,,,,0,,,,,,,0,4381660,djvu,FA48A3FF06E4A1A2BA6FF07CC41E136A,7865d0104d6cd7e7444fd4175b4360b7,no,,0,2000-01-01 01:00:00,2016-05-01 00:28:44,95000/fa48a3ff06e4a1a2ba6ff07cc41e136a.jpg,,
28807326,"Сборник задач,вопросов и упражнений по радиоэлектронике",,,,Долженко О.В.,1986,,,,104,104,Russian,113,ihtik,1,,,,,,,,,,,,0,,,,,,,0,1119697,djvu,5F031DA57E6F30CB547A847EC39EF8E4,b62254a962d5507703dba4eab3cce6b4,no,,0,2000-01-01 01:00:00,2016-05-01 00:28:44,95000/5f031da57e6f30cb547a847ec39ef8e4.jpg,,
28807325,Справочник проектировщика электрических сетей и,,,,Диченко П.М.,,,,,708,708,Russian,,ihtik,1,,,,,,,,,,,,0,,,,,,,0,6759078,djvu,917226860B47EF93AFD3974B4124E758,fb9950af6667584adc76a84248019425,no,,0,2000-01-01 01:00:00,2016-05-01 00:28:44,95000/917226860b47ef93afd3974b4124e758.jpg,,
28807324,Полевые транзисторы на арсениде галлия. Принципы работы и технология,,,,"Ди Лоренцо Д.В., Канделуола Д.Д.(ред.)",,,,,500,500,Russian,250,ihtik,1,,,,,,,,,,,,0,,,,,,,0,5650479,djvu,59407B8A9BC7D4D2794B1070F5FE0A58,561133c0a961da8b7b683acbcf622397,no,,0,2000-01-01 01:00:00,2016-05-01 00:28:44,95000/59407b8a9bc7d4d2794b1070f5fe0a58.jpg,,
28807323,Справочник по активным фильтрам,,,,"Джонсон Д., и др.",1983,,,,128,128,Russian,,ihtik,1,,,,,,,,,,,,0,,,,,,,0,2206718,djvu,5982F927263619D1002ACAAED4007D77,db858264ffd0b90323060c9bdec8c949,no,,0,2000-01-01 01:00:00,2016-05-01 00:28:44,95000/5982f927263619d1002acaaed4007d77.jpg,,
28807322,Методы теории возмущений для нелинейных систем,,,,Джакалья Г.Е.,,,,,321,321,Russian,256,ihtik,1,,,,,,,,,,,,0,,,,,,,0,2745669,djvu,80213F51159BF85C6A488FBA1FB515C8,0067987df24e8b362501cbbacb985f14,no,,0,2000-01-01 01:00:00,2016-05-01 00:28:44,95000/80213f51159bf85c6a488fba1fb515c8.jpg,,
28807321,"Аналоговые интегральные схемы.Элементы,схемы,системы и применения",,,,Коннели Дж. ,1977,,,,438,438,Russian,250,ihtik,1,,,,,,,,,,,,0,,,,,,,0,4330331,djvu,3EC31515FFAC5347D52D0BFC8A591314,90c84fbf57b51d5fbe666da0b19fd355,no,,0,2000-01-01 01:00:00,2016-05-01 00:28:44,95000/3ec31515ffac5347d52d0bfc8a591314.jpg,,
28807320,Неполадки в работе асинхронного двигателя,,,,Деро А.Р.,1976,,,,96,96,Russian,256,ihtik,1,,,,,,,,,,,,0,,,,,,,0,806682,djvu,25A95569E89D9A37A7A71B86A9FBA44C,f9b0620be5c0f2aa862681dd371d15a3,no,,0,2000-01-01 01:00:00,2016-05-01 00:28:44,95000/25a95569e89d9a37a7a71b86a9fba44c.jpg,,
28807319,У истоков современной алгебры,,,,Демидов С.С.,1971,,,,32,32,Russian,114,ihtik,1,,,,,,,,,,,,0,,,,,,,0,746043,djvu,61F5B3172F014934208B03C2E4B2C06B,5263cb0f8bde3099de75cbb7c9b789f4,no,,0,2000-01-01 01:00:00,2016-05-01 00:28:44,95000/61f5b3172f014934208b03c2e4b2c06b.jpg,,
28807317,Дистанционное зондирование. Количественный подход,,,,"Дейвис Ш.М., и др.",,,,,392,392,Russian,256,ihtik,1,,,,,,,,,,,,0,,,,,,,0,5343763,djvu,4A37DDB49B54785DF3FFFFFB94BC046E,f1521265dedc1ce812a252e3c9ad7356,no,,0,2000-01-01 01:00:00,2016-05-01 00:28:44,95000/4a37ddb49b54785df3fffffb94bc046e.jpg,,
28807318,Как определить место повреждения в силовом кабеле,,Библиотека электромонтера 0032,,Дементьев В.С.,1960,1,Госэнергоиздат,Москва; Ленинград,48,48,Russian,261,publ.lib.ru,1,,,,,31.277.1,,,,,,,300,,,,,,,0,606567,djvu,F3EA78FC6343263376F4C0C467E663DB,b433990a7cb04b3dcdafaed9b58168a6,no,L:журналы!радио!библиотека электромонтераБиблиотека электромонтера 0032~Как определить место повреждения в силовом кабеле~1~2~3~~~Дементьев В.С.~~~М.-Л.~Госэнергоиздат~1960~.djvu,0,2000-01-01 01:00:00,2016-05-01 00:28:44,95000/f3ea78fc6343263376f4c0c467e663db.jpg,,
28807316,Основы метрологии и радиоизмерения,,,,Дворяшин А.В.,1993,,,,319,319,Russian,256,ihtik,1,,,,,,,,,,,,0,,,,,,,0,2140965,djvu,AB206C8731B97AF8364398F4864AFFCA,0c81a6d72852c0e4cb090d16cc65b809,no,,0,2000-01-01 01:00:00,2016-05-01 00:28:44,95000/ab206c8731b97af8364398f4864affca.jpg,,
28807314,Теория нелинейных электрических цепей,,,,Данилов Л.В.,1990,,,,256,256,Russian,261,ihtik,1,,,,,,,,,,,,0,,,,,,,0,1376487,djvu,0DFDF45DEDBA1490425F267F794FC7D0,682422153a5be703655e40a958dc28d4,no,,0,2000-01-01 01:00:00,2016-05-01 00:28:44,95000/0dfdf45dedba1490425f267f794fc7d0.jpg,,
28807315,Синтез нескольких алгоритмов сортировки (статья),,"Кибернетический сборник, новая серия, вып. 18, стр. 141-176",,Дарлингтон Д.,0,,,,36,36,Russian,256,ihtik,1,,,,,,,,,,,,0,,,,,,,1,324617,djvu,765D34E484CC4011EFAE93F0F35E4906,013CF8222B4D0961CA03F0A5FCEDC488,no,,0,2000-01-01 01:00:00,2016-05-01 00:28:44,95000/765d34e484cc4011efae93f0f35e4906.jpg,,
28807313,Отечественные и зарубежные схемы и приёмники.Схемы и ремонт,,,,Даниленко А.П.,,,,,209,209,Russian,256,ihtik,1,,,,,,,,,,,,0,,,,,,,0,3190960,djvu,4F4632E2119C2C7D0C1E3D193F940AFB,1213a5b0206f8f4cdfd17c4f6c0a0f91,no,,0,2000-01-01 01:00:00,2016-05-01 00:28:44,95000/4f4632e2119c2c7d0c1e3d193f940afb.jpg,,
28807312,CCTV. Библия охранного телевидения,,,,Дамьяновски В.,2002,,,,335,335,Russian,256,ihtik,1,,,,,,,,,,,,0,,,,,,,0,7390649,djvu,1E50BAC0F477511CCABB7D7AE46D797B,3beb6deefb4267d4660daa02534942f3,no,,0,2000-01-01 01:00:00,2016-05-01 00:28:44,95000/1e50bac0f477511ccabb7d7ae46d797b.jpg,,
28807311,"Биологическое действие,нормирование и защита от электромагнитных излучений",,,,Давыдов А.И.,1984,,,,88,88,Russian,287,ihtik,1,,,,,,,,,,,,0,,,,,,,0,2548930,djvu,CEB53FA527FE6A98F4675F15F4852BCF,4688d09d4b2be69528ddfd04d7607c9b,no,,0,2000-01-01 01:00:00,2016-05-01 00:28:44,95000/ceb53fa527fe6a98f4675f15f4852bcf.jpg,,
28807310,ЭМС РЭС и непреднамеренные помехи. Внутрисистемные помехи и методы их уменьшения,выпуск 2,,,Уайт Д.Р.,1978,,,,270,270,Russian,256,ihtik,1,,,,,,,,,,,,0,,,,,,,0,3131517,djvu,1D5DB7ED98314D9277B6E557910FA6DC,7a61cdcc09b03bdedc2bb7f075c2a008,no,,0,2000-01-01 01:00:00,2016-05-01 00:28:44,95000/1d5db7ed98314d9277b6e557910fa6dc.jpg,,
28807309,ЭМС РЭС и непреднамеренные помехи. Вып3.Измерение электромагнитных помех и измерительная аппаратура,,,,Уайт Д.Р.,1979,,,,464,464,Russian,287,ihtik,1,,,,,,,,,,,,0,,,,,,,0,5617681,djvu,626753E86D897F9B3BE179A281B1BC5E,3af96e9134479a76ba302e48f74ead18,no,,0,2000-01-01 01:00:00,2016-05-01 00:28:44,95000/626753e86d897f9b3be179a281b1bc5e.jpg,,
28807308,Полевые транзисторы на арсениде галлия,,,,Ди Лоренцо Д.В.,1988,,,,500,500,Russian,250,ihtik,1,,,,,,,,,,,,0,,,,,,,0,5740688,djvu,62C753D038C301BDF5757CABD34EC64E,852147372418bcc60de065acd60145d9,no,,0,2000-01-01 01:00:00,2016-05-01 00:28:44,95000/62c753d038c301bdf5757cabd34ec64e.jpg,,
28807307,ЭМС РЭС и непреднамеренные помехи. Общие вопросы ЭМС.Межсистемные помехи,выпуск 1 ,,,Уайт Д.Р.,1977,,,,347,347,Russian,256,ihtik,1,,,,,,,,,,,,0,,,,,,,0,4897571,djvu,D2C5AC6938687C1C873FB657D2D2679D,335789ad40c4f6da8d59cf9d368cca2f,no,,0,2000-01-01 01:00:00,2016-05-01 00:28:44,95000/d2c5ac6938687c1c873fb657d2d2679d.jpg,,
28807306,Математическая логика и теория алгоритмов,,,,Гуц  А.К.,2003,,Наследие. Диалог-Сибирь,,107,107,Russian,137,ihtik,1,,,,53:630.11,60,,,,,,,300,,,0,,,,0,474010,djvu,1F3E05478F046A6159B6D051E18357F9,52227d28e4ad238bee837fe9f06022ac,no,,0,2000-01-01 01:00:00,2016-05-01 00:28:44,95000/1f3e05478f046a6159b6d051e18357f9.jpg,,
28807305,Интегральная электроника в измерительных устройствах,,,,Гутников В.С.,1988,,Энергоатомиздат,,302,302,Russian,256,ihtik,1,,,,,,,,,,,,0,,,,,,,0,3206782,djvu,5CD240129B3B2036EAF05B7E7FCB8F78,dd139e21f0b0be9aefc049f0bd34957c,no,,0,2000-01-01 01:00:00,2016-05-01 00:28:44,95000/5cd240129b3b2036eaf05b7e7fcb8f78-d.jpg,,
28807304,Интегральная электроника в измерительных приборах,,,,Гутников В.С.,1974,,Энергия,,144,144,Russian,256,ihtik,1,,,,,,,,,,,,0,,,,,,,0,1377564,djvu,3508C15EC9AF8D170496750A638E5F15,13101402a94c96b963adbe19777dbc79,no,,0,2000-01-01 01:00:00,2016-05-01 00:28:44,95000/3508c15ec9af8d170496750a638e5f15-d.jpg,,
28807303,Программы для микропроцессоров,,,,"А. Л. Гуртовцев, С. В. Гудыменко",1989,,Вышэйшая школа,,352,352,Russian,254,infanata,1,5339002160,,,,,,,,,,,0,,,,,,,0,2823711,djvu,70935BE01B184C17ED6EDEC348D3B7C0,4e64ff5e5075d15c7489d9796671a5ef,no,"N:\\natahaus\\2007\\2007-10\\2007 10 17\\А. Л. Гуртовцев, С. В. Гудыменко -  Программы для микропроцессоров 1989.djvu",0,2000-01-01 01:00:00,2016-05-01 00:28:44,95000/70935be01b184c17ed6edec348d3b7c0.jpg,,5339002160
28807302,Электровакуумные приборы и основы их конструирования,,,,Гуртовник А.Г.,1988,,,,424,424,Russian,210,ihtik,1,,,,,,,,,,,,0,,,,,,,0,4397299,djvu,1F8685D44A18EC430EF882DFE9A88B62,a6458cbf35249d945e1e8e7f71daaed8,no,,0,2000-01-01 01:00:00,2016-05-01 00:28:44,95000/1f8685d44a18ec430ef882dfe9a88b62.jpg,,
28807301,Справочник по электронным приборам,,,,Гурлев Д.С.,1974,,,,512,512,Russian,250,ihtik,1,,,,,,,,,,,,0,,,,,,,0,7974368,djvu,5E5BF60957D68CE492CA0FEFD9CDEDDE,210053a64b4e4dd11ff731f5e49f5cbf,no,,0,2000-01-01 01:00:00,2016-05-01 00:28:44,95000/5e5bf60957d68ce492ca0fefd9cdedde.jpg,,
28807299,Защита ЭВМ от внешних помех,,,,Гурвич И.С.,1984,,,,223,223,Russian,256,ihtik,1,,,,,,,,,,,,0,,,,,,,0,1453613,djvu,2D5C9E4433DF686FFA36A54FBC0E665B,23871c69764e3fd73fdc10615ff557b7,no,,0,2000-01-01 01:00:00,2016-05-01 00:28:44,95000/2d5c9e4433df686ffa36a54fbc0e665b.jpg,,
28807300,Справочник по ионным приборам,,,,Гурлев Д.С.,1970,,,,177,177,Russian,,ihtik,1,,,,,,,,,,,,0,,,,,,,0,2355926,djvu,CE60F50F6D36F6EC19D16A7B32FBE962,c9bf487502b3fa228e106326e842be67,no,,0,2000-01-01 01:00:00,2016-05-01 00:28:44,95000/ce60f50f6d36f6ec19d16a7b32fbe962.jpg,,
28807298,Аппаратные средства IBM PC,,,,Гук М.,2006,,,,1072,1072,Russian,256,ihtik,1,,,,,,,,,,,,0,,,,,,,0,7727292,djvu,3C659C569DA5B6BE0F548C8F5C4B85AE,cff4a056d7a7b1e6e73cda7881bf2792,no,,0,2000-01-01 01:00:00,2016-05-01 00:28:44,95000/3c659c569da5b6be0f548c8f5c4b85ae.jpg,,
28807297,Введение в разработку и анализ алгоритмов,,,,Гудман С.,1981,,,,364,364,Russian,256,ihtik,1,,,,,,,,,,,,0,,,,,,,0,3792449,djvu,EF3AA1DFD2BD3EE75DAAAFA258BAD623,d4559c5096c544e779820c83bbbc3e5c,no,,0,2000-01-01 01:00:00,2016-05-01 00:28:44,95000/ef3aa1dfd2bd3ee75daaafa258bad623.jpg,,
28807296,О некоторых вопросах гомологической алгебры,,Библиотека сборника Математика,,Гротендик А.,1961,,Издательство иностранной литературы, М.:,87,87,Russian,114,infanata,1,,,,,,,,,,,,0,,,,,,,0,1164349,djvu,E05761E00E023EF9B6D8882D4BD3E8D1,db1225025bdf8b01af1d8fd7e3a748cb,no,N:\\natahaus\\2009\\2009-01\\О некоторых вопросах гомологической алгебры.-- Гротендик А.[1146106654].djvu,0,2000-01-01 01:00:00,2016-05-01 00:28:44,95000/e05761e00e023ef9b6d8882d4bd3e8d1.jpg,,
28807295,"Оптические кабели.Конструкции,характеристики,производство и применение",,,,Гроднев И.И.,1991,,,,263,263,Russian,210,ihtik,1,,,,,,,,,,,,0,,,,,,,0,2721343,djvu,497D4D070E254F28CD8809DE71C55B6D,44d1d73fbeaf3da5fa41aa3f57e27e3e,no,,0,2000-01-01 01:00:00,2016-05-01 00:28:44,95000/497d4d070e254f28cd8809de71c55b6d.jpg,,
28807294,Микропроцессоры в радиотехнических системах,,,,"Гришин Ю. П., Казаринов Ю. М., Катиков В. М.",1982,,Радио и связь,,279,279,Russian,210,infanata,1,,,,,,,,,,,,0,,,,,,,0,2416816,djvu,B98E120ED3F9DEB50544C38C2A721A60,f0d239be728cec43ea4b6379afe3a933,no,"N:\\natahaus\\2009\\2009-01\\Микропроцессоры в радиотехнических системах.-- Гришин Ю. П., Казаринов Ю. М., Катиков В. М.[1146106795].djvu",0,2000-01-01 01:00:00,2016-05-01 00:28:44,95000/b98e120ed3f9deb50544c38c2a721a60.jpg,,
28807293,Полупроводниковые лазеры,,,,Грибковский В.П.,1988,,,,150,150,Russian,264,ihtik,1,,,,,,,,,,,,0,,,,,,,0,2888657,djvu,345CBB3D22BF6C9DFD8E6854E37987B7,823155fd039ba450af18d9182d78e047,no,,0,2000-01-01 01:00:00,2016-05-01 00:28:44,95000/345cbb3d22bf6c9dfd8e6854e37987b7.jpg,,
28807292,Измерения в высокоомных цепях,,,,Грибанов Ю.И.,1967,,,,127,127,Russian,256,ihtik,1,,,,,,,,,,,,0,,,,,,,0,1400194,djvu,1978209BA39504F4170A7D9AB48C3C32,74e628e936edf23ae82c964249c9ac35,no,,0,2000-01-01 01:00:00,2016-05-01 00:28:44,95000/1978209ba39504f4170a7d9ab48c3c32.jpg,,
28807291,Проектирование аналоговых интегральных схем,,,,Гребен А.Б.,1976,,,,256,256,Russian,210,ihtik,1,,,,,,,,,,,,0,,,,,,,0,4399316,djvu,A04F1ACDBF0E0317F3ABFCD6DDE3F616,be821725bd5708aaa349a967892c2368,no,,0,2000-01-01 01:00:00,2016-05-01 00:28:44,95000/a04f1acdbf0e0317f3abfcd6dde3f616.jpg,,
28807290,Справочник регулировщика радиоэлектронной аппаратуры,,,,Готра З.Ю.,1987,,,,184,184,Russian,256,ihtik,1,,,,,,,,,,,,0,,,,,,,0,1482088,djvu,CC711B095F4FCF2B86CD839E34CA7CC7,405f9883811d0704a6f991b7ca4e9157,no,,0,2000-01-01 01:00:00,2016-05-01 00:28:44,95000/cc711b095f4fcf2b86cd839e34ca7cc7.jpg,,
28807289,Индикаторные устройства на жидких кристалах,,,,Готра З.Ю.,1980,,,,239,239,Russian,256,ihtik,1,,,,,,,,,,,,0,,,,,,,0,2594835,djvu,A8B27C2C3A2D22828E4C07ED1FD287AA,5d6f47e9f753404306fa820282571c84,no,,0,2000-01-01 01:00:00,2016-05-01 00:28:44,95000/a8b27c2c3a2d22828e4c07ed1fd287aa.jpg,,
28807288,Системы управления с цифровыми регуляторами,,,,Гостев В.И.,1990,,,,280,280,Russian,6,ihtik,1,,,,,,,,,,,,0,,,,,,,0,3585440,djvu,BCBCF6CB06926070E4D31CB65F61CCFA,aa7395187eaeb02f8b3fc950473325fe,no,,0,2000-01-01 01:00:00,2016-05-01 00:28:44,95000/bcbcf6cb06926070e4d31cb65f61ccfa.jpg,,
28807286,Элементы радиоэлектронных устройств. Справочник,,,,Горошков А.И.,,,,,177,177,Russian,256,ihtik,1,,,,,,,,,,,,0,,,,,,,0,7498703,djvu,950307DDC1051E15FC331088D759874F,1fc4bda11ee5528dbc32fef6a16bcda8,no,,0,2000-01-01 01:00:00,2016-05-01 00:28:44,95000/950307ddc1051e15fc331088d759874f.jpg,,
28807287,Конденсаторы (справочник),,,,Горячева Г.А.,1984,,,,89,89,Russian,,ihtik,1,,,,,,,,,,,,0,,,,,,,0,1392726,djvu,7D533E81AC5916BE508ED3235CE50666,632df126cbc1b890c5d73709474b9ec3,no,,0,2000-01-01 01:00:00,2016-05-01 00:28:44,95000/7d533e81ac5916be508ed3235ce50666.jpg,,
28807285,Справочник по конструированию радиоэлектронной аппаратуры (печатные узлы),,,,Горобец А.И.,1985,,,,311,311,Russian,210,ihtik,1,,,,,,,,,,,,0,,,,,,,0,4738901,djvu,EE4AB54CE799476A1F11B07F75C78B41,48ebca3ae902ec62d14b7f4886a76545,no,,0,2000-01-01 01:00:00,2016-05-01 00:28:44,95000/ee4ab54ce799476a1f11b07f75c78b41.jpg,,
28807284,Промышленная электроника,,,,Горбачёв Г.Н.,1988,,,,320,320,Russian,210,ihtik,1,,,,,,,,,,,,0,,,,,,,0,3474421,djvu,7A1EBD9CBB55D731324FEDC230CEC8B9,c2115ac1b6d4343c3516cad56fb5999c,no,,0,2000-01-01 01:00:00,2016-05-01 00:28:44,95000/7a1ebd9cbb55d731324fedc230cec8b9.jpg,,
28807283,Радиотехнические цепи и сигналы,,,,Гоноровский И.С.,1986,,,,512,512,Russian,210,ihtik,1,,,,,,,,,,,,0,,,,,,,0,5145846,djvu,D65B35DF284A492A8F401D253EFD013B,1da3aa19127412d2e532c13f555bc904,no,,0,2000-01-01 01:00:00,2016-05-01 00:28:44,95000/d65b35df284a492a8f401d253efd013b.jpg,,
28807282,Справочник энергетика промышленных предприятий,,,,Гольстрем В.А.,1977,,,,462,462,Russian,210,ihtik,1,,,,,,,,,,,,0,,,,,,,0,5529496,djvu,CEB3D637F2A5C5428F2156F094577DD5,d0538c7de8671c96f46ec41dc711e478,no,,0,2000-01-01 01:00:00,2016-05-01 00:28:44,95000/ceb3d637f2a5c5428f2156f094577dd5.jpg,,
28807281,Системы коммутации,,,,Гольдштейн А.С.,2003,,,,317,317,Russian,256,ihtik,1,,,,,,,,,,,,0,,,,,,,0,2471261,djvu,9838651589331CAD58F1A46233C03E9D,13bddc5b39fbbe4060d34eee452e6b16,no,,0,2000-01-01 01:00:00,2016-05-01 00:28:44,95000/9838651589331cad58f1a46233c03e9d.jpg,,
28807280,Интеллектуальные сети,,,,Гольдштейн А.С.,2000,,,,501,501,Russian,256,ihtik,1,,,,,,,,,,,,0,,,,,,,0,2183366,djvu,9B422716B3AED19C11F369000C01EF51,bfeb79c3e9d0ec5e82a77d65855d5e1f,no,,0,2000-01-01 01:00:00,2016-05-01 00:28:44,95000/9b422716b3aed19c11f369000c01ef51.jpg,,
28807278,Импульсные и цифровые устройства,,,,Гольденберг Л.М.,1973,,,,495,495,Russian,256,ihtik,1,,,,,,,,,,,,0,,,,,,,0,5180695,djvu,6BD0E0CC4FE4B07D6BED2CF294F2F791,9c81779d1cf38d298046be362b51271a,no,,0,2000-01-01 01:00:00,2016-05-01 00:28:44,95000/6bd0e0cc4fe4b07d6bed2cf294f2f791.jpg,,
28807279,"АТС,МГТС и как это работает",,,,Гольдштейн А.С.,,,,,510,510,Russian,256,ihtik,1,,,,,,,,,,,,0,,,,,,,0,4621419,djvu,C43A46CE41E9525035214FF703630C75,90d59c70734f1e111baa9c4a490b61dd,no,,0,2000-01-01 01:00:00,2016-05-01 00:28:44,95000/c43a46ce41e9525035214ff703630c75.jpg,,
28807277,Микроконтроллеры AVR.От простого к сложному,,,,Голубцов М.С.,2003,,,,286,286,Russian,254,ihtik,1,,,,,,,,,,,,0,,,,,,,0,2590229,djvu,74949AA23CFFB06CBBC3EC1AD057B9C3,f1d3a659a0ad81e71062f05dc30af918,no,,0,2000-01-01 01:00:00,2016-05-01 00:28:44,95000/74949aa23cffb06cbbc3ec1ad057b9c3.jpg,,
28807275,Технология термической обработки металлов с применением индукционного нагрева,,,,Головин Г.Ф.,1990,,,,43,43,Russian,221,ihtik,1,,,,,,,,,,,,0,,,,,,,0,934312,djvu,65A58FDC542BF1BD44FFC174FCF7FE28,9db3b5937f6413016a176b427f6ffd23,no,,0,2000-01-01 01:00:00,2016-05-01 00:28:44,95000/65a58fdc542bf1bd44ffc174fcf7fe28.jpg,,
28807276,Защита вторичных цепей от коротких замыканий,,,,Голубев М.Л.,1982,,,,42,42,Russian,256,ihtik,1,,,,,,,,,,,,0,,,,,,,0,815740,djvu,BF922FE4FE3EC7DD55F8EC60AC30786A,41c50c07d9562b9d727affe1735e08b5,no,,0,2000-01-01 01:00:00,2016-05-01 00:28:44,95000/bf922fe4fe3ec7dd55f8ec60ac30786a.jpg,,
28807274,Высокочастотная термическая обработка,,,,Головин Г.Ф.,1990,,,,120,120,Russian,256,ihtik,1,,,,,,,,,,,,0,,,,,,,0,3500598,djvu,13FFD758E18A4F57F8C4307A84940E9D,cc012aea27e95b9baea5f134ff017f0e,no,,0,2000-01-01 01:00:00,2016-05-01 00:28:44,95000/13ffd758e18a4f57f8c4307a84940e9d.jpg,,
28807273,Дифференциальные защиты трансформаторов с реле типа ДЗТ-21 (ДЗТ-23),,,,Голанцов Е.Б.,1990,,,,45,45,Russian,256,ihtik,1,,,,,,,,,,,,0,,,,,,,0,664838,djvu,5C337038AD9C711AFFCC7497C6B81DAF,cd3a0db1d7f51c742bc5ce038cebbdfb,no,,0,2000-01-01 01:00:00,2016-05-01 00:28:44,95000/5c337038ad9c711affcc7497c6b81daf.jpg,,
28807272,Справочник по цифроаналоговым и аналогоцифровым преобразователям,,,,Гнатек Ю.Р.,1982,,Радио и связь,,552,552,Russian,,ihtik,1,,,,,,,,,,,,0,,,,,,,0,7776649,djvu,7F861B2FC9C71C39A947D99740E5B25D,986aba9e736627aca3f52af6286854c0,no,,0,2000-01-01 01:00:00,2016-05-01 00:28:44,95000/7f861b2fc9c71c39a947d99740e5b25d-d.jpg,,
28807270,Магнитная запись сигналов,,,,Гитлиц М.В.,1981,,,,160,160,Russian,287,ihtik,1,,,,,,,,,,,,0,,,,,,,0,2048098,djvu,7F9E16BC92C5A0A4302154189593C001,13d8cf3b71be8dd8e1a7a31551fa9b3d,no,,0,2000-01-01 01:00:00,2016-05-01 00:28:44,95000/7f9e16bc92c5a0a4302154189593c001.jpg,,
28807271,Газовая сварка и резка металлов,,,,Глизманенко Д.Л.,1969,,,,154,154,Russian,221,ihtik,1,,,,,,,,,,,,0,,,,,,,0,2669788,djvu,ADC36B9A0B194D963F87146F62E76619,2e011a0a8e99355600cd6e8c8e7c0d4c,no,,0,2000-01-01 01:00:00,2016-05-01 00:28:44,95000/adc36b9a0b194d963f87146f62e76619.jpg,,
28807269,С микрокалькулятором в руках,,В мире науки и техники,,Гильде В.,1987,,Мир,,214,214,Russian,256,ihtik,1,,,,,,,,,,,,0,,,,,,,0,1581020,djvu,2B6C2D0E0D21A78AE874CF83AE1EC6F7,f6f0ac7c727cc79da34ff979c9407ee4,no,,0,2000-01-01 01:00:00,2016-05-01 00:28:44,95000/2b6c2d0e0d21a78ae874cf83ae1ec6f7.jpg,,
28807268,Основы электроники,,,,Гершунский А.С.,1977,,,,342,342,Russian,256,ihtik,1,,,,,,,,,,,,0,,,,,,,0,4873522,djvu,816B64F25E9A1E472C112A99D3FFA092,b03592de633bf4bfa8abbf052cc757e2,no,,0,2000-01-01 01:00:00,2016-05-01 00:28:44,95000/816b64f25e9a1e472c112a99d3ffa092.jpg,,
28807267,Справочник по электронно-лучевым трубкам,,,,Герасимович М.В.,1986,,,,175,175,Russian,250,ihtik,1,,,,,,,,,,,,0,,,,,,,0,2554431,djvu,36B5406B41E42CAC1609E1B8866E546F,73e289fffa1392d0ba4ae0a942740104,no,,0,2000-01-01 01:00:00,2016-05-01 00:28:44,95000/36b5406b41e42cac1609e1b8866e546f.jpg,,
28807265,Всё о резисторах,,,,Гендин Г.С.,,,,,198,198,Russian,250,ihtik,1,,,,,,,,,,,,0,,,,,,,0,2028620,djvu,0EEE656FD089EF1CDA2FDC38DF0F5C84,5717573b65a053791000407be23cec50,no,,0,2000-01-01 01:00:00,2016-05-01 00:28:44,95000/0eee656fd089ef1cda2fdc38df0f5c84.jpg,,
28807266,Довiдник з електронно-променевих приладiв,,,,Герасимович М.В.,1991,,,,238,238,Russian,256,ihtik,1,,,,,,,,,,,,0,,,,,,,0,3067442,djvu,F595FB9BD63ED3D814BF5C592C548CD1,d4de8cd4989634e68e3ab42ca0668ffa,no,,0,2000-01-01 01:00:00,2016-05-01 00:28:44,95000/f595fb9bd63ed3d814bf5c592c548cd1.jpg,,
28807264,Конструирование радиоэлектронной аппаратуры,,,,Гелль П.П.,1972,,,,231,231,Russian,210,ihtik,1,,,,,,,,,,,,0,,,,,,,0,5124435,djvu,F675C881B1D5E2A5F9E6E213914F7A06,00dc9f197c3f35f6bce068530e73843f,no,,0,2000-01-01 01:00:00,2016-05-01 00:28:44,95000/f675c881b1d5e2a5f9e6e213914f7a06.jpg,,
28807263,Введение в электронику.Практический подход,,,,Гейтс Э.Д.,1998,,,,637,637,Russian,256,ihtik,1,,,,,,,,,,,,0,,,,,,,0,4757282,djvu,00BA5B316D218C247C5FC8DE6894AB94,6eec10a9fe40089c721e1520553f1c97,no,,0,2000-01-01 01:00:00,2016-05-01 00:28:44,95000/00ba5b316d218c247c5fc8de6894ab94.jpg,,
28807262,Объемные интегральные схемы СВЧ - элементная база аналоговой и цифровой радиоэлектроники,,Проблемы науки и технического прогресса,,"Гвоздев В.И., Нефёдов Е.И.",1987,,Наука. Главная редакция физико-математической литературы,М.,112,112,Russian,250,ihtik,1,,,,,,,,,,,"Scan, Djvuing: ???, предоставил: Dmitry7, 2010",0,,,,,,,0,1077202,djvu,C71300EEA51F95989B4B73A1E5DAA0AD,d425f75183a0aa50ee011e3d815ee52b,no,,0,2000-01-01 01:00:00,2016-05-01 00:28:44,95000/c71300eea51f95989b4b73a1e5daa0ad.jpg,,
28807261,Оптические системы связи,,,,Гауэр Дж.,1989,,,,501,501,Russian,260,ihtik,1,,,,,,,,,,,,0,,,,,,,0,5348353,djvu,F7C989349D7AAAA4C129EF527E0B7BAA,7ad86a9670a6d0c5eb136b6b470b4041,no,,0,2000-01-01 01:00:00,2016-05-01 00:28:44,95000/f7c989349d7aaaa4c129ef527e0b7baa.jpg,,
28807260,Практическая схемотехника в промышленной автоматике,,,,Гальперин М.В.,1987,,,,320,320,Russian,210,ihtik,1,,,,,,,,,,,,0,,,,,,,0,3246140,djvu,729F2820E3E223F57CAA60AD65C15401,89be613e11a1b81aa86d83f10ad14bd5,no,,0,2000-01-01 01:00:00,2016-05-01 00:28:44,95000/729f2820e3e223f57caa60ad65c15401.jpg,,
28807258,Мобильные телефоны и ПК,,,,Гелль П.П.,2004,,,,226,226,Russian,69,ihtik,1,,,,,,,,,,,,0,,,,,,,0,5414929,djvu,8F41B45B3570CA40E2ADD3A5BDB77027,999252d242e4b1988a8ecf6ad57f1ea7,no,,0,2000-01-01 01:00:00,2016-05-01 00:28:44,95000/8f41b45b3570ca40e2add3a5bdb77027.jpg,,
28807259,Полупроводниковые приборы,,,,Галкин В.И.,1987,,,,287,287,Russian,250,ihtik,1,,,,,,,,,,,,0,,,,,,,0,4951577,djvu,301ED4F6EAB42753BED543291E481F0C,17b49a862c736e8ea4ad5f1ac9ef726e,no,,0,2000-01-01 01:00:00,2016-05-01 00:28:44,95000/301ed4f6eab42753bed543291e481f0c.jpg,,
28807257,Как превратить персональный компьютер в измерительный комплекс,,,,Гелль П.П.,1999,,,,140,140,Russian,256,ihtik,1,,,,,,,,,,,,0,,,,,,,0,1678215,djvu,34CD84B37E5DD8AA4A7542A676861D92,9fc5eed883dc4df3e3a344aa910494d5,no,,0,2000-01-01 01:00:00,2016-05-01 00:28:44,95000/34cd84b37e5dd8aa4a7542a676861d92.jpg,,
28807256,Источники электропитания радиоэлектронной аппаратуры,,,,Найвельт Г.С.,1985,,,,576,576,Russian,256,ihtik,1,,,,,,,,,,,,0,,,,,,,0,7724765,djvu,CD81045E2C4CF8F862D8EC1B4355875B,7c3d5287ae90f1a17adb24fc7c407696,no,,0,2000-01-01 01:00:00,2016-05-01 00:28:44,95000/cd81045e2c4cf8f862d8ec1b4355875b.jpg,,
28807255,Электрические конденсаторы и конденсаторные установки,,,,Кучинский Г.С.,1987,,,,656,656,Russian,256,ihtik,1,,,,,,,,,,,,0,,,,,,,0,5952038,djvu,3647B05CD228A25936C46EA93827427F,20af443ef624ace4a1c7e5c7082a348a,no,,0,2000-01-01 01:00:00,2016-05-01 00:28:44,95000/3647b05cd228a25936c46ea93827427f.jpg,,
28807254,Микроэлектронные устройства СВЧ,,,,Веселов Г.И.,1988,,,,138,138,Russian,250,ihtik,1,,,,,,,,,,,,0,,,,,,,0,2966089,djvu,70A43F28DD48D8D17AB8E9D0446C1B6C,486f4a534efac31cf22c0eb4da3b507b,no,,0,2000-01-01 01:00:00,2016-05-01 00:28:44,95000/70a43f28dd48d8d17ab8e9d0446c1b6c.jpg,,
28807253,Микроэлектронные устройства СВЧ,,,,Веселов Г.И.,1988,,,,138,138,Russian,250,ihtik,1,,,,,,,,,,,,0,,,,,,,0,2966085,djvu,00228A63019D68D852FF1C591B8E1698,468c6897cddbf5de91996d03dc64a78c,no,,0,2000-01-01 01:00:00,2016-05-01 00:28:44,95000/00228a63019d68d852ff1c591b8e1698.jpg,,
28807251,Справочник по аналоговой вычислительной технике,,,,Пухов Г.Е.,1975,,,,431,431,Russian,120,ihtik,1,,,,,,,,,,,,0,,,,,,,0,5187646,djvu,BDF5EAD00716EF653ACD57ED1A78B7C1,b61af9f8b34cd5a7e1bea6ca3e026460,no,,0,2000-01-01 01:00:00,2016-05-01 00:28:44,95000/BDF5EAD00716EF653ACD57ED1A78B7C1-g.jpg,,
28807252,Проектирование кабельных сетей и проводок,,,,Хромченко Г.Е.,1980,,,,383,383,Russian,210,ihtik,1,,,,,,,,,,,,0,,,,,,,0,4272712,djvu,2D3FA048F39BCF4B356C40E9F5B9A9B6,51aba36446b4d9357711576ea64ffc24,no,,0,2000-01-01 01:00:00,2016-05-01 00:28:44,95000/2d3fa048f39bcf4b356c40e9f5b9a9b6.jpg,,
28807250,"Микропроцессоры,микроЭВМ и их применение для автоматизации машин,оборудования и приборов",,,,Костикова Г.А.,1988,,,,192,192,Russian,210,ihtik,1,,,,,,,,,,,,0,,,,,,,0,1600231,djvu,C62228917E7DCD869375887EE15346C3,73ebbeafd460046557eb4bc38bafc76e,no,,0,2000-01-01 01:00:00,2016-05-01 00:28:44,95000/c62228917e7dcd869375887ee15346c3.jpg,,
28807249,Знакосинтезирующие индикаторы,,,,Вуколов Н.И.,1987,,,,592,592,Russian,256,ihtik,1,,,,,,,,,,,,0,,,,,,,0,6335186,djvu,00F164B37B4F89F4AB7D59AC773EF07D,493f8b530b3b4086b7d6e5bf6a3ebf71,no,,0,2000-01-01 01:00:00,2016-05-01 00:28:44,95000/00f164b37b4f89f4ab7d59ac773ef07d.jpg,,
28807248,Силовые резисторы,,,,Врублевский Л.Е.,1991,,,,256,256,Russian,250,ihtik,1,,,,,,,,,,,,0,,,,,,,0,2744044,djvu,86130274658BFE21C83D03A6968CCA0F,36b4fa16f1a12d0ac5745a44f12c5bcb,no,,0,2000-01-01 01:00:00,2016-05-01 00:28:44,95000/86130274658bfe21c83d03a6968cca0f.jpg,,
28807247,Введение в систему Математика,,,,Воробьёв Е.М.,,,,,261,261,Russian,113,ihtik,1,,,,,,,,,,,,0,,,,,,,0,1679732,djvu,C024B1CD47DABE756210D09FC3877DC3,f89a37e0712ca0dcd0addc56fe3f7af1,no,,0,2000-01-01 01:00:00,2016-05-01 00:28:44,95000/c024b1cd47dabe756210d09fc3877dc3.jpg,,
28807246,Электроснабжение компьютерных и телекоммуникационных систем,,,,Воробьёв А.Ю.,2003,,,,280,280,Russian,260,ihtik,1,,,,,,,,,,,,0,,,,,,,0,3471406,djvu,437B946BA0F63A5770FAEAA4F389209A,eb8dd8b075707ec15e9d5bef099d9664,no,,0,2000-01-01 01:00:00,2016-05-01 00:28:44,95000/437b946ba0f63a5770faeaa4f389209a.jpg,,
28807245,Электронные музыкальные инструменты,,,,Володин А.А.,1970,,,,144,144,Russian,256,ihtik,1,,,,,,,,,,,,0,,,,,,,0,1728159,djvu,99C1FB3AC1BEF4E42EB87602F919E36D,ac6c60ed861a6f6be7d87c182333cdc9,no,,0,2000-01-01 01:00:00,2016-05-01 00:28:44,95000/99c1fb3ac1bef4e42eb87602f919e36d.jpg,,
28807244,Расчёт и конструирование ультрозвуковых сварочных машин,,,,Волков С.С.,1974,,,,53,53,Russian,210,ihtik,1,,,,,,,,,,,,0,,,,,,,0,2394981,djvu,ABF5D2115A1F0CD0AB29E710FA6A5BE0,cba5a809a83d5682ef7c3888b417e9ac,no,,0,2000-01-01 01:00:00,2016-05-01 00:28:44,95000/abf5d2115a1f0cd0ab29e710fa6a5be0.jpg,,
28807243,Подавление внешних паразитных связей в усилителях,,,,Волин М.Л.,1976,,,,28,28,Russian,256,ihtik,1,,,,,,,,,,,,0,,,,,,,0,1327477,djvu,C05B9BE0F69F5E8706ADF00B551BFA58,91781cf87744633bd0ad960ecf08c35a,no,,0,2000-01-01 01:00:00,2016-05-01 00:28:44,95000/c05b9be0f69f5e8706adf00b551bfa58.jpg,,
28807242,Паразитные процессы в радиоэлектронной аппаратуре,,,,Волин М.Л.,1981,,,,296,296,Russian,256,ihtik,1,,,,,,,,,,,,0,,,,,,,0,2973485,djvu,31584AEF33E2440A5B46596BA1E0C0F1,07e7d90d1d45fbf631a2b51edb9cc5a7,no,,0,2000-01-01 01:00:00,2016-05-01 00:28:44,95000/31584aef33e2440a5b46596ba1e0c0f1.jpg,,
28807241,Теоретические основы проектирования компьютерных сетей,,,,Вишневский В.М.,2003,,,,506,506,Russian,210,ihtik,1,,,,,,,,,,,,0,,,,,,,0,2538846,djvu,627136A635ACB69D06D7D72AAE77CB6D,570e87df125478bef6e26000d4783261,no,,0,2000-01-01 01:00:00,2016-05-01 00:28:44,95000/627136a635acb69d06d7d72aae77cb6d.jpg,,
28807240,Предпусковые и профилактические испытания электрооборудования строительных площадок,,,,Вишневецкий Л.М.,1974,,,,158,158,Russian,256,ihtik,1,,,,,,,,,,,,0,,,,,,,0,1490253,djvu,EDE42A2B3F0D467E5830B039964FB5E3,963a27806b8e8864e946acb8666d1916,no,,0,2000-01-01 01:00:00,2016-05-01 00:28:44,95000/ede42a2b3f0d467e5830b039964fb5e3.jpg,,
28807239,Принципы когерентной связи,,,,Витерби Э.Д.,1966,,,,391,391,Russian,260,ihtik,1,,,,,,,,,,,,0,,,,,,,0,2715221,djvu,BD6A61DFB01D6355CF28B5526C735900,ede5ce9b8d3cb289756d5043839dfdb8,no,,0,2000-01-01 01:00:00,2016-05-01 00:28:44,95000/bd6a61dfb01d6355cf28b5526c735900.jpg,,
28807238,Алгоритмы+структуры данных=программы,,Математическое обеспечение ЭВМ,,Вирт Н.,1985,,МИР,,405,405,Russian,71,ihtik,1,,,,,,,,,,,,0,,,,,,,0,5050757,djvu,5E7C684A83C54A3495B6E7B3CA099409,73353b17c984d92172e5151656af80fa,no,,0,2000-01-01 01:00:00,2016-05-01 00:28:44,95000/5e7c684a83c54a3495b6e7b3ca099409.jpg,,
28807237,Электрорадиоизмерения,,,,Винокуров В.И.,1986,,,,353,353,Russian,256,ihtik,1,,,,,,,,,,,,0,,,,,,,0,4221127,djvu,9F68C7CC89AA7858DD620DD427317FA2,461b306a2c1c3a041d19af803a3c92e4,no,,0,2000-01-01 01:00:00,2016-05-01 00:28:44,95000/9f68c7cc89aa7858dd620dd427317fa2.jpg,,
28807236,Как самому рассчитать и сделать электродвигатель,,,,Виноградов Н.В.,1974,,,,84,84,Russian,261,ihtik,1,,,,,,,,,,,,0,,,,,,,0,2026850,djvu,1F69FF6E7F0DDA005039D8DA9A57E8B9,84a1ad0cdd4634fd2b0f708d4b3982a1,no,,0,2000-01-01 01:00:00,2016-05-01 00:28:44,95000/1f69ff6e7f0dda005039d8da9a57e8b9.jpg,,
28807234,Датчики (Устройство и применение),,,,Г.Виглеб,1989,,,,199,199,Russian,251,infanata,1,,,,,,,,,,,,0,,,,,,,0,2696983,djvu,CB4B63360E6A7E5FCE95831EBB26E34A,70ed249e8bc4ee29a4bdb8241fe95c06,no,N:\\natahaus\\2006\\2006-04\\[1144768658]Датчики (Устройство и применение).-- Г.Виглеб.djvu,0,2000-01-01 01:00:00,2016-05-01 00:28:44,95000/cb4b63360e6a7e5fce95831ebb26e34a.jpg,,
28807235,Гальваномагнитные приборы,,,,Викулин И.М.,1983,,,,50,50,Russian,287,ihtik,1,,,,,,,,,,,,0,,,,,,,0,1097392,djvu,590728A72DD45B162C855F80B21131C0,c88631baf1245dde314362ae8f1c95e4,no,,0,2000-01-01 01:00:00,2016-05-01 00:28:44,95000/590728a72dd45b162c855f80b21131c0.jpg,,
28807233,"Практические советы мастеру-любителю.Электротехника,электроника,материалы и их обработка",,,,Верховцев О.Г.,1988,,Энергоатомиздат,Ленинград,208,208,Russian,210,ihtik,1,,,,,,,,,,,,300,,,,,,,0,2093772,djvu,77CE72B3A465C24E5D8DB3C97820902C,eda3e221d8a58f479774d6c51dde92a4,no,,0,2000-01-01 01:00:00,2016-05-01 00:28:44,95000/77ce72b3a465c24e5d8db3c97820902c.jpg,,
28807232,Электропитание бытовой радиоэлектронной аппаратуры,,,,Вересов Г.П.,1983,,,,126,126,Russian,256,ihtik,1,,,,,,,,,,,,0,,,,,,,0,1738301,djvu,D9440B6A2452D52505AD81E688CDEA2B,cc04c924b16d9d532879ad2aa6e3f4fd,no,,0,2000-01-01 01:00:00,2016-05-01 00:28:44,95000/d9440b6a2452d52505ad81e688cdea2b.jpg,,
28807231,"Исследование операций.Задачи,принципы,методология",,,,Вентцель Е.С.,1988,,,,105,105,Russian,113,ihtik,1,,,,,,,,,,,,0,,,,,,,0,2741093,djvu,FF23CE6F5CF9EDE776C34090ED760FEF,85b1a5b6b2f37902a27f3ac5dfd57566,no,,0,2000-01-01 01:00:00,2016-05-01 00:28:44,95000/ff23ce6f5cf9ede776c34090ed760fef.jpg,,
28807230,Проектирование импульсных трансформаторов,,,,Вдовин С.С.,1971,,,,148,148,Russian,210,ihtik,1,,,,,,,,,,,,0,,,,,,,0,1328284,djvu,E6224C689CF8C130F6DCDB135EEF6AC9,68cee26945d9a48b46ed351ed2c307c6,no,,0,2000-01-01 01:00:00,2016-05-01 00:28:44,95000/e6224c689cf8c130f6dcdb135eef6ac9.jpg,,
28807229,Евроремонт от А до Я,,,,Васильева Е.,2003,,,,197,197,Russian,256,ihtik,1,,,,,,,,,,,,0,,,,,,,0,1872792,djvu,6D86C48F7F1EB43E7798084062D7C486,8fbcf311fdc6a854ad4c365dc3eb8dfc,no,,0,2000-01-01 01:00:00,2016-05-01 00:28:44,95000/6d86c48f7f1eb43e7798084062d7c486.jpg,,
28807228,Ламповые генераторы для высокочастотного нагрева,,,,Васильев А.С.,1990,,,,77,77,Russian,256,ihtik,1,,,,,,,,,,,,0,,,,,,,0,656090,djvu,5985592C6CE368F0B25E497E396E3327,eca4b11fe84068a4cfe1c2b422af5a4f,no,,0,2000-01-01 01:00:00,2016-05-01 00:28:44,95000/5985592c6ce368f0b25e497e396e3327.jpg,,
28807227,Микропроцессоры в бытовой технике,,Массовая радиобиблиотека 1110,,Варламов И.В.,1989,,Радио и связь,,81,81,Russian,210,ihtik,1,,,,,,,,,,,,0,,,,,1,,0,988303,djvu,A5045FA21D2FC889F23B266F35F6864A,2fd6def886dc310952b9776971181c66,no,,0,2000-01-01 01:00:00,2016-05-01 00:28:44,95000/a5045fa21d2fc889f23b266f35f6864a.jpg,,
28807225,"Шум (источники,описание,измерение)",,,,Ван дер Зил А.,1973,,,,227,227,Russian,256,ihtik,1,,,,,,,,,,,,0,,,,,,,0,2016000,djvu,54A5647B8172E2F06AD530B548A6BE7D,a1eb6f50618f99cda79a3ad006f1994a,no,,0,2000-01-01 01:00:00,2016-05-01 00:28:44,95000/54a5647b8172e2f06ad530b548a6be7d.jpg,,
28807226,Микропроцессоры в бытовой технике,,Массовая радиобиблиотека 1110,,Варламов И.В.,1987,,Радио и связь,,72,72,Russian,210,ihtik,1,,,,,,,,,,,,0,,,,,1,,0,1246107,djvu,38D0DB686D0BE93FA119D31961EB0254,fd438a7aba4ae81b7bc0b5302a82ab8d,no,,0,2000-01-01 01:00:00,2016-05-01 00:28:44,95000/38d0db686d0be93fa119d31961eb0254.jpg,,
28807224,Источники питания лазеров,,,,Вакуленко В.М.,1980,,,,102,102,Russian,264,ihtik,1,,,,,,,,,,,,0,,,,,,,0,1171941,djvu,DD2D85228C653CD9E7F247D541AA9E08,658d0298e97a1dbb17d8a28751766b87,no,,0,2000-01-01 01:00:00,2016-05-01 00:28:44,95000/dd2d85228c653cd9e7f247d541aa9e08.jpg,,
28807223,Современная видеозапись,,,,Вайда З.,1987,,,,170,170,Russian,256,ihtik,1,,,,,,,,,,,,0,,,,,,,0,1428989,djvu,7F8B29A128DFAED1954F4164AB9D6881,75344cb69716d5c79a335d140feff895,no,,0,2000-01-01 01:00:00,2016-05-01 00:28:44,95000/7f8b29a128dfaed1954f4164ab9d6881.jpg,,
28807222,Приемники прямого преобразования для любительской связи,,,,В. Т. Поляков,,,ДОСААФ (Москва),,81,81,Russian,260,infanata,1,,,,,,,,,,,,0,,,,,,,0,1636673,djvu,011206C1499B17A389D0DE36FD5FA278,261a26e7488edc1e2286d503dd998365,no,N:\\natahaus\\2006\\2006-04\\[1146020200]Приемники прямого преобразования для любительской связи.-- В. Т. Поляков.djvu,0,2000-01-01 01:00:00,2016-05-01 00:28:44,95000/011206c1499b17a389d0de36fd5fa278.jpg,,
28807221,Трансиверы прямого преобразования,,,,В. Т. Поляков,,,ДОСААФ (Москва),,145,145,Russian,251,infanata,1,,,,,,,,,,,,0,,,,,,,0,3680883,djvu,7FF1B4852C121ED05A0AEA219AACFB95,1a4bf399d7344326d352e8647361ab35,no,N:\\natahaus\\2006\\2006-05\\[1146066828]Трансиверы прямого преобразования.-- В. Т. Поляков.djvu,0,2000-01-01 01:00:00,2016-05-01 00:28:44,95000/7ff1b4852c121ed05a0aea219aacfb95.jpg,,
28807220,Интегральная электроника в измерительных устройствах,,,,Гутников В.С.,1980,,,,248,248,Russian,256,ihtik,1,,,,,,,,,,,,0,,,,,,,0,2449738,djvu,E281A2EDEEF57B8E88339F1BCA25761F,179c0f611228b764c0046b0ac207c0e6,no,,0,2000-01-01 01:00:00,2016-05-01 00:28:44,95000/e281a2edeef57b8e88339f1bca25761f.jpg,,
28807219,Схемотехника устройств на мощных полевых транзисторах,,,,Дьяконов В.П.,1994,,,,140,140,Russian,210,ihtik,1,,,,,,,,,,,,0,,,,,,,0,3346594,djvu,E4EC30EB1200B695DAB68D381E4A04C0,0e365e7ba2969985a75f20ba43df0c23,no,,0,2000-01-01 01:00:00,2016-05-01 00:28:44,95000/e4ec30eb1200b695dab68d381e4a04c0.jpg,,
28807218,Справочное руководство по черчению,,,,Богданов В.Н.,1989,,,,864,864,Russian,,ihtik,1,,,,,,,,,,,,0,,,,,,,0,10747732,djvu,C05E8591C0F36A23ACD86EFDC4E36244,11989cda66b032947d257cf50b83b4cd,no,,0,2000-01-01 01:00:00,2016-05-01 00:28:44,95000/c05e8591c0f36a23acd86efdc4e36244.jpg,,
28807217,Справочник по проектированию электроснабжения,,,,Крупович В.И.,1980,,,,455,455,Russian,250,ihtik,1,,,,,,,,,,,,0,,,,,,,0,9073498,djvu,5F0ABAB2F457EFCCAFA3240258868436,c564ef4b41344e5682a1d3232a2a5d0d,no,,0,2000-01-01 01:00:00,2016-05-01 00:28:44,95000/5f0abab2f457efccafa3240258868436.jpg,,
28807215,Введение в криптографию,,,,Ященко В.В.,1999,,,,271,271,Russian,82,ihtik,1,,,,,,,,,,,,0,,,,,,,0,1776615,djvu,971423B3D1F16A7278D48774306252E1,ff14c80bfb05c68d6796e8149fed2267,no,,0,2000-01-01 01:00:00,2016-05-01 00:28:44,95000/971423b3d1f16a7278d48774306252e1.jpg,,
28807216,Электротехнический справочник,том 1,,,Герасимов В.Г.,1980,,,,520,520,Russian,210,ihtik,1,,,,,,,,,,,,0,,,,,,,0,10406383,djvu,8F22564E11EBE45245FFB636A8EFC7FC,af585170b3fd8314ecfc514f226a1b2e,no,,0,2000-01-01 01:00:00,2016-05-01 00:28:44,95000/8f22564e11ebe45245ffb636a8efc7fc.jpg,,
28807214,Основы стандартизации,,,,Ткаченко В.В.,1986,,,,327,327,Russian,227,ihtik,1,,,,,,,,,,,,0,,,,,,,0,3265012,djvu,16854AB8D767A52B74401BB8C0DFF86D,5a55ae19462f1a222614683b730ad987,no,,0,2000-01-01 01:00:00,2016-05-01 00:28:44,95000/16854ab8d767a52b74401bb8c0dff86d.jpg,,
28807213,Измерения в электронике. Справочник,,,,Кузнецов В.А.,1987,,,,512,512,Russian,250,ihtik,1,,,,,,,,,,,,0,,,,,,,0,8589257,djvu,774311E4C9BFA5ED76C68D8EE37B1DAB,7db564c799a8d842343dd20a0c5eee22,no,,0,2000-01-01 01:00:00,2016-05-01 00:28:44,95000/774311e4c9bfa5ed76c68d8ee37b1dab.jpg,,
28807212,Справочник по автоматизированному электроприводу,,,,Под ред. Елисеева В.А. и Шинянского А.В.,1983,,Энергоатомиздат,,614,614,Russian,210,infanata,1,,,,,,,,,,,,0,,,,,,,0,18013665,djvu,CCE9A8FDBE2C9DCA2702D0D3AE74D51D,2d0a0df879914e2935625dfb23cef095,no,N:\\natahaus\\2008\\2008-09\\16 09 08\\Справочник по автоматизированному электроприводу_Елисеев В.А._1983_djvu.djvu,0,2000-01-01 01:00:00,2016-05-01 00:28:44,95000/cce9a8fdbe2c9dca2702d0d3ae74d51d.jpg,,
28807210,Телевидение,,,,"Быков Р.Е., и др.",1988,,,,249,249,Russian,256,ihtik,1,,,,,,,,,,,,0,,,,,,,0,2153331,djvu,B56045574BF385A62379B9D87844361C,f9440b52387c2d4f8fb29a3d0a3cf2af,no,,0,2000-01-01 01:00:00,2016-05-01 00:28:44,95000/b56045574bf385a62379b9d87844361c.jpg,,
28807211,Сто схем с индикаторами,,,,Быстров Ю.А.,1990,,,,110,110,Russian,256,ihtik,1,,,,,,,,,,,,0,,,,,,,0,1268061,djvu,73D25DA68F7EBA54D10E199C44156FF7,ef1c438d28cfff907c58dcd9bb37f69c,no,,0,2000-01-01 01:00:00,2016-05-01 00:28:44,95000/73d25da68f7eba54d10e199c44156ff7.jpg,,
28807208,Влажный воздух.Состав и свойства,,,,Бурцев С.И.,1998,,,,146,146,Russian,256,ihtik,1,,,,,,,,,,,,0,,,,,,,0,1171841,djvu,BC1C3D65A5A7A62BD778C55AB0E184D9,3644f4d9f05b40764c1897a0f4084833,no,,0,2000-01-01 01:00:00,2016-05-01 00:28:44,95000/bc1c3d65a5a7a62bd778c55ab0e184d9.jpg,,
28807209,"Socrate, filosoful martir",,,,Anthony Gottlieb,2000,,Editura Ştiinţifică,,72,72,Romanian,,,0,,,,,,,,,,,,0,,,,,,,0,436246,djvu,89403d229f355fc8f62cbdba464d9c90,a0d404f98a6647223665e3616f171314,no,"Anthony Gottlieb - Socrate, filosoful martir",0,2000-01-01 01:00:00,2016-05-01 00:28:44,881000/89403d229f355fc8f62cbdba464d9c90-g.jpg,,
28807207,Радиоизмерения на миллиметровых волнах,,,,Бурдун Г.Д.,,,,,61,61,Russian,256,ihtik,1,,,,,,,,,,,,0,,,,,,,0,1708379,djvu,66200BB38905EA4D0A9C10E3B229DF5A,9cdc662d91983c203496be5cac6ae0a4,no,,0,2000-01-01 01:00:00,2016-05-01 00:28:44,95000/66200bb38905ea4d0a9c10e3b229df5a.jpg,,
28807205,Электромеханические аппараты автоматики,,,,Буль А.К.,1988,,,,152,152,Russian,210,ihtik,1,,,,,,,,,,,,0,,,,,,,0,2517636,djvu,C32411D404F3224848F4E88A40F8CCD2,6c5b7ff3a99994a4e2a7abb684af4fe9,no,,0,2000-01-01 01:00:00,2016-05-01 00:28:44,95000/c32411d404f3224848f4e88a40f8ccd2.jpg,,
28807206,Справочник радиолюбителя-коротковолновика,,,,Бунин С.Г.,1984,,,,263,263,Russian,256,ihtik,1,,,,,,,,,,,,0,,,,,,,0,6435602,djvu,C8FED029658A56D9E07EA0615E142DAF,ac576963ab635b9530cc4ef496568c1e,no,,0,2000-01-01 01:00:00,2016-05-01 00:28:44,95000/c8fed029658a56d9e07ea0615e142daf.jpg,,
28807204,Секреты сотовых телефонов,,,,Букин М.,2005,,,,204,204,Russian,256,ihtik,1,,,,,,,,,,,,0,,,,,,,0,4917951,djvu,8A4F8B2AD35B239BB816578F1244FC8C,9c49c400de2b77f73b7969fa0c1bd1a1,no,,0,2000-01-01 01:00:00,2016-05-01 00:28:44,95000/8a4f8b2ad35b239bb816578f1244fc8c.jpg,,
28807203,Шумы в электронных приборах и системах,,,,Букингем М.,1986,,,,395,395,Russian,256,ihtik,1,,,,,,,,,,,,0,,,,,,,0,3558619,djvu,40D82F402B6882A3E004D448CFE3B5D3,101a77d503ccf6d0701a218b458492bd,no,,0,2000-01-01 01:00:00,2016-05-01 00:28:44,95000/40d82f402b6882a3e004d448cfe3b5d3.jpg,,
28807201,Домашний мастер,,,,Брусник А.Г.,1989,,,,192,192,Russian,41,ihtik,1,,,,,,,,,,,,0,,,,,,,0,1868049,djvu,16A672CD7040B2EF12FBFFE5047DE777,6883af2bc59616f8cbba25a34c68162b,no,,0,2000-01-01 01:00:00,2016-05-01 00:28:44,95000/16a672cd7040b2ef12fbffe5047de777.jpg,,
28807202,Логические цепи в цифровой технике,,,,Будинский Я.,1977,,,,389,389,Russian,210,ihtik,1,,,,,,,,,,,,0,,,,,,,0,6056950,djvu,58A98317914C7B846C036E5D2877E508,6f2f0c2ac979f383c0508bb0dca7c14e,no,,0,2000-01-01 01:00:00,2016-05-01 00:28:44,95000/58a98317914c7b846c036e5d2877e508.jpg,,
28807200,Измерительные преобразователи,,,,Бриндли К.,1991,,,,142,142,Russian,256,ihtik,1,,,,,,,,,,,,0,,,,,,,0,1907052,djvu,52792A2ACC2F6936F80FD1106C5E8770,a10dd3bbfdeebacb23175aeed0422007,no,,0,2000-01-01 01:00:00,2016-05-01 00:28:44,95000/52792a2acc2f6936f80fd1106c5e8770.jpg,,
28807199,Электрические контактные соединения,,,,Бредихин А.Н.,1980,,,,166,166,Russian,256,ihtik,1,,,,,,,,,,,,0,,,,,,,0,2121681,djvu,9248A2E695F645C703EA28C5ABC2348C,d65aae548a86a3c555e49f57dbdfd35e,no,,0,2000-01-01 01:00:00,2016-05-01 00:28:44,95000/9248a2e695f645c703ea28c5abc2348c.jpg,,
28807198,Полевые транзисторы,,Массовая радиобиблиотека 1075,,Бочаров Л.Н.,1984,2,Радио и Связь,Москва,79,79,Russian,250,ihtik,1,,,,621.382.323,32.852.3,,,,,,,0,,,,,,,0,1282551,djvu,DE4CF681035BC368FACFC2329F821A64,d5f58328963d47183a81056a59166ddb,no,,0,2000-01-01 01:00:00,2016-05-01 00:28:44,95000/de4cf681035bc368facfc2329f821a64.jpg,,
28807196,Лазеры. Устройство и действие,,,,Борейшо А.С.,1992,,,,109,109,Russian,264,ihtik,1,,,,,,,,,,,,0,,,,,,,0,2309039,djvu,5E351942C887CB7DC2E42179CFAA49D2,aab32546392dda8256523675bdbe2a9c,no,,0,2000-01-01 01:00:00,2016-05-01 00:28:44,95000/5e351942c887cb7dc2e42179cfaa49d2.jpg,,
28807197,Автоматизированный электропривод с упругими связями,,,,Борцов Ю.А.,1992,,,,287,287,Russian,210,ihtik,1,,,,,,,,,,,,0,,,,,,,0,3333881,djvu,E70F8E2909F90717A32290E5930319A5,f30c26750d5427ee2e684846457c79f6,no,,0,2000-01-01 01:00:00,2016-05-01 00:28:44,95000/e70f8e2909f90717a32290e5930319a5.jpg,,
28807195,Полезные страницы мастеру,,,,Боравский В.А.,,,,,207,207,Russian,256,ihtik,1,,,,,,,,,,,,0,,,,,,,0,2199741,djvu,EAAD30F6D43B08CEA718FE6503B958F2,a9c79c8f4e8e43efc38978ebe8ef3c39,no,,0,2000-01-01 01:00:00,2016-05-01 00:28:44,95000/eaad30f6d43b08cea718fe6503b958f2.jpg,,
28807194,Передача данных. Устройства и системы,том 2,,,Боккер П.,1981,,,,254,254,Russian,76,ihtik,1,,,,,,,,,,,,0,,,,,,,0,3364008,djvu,A7EC1F642695442889C8979322A3AF17,7d1963dade321c4ecea294a4cd51b33a,no,,0,2000-01-01 01:00:00,2016-05-01 00:28:44,95000/a7ec1f642695442889c8979322a3af17.jpg,,
28807193,Передача данных. Основы,1,,,Боккер П.,1980,,,,263,263,Russian,76,ihtik,1,,,,,,,,,,,,0,,,,,,,0,3554700,djvu,6A9804715B9B325E73C560700110F03D,7dd13d5d23966eebeb76222a07edb9c4,no,,0,2000-01-01 01:00:00,2016-05-01 00:28:44,95000/6a9804715b9b325e73c560700110f03d.jpg,,
28807192,"ISDN. Цифровая сеть с интеграцией служб. Понятия, методы, системы",,,,Боккер П.,1991,,,,298,298,Russian,99,ihtik,1,,,,,,,,,,,,0,,,,,,,0,2463007,djvu,2E2CE133453A8376134788A76C56FA35,18ee6705d93bb2473bf44733d8be3ab4,no,,0,2000-01-01 01:00:00,2016-05-01 00:28:44,95000/2e2ce133453a8376134788a76c56fa35.jpg,,
28807191,"Полупроводниковые и электровакуумные приборы в устройствах автоматики,телемеханики и связи",,,,Бодиловский В.Г.,1986,,,,440,440,Russian,260,ihtik,1,,,,,,,,,,,,0,,,,,,,0,5008216,djvu,01673183FB691DD1CDBDB5D978BD1684,ded868e29137324ec98180bab940c425,no,,0,2000-01-01 01:00:00,2016-05-01 00:28:44,95000/01673183fb691dd1cdbdb5d978bd1684-d.jpg,,
28807190,Объёмный индукционный нагрев,,,,Бодажков В.А.,1992,,,,37,37,Russian,256,ihtik,1,,,,,,,,,,,,0,,,,,,,0,1266584,djvu,B79F6C7AD5547321A40C4387D350ACFD,df608f0be01bf81e230c15aae8a1b06e,no,,0,2000-01-01 01:00:00,2016-05-01 00:28:44,95000/b79f6c7ad5547321a40c4387d350acfd.jpg,,
28807189,Применение индукционного сквозного нагрева в промышлености,,,,Богданов В.Н.,1965,,,,48,48,Russian,256,ihtik,1,,,,,,,,,,,,0,,,,,,,0,2832537,djvu,600E896A6BD685C2A183B1D57EA83736,482c45bf683594314847608243d99f56,no,,0,2000-01-01 01:00:00,2016-05-01 00:28:44,95000/600e896a6bd685c2a183b1d57ea83736.jpg,,
28807188,Гидроакустические измерения,,,,Боббер Р.Дж.,1974,,,,361,361,Russian,272,ihtik,1,,,,,,,,,,,,0,,,,,,,0,4617240,djvu,38B3E9F07943B06D0F82722CDEC1F510,c2e83df2aabf9d0853f1eaa3b2f82d33,no,,0,2000-01-01 01:00:00,2016-05-01 00:28:44,95000/38b3e9f07943b06d0f82722cdec1f510.jpg,,
28807186,Гидродинамика,,,,Биркгоф Г.,1960,,,,243,243,Russian,274,ihtik,1,,,,,,,,,,,,0,,,,,,,0,3428209,djvu,059A3FD20B1F94EC231E0441A222A746,ddbbe1fd2b93be9e5f816b4b8b74ea5f,no,,0,2000-01-01 01:00:00,2016-05-01 00:28:44,95000/059a3fd20b1f94ec231e0441a222a746.jpg,,
28807187,"Теория и практика кодов,контролирующих ошибки",,,,Блейхут Р.,1986,,,,575,575,Russian,256,ihtik,1,,,,,,,,,,,,0,,,,,,,0,4925801,djvu,011954F3CC6DEE92F829B14EDC62B5DA,a797175ae7ceb2f7a05e228a669dce1e,no,,0,2000-01-01 01:00:00,2016-05-01 00:28:44,95000/011954f3cc6dee92f829b14edc62b5da.jpg,,
28807185,Периферийные измерительные устройства,,,,Бех А.Д.,1991,,,,106,106,Russian,256,ihtik,1,,,,,,,,,,,,0,,,,,,,0,3378194,djvu,3A178DE06E0C87B034740A6EDA6118D7,6b5f39702b8ce32dfac05d2435992d57,no,,0,2000-01-01 01:00:00,2016-05-01 00:28:44,95000/3a178de06e0c87b034740a6eda6118d7.jpg,,
28807184,"Экономика стандартизации,метрологии и качества продукции",,,,Бесфамильная Л.В.,1988,,,,309,309,Russian,227,ihtik,1,,,,,,,,,,,,0,,,,,,,0,3213235,djvu,2DD2423B63DE8D840F53C4D006DA0900,dff5e9991a89d33fd888a244572c3627,no,,0,2000-01-01 01:00:00,2016-05-01 00:28:44,95000/2dd2423b63de8d840f53c4d006da0900.jpg,,
28807183,Теоретические основы электротехники,,,,Бессонов Л.А.,1978,,,,266,266,Russian,210,ihtik,1,,,,,,,,,,,,0,,,,,,,0,8524863,djvu,3F573253CFA52BC21F09FC6F410A0001,e12e9f3de2046a3043363cea9ebb4c4f,no,,0,2000-01-01 01:00:00,2016-05-01 00:28:44,95000/3f573253cfa52bc21f09fc6f410a0001.jpg,,
28807182,Цифровые автоматические системы,,,,Бесекерский В.А.,1976,,«НАУКА»,,575,575,Russian,256,ihtik,1,,,,,,,,,,,,0,,,,,,,0,4651858,djvu,AF6473752EB5AB4F1931DC4233A8F3B8,6e6300cb6ee882048b84eb226bfe6424,no,,0,2000-01-01 01:00:00,2016-05-01 00:28:44,95000/af6473752eb5ab4f1931dc4233a8f3b8-d.jpg,,
28807180,Алгебраическая теория кодирования,,,,Берлекэмп Э.,1971,,,,239,239,Russian,114,ihtik,1,,,,,,,,,,,,0,,,,,,,0,4531887,djvu,22E54EE3C47B1FC98F1EC3E4F1762A4A,b8d620fd24a15c309d4dee8f6dd3ddcd,no,,0,2000-01-01 01:00:00,2016-05-01 00:28:44,95000/22e54ee3c47b1fc98f1ec3e4f1762a4a.jpg,,
28807181,Теория систем автоматического регулирования,,,,Бесекерский В.А.,,,,,767,767,Russian,256,ihtik,1,,,,,,,,,,,,0,,,,,,,0,8803190,djvu,DA6E813A88957DE5919684A95AC2009C,6f39ac5880f655514f2337f87c0cafa5,no,,0,2000-01-01 01:00:00,2016-05-01 00:28:44,95000/da6e813a88957de5919684a95ac2009c.jpg,,
28807179,Теория графов и ее применения,,,,Берж К.,1962,,,,317,317,Russian,140,ihtik,1,,,,,,,,,,,,0,,,,,,,0,3464920,djvu,C444E2825B73092B8B350161B93907C9,e6b7d505bb9b2bb1c8df7682c7a81f36,no,,0,2000-01-01 01:00:00,2016-05-01 00:28:44,95000/c444e2825b73092b8b350161b93907c9.jpg,,
28807178,Как расчитать ток короткого замыкания,,,,Беляева Е.Н.,1983,,,,138,138,Russian,256,ihtik,1,,,,,,,,,,,,0,,,,,,,0,2388861,djvu,0424F1ED178919E4B9323C2DF60C206B,6dbea20c17cfbf8230cb4f5d90fb96dc,no,,0,2000-01-01 01:00:00,2016-05-01 00:28:44,95000/0424f1ed178919e4b9323c2df60c206b.jpg,,
28807177,Справочник по транзисторным радиоприёмникам,,,,"Белов И.Ф., Дрызго Е.В.",1973,"2-е, исправленное",Советское радио,Москва,768,768,Russian,256,ihtik,1,,,,,,,,,,,,0,,,,,,,0,14485322,djvu,6B9D254B8487620EDA13F5AF3D136838,d65eb82aad4f3508188b6bf3898db207,no,,0,2000-01-01 01:00:00,2016-05-01 00:28:44,95000/6b9d254b8487620eda13f5af3d136838.jpg,,
28807175,Сверхрегенераторы,,,,Белкин М.К.,1983,,,,249,249,Russian,256,ihtik,1,,,,,,,,,,,,0,,,,,,,0,2097800,djvu,2C3220550932DD0AD7105E4886621B2B,259dd9ee3ea90ebf58516cf21c0b6c99,no,,0,2000-01-01 01:00:00,2016-05-01 00:28:44,95000/2c3220550932dd0ad7105e4886621b2b.jpg,,
28807176,Цифровая телефония,,,,Беллами Дж.,1986,,,,272,272,Russian,256,ihtik,1,,,,,,,,,,,,0,,,,,,,0,6211466,djvu,435C3C4F2E46E4A9C8126B06E7DDD4DF,f409ad904c981dbb0b5ad583c33ff6db,no,,0,2000-01-01 01:00:00,2016-05-01 00:28:44,95000/435c3c4f2e46e4a9c8126b06e7ddd4df.jpg,,
28807174,Проектирование надёжных электронных схем,,,,Беккер П.,1977,,,,256,256,Russian,210,ihtik,1,,,,,,,,,,,,0,,,,,,,0,6294869,djvu,3E6EC753D3F33AF32B581DEB6AF0F168,5d7d95321db7097d1561f801d760602c,no,,0,2000-01-01 01:00:00,2016-05-01 00:28:44,95000/3e6ec753d3f33af32b581deb6af0f168.jpg,,
28807173,Теория автономных инверторов,,,,Бедфорд А.,1969,,,,141,141,Russian,256,ihtik,1,,,,,,,,,,,,0,,,,,,,0,2799972,djvu,5BCF48BC3BF8D6D67D39DB5964AC9A19,eccca858edc12703d567a1a932a256ae,no,,0,2000-01-01 01:00:00,2016-05-01 00:28:44,95000/5bcf48bc3bf8d6d67d39db5964ac9a19.jpg,,
28807172,Численные методы,,,,Бахвалов Н.С.,,,,,630,630,Russian,120,ihtik,1,,,,,,,,,,,,0,,,,,,,0,6362898,djvu,377672D9E52400474B7C6D038C55B492,2b3fff7567be9e82b4204767f94111ae,no,,0,2000-01-01 01:00:00,2016-05-01 00:28:44,95000/377672d9e52400474b7c6d038c55b492.jpg,,
28807171,Методы и приёмы качественного исследования динамических систем на плоскости,,,,Баутин Н.Н.,,,,,491,491,Russian,123,ihtik,1,,,,,,,,,,,,0,,,,,,,0,4088196,djvu,3F56B073E6FD63BAAF9313E1CC467C7B,6226eba937ca3fdb75d231272eb690ec,no,,0,2000-01-01 01:00:00,2016-05-01 00:28:44,95000/3f56b073e6fd63baaf9313e1cc467c7b.jpg,,
28807170,Основные операции нечеткой логики и их обобщения,,,,Батыршин И.З.,2001,,,,102,102,Russian,134,infanata,1,5922200348,,,510,22.12,,,,,,,0,,,,,,,1,2672977,pdf,5F6BB4EFBB9F4E6A1358CCC5A762ED68,B424EB10E3A75B791C16551651777CF5,no,N:\\natahaus\\2006\\2006-04\\[1144145481]Основные операции нечеткой логики и их обобщения.-- Батыршин И.З..pdf,0,2000-01-01 01:00:00,2016-05-01 00:28:44,95000/5f6bb4efbb9f4e6a1358ccc5a762ed68.jpg,,5922200348
28807169,Сборник задач по электродинамике,,,,"Батыгин В.В., Топтыгин И.Н.",2002,3е изд.,РХД,Москва,640,640,Russian,113,ihtik,1,5-93972-155-9,,,,,,,,,,нет стр. 62-99,0,,,,,,,0,2984786,djvu,6D6DA289B1B4E8F7EE24DE350463BF47,dc855d02f9338ef7de4ceecd3e448be4,no,,0,2000-01-01 01:00:00,2016-05-01 00:28:44,95000/6d6da289b1b4e8f7ee24de350463bf47.jpg,,5939721559
28807168,"300 практических советов По электро- и радиоделу, прикладной фот., по обраб. различ. материалов, декоратив.-худож. оформ. конструкций, реставрации изделий, изготовлению приборов и приспособлений: Справ. пособие",,,,В.Г.Бастанов,1997,,Изд. фирма ''КУБК-а'',М,365,365,Russian,256,infanata,1,5-85554-151-7,,,,,,,,,OL314728M,,0,,,,,,,0,4972655,djvu,52A0E175BAEE22F120BB2B47A417A2DB,afe5031eef040ad8905a10c21e6ce9eb,no,"N:\\natahaus\\2009\\2009-06\\[1146112872]300 практических советов.-- В.Г.Бастанов (М. КУбК-а, 1997, 368 с).djvu",0,2000-01-01 01:00:00,2016-05-01 00:28:44,95000/52a0e175baee22f120bb2b47a417a2db-d.jpg,,5855541517
28807167,Радиотехнические цепи и сигналы,,,,Баскаков С.И.,1988,,,,448,448,Russian,210,ihtik,1,,,,,,,,,,,,0,,,,,,,0,7837097,djvu,CC06164554B0EE7F062DE5EF4C3D4375,3b93fac6a982f57835bf4e997e303ff3,no,,0,2000-01-01 01:00:00,2016-05-01 00:28:44,95000/cc06164554b0ee7f062de5ef4c3d4375.jpg,,
28807166,Источники вторичного электропитания с бестрансформаторным входом,,,,Бас А.,1987,,,,80,80,Russian,256,ihtik,1,,,,,,,,,,,,0,,,,,,,0,2424104,djvu,BD17C2EFD54A0976A7AE01DA28510D8D,8dedac3cee3d3f776903860d7e9a0a5f,no,,0,2000-01-01 01:00:00,2016-05-01 00:28:44,95000/bd17c2efd54a0976a7ae01da28510d8d.jpg,,
28807165,Язык Ада в проектировании систем,,,,Бар Р.,1988,,,,319,319,Russian,210,ihtik,1,,,,,,,,,,,,0,,,,,,,0,3030716,djvu,FBBD4B1CE7B462841CBA7B5582DB5D03,449e6db4f9817d3f255a7cf27d0fa74d,no,,0,2000-01-01 01:00:00,2016-05-01 00:28:44,95000/fbbd4b1ce7b462841cba7b5582db5d03.jpg,,
28807163,Цифровые системы синхронной коммутации,,,,Баркун М.А.,2001,,,,190,190,Russian,256,ihtik,1,,,,,,,,,,,,0,,,,,,,0,2148701,djvu,3932802A4CCFC44097C4EC0D7FFD56C6,77b519dc56a6095d439b6d440c57d3bc,no,,0,2000-01-01 01:00:00,2016-05-01 00:28:44,95000/3932802a4ccfc44097c4ec0d7ffd56c6.jpg,,
28807164,Электронное конструирование.Методы борьбы с помехами,,,,Барнс Дж.,1990,,,,237,237,Russian,210,ihtik,1,,,,,,,,,,,,0,,,,,,,0,3224076,djvu,794DC2BE159553B83255851007BD6D16,006a0c9c552d9dc625d3967eedc08490,no,,0,2000-01-01 01:00:00,2016-05-01 00:28:44,95000/794dc2be159553b83255851007bd6d16.jpg,,
28807162,Автоматическое управление режимом батарей конденсаторов,,,,Баркан Я.Д.,1978,,,,111,111,Russian,6,ihtik,1,,,,,,,,,,,,0,,,,,,,0,1270128,djvu,8AE5A90BECC28E4C0BE466B6F421B03B,29389e1f552f97343ca46095cf1fc0e3,no,,0,2000-01-01 01:00:00,2016-05-01 00:28:44,95000/8ae5a90becc28e4c0be466b6f421b03b.jpg,,
28807161,Введение в теорию устойчивости,,,,Барбашин Е.А.,,,,,223,223,Russian,125,ihtik,1,,,,,,,,,,,,0,,,,,,,0,1314366,djvu,31580D4D91DF5D5B6ABBE496EE3744D4,8ccc6873e4c420a5cee76392b7957a3b,no,,0,2000-01-01 01:00:00,2016-05-01 00:28:44,95000/31580d4d91df5d5b6abbe496ee3744d4.jpg,,
28807160,Микромагнитоэлектроника,,,,Бараночников М.Л.,1995,,,,29,29,Russian,287,ihtik,1,,,,,,,,,,,,0,,,,,,,0,607869,djvu,3FE3B5EDA6D289C428089EBE84952614,9adb66c03eacf4e165c57e47a34a7aa3,no,,0,2000-01-01 01:00:00,2016-05-01 00:28:44,95000/3fe3b5eda6d289c428089ebe84952614.jpg,,
28807159,"Щелевые магнитные датчики ДМИ-1,ДМИ-2",,,,Бараночников М.,1992,,,,3,3,Russian,287,ihtik,1,,,,,,,,,,,,0,,,,,,,0,228112,djvu,CA7B68D59C188A404EC9D68061DAE61B,c7b2c8ed0b5752da31162bd8069e2711,no,,0,2000-01-01 01:00:00,2016-05-01 00:28:44,95000/ca7b68d59c188a404ec9d68061dae61b.jpg,,
28807158,Книга домашнего умельца,,,,Барановский А.М.,1987,,,,365,365,Russian,256,ihtik,1,,,,,,,,,,,,0,,,,,,,0,5761767,djvu,F0DB0092BED001F0212CC33CA73723B9,513020653853503eb57a8f5ea42dcd44,no,,0,2000-01-01 01:00:00,2016-05-01 00:28:44,95000/f0db0092bed001f0212cc33ca73723b9.jpg,,
28807157,"Применение микроконтроллеров AVR.Схемы,алгоритмы,программы",,,,Баранов В.Н.,2004,,,,288,288,Russian,254,ihtik,1,,,,,,,,,,,,0,,,,,,,0,3179793,djvu,7250AE7A52EEC4784D6C1572A926D332,9474f4061791909f31ff223b1387f472,no,,0,2000-01-01 01:00:00,2016-05-01 00:28:44,95000/7250ae7a52eec4784d6c1572a926d332.jpg,,
28807156,Оптимальное проектирование силовых высокочастотных ферромагнитных устройств,,,,Бальян Р.Х.,1987,,,,84,84,Russian,287,ihtik,1,,,,,,,,,,,,0,,,,,,,0,1344838,djvu,E84E00F97AC421C2A03371214025A289,84d84aad3721751ba84c07aa82f1abda,no,,0,2000-01-01 01:00:00,2016-05-01 00:28:44,95000/e84e00f97ac421c2a03371214025a289.jpg,,
28807155,Тиристорные генераторы и инверторы,,,,Бальян Р.,1982,,,,112,112,Russian,250,ihtik,1,,,,,,,,,,,,0,,,,,,,0,2729490,djvu,6D40D512519E879F4B27D24E27014CDC,bf32c833ccc18fec5321fda84657985f,no,,0,2000-01-01 01:00:00,2016-05-01 00:28:44,95000/6d40d512519e879f4b27d24e27014cdc.jpg,,
28807154,Быстрая коммутация пакетов в перспективных коммутаторах,,,,Балашов Н.С.,1992,,,,14,14,Russian,256,ihtik,1,,,,,,,,,,,,0,,,,,,,0,285016,djvu,76DDA50197E57EEE6EC0C11625A58033,2bc7709dee3c2ad64f18a495edb8fa16,no,,0,2000-01-01 01:00:00,2016-05-01 00:28:44,95000/76dda50197e57eee6ec0c11625a58033.jpg,,
28807153,"Информационные микромашины следящих счётно-решающих систем (вращающиеся трансформаторы,сельсины)",,,,Баканов М.В.,1977,,,,88,88,Russian,210,ihtik,1,,,,,,,,,,,,0,,,,,,,0,1303266,djvu,21942BAEDD74A99F2931E7E93C67577B,cd88b16d8c8ede9c1894f2264a78ef48,no,,0,2000-01-01 01:00:00,2016-05-01 00:28:44,95000/21942baedd74a99f2931e7e93c67577b.jpg,,
28807151,20 конструкций с солнечными элементами,,,,Байерс Т.,1988,,,,200,200,Russian,256,ihtik,1,,,,,,,,,,,,0,,,,,,,0,3008428,djvu,3A7497DEC8F7673351F04FA4554C1311,55b6ca40e7b1e40e38701e8ffb6944f2,no,,0,2000-01-01 01:00:00,2016-05-01 00:28:44,95000/3A7497DEC8F7673351F04FA4554C1311-g.jpg,,
28807152,Защита и АВР электродвигателей собственных нужд,,,,Байтер И.И.,1980,,,,54,54,Russian,261,ihtik,1,,,,,,,,,,,,0,,,,,,,0,876257,djvu,B65292A5F6D7D73785B29530A403EB49,d8c1eac82643f12460c535df1fc69e68,no,,0,2000-01-01 01:00:00,2016-05-01 00:28:44,95000/b65292a5f6d7d73785b29530a403eb49.jpg,,
28807150,Аналоговые интегральные микросхемы,,,,Кудряшов Б.П.,1981,,,,159,159,Russian,250,ihtik,1,,,,,,,,,,,,0,,,,,,,0,3089398,djvu,0920A22282EE1D7F67860782D079E64D,664563aca44c8af1073054f0ff492f0b,no,,0,2000-01-01 01:00:00,2016-05-01 00:28:44,95000/0920a22282ee1d7f67860782d079e64d.jpg,,
28807149,Интегральные микросхемы. Справочник,,,,Тарабрин Б.В.,1983,,,,527,527,Russian,250,ihtik,1,,,,,,,,,,,,0,,,,,,,0,7287743,djvu,6AACEF502980C19BEB1D82A0A0BC70BF,cae76f7c226407a40688fe28f8efa766,no,,0,2000-01-01 01:00:00,2016-05-01 00:28:44,95000/6aacef502980c19beb1d82a0a0bc70bf.jpg,,
28807148,Отечественные приемно-усилит,,,,"Кацнельсон Б.В., Ларионов А.С.",,,,,456,456,Russian,256,ihtik,1,,,,,,,,,,,,0,,,,,,,0,5248938,djvu,D0A43EF0689CE14DF02DC4CF98A6DC10,e126742cfee48058a48c6b32136a9208,no,,0,2000-01-01 01:00:00,2016-05-01 00:28:44,95000/d0a43ef0689ce14df02dc4cf98a6dc10.jpg,,
28807147,Синхронный прием,,Массовая радиобиблиотека 0933,,Павлов Б.А,1977,,Энергия,М.-Л.,40,40,Russian,256,publ.lib.ru,1,,,,,,,,,,,,0,,,,,,,0,1282337,djvu,FBBF5622028E52C2DE10BF44921B5AC4,84b31ae4a4a1b129e6dcb56c1fd5ba75,no,L:\\журналы\\!радио\\!\\Массовая Радио Библиотека\\МРБ 0933.(1977).[djv-002].djvu,0,2000-01-01 01:00:00,2016-05-01 00:28:44,95000/fbbf5622028e52c2de10bf44921b5ac4.jpg,,
28807146,Ёмкостные дифференциальные датчики перемещения,,,,Ацюковский В.А.,1960,,,,104,104,Russian,256,ihtik,1,,,,,,,,,,,,0,,,,,,,0,1330800,djvu,3743F09DE25D06D79BF39B389272EA1E,04e5e7f22aa1863d882bc374712de2b7,no,,0,2000-01-01 01:00:00,2016-05-01 00:28:44,95000/3743f09de25d06d79bf39b389272ea1e.jpg,,
28807144,Управление высокотехнологичными программами и проектами,,,,Арчибальд Р.Д.,2004,,,,233,233,Russian,6,ihtik,1,,,,,,,,,,,,0,,,,,,,0,6108234,djvu,C2C336CE3F4BE788ECC5726BA655E9C0,72972925c408302e2e6ed09e38b4f313,no,,0,2000-01-01 01:00:00,2016-05-01 00:28:44,95000/c2c336ce3f4be788ecc5726ba655e9c0.jpg,,
28807145,Построение и анализ вычислительных алгоритмов,,,,Ахо А.,1979,,,,533,533,Russian,120,ihtik,1,,,,,,,,,,,,0,,,,,,,0,4329856,djvu,41D4A5AC09144A354785F886C245B624,2be70d0a901472bb0290c150b8168e46,no,,0,2000-01-01 01:00:00,2016-05-01 00:28:44,95000/41d4a5ac09144a354785f886c245b624.jpg,,
28807143,Цепные дроби,,,,Арнольд В.И.,2001,,,,40,40,Russian,256,ihtik,1,,,,,,,,,,,,0,,,,,,,0,179291,djvu,B03EA219DF8F8D7F2F38A675FAB13028,5e5b028936be59986a879bea96e8b26a,no,,0,2000-01-01 01:00:00,2016-05-01 00:28:44,95000/b03ea219df8f8d7f2f38a675fab13028.jpg,,
28807142,Теория бифуркаций,,,,Арнольд В.И.,,,,,218,218,Russian,256,ihtik,1,,,,,,,,,,,,0,,,,,,,0,2199832,djvu,987C16298EC04DFE73006B0FB7C31221,7f760615f4ce1edc0f7e1a399659336e,no,,0,2000-01-01 01:00:00,2016-05-01 00:28:44,95000/987c16298ec04dfe73006b0fb7c31221.jpg,,
28807141,"Оружие специальное, необычное,экзотическое",,,,Ардашев А.Н.,2003,,,,318,318,Russian,215,ihtik,1,,,,,,,,,,,,0,,,,,,,0,6819985,djvu,8CE887E12537AB43FDF8055536696C5E,077b52cd4c67fc542cb15f95eacfad8c,no,,0,2000-01-01 01:00:00,2016-05-01 00:28:44,95000/8ce887e12537ab43fdf8055536696c5e.jpg,,
28807139,Теоретическая механика,том 1,,,Аппель П.,1960,,,,515,515,Russian,264,ihtik,1,,,,,,,,,,,,0,,,,,,,0,4456350,djvu,AC18C83B16CD6FDC7966B2D4A99248EE,ed71b1adc6cb8164af1c80607019da1c,no,,0,2000-01-01 01:00:00,2016-05-01 00:28:44,95000/ac18c83b16cd6fdc7966b2d4a99248ee.jpg,,
28807140,Теоретическая механика,том 2,,,Аппель П.,1960,,,,487,487,Russian,264,ihtik,1,,,,,,,,,,,,0,,,,,,,0,4326917,djvu,649CEBBF80D79DBC211E32AE13BC6D2F,b4085ca0a037bb383512bfc2c2f623d6,no,,0,2000-01-01 01:00:00,2016-05-01 00:28:44,95000/649cebbf80d79dbc211e32ae13bc6d2f.jpg,,
28807138,Механическая звукозапись,,,,"Аполлонова Л.П., Шумова Н.Д.",1978,,,,117,117,Russian,256,ihtik,1,,,,,,,,,,,,0,,,,,,,0,13066253,djvu,0BD464737DEBDEFBFC94A7926AB8B3F5,fb38b3af5f5ae6fee6c41b91e1561e8b,no,,0,2000-01-01 01:00:00,2016-05-01 00:28:44,95000/0bd464737debdefbfc94a7926ab8b3f5.jpg,,
28807137,Проектирование систем автоматического управления электроприводами,,,,Анхимюк В.Л.,1971,,,,167,167,Russian,210,ihtik,1,,,,,,,,,,,,0,,,,,,,0,3928127,djvu,E46118FFD35538F8EAA8F94BE49BAE95,0a11daedd216a40aaa2af19d3a05fa3f,no,,0,2000-01-01 01:00:00,2016-05-01 00:28:44,95000/e46118ffd35538f8eaa8f94be49bae95.jpg,,
28807136,"Допуски и посадки.Выбор и расчёт,указание на чертежах",,,,Анухин В.И.,2001,,,,218,218,Russian,256,ihtik,1,,,,,,,,,,,,0,,,,,,,0,1426658,djvu,10561B45875216BC70BAE4D0FBB6AC70,3bf0178a449fb867d1e7b07f1d222bf6,no,,0,2000-01-01 01:00:00,2016-05-01 00:28:44,95000/10561b45875216bc70bae4d0fbb6ac70.jpg,,
28807135,Радиолокационные станции с цифровым синтезированием апертуры антенны,,,,Антипов В.Н и др.,1988,,Радио и связь,М,304,304,Russian,256,infanata,1,5-256-00019-5,,,,,,,,,OL2457099M,,0,,,,,,,0,3074960,djvu,3A5F112DF887B1942BE0A0822D414427,137bb3b2dd9e4d8d07389817e8d8c898,no,"N:\\natahaus\\2009\\2009-03\\[1146109123]Радиолокационные станции с цифровым синтезированием апертуры антенны.-- Антипов В. Н., Горяинов В. Т., Кулин А. Н..djvu",0,2000-01-01 01:00:00,2016-05-01 00:28:44,95000/3a5f112df887b1942be0a0822d414427.jpg,,5256000195
28807134,Сопряжение ПК с внешними устройствами,,,,Ан П.,2001,,,,316,316,Russian,69,ihtik,1,,,,,,,,,,,,0,,,,,,,0,3345959,djvu,D26DD12CF7E58B11D0DAA430D6FD220D,4ee5fbf54adf765e737834ede6b2261b,no,,0,2000-01-01 01:00:00,2016-05-01 00:28:44,95000/d26dd12cf7e58b11d0daa430d6fd220d.jpg,,
28807133,Теория систем автоматического управления,,,,Андрющенко В.А.,1990,,,,249,249,Russian,6,ihtik,1,,,,,,,,,,,,0,,,,,,,0,3296790,djvu,511997DEBECE1D2E5B78107737B1A717,9eb2b2f8da94fae9212914158ed4de49,no,,0,2000-01-01 01:00:00,2016-05-01 00:28:44,95000/511997debece1d2e5b78107737b1a717.jpg,,
28807132,Нестандартная  оснастка для слесарных работ,,,,Андрощук Г.А.,1985,,Технiка,,104,104,Russian,227,ihtik,1,,,,,,,,,,,,0,,,,,,,0,1429692,djvu,32A723D92D7F2EEA9CA00C564D5187B9,14baaf3dea9987e767127109abcff11a,no,,0,2000-01-01 01:00:00,2016-05-01 00:28:44,95000/32a723d92d7f2eea9ca00c564d5187b9-d.jpg,,
28807131,Кварцевые генераторы. Справ. пособие,,,,"Альтшуллер Г.Б., Елфимов Н.Н., Шакулин В.Г.",1984,,Радио и связь,Москва,117,117,Russian,256,ihtik,1,,,,,,,,,,,,0,,,,,,,0,2308805,djvu,326147DA44A456CDCD5C42167D278FB5,fc81e15f3acfeb143d6328a95ebfd2bb,no,,0,2000-01-01 01:00:00,2016-05-01 00:28:44,95000/326147da44a456cdcd5c42167d278fb5.jpg,,
28807129,Применение прецизионных аналоговых ИС,,,,Алексенко А.Г.,1981,,,,222,222,Russian,258,ihtik,1,,,,,,,,,,,,0,,,,,,,0,3195740,djvu,F444B30E883239E5D082B4D87A0C039C,94f4bae8f7701fffc4968b8766335957,no,,0,2000-01-01 01:00:00,2016-05-01 00:28:44,95000/f444b30e883239e5d082b4d87a0c039c.jpg,,
28807130,Электрические аппараты.Справочник,,,,Алиев И.И.,2004,,,,256,256,Russian,,ihtik,1,,,,,,,,,,,,0,,,,,,,0,3251570,djvu,D59FB79E1E48D0E8E96BAFD62C895B0D,3a28c400b4d5cfa1611fd41bb7586dd0,no,,0,2000-01-01 01:00:00,2016-05-01 00:28:44,95000/D59FB79E1E48D0E8E96BAFD62C895B0D-g.jpg,,
28807128,Применение прецизионных аналоговых микросхем,,,,Алексенко Андрей Геннадьевич,,,Радио и связь,,256,256,Russian,250,infanata,1,,,,,,,,,,,"Scan, Djvuing: Pirat, 2003; Scan, Djvuing-002: Anatolij, 2010",0,,,,,,,0,2723669,djvu,79BF88BAE126DEDC3FFEF25A5B8F55F6,34e23652a8ada273226b07a88bd159c9,no,":\\Infanata.org\\2009-10\\[1146118706]Применение прецизионных аналоговых микросхем.-Алексенко А.Г.,Коломбет Е.А.,Стародуб Г.И.djvu",0,2000-01-01 01:00:00,2016-05-01 00:28:44,95000/79bf88bae126dedc3ffef25a5b8f55f6-d.jpg,,
28807127,Применение прецизионных аналоговых ИС,,,,"Алексеенко А.Г., и др.",,,,,224,224,Russian,258,ihtik,1,,,,,,,,,,,,0,,,,,,,0,3203562,djvu,04FC7AAB4CBDBEB7FBBC6503AE180A51,aa7d84202d540ef81ff5f0de65894a20,no,,0,2000-01-01 01:00:00,2016-05-01 00:28:44,95000/04fc7aab4cbdbeb7fbbc6503ae180a51.jpg,,
28807126,Справочник по промышленному телевидению,,,,Алексеев К.А.,1978,,,,94,94,Russian,210,ihtik,1,,,,,,,,,,,,0,,,,,,,0,1181777,djvu,81A743C9A07A1D71FD4800BBB5253954,adf9b421246e3895702349cdfe81b2e5,no,,0,2000-01-01 01:00:00,2016-05-01 00:28:44,95000/81a743c9a07a1d71fd4800bbb5253954.jpg,,
28807125,Электротехнические чертежи и схемы,,,,Александров К.К.,1990,,,,287,287,Russian,210,ihtik,1,,,,,,,,,,,,0,,,,,,,0,3884621,djvu,1932474F81C5E1036914B42F57AC6CA2,7dfa10393f5457586c609d2528d34d60,no,,0,2000-01-01 01:00:00,2016-05-01 00:28:44,95000/1932474f81c5e1036914b42f57ac6ca2.jpg,,
28807123,Приёмники оптического излучения,,,,Аксёненко М.Д.,1987,,,,166,166,Russian,250,ihtik,1,,,,,,,,,,,,0,,,,,,,0,4416646,djvu,F6C4E5CC17BF8BA3FCCF911D413CECB3,e9b1375300c812129196212a46bca30c,no,,0,2000-01-01 01:00:00,2016-05-01 00:28:44,95000/f6c4e5cc17bf8ba3fccf911d413cecb3.jpg,,
28807124,Точная магнитная запись,,,,"Аксенов В.А., и др.",1973,,,,282,282,Russian,287,ihtik,1,,,,,,,,,,,,0,,,,,,,0,2130356,djvu,E3AC9144CF54D45B72D09690B6161429,032fbdd6e6d58536280323a001170b87,no,,0,2000-01-01 01:00:00,2016-05-01 00:28:44,,,
28807122,Транзистор-это просто!,,,,Айсберг Е.,1964,,,,112,112,Russian,250,ihtik,1,,,,,,,,,,,,0,,,,,,,0,1766298,djvu,22A7CC8A6E80CA65D92835A5D58C75E2,3036072eb1872aa914f2b1671788f241,no,,0,2000-01-01 01:00:00,2016-05-01 00:28:44,95000/22a7cc8a6e80ca65d92835a5d58c75e2.jpg,,
28807120,Справочная книга по светотехнике,,,,Айзенберг Ю.Б.,1983,,,,427,427,Russian,210,ihtik,1,,,,,,,,,,,,0,,,,,,,0,14593222,djvu,E5451B36D1626ABCA0A6A0DE453B93FA,635f94bd8b449b3252c2d5be022ab0c3,no,,0,2000-01-01 01:00:00,2016-05-01 00:28:44,95000/e5451b36d1626abca0a6a0de453b93fa.jpg,,
28807121,Обыкновенные дифференциальные уравнения,,,,Айнс Э.Л.,1939,,,,718,718,Russian,125,ihtik,1,,,,,,,,,,,,0,,,,,,,0,7835942,djvu,70E584A5B6F5D28B402B1199ED8554EC,db46c0dad1b5e9a19d3e67b060287d13,no,,0,2000-01-01 01:00:00,2016-05-01 00:28:44,95000/70e584a5b6f5d28b402b1199ed8554ec.jpg,,
28807119,Руководство к решению задач по теоретической механике,,,,Айзенберг Т.Б.,1968,,,,420,420,Russian,113,ihtik,1,,,,,,,,,,,,0,,,,,,,0,3717978,djvu,342207E0AABFD1999337ECB655EC2EBD,84a51d84f31a1236fab9371b5fb83974,no,,0,2000-01-01 01:00:00,2016-05-01 00:28:44,95000/342207e0aabfd1999337ecb655ec2ebd.jpg,,
28807118,Аппаратные средства РС,,,,Айден К.,1998,,,,300,300,Russian,256,ihtik,1,,,,,,,,,,,,0,,,,,,,0,11642306,djvu,54DD504E492F5532BE29727F8E0EC7DA,e4700664847b0fd26c1376c47fed968e,no,,0,2000-01-01 01:00:00,2016-05-01 00:28:44,95000/54dd504e492f5532be29727f8e0ec7da.jpg,,
28807117,Библиотека алгоритмов 101б-150б,,,,Агеев М.И.,1978,,,,126,126,Russian,256,ihtik,1,,,,,,,,,,,,0,,,,,,,0,1593160,djvu,A3699D6DD83943CF2FD2989CB0A41683,942b0606e8c5a6ef4a6da39c819e00df,no,,0,2000-01-01 01:00:00,2016-05-01 00:28:44,95000/a3699d6dd83943cf2fd2989cb0a41683.jpg,,
28807116,Библиотека алгоритмов 51б-100б,,,,Агеев М.И.,1976,,,,132,132,Russian,256,ihtik,1,,,,,,,,,,,,0,,,,,,,0,1679767,djvu,FD22720B29685F534BF9824BBE18DC2D,617c5f0e04e4e12f0691fa434a639014,no,,0,2000-01-01 01:00:00,2016-05-01 00:28:44,95000/fd22720b29685f534bf9824bbe18dc2d.jpg,,
28807114,Автомобильные датчики,,,,,1982,,,,104,104,Russian,246,ihtik,1,,,,,,,,,,,,0,,,,,,,0,1446566,djvu,9AAD23B4350A5A8ED687507F366F83EF,50a8f8132ea43d1f59a1b226d46d8491,no,,0,2000-01-01 01:00:00,2016-05-01 00:28:44,95000/9aad23b4350a5a8ed687507f366f83ef.jpg,,
28807115,Справочник радиолюбителя,,Массовая радиобиблиотека 0286,,Куликовский А.А.,1958,2,Госэнергоиздат,,480,239,Russian,256,ihtik,1,,,,,,,,,,,,0,,,,,1,,0,9657589,djvu,C082CB7244F98AFF46DB927165B80788,1b0251c05d415a9b476b3ff29b385086,no,,0,2000-01-01 01:00:00,2016-05-01 00:28:44,95000/c082cb7244f98aff46db927165b80788.jpg,,
28807113,Структуры данных и алгоритмы,,,,Аxo А.,2003,,,,382,382,Russian,71,ihtik,1,,,,,,,,,,,,0,,,,,,,0,2788830,djvu,907F2F6B92BFF84AB1A47108F5830DA2,773820085402669d593d8737146f0200,no,,0,2000-01-01 01:00:00,2016-05-01 00:28:44,95000/907f2f6b92bff84ab1a47108f5830da2.jpg,,
28807111,Асинхронные двигатели серии 4А.Справочник,,,,Кравчик А.Э.,1982,,,,91,91,Russian,,ihtik,1,,,,,,,,,,,,0,,,,,,,0,1940452,djvu,7DF94D372615F2F39BA8F355FA0133E8,73930e90c92367a3e973ce44b55b129b,no,,0,2000-01-01 01:00:00,2016-05-01 00:28:44,95000/7df94d372615f2f39ba8f355fa0133e8.jpg,,
28807112,Моментный электропривод,,,,Афанасьев А.Ю.,1997,,,,124,124,Russian,210,ihtik,1,,,,,,,,,,,,0,,,,,,,0,8063590,djvu,68B8FB2E17073F9CC4878E0B09E54A49,ebfc67ce10b76cae1871154706688764,no,,0,2000-01-01 01:00:00,2016-05-01 00:28:44,95000/68b8fb2e17073f9cc4878e0b09e54a49.jpg,,
28807110,Применение интегральных схем.Практическое руководство,книга 2,,,Уильямс А. ,1987,,,,412,412,Russian,250,ihtik,1,,,,,,,,,,,,0,,,,,,,0,5564483,djvu,8D2D04D122DAF337959EB5042B70CDB6,399140b1e7ff7dbbee07b544a9ba0da2,no,,0,2000-01-01 01:00:00,2016-05-01 00:28:44,95000/8d2d04d122daf337959eb5042b70cdb6.jpg,,
28807109,Применение интегральных схем.Практическое руководство,книга 1,,,Уильямс А. ,1987,,,,430,430,Russian,250,ihtik,1,,,,,,,,,,,,0,,,,,,,0,5230293,djvu,3E3B7D132E6FEFC214222F4DFB526A29,fdbe1a4cf504c0be67923dda5160325c,no,,0,2000-01-01 01:00:00,2016-05-01 00:28:44,95000/3e3b7d132e6fefc214222f4dfb526a29.jpg,,
28807108,Монтаж средств измерений и автоматизации,,,,Клюев А.С.,1988,,,,447,447,Russian,211,ihtik,1,,,,,,,,,,,,0,,,,,,,0,7470062,djvu,97BCCB7F0DCC93D3660B24FD223F0A83,5f922ca7e3f1ff4caaed384c04971982,no,,0,2000-01-01 01:00:00,2016-05-01 00:28:44,95000/97bccb7f0dcc93d3660b24fd223f0a83.jpg,,
28807107,"Монтаж приборов,средств автоматизации и слаботочных устройств",,,,Клюев А.С.,1978,,,,510,510,Russian,211,ihtik,1,,,,,,,,,,,,0,,,,,,,0,5961708,djvu,8A775A3EC51ABE2C76E927FEA012B86F,f9357eaf1fa4f9bfd19e2cb140afef37,no,,0,2000-01-01 01:00:00,2016-05-01 00:28:44,95000/8a775a3ec51abe2c76e927fea012b86f.jpg,,
28807106,Городская телефонная связь,,,,Брискера А.С.,1987,,,,280,280,Russian,260,ihtik,1,,,,,,,,,,,,0,,,,,,,0,4373990,djvu,03E25AC7821EE8901A189889CFF3F1EE,23023ee1a4a2718b6f799c0aa8fc701f,no,,0,2000-01-01 01:00:00,2016-05-01 00:28:44,95000/03e25ac7821ee8901a189889cff3f1ee.jpg,,
28807105,Быстродействующие интегральные микросхемы ЦАП и АЦП и измерение их параметров,,,,Марцинкявичус А. ,1988,,,,223,223,Russian,250,ihtik,1,,,,,,,,,,,,0,,,,,,,0,2076783,djvu,3C256F03ADB4EA0B2C2FD4F7B5C6CD5F,54ee9dc71cec89ecdb7c2e48dd5d4ddf,no,,0,2000-01-01 01:00:00,2016-05-01 00:28:44,95000/3c256f03adb4ea0b2c2fd4f7b5c6cd5f.jpg,,
28807104,Справочник технолога-машиностроителя,том 2,,,Косилова А.Г.,1985,,,,495,495,Russian,210,ihtik,1,,,,,,,,,,,,0,,,,,,,0,14718729,djvu,F3279E61C3B6154D80A0E70A44E7A905,bffd53f203775dfe5e23e0480e538183,no,,0,2000-01-01 01:00:00,2016-05-01 00:28:44,95000/f3279e61c3b6154d80a0e70a44e7a905.jpg,,
28807103,Справочник технолога-машиностроителя,том 1,,,Косилова А.Г.,1985,,,,655,655,Russian,210,ihtik,1,,,,,,,,,,,,0,,,,,,,0,9099700,djvu,18FB5EBBAED45F473C9ADF9D0DE2C558,b5418bc1094a2803eb3798bc99a97f2f,no,,0,2000-01-01 01:00:00,2016-05-01 00:28:44,95000/18fb5ebbaed45f473c9adf9d0de2c558.jpg,,
28807102,Защита информации в персональных ЭВМ,,,,"Спесивцев А.В., Вегнер В. А.",1993,,,,193,193,Russian,69,ihtik,1,,,,,,,,,,,,0,,,,,,,0,1611724,djvu,88BB0DA9BDE5AAB013E11C0B0E438A3A,356594857b12bfdbc66a2a3e835e4adb,no,,0,2000-01-01 01:00:00,2016-05-01 00:28:44,95000/88bb0da9bde5aab013e11c0b0e438a3a.jpg,,
28807101,"Полупроводниковые приборы - диоды выпрямительные,стабилитроны,тиристоры",,,,Голомедов А.В.,1988,,,,528,528,Russian,250,ihtik,1,,,,,,,,,,,,0,,,,,,,0,7391266,djvu,57B2EB9B0DE03ECA4105F4C130DFA20F,a2b80ab657bbe77688ed5739e16ac92e,no,,0,2000-01-01 01:00:00,2016-05-01 00:28:44,95000/57b2eb9b0de03eca4105f4c130dfa20f.jpg,,
28807100,Мощные полупроводниковые приборы. Транзисторы,,,,Голомедов А.В.,1985,,,,558,558,Russian,250,ihtik,1,,,,,,,,,,,,0,,,,,,,0,5847233,djvu,CDE8510AA146D828F5DEA00B0AA73944,021a8c4dca44534e352d0d09aef6a511,no,,0,2000-01-01 01:00:00,2016-05-01 00:28:44,95000/cde8510aa146d828f5dea00b0aa73944.jpg,,
28807099,Справочник по микропроцессорным устройствам,,,,Молчанов А.А.,1987,,,,288,288,Russian,254,ihtik,1,,,,,,,,,,,,0,,,,,,,0,3545473,djvu,D303927AD45DBF186A1C230439AD83CF,c06e0ad44c9a5e3ea0119bcd6f6ca07c,no,,0,2000-01-01 01:00:00,2016-05-01 00:28:44,95000/d303927ad45dbf186a1c230439ad83cf.jpg,,
28807098,Справочник по радиоэлектронике,том 2,,,Куликовский А.А.,1968,,,,536,536,Russian,256,ihtik,1,,,,,,,,,,,,0,,,,,,,0,10337557,djvu,866D3ED797CFCDF56AB87DF705E9912B,770c1b06a5a8b985c049f16ddf64ef3b,no,,0,2000-01-01 01:00:00,2016-05-01 00:28:44,95000/866d3ed797cfcdf56ab87df705e9912b.jpg,,
28807096,Справочник по теории автоматического управления,,,,Красовский А.А.,1987,,НАУКА,,711,711,Russian,139,ihtik,1,,,,,,,,,,,,0,,,,,,,0,10447988,djvu,71846BE1047BCA128476E0725BA44C8C,614a43f11c3eddb1aa67987a62fcfd97,no,,0,2000-01-01 01:00:00,2016-05-01 00:28:44,95000/71846be1047bca128476e0725ba44c8c-d.jpg,,
28807097,Справочник по радиоэлектронике,том 1,,,Куликовский А.А.,1967,,,,640,640,Russian,256,ihtik,1,,,,,,,,,,,,0,,,,,,,0,10532998,djvu,FA9D6CC4CF0B5236E9583AEA10A65018,b8f2c3b6decad7c2896b493d58655d8b,no,,0,2000-01-01 01:00:00,2016-05-01 00:28:44,95000/fa9d6cc4cf0b5236e9583aea10a65018.jpg,,
28807095,Теория автоматического управления. Теория нелинейных и специальных систем автоматического управления,часть 2,,,Воронов А.А.,1986,,,,504,504,Russian,139,ihtik,1,,,,,,,,,,,,0,,,,,,,0,5191964,djvu,EB1E994937A8DEA878BDB3152FBCE6E7,007a99e048f430266dc60129a4193644,no,,0,2000-01-01 01:00:00,2016-05-01 00:28:44,95000/eb1e994937a8dea878bdb3152fbce6e7.jpg,,
28807094,Теория автоматического управления. Теория линейных систем автоматического управления,часть 1,,,Воронов А.А.,1986,,ВЫСШАЯ ШКОЛА,,367,367,Russian,139,ihtik,1,,,,,,,,,,,,0,,,,,,,0,4117558,djvu,813356BA6B30F28FF85129E22C1BCFC5,5d767bb6d59fbc5d1dccb8da48aa9ed2,no,,0,2000-01-01 01:00:00,2016-05-01 00:28:44,95000/813356ba6b30f28ff85129e22c1bcfc5-d.jpg,,
28807093,Монтаж систем внешнего водоснабжения и канализациия,,,,Перешивкин А.К.,1988,,,,655,655,Russian,256,ihtik,1,,,,,,,,,,,,0,,,,,,,0,7240473,djvu,B1CA38BA2CF07A02514D6EA4AC9620B7,eb4437ed997d636d500f5044e896a494,no,,0,2000-01-01 01:00:00,2016-05-01 00:28:44,95000/b1ca38ba2cf07a02514d6ea4ac9620b7.jpg,,
28807092,Электрически станции подстанции и сети,,,,,,,,,282,282,Russian,261,ihtik,1,,,,,,,,,,,,0,,,,,,,0,3959052,djvu,6ED0D008B0FA3454FE8D7DCDA18081F4,7e6f443c016b19a94ccbdd1162815aeb,no,,0,2000-01-01 01:00:00,2016-05-01 00:28:44,95000/6ed0d008b0fa3454fe8d7dcda18081f4-d.jpg,,
28807091,Монтаж и эксплуатация счётчиков электроэнергии,,,,,,,,,77,77,Russian,210,ihtik,1,,,,,,,,,,,,0,,,,,,,0,1187015,djvu,4B04530EBA6F15E5A4EE73B75DD2C004,2126d9eb782e2b03ec32edfef04f7d50,no,,0,2000-01-01 01:00:00,2016-05-01 00:28:44,95000/4b04530eba6f15e5a4ee73b75dd2c004.jpg,,
28807090,«МП-2» магнитофонная приставка. Инструкция по эксплуатации.,,,,,1957,,,,16,16,Russian,287,ihtik,1,,,,,,,,,,,"Предоставили: KV и Pirat; получено с сайта Вадима Мельника, 2006",0,,,,,,,0,203843,djvu,DE2BAFB10D25977383E226ADB48BD7F4,aaf910878999578ef75c2517d0b83931,no,,0,2000-01-01 01:00:00,2016-05-01 00:28:44,95000/de2bafb10d25977383e226adb48bd7f4.jpg,,
28807089,Конструкции советских и чехословацких радиолюбителей.Сборник статей,книга 3,,,,1987,,,,145,145,Russian,256,ihtik,1,,,,,,,,,,,,0,,,,,,,0,2227513,djvu,DFB2F1A2AD6B772DC401AAD0F60F67FC,c25d34f40ab796de75c511855da0b9cb,no,,0,2000-01-01 01:00:00,2016-05-01 00:28:44,95000/dfb2f1a2ad6b772dc401aad0f60f67fc.jpg,,
28807088,Конструкции СВЧ устройств и экранов,,,,Чернушенко А.М.,1983,,,,400,400,Russian,250,ihtik,1,,,,,,,,,,,,0,,,,,,,0,5831532,djvu,F22A30EFD1334DDEFEEA4B2FC447646D,16dcf1d4e349051b8182c141812559a0,no,,0,2000-01-01 01:00:00,2016-05-01 00:28:44,95000/f22a30efd1334ddefeea4b2fc447646d.jpg,,
28807087,Комната прослушивания как часть Hi-Fi системы,,,,,,,,,5,5,Russian,256,ihtik,1,,,,,,,,,,,,0,,,,,,,0,69032,djvu,6F9E4160924BB8464F82E87B135A6ECE,91eace33e82b33ab6dfd1f0099ed8ec7,no,,0,2000-01-01 01:00:00,2016-05-01 00:28:44,95000/6f9e4160924bb8464f82e87b135a6ece.jpg,,
28807086,"Инструкции по работам на линиях электропередачи 35-220 и 6-10кВ,находящихся под напряжением",,,,,1964,,,,240,240,Russian,262,ihtik,1,,,,,,,,,,,,0,,,,,,,0,3130438,djvu,DCF439D1BE3A96E8DA7B4AA0479FD59E,28188c98c6844f8115cdc94c09436297,no,,0,2000-01-01 01:00:00,2016-05-01 00:28:44,95000/dcf439d1be3a96e8da7b4aa0479fd59e.jpg,,
28807085,Выбор и эксплуатация электроинструмента,,,,,2003,,,,158,158,Russian,210,ihtik,1,,,,,,,,,,,,0,,,,,,,0,3215222,djvu,EA5969307EBF4F7E03DB13E543949D31,3f3bd24cd1c55d83e024d0c12374f31f,no,,0,2000-01-01 01:00:00,2016-05-01 00:28:44,95000/ea5969307ebf4f7e03db13e543949d31.jpg,,
28807084,Аналоги отечественных и зарубежных транзисторов.Справочник,,,,,,,,,312,312,Russian,250,ihtik,1,,,,,,,,,,,,0,,,,,,,0,3410675,djvu,3228E217D64CFEC72D1565DD38DED093,bcda9980ca9e00b7d71df1ea08c7c8f6,no,,0,2000-01-01 01:00:00,2016-05-01 00:28:44,95000/3228e217d64cfec72d1565dd38ded093.jpg,,
28807083,Алгоритмический язык Алгол-60.Пересмотренное сообщение,,,,,1965,,МИР,,80,77,Russian,314,ihtik,1,,,,,,,,,,,,0,,,,,,,0,791019,djvu,F7D3AF4B285D55F5A1F2224134F49605,f591c0696d1a167a43ba345873303824,no,,0,2000-01-01 01:00:00,2016-05-01 00:28:44,95000/f7d3af4b285d55f5a1f2224134f49605.jpg,,
28807081,Iнструкцiя для експлуатацii обладнання пiдстанцiй 35-110кВ,,,,,1992,,,,100,100,Ukrainian,210,ihtik,1,,,,,,,,,,,,0,,,,,,,0,2155749,djvu,995F6D75B3286A5490A2EA7E44016236,284b2182e0ddea3b7fa9615ac0dd0922,no,,0,2000-01-01 01:00:00,2016-05-01 00:28:44,95000/995f6d75b3286a5490a2ea7e44016236.jpg,,
28807082,Jurnale 1914-1916,,,,Ludwig Wittgenstein,2010,,Humanitas,,216,216,Romanian,,,0,,,,,,,,,,,,0,,,,,,,0,1837108,djvu,8551c680e38064a6e7fd167aed640dfe,b3d242227dfbf93a015be3a99b16f055,no,Ludwig Wittgenstein - Jurnale 1914-1916,0,2000-01-01 01:00:00,2016-05-01 00:28:44,881000/8551c680e38064a6e7fd167aed640dfe-g.jpg,,
28807080,Logica~ Note de curs,,,,Gabriel Cristescu,2001,,Focus,,77,77,Romanian,,,0,,,,,,,,,,,,0,,,,,,,0,1167883,djvu,8fb0a69fe37e34aec73936c58d1ba7ce,71704418fc1fb3a8720d9c337173847a,no,Gabriel Cristescu - Logica~ Note de curs,0,2000-01-01 01:00:00,2016-05-01 00:28:44,881000/8fb0a69fe37e34aec73936c58d1ba7ce-g.jpg,,
28807078,The Mathematics of Gambling,,,,Edward O. Thorp,1984,,Gambling Times,Hollywood,75,75,English,113,ihtik,1,,,,,,,,,,,,0,,,,,,,0,2456628,pdf,CE4FAF0CF919BDFDBB85163781F5E9E1,C59F868A66775286C3C655D53A47FBC3,no,,0,2000-01-01 01:00:00,2016-05-01 00:28:44,95000/CE4FAF0CF919BDFDBB85163781F5E9E1-g.jpg,,
28807079,Mathematics formulary,,,,Wevers J.C.A.,2002,,,,64,64,English,113,ihtik,1,,,,,,,,,,,,0,,,,,,,0,303364,djvu,AC5C4B1374B6F3A98176A6C40CFC5F5E,dd423856356e659a729cff4d82fcbb0f,no,,0,2000-01-01 01:00:00,2016-05-01 00:28:44,95000/ac5c4b1374b6f3a98176a6c40cfc5f5e.jpg,,
28807077,Introduction to distributed systems,,,,Tanenbaum A.,,,,,588,588,English,256,ihtik,1,,,,,,,,,,,,0,,,,,,,0,7749418,djvu,CE493DED5CAA80FF2F1BE4406B85EF9F,2701777db1d620d55c11dbd76054c4c5,no,,0,2000-01-01 01:00:00,2016-05-01 00:28:44,95000/ce493ded5caa80ff2f1be4406b85ef9f.jpg,,
28807075,Algorithms,,,,Sedgewick R.,1983,,,,557,557,English,71,ihtik,1,,,,,,,,,,,,0,,,,,,,0,3380662,djvu,D8E195C7D1D88279E77FD07B39F8A1D6,df6467dba30f1fdb5276c9e8ea7d7f48,no,,0,2000-01-01 01:00:00,2016-05-01 00:28:44,95000/d8e195c7d1d88279e77fd07b39f8a1d6.jpg,,
28807076,The power electronics handbook,,Industrial Electronics,,Timothy L. Skvarenina,2001,1,CRC Press,,625,625,English,250,ihtik,1,"9780849373367,0849373360",,,,,,,,,,,0,,,,,,,1,15625038,pdf,369BC69CBDCB11838B1A906C46077DB5,306f979f6f48d30b3010ff2bfd034528,no,,0,2000-01-01 01:00:00,2016-05-01 00:28:44,95000/369bc69cbdcb11838b1a906c46077db5-d.jpg,,"9780849373367,0849373360"
28807074,PNG: the definitive guide,,A nutshell handbook,,Greg Roelofs,1999,1,O'Reilly,,354,354,English,87,ihtik,1,"1565925424,9781565925427",,B00007FYAN,,,,T385 .R58 1999,,axdEAQAAIAAJ,,"converted from HTML, page 102 is broken",0,,,,,0,0,1,2320404,pdf,9B3FE8D1C96765D51632B98CD34018C7,FA4796E1460CD3238344F0590E4138D5,no,,0,2000-01-01 01:00:00,2016-05-01 00:28:44,66000/FA4796E1460CD3238344F0590E4138D5-d.png,,"1565925424,9781565925427"
28807072,The radio handbook,,,,Orr W.I.,1959,,,,808,808,English,,ihtik,1,,,,,,,,,,,,0,,,,,,,0,24602255,djvu,17C4B56BD0152F30E932A743FBAC7DE6,7367b83c7b61229d44939effc8c98fa5,no,,0,2000-01-01 01:00:00,2016-05-01 00:28:44,95000/17c4b56bd0152f30e932a743fbac7de6.jpg,,
28807073,Introduction to error-correcting codes,,,,Purser M.,1995,,,,139,139,English,256,ihtik,1,,,,,,,,,,,,0,,,,,,,0,758155,djvu,BE34BEE2DA327F28486C82945FFC3642,a7e3758d6020f0eef4b5486b60e6b2f6,no,,0,2000-01-01 01:00:00,2016-05-01 00:28:44,95000/be34bee2da327f28486c82945ffc3642.jpg,,
28807071,Semiconductor physics and devices,,,,Neamen D.,,,,,565,565,English,264,ihtik,1,,,,,,,,,,,,0,,,,,,,0,16815261,djvu,9D6C50F53E961634A52A6E99C016275E,1ceac109177249c00ef68a6cba4ca3c8,no,,0,2000-01-01 01:00:00,2016-05-01 00:28:44,95000/9d6c50f53e961634a52a6e99c016275e.jpg,,
28807069,Low-noise electronic system design,,,,Motchenbacher C.D.,1993,,,,430,430,English,250,ihtik,1,,,,,,,,,,,,0,,,,,,,0,3505895,djvu,7C42F228AC65D8B7B4D97890C153F680,512f5cd844e36fc605d238a64293bdbf,no,,0,2000-01-01 01:00:00,2016-05-01 00:28:44,95000/7c42f228ac65d8b7b4d97890c153f680.jpg,,
28807070,Embedded system design using the TI MSP430 series,,Embedded Technology,,Chris Nagy,2003,,Newnes,,285,285,English,256,ihtik,1,"9780750676236,075067623X",,,,,,,,,OL15446247M,,0,,,,,,,0,1168967,djvu,4008C1CF7879A9844D8D26123CB261D8,5073e49752388ed47c46158aad9134bf,no,,0,2000-01-01 01:00:00,2016-05-01 00:28:44,95000/4008c1cf7879a9844d8d26123cb261d8-d.jpg,,"9780750676236,075067623X"
28807068,Aktive Filters Design Handbook,,,,Moschytz Horn,,,,,321,321,English,,ihtik,1,,,,,,,,,,,,0,,,,,,,0,3066980,djvu,2694EC3CE2890DA69D7E72F164EE3750,05e9b8ea5dc69e0494d1c5db0d4fd838,no,,0,2000-01-01 01:00:00,2016-05-01 00:28:44,95000/2694ec3ce2890da69d7e72f164ee3750.jpg,,
28807067,Natura necesitatii,,,,Alvin Plantinga,1998,,Trei,,374,374,Romanian,,,0,,,,,,,,,,,,0,,,,,,,0,2373310,djvu,b41820729b0d0671f37a8c3e22dbf9c4,eee7b800cf2be1f2799658d050fcd69d,no,Alvin Plantinga - Natura necesitatii,0,2000-01-01 01:00:00,2016-05-01 00:28:44,881000/b41820729b0d0671f37a8c3e22dbf9c4-g.jpg,,
28807065,Fragmentele eleatilor,,,,D. M. Pippidi,1998,,Teora,,283,283,Romanian,,,0,,,,,,,,,,,,0,,,,,,,0,2015960,djvu,6a612acb1e7e747bdbfbcff55b62956f,1860ddce39622f5fd77bbe9595c69e40,no,D. M. Pippidi - Fragmentele eleatilor,0,2000-01-01 01:00:00,2016-05-01 00:28:44,881000/6a612acb1e7e747bdbfbcff55b62956f-g.jpg,,
28807066,A heat transfer handbook,,,,Lienhard J.,2003,,,,760,760,English,,ihtik,1,,,,,,,,,,,,0,,,,,,,0,4205500,djvu,8CA98BEECAB96A81208F56E9C899CBF8,4610215a28b3a002ddaa36bd5d89b48a,no,,0,2000-01-01 01:00:00,2016-05-01 00:28:44,95000/8ca98beecab96a81208f56e9c899cbf8.jpg,,
28807063,Complete guide to semiconductor devices,,,,Kwok K.,,,,,700,700,English,256,ihtik,1,,,,,,,,,,,,0,,,,,,,0,4506261,djvu,8A04C63604E75D12C391E325846CFE54,68f210e43436c76a3a71d71e19fa55b8,no,,0,2000-01-01 01:00:00,2016-05-01 00:28:44,95000/8a04c63604e75d12c391e325846cfe54.jpg,,
28807064,Electronic transformers and circuits,,,,Reuben Lee,1947,,"WILEY, JOHN @ & SONS",,372,372,English,250,ihtik,1,,,B000Q9WTCW,,,,,,,,,0,,,,,,,0,9238705,djvu,F955A6481C3E9CB2079C349D6FD47A5C,cd016b629de5af052d5d8ef549ddccaf,no,,0,2000-01-01 01:00:00,2016-05-01 00:28:44,95000/f955a6481c3e9cb2079c349d6fd47a5c.jpg,,
28807062,An introduction to neural networks,,,,Krose B.,1996,,,,135,135,English,99,ihtik,1,,,,,,,,,,,,0,,,,,,,0,594603,djvu,E2C69B550EFA1CCA1C19E711C039E233,99fb23e409eb85b91da7fdd4dc382b47,no,,0,2000-01-01 01:00:00,2016-05-01 00:28:44,95000/e2c69b550efa1cca1c19e711c039e233.jpg,,
28807061,Filosofia de la Iluminism pana astazi,,,,Robert Zimmer,2003,,ALL,,128,128,Romanian,,,0,,,,,,,,,,,,0,,,,,,,0,939863,djvu,489b1e98d6962f9833edacf8d9664d6e,c179e592c635bfaeba303318b1a8510e,no,Robert Zimmer - Filosofia de la Iluminism pana astazi,0,2000-01-01 01:00:00,2016-05-01 00:28:44,881000/489b1e98d6962f9833edacf8d9664d6e-g.jpg,,
28807060,Охорона працi,,,,Iваськевич I.О.,1995,,,,98,98,Ukrainian,256,ihtik,1,,,,,,,,,,,,0,,,,,,,0,1634412,djvu,2ED08796E5F4B3E8EF430C2EBE9F3994,6bbed729fefdfaccd4336f7e9562c62e,no,,0,2000-01-01 01:00:00,2016-05-01 00:28:44,95000/2ed08796e5f4b3e8ef430c2ebe9f3994.jpg,,
28807059,Despre unitatea intelectului,,,,Aristotel,2000,,IRI,,372,372,Romanian,,,0,,,,,,,,,,,,0,,,,,,,0,2832316,djvu,aab1275a7963b2189324a6bedb7d1afc,1164ea35c44a1f23584ce2ee031759ff,no,Aristotel et al. - Despre unitatea intelectului,0,2000-01-01 01:00:00,2016-05-01 00:28:44,881000/aab1275a7963b2189324a6bedb7d1afc-g.jpg,,
28807058,The communications handbook,,Electrical Engineering Handbook,,Jerry D. Gibson,2002,2,CRC Press,,1527,1527,English,,ihtik,1,"9780849309670,0849309670",,,,,621.382,TK5101 .C6583 2002,,,OL22488978M,,0,,,,,,1,1,139296218,pdf,0480606837638DADE9A666A434D5741C,B38A33C6E24A5182D0D5E59A3C5C0FC1,no,,0,2000-01-01 01:00:00,2016-05-01 00:28:44,95000/0480606837638dade9a666a434d5741c-d.jpg,,"9780849309670,0849309670"
28807057,The Cg tutorial. The definitive guide to programmable real-time graphics,,,,"Randima Fernando, Mark J. Kilgard",2003,,Addison-Wesley Professional,,383,383,English,256,ihtik,1,"9780321194961,0321194969",,,,,006.6/6,T385 .F465 2003,,,OL3576282M,,0,,,,,,,0,4295651,djvu,CF4918CED6C8E923815E0C62CCBABA83,0276b9348dd65d8596776e12a65ee634,no,,0,2000-01-01 01:00:00,2016-05-01 00:28:44,95000/cf4918ced6c8e923815e0c62ccbaba83-d.jpg,,"9780321194961,0321194969"
28807056,Fundamentals of power electronics,,,,Erickson R.W.,2004,,,,899,899,English,250,ihtik,1,,,,,,,,,,,,0,,,,,,,0,8681378,djvu,11CAB1AC7A3C6F2790DADD327D0837DD,a18b4f9ace924374399a18e3b2831e89,no,,0,2000-01-01 01:00:00,2016-05-01 00:28:44,95000/11cab1ac7a3c6f2790dadd327d0837dd.jpg,,
28807055,Reversing: secrets of reverse engineering,,,,Eldad Eilam,2005,,Wiley,,619,619,English,210,ihtik,1,"0764574817, 9780764574818, 076459768X, 9780764597688",,,,,005.1-dc22,QA76.758 .E35 2005,,uW-NWabqy3YC,,,0,,,,,0,0,1,8779584,pdf,B3F07CA0BAEB2313C9CE3093D7AE49DF,6CC7042E74CE0953C0E7DC5C17471CE5,no,,0,2000-01-01 01:00:00,2016-05-01 00:28:44,78000/6CC7042E74CE0953C0E7DC5C17471CE5-d.jpg,,"0764574817,9780764574818,076459768X,9780764597688"
28807054,Despre eternitatea lumii,,,,Aristotel,1999,,IRI,,318,318,Romanian,,,0,,,,,,,,,,,,0,,,,,,,0,2584775,djvu,46fab000ba6f2ee4cb07728783ff01db,45e7db8e2b2f86289075adee988a3ffc,no,Aristotel et al. - Despre eternitatea lumii,0,2000-01-01 01:00:00,2016-05-01 00:28:44,881000/46fab000ba6f2ee4cb07728783ff01db-g.jpg,,
28807053,Peopleware.Productive projects and teams,,,,"Tom DeMarco, Timothy Lister",1999,2nd,"Dorset House Publishing Company, Incorporated",,261,261,English,256,ihtik,1,"9780932633439,0932633439",,,,,658.3/14,HD31 .D4222 1999,,,,,0,,,,,1,,1,3005874,pdf,6767D35F0ECA93BF465236E14BD0CA8F,0C135A73FC637534F1558DF65A15EC75,no,,0,2000-01-01 01:00:00,2016-05-01 00:28:44,95000/6767d35f0eca93bf465236e14bd0ca8f-d.jpg,,"9780932633439,0932633439"
28807052,Computational geometry.Algorithms and applications,,,,De Berg M.,1998,,,,377,377,English,120,ihtik,1,,,,,,,,,,,,0,,,,,,,0,3868667,djvu,47B29FAA0DD9C287F47E0B1D03E4D6B3,547edac95ec3ef090e10bac5df42ef68,no,,0,2000-01-01 01:00:00,2016-05-01 00:28:44,95000/47b29faa0dd9c287f47e0b1d03e4d6b3.jpg,,
28807051,Справочник по печатным схемам,,,,Кумбз К.Ф. (ред.),1972,,,,696,696,Russian,250,ihtik,1,,,,,,,,,,,,0,,,,,,,0,8108373,djvu,1B01F3669EB848BA144071981946C31F,c654ef3abba5b43480e81992b797c315,no,,0,2000-01-01 01:00:00,2016-05-01 00:28:44,95000/1b01f3669eb848ba144071981946c31f.jpg,,
28807050,Filosofii lucrurilor pamantesti,,,,Robert Heilbroner,1994,,Humanitas,,364,364,Romanian,,,0,,,,,,,,,,,,0,,,,,,,0,3228474,djvu,18071e6b402d99b7965f20e4ffb896e8,abd4a96c9221fae1c3f96165639635a6,no,Robert Heilbroner - Filosofii lucrurilor pamantesti,0,2000-01-01 01:00:00,2016-05-01 00:28:44,881000/18071e6b402d99b7965f20e4ffb896e8-g.jpg,,
28807049,Algorithmic information theory,,"Cambridge Tracts in Theoretical Computer Science, Volume 1",,Chaitin G.J.,1997,,,,236,236,English,71,ihtik,1,,,,,,,,,,,,0,,,,,,,1,918848,pdf,0E66AA952152C169F9A681AB9173C862,5C2A68ED41C35F8B50781D1FE5558EED,no,,0,2000-01-01 01:00:00,2016-05-01 00:28:44,95000/0e66aa952152c169f9a681ab9173c862.jpg,,
28807048,Handbook of analog computation,,,,Carlson A.,1967,,,,399,399,English,120,ihtik,1,,,,,,,,,,,,0,,,,,,,0,4129332,djvu,50C9BFA92B762200E6C150D3A62EFC76,18400f0d7e39a6cc98b650bee7aef530,no,,0,2000-01-01 01:00:00,2016-05-01 00:28:44,95000/50c9bfa92b762200e6c150d3a62efc76.jpg,,
28807047,Imblanzirea infinitului - povestea matematicii,,,,Ian Stewart,2011,,Humanitas,,324,324,Romanian,,,0,,,,,,,,,,,,0,,,,,,,0,3779336,djvu,623d49cb5cfe61dee9d0593e0c8e4320,f6b870237f900d03dada0aeb01e6dd9e,no,Ian Stewart - Imblanzirea infinitului - povestea matematicii,0,2000-01-01 01:00:00,2016-05-01 00:28:44,881000/623d49cb5cfe61dee9d0593e0c8e4320-g.jpg,,
28807046,Complete digital design: a comprehensive guide to digital electronics and computer system architecture,,Professional engineering,,Mark Balch,2003,,McGraw-Hill,New York,481,481,English,,ihtik,1,"0071409270, 9780071409278, 0071433473, 9780071433471, 0071449817, 9780071449816",,,,,621.81-dc21,TK7868.D5 B37 2003,10.1036/0071433473,rm8wTLVVftUC,,has one incomplete page,0,,,,,0,1,1,6288890,pdf,7E68B89ED03B69F00275FCC0E8D5A885,9062a74410bcd56d0c04955625457b12,no,,0,2000-01-01 01:00:00,2016-05-01 00:28:44,895000/9062a74410bcd56d0c04955625457b12-d.jpg,,"0071409270,9780071409278,0071433473,9780071433471,0071449817,9780071449816"
28807045,Elliptic functions.An elementary text book for students of mathematics,,,,Baker A.L.,1890,,,,123,123,English,113,ihtik,1,,,,,,,,,,,,0,,,,,,,0,1000263,djvu,CA0EA53FE76A12007053A935ECD16AC2,3fba20b94c8c60143a32ec511db1d63b,no,,0,2000-01-01 01:00:00,2016-05-01 00:28:44,95000/ca0ea53fe76a12007053a935ecd16ac2.jpg,,
28807044,Охрана труда в химической промышленности,1,,,"Соловьев Н.В., и др.  ",1966,,Химия,,287,287,Russian,210,ihtik,1,,,,,,,,,,,,0,,,,,,,0,3309129,djvu,7F911C0A1B13B54BF1131504F836E70F,bbffdee794a83d9c5bdfc0af813cbcbd,no,,0,2000-01-01 01:00:00,2016-05-01 00:28:44,95000/7f911c0a1b13b54bf1131504f836e70f.jpg,,
28807043,Охрана труда в химической промышленности,2,,,"Соловьев Н.В., и др.  ",1966,,Химия,,240,240,Russian,210,ihtik,1,,,,,,,,,,,,0,,,,,,,0,3608949,djvu,A30F5FB6F235BE1F299D27F12C4BA376,6810d8449df87a397ffe58b36f950ed7,no,,0,2000-01-01 01:00:00,2016-05-01 00:28:44,95000/a30f5fb6f235be1f299d27f12c4ba376.jpg,,
28807042,"Насосы, компрессоры и вентиляторы",,,,Шлипченко З.С.,,,,,369,369,Russian,232,ihtik,1,,,,,,,,,,,,0,,,,,,,0,2820940,djvu,A97D0D857208B4C0C3DED02DD6CDC1BF,0b8b0d9a9423ea519d97baa234354637,no,,0,2000-01-01 01:00:00,2016-05-01 00:28:44,95000/a97d0d857208b4c0c3ded02dd6cdc1bf.jpg,,
28807041,"Насосы, вентиляторы, компрессоры",,,,Черкасский В.М.,,,,,210,210,Russian,232,ihtik,1,,,,,,,,,,,,0,,,,,,,0,3399314,djvu,313CD5773CFC19ABADFD7E94D697F905,9e75279442e2486b5bc308526d64e0d7,no,,0,2000-01-01 01:00:00,2016-05-01 00:28:44,95000/313cd5773cfc19abadfd7e94d697f905.jpg,,
28807040,Строительная теплотехника ограждающих частей зданий,2,,,Фокин К.Ф.,1973,,,,144,144,Russian,210,ihtik,1,,,,,,,,,,,,0,,,,,,,0,2798278,djvu,0734B43C10BE109AB4D9CC188EC6A191,9411c81a8f2f73a1c95a1df93ed55b51,no,,0,2000-01-01 01:00:00,2016-05-01 00:28:44,95000/0734b43c10be109ab4d9cc188ec6a191.jpg,,
28807039,Строительная теплотехника ограждающих частей зданий,1,,,Фокин К.Ф.,1973,,,,145,145,Russian,210,ihtik,1,,,,,,,,,,,,0,,,,,,,0,3231969,djvu,25795619AA85D343C205C978D7765C2F,c0286d151e154f347a53197bfb7d8791,no,,0,2000-01-01 01:00:00,2016-05-01 00:28:44,95000/25795619aa85d343c205c978d7765c2f.jpg,,
28807038,Курсовое и дипломное проектирование по вентиляции гражданских и промышленных зданий,,,,Титов,1985,,,,208,208,Russian,210,ihtik,1,,,,,,,,,,,,0,,,,,,,0,2176700,djvu,65B191AA39DA06DF2E9CFF7B28254764,4bce7b34cb01841e41f1523f168144bf,no,,0,2000-01-01 01:00:00,2016-05-01 00:28:44,95000/65b191aa39da06df2e9cff7b28254764.jpg,,
28807037,Котельные установки промышленных предприятий,,,,"Сидельковский Л.Н., Юренев В.Н.",1988,,Энергоатомиздат,,529,529,Russian,210,ihtik,1,5-283-00016-8,,,,,,,,,,,0,,,,,,,0,4982864,djvu,0F1159DB1E56FA7F5B1D4F42BD7DEB8A,57196ac75c41f2f9dab433e288cd0ff3,no,,0,2000-01-01 01:00:00,2016-05-01 00:28:44,95000/0f1159db1e56fa7f5b1d4f42bd7deb8a-d.jpg,,5283000168
28807036,Сборник задач по расчету систем кондиционирования микроклимата зданий,,,,Сазонов Э.В (ред.).,1988,,,,293,293,Russian,113,ihtik,1,,,,,,,,,,,,0,,,,,,,0,3787638,djvu,8FD11BA379C6A6E64AE405A775BCCE0D,03aaa50028bdfa075623847cdd564890,no,,0,2000-01-01 01:00:00,2016-05-01 00:28:44,95000/8fd11ba379c6a6e64ae405a775bcce0d.jpg,,
28807035,Вентиляция производственных зданий,,,,Родин,1997,,,,120,120,English,210,ihtik,1,,,,,,,,,,,,0,,,,,,,0,1531173,djvu,858621EC7AFC10DAE075CA91A3D1B1A7,c385fa7b95d97aa7bf008fbfa6a82a95,no,,0,2000-01-01 01:00:00,2016-05-01 00:28:44,95000/858621ec7afc10dae075ca91a3d1b1a7.jpg,,
28807033,Вычислительная гидродинамика,,,,Роуч П. ,,,,,606,606,Russian,120,ihtik,1,,,,,,,,,,,,0,,,,,,,0,5027876,djvu,BE1BB1CB95703A8146EEA1C6E4CFF3A2,e4d3a7527544a416b73bfe7451b04e96,no,,0,2000-01-01 01:00:00,2016-05-01 00:28:44,95000/be1bb1cb95703a8146eea1c6e4cff3a2.jpg,,
28807034,Численные методы решения задач теплообмена и динамики жидкости,,,,Патанкар,1984,,,,152,152,Russian,113,ihtik,1,,,,,,,,,,,,0,,,,,,,0,1708085,djvu,58B501135ADA6F96D2B283D754F3B007,32eaea3a1c9e58a8b11f20ddb82c930c,no,,0,2000-01-01 01:00:00,2016-05-01 00:28:44,95000/58b501135ada6f96d2b283d754f3b007.jpg,,
28807032,Основы термодинамических расчётов вентиляции и кондицонирования воздуха,,,,Нестеренко,1971,,,,460,460,Russian,238,ihtik,1,,,,,,,,,,,,0,,,,,,,0,6727444,djvu,98C582E1AFCA5E8F17E5AFEEFF9F07B4,acd3903d8a51fca060454476b6311dc2,no,,0,2000-01-01 01:00:00,2016-05-01 00:28:44,94000/98c582e1afca5e8f17e5afeeff9f07b4.jpg,,
28807030,In cautarea fericirii,,,,Bertrand Russell,2011,,Humanitas,,217,217,Romanian,,,0,,,,,,,,,,,,0,,,,,,,,2022877,djvu,e70eac22e9e17c577f1641455f6546df,ea180fbb6c13fe140db8989d48065611,no,Bertrand Russell - In cautarea fericirii.djvu,0,2000-01-01 01:00:00,2016-05-01 00:28:44,881000/e70eac22e9e17c577f1641455f6546df-g.jpg,,
28807031,Основы теплопередачи,,,,"Михеев М.А., Михеева И.М.",,,,,344,344,Russian,238,ihtik,1,,,,,,,,,,,,0,,,,,,,0,2787158,djvu,07A0D7F2D75AE168AF81038AEB87819A,ea16a92f8476649e057d544bfe6c7cb8,no,,0,2000-01-01 01:00:00,2016-05-01 00:28:44,94000/07a0d7f2d75ae168af81038aeb87819a.jpg,,
28807029,Воздухонагреватели для систем вентиляции и кондиционирования воздуха,,,,Минин В.Е.,,,,,40,40,Russian,238,ihtik,1,,,,,,,,,,,,0,,,,,,,0,2718854,djvu,BC202D40E527CBD2BA43945F679B7CFF,63a94d3df2a72bf174a93654bfca416b,no,,0,2000-01-01 01:00:00,2016-05-01 00:28:44,94000/bc202d40e527cbd2ba43945f679b7cff.jpg,,
28807028,Проектирование процесов кондиционирования воздуха,,,,Максимов,1961,,,,51,51,Russian,238,ihtik,1,,,,,,,,,,,,0,,,,,,,0,999007,djvu,707AD60138A3E244920FCA38D8C76374,a8aa691ccf80d20b6c9b17b8f87bee04,no,,0,2000-01-01 01:00:00,2016-05-01 00:28:44,94000/707ad60138a3e244920fca38d8c76374.jpg,,
28807027,Расчет и проектирование воздухонагревательных установок для систем приточной вентиляции,,,,Краснощеков,,,,,45,45,Russian,238,ihtik,1,,,,,,,,,,,,0,,,,,,,0,5227716,djvu,BCBBA239D0C52DE5E5A5CFE57BD709D0,56dd33959f2fe624c49f3b3ed6add41d,no,,0,2000-01-01 01:00:00,2016-05-01 00:28:44,94000/bcbba239d0c52de5e5a5cfe57bd709d0.jpg,,
28807026,Примеры расчета по отоплению и вентиляции,часть 1,,,Кострюков В.А,1964,,,,205,205,Russian,238,ihtik,1,,,,,,,,,,,,0,,,,,,,0,4954411,djvu,227DB6503CF4AAF899EB7DD3BD67C1BB,64cc5a00bb864df8ea2b59f6c164ec96,no,,0,2000-01-01 01:00:00,2016-05-01 00:28:44,94000/227db6503cf4aaf899eb7dd3bd67c1bb.jpg,,
28807025,Сборник примеров расчета по отоплению и вентиляции. Вентиляция,2,,,Кострюков В.А.,1962,,Стройиздат,,201,201,Russian,238,ihtik,1,,,,,,,,,,,,0,,,,,,,0,2597239,djvu,156FF3174DD12E6A252FF4E0E04157AC,8524b89de37a17057357922d877a7037,no,,0,2000-01-01 01:00:00,2016-05-01 00:28:44,94000/156ff3174dd12e6a252ff4e0e04157ac-d.jpg,,
28807024,Moralitatea,,,,Bernard Williams,2002,,Punct,,118,118,Romanian,,,0,,,,,,,,,,,,0,,,,,,,,1825425,djvu,7e12483e30ed6e24610d1c273d6041e9,a49e0b06730eb680a80e19056c3f424a,no,Bernard Williams - Moralitatea.djvu,0,2000-01-01 01:00:00,2016-05-01 00:28:44,881000/7e12483e30ed6e24610d1c273d6041e9-g.jpg,,
28807023,"Кондиционеры бытовые. БК-1800, БК-1801, БК-2300, БК-2301, БК-2900, БК-2901",,,,,,,,,14,14,Russian,238,ihtik,1,,,,,,,,,,,,0,,,,,,,0,491258,djvu,F232F7EDAC02AF8EC53BCCC75C128D93,c19affcd5b60daba0bcdaa513bb6e59e,no,,0,2000-01-01 01:00:00,2016-05-01 00:28:44,94000/f232f7edac02af8ec53bccc75c128d93.jpg,,
28807022,Комплектная приточная установка Компакт,,,,,,,,,16,16,Russian,238,ihtik,1,,,,,,,,,,,,0,,,,,,,0,240592,djvu,932F11C3582C77A1FF7747B632FD1A1A,fb1f52e074a5e0b2859bcbae801fb8a2,no,,0,2000-01-01 01:00:00,2016-05-01 00:28:44,94000/932f11c3582c77a1ff7747b632fd1a1a.jpg,,
28807021,СОВРЕМЕННЫЕ СИСТЕМЫ КОНДИЦИОНИРОВАНИЯ ВОЗДУХА,,,,Кокорин О.Я.,,,Издательство физико-математической литературы,М.,137,137,Russian,236,infanata,1,,,,,,,,,,,,0,,,,,,,0,4577159,djvu,E388BED46F6E2C6E8FEA779F539A2810,7012d5c6c8304cf7b0fdefe27fb1678e,no,N:\\natahaus\\2006\\2006-09\\[1146072858]СОВРЕМЕННЫЕ СИСТЕМЫ КОНДИЦИОНИРОВАНИЯ ВОЗДУХА.-- Кокорин О.Я..djvu,0,2000-01-01 01:00:00,2016-05-01 00:28:44,94000/e388bed46f6e2c6e8fea779f539a2810.jpg,,
28807020,Методичка по рекуператорам с промежуточным теплоносителем,,,,Кокорин О.Я.,,,,,15,15,Russian,238,ihtik,1,,,,,,,,,,,,0,,,,,,,0,290400,djvu,A59DA8E851EBD61568CB126C708B5C36,456bf6466fff1a6958384ac0bc0c615d,no,,0,2000-01-01 01:00:00,2016-05-01 00:28:44,94000/a59da8e851ebd61568cb126c708b5c36.jpg,,
28807018,Справочник по гидравлическим сопротивлениям. Таблицы,,,,Идельчик И.Е.,1960,,,,45,45,Russian,210,ihtik,1,,,,,,,,,,,,0,,,,,,,0,3944277,djvu,3085E2BC99B2B59FD161622E76AD9A29,78f6f8ebe57d846cd7881aaea86d962b,no,,0,2000-01-01 01:00:00,2016-05-01 00:28:44,94000/3085E2BC99B2B59FD161622E76AD9A29-g.jpg,,
28807019,Печные работы,,,,Ковалевский И.И.,,,,,110,110,Russian,238,ihtik,1,,,,,,,,,,,,0,,,,,,,0,5096759,djvu,E5091D68B2A7E2B93B46A50A8D0AFC98,b6e23f138d1b76ee3bd0ac50ff0d87c4,no,,0,2000-01-01 01:00:00,2016-05-01 00:28:44,94000/e5091d68b2a7e2b93b46a50a8d0afc98.jpg,,
28807016,Проектирование аппаратов пылегазоочистки,,,,Зиганшин,1998,2,,,125,125,Russian,238,ihtik,1,,,,,,,,,,,,0,,,,,,,0,2804981,djvu,93E2672033DC755C99640A72A64DC61A,de5289e7d2efa69abddaba6fc361030f,no,,0,2000-01-01 01:00:00,2016-05-01 00:28:44,94000/93e2672033dc755c99640a72a64dc61a.jpg,,
28807017,Справочник по гидравлическим сопротивлениям,Раздел 4,,,Идельчик И.Е.,1960,,,,30,30,Russian,210,ihtik,1,,,,,,,,,,,,0,,,,,,,0,606726,djvu,262E3D6C7726F48A9E26881D4D9B9B6C,4d46e52156b9c7db8847716865d8364b,no,,0,2000-01-01 01:00:00,2016-05-01 00:28:44,94000/262e3d6c7726f48a9e26881d4d9b9b6c.jpg,,
28807015,Platon (Maestrii spiritului),,,,R. M. Hare,1997,,Humanitas,,142,142,Romanian,,,0,,,,,,,,,,,,0,,,,,,,,1990831,djvu,40283f1c8023fc66c3acb1d598254244,26504fd57410f44a4add621ddab17a50,no,R. M. Hare - Platon (Maestrii spiritului).djvu,0,2000-01-01 01:00:00,2016-05-01 00:28:44,881000/40283f1c8023fc66c3acb1d598254244-g.jpg,,
28807014,Проектирование аппаратов пылегазоочистки,,,,Зиганшин,1998,1,,,130,130,Russian,238,ihtik,1,,,,,,,,,,,,0,,,,,,,0,2800859,djvu,995540ED3565D433250D1F2EC46EF32F,d75f121758e91560c18af4eb023c2709,no,,0,2000-01-01 01:00:00,2016-05-01 00:28:44,94000/995540ed3565d433250d1f2ec46ef32f.jpg,,
28807012,Воздушные завесы,,,,Ельтерман,1966,,,,165,165,Russian,238,ihtik,1,,,,,,,,,,,,0,,,,,,,0,1703768,djvu,6CFE7896B3B87CF25C1131B04B737D6F,6b14f63d65dfd2547ac15aed1f04c8f4,no,,0,2000-01-01 01:00:00,2016-05-01 00:28:44,94000/6cfe7896b3b87cf25c1131b04b737d6f.jpg,,
28807013,Холодильная техника,,,,Зайцев В.П.,,,,,349,349,Russian,210,ihtik,1,,,,,,,,,,,,0,,,,,,,0,3811852,djvu,84B94613AEFB32D55CF61C30BF05C8AC,7b2846c924a8cdd9a2a8a751de7227bc,no,,0,2000-01-01 01:00:00,2016-05-01 00:28:44,94000/84b94613aefb32d55cf61c30bf05c8ac.jpg,,
28807011,Котельные установки и их обслуживание,,,,"Деев Л.В., Балахничев Н.А.",,,,,241,241,Russian,238,ihtik,1,,,,,,,,,,,,0,,,,,,,0,2257550,djvu,6AA94CFBF8081ABF5AEBB3AFA43D5811,3ee18ce2e09ed643b7d200135c7c16b6,no,,0,2000-01-01 01:00:00,2016-05-01 00:28:44,94000/6aa94cfbf8081abf5aebb3afa43d5811.jpg,,
28807010,Основы проектирование котельных установок,,,,Гусев,1973,,,,247,247,Russian,238,ihtik,1,,,,,,,,,,,,0,,,,,,,0,4418665,djvu,797EC7254C218EB88F35EDBFA8C2C96B,fe3b860617662adfb5bfa47dc6abb868,no,,0,2000-01-01 01:00:00,2016-05-01 00:28:44,94000/797ec7254c218eb88f35edbfa8c2c96b.jpg,,
28807009,Platon (Maestrii spiritului),,,,R. M. Hare,1997,,Humanitas,,142,142,Romanian,,,0,,,,,,,,,,,,0,,,,,,,,3705926,pdf,65dbed3baa3409e0a4328cd3dd7df95a,81373d8e4a8c5a8808dc2897ab327a19,no,R. M. Hare - Platon (Maestrii spiritului).pdf,0,2000-01-01 01:00:00,2016-05-01 00:28:44,881000/65dbed3baa3409e0a4328cd3dd7df95a-g.jpg,,
28807008,Технология чистых помещений,,,,Уайт Вильям,,,,,151,151,Russian,238,ihtik,1,,,,,,,,,,,,0,,,,,,,0,4515580,djvu,169EE2C41A4C7925F45357BEE07747AD,cdf0649898c113625703c4122786f1a6,no,,0,2000-01-01 01:00:00,2016-05-01 00:28:44,94000/169ee2c41a4c7925f45357bee07747ad.jpg,,
28807007,Влажный воздух. Состав и свойства,,,,"Бурцев С., Цветков Ю.",,,,,147,147,Russian,238,ihtik,1,,,,,,,,,,,,0,,,,,,,0,1198143,djvu,59E58E9732A5ED03CDE679A15E15F047,78b383e8a6972dbe2f682560cefd99ec,no,,0,2000-01-01 01:00:00,2016-05-01 00:28:44,94000/59e58e9732a5ed03cde679a15e15f047.jpg,,
28807006,Руководство по техобслуживанию холодильных установок,,,,Бриганти Антонио,,,,,314,314,Russian,232,ihtik,1,,,,,,,,,,,,0,,,,,,,0,7600243,djvu,C21AF90A67979A2DEF1DFC18DF46AD6F,cc473fdf8e08378211203dbe5fa1fc91,no,,0,2000-01-01 01:00:00,2016-05-01 00:28:44,94000/c21af90a67979a2def1dfc18df46ad6f.jpg,,
28807005,Аспирационно-технологические установки предриятий цветной металургии,,,,Бошняков,1987,,,,82,82,Russian,238,ihtik,1,,,,,,,,,,,,0,,,,,,,0,12666703,djvu,1B0A5CFFD0F678CEF8C3F54552F24401,67354b4fde0d9f76b3b638bdb120c71a,no,,0,2000-01-01 01:00:00,2016-05-01 00:28:44,94000/1b0a5cffd0f678cef8c3f54552f24401.jpg,,
28807004,Холодильное оборудование для современных центральных кондиционеров,,,,"Ананьев В.А., Седых И.В.",,,,,95,95,Russian,210,ihtik,1,,,,,,,,,,,,0,,,,,,,0,1809353,djvu,F4E0957EE9139F0CC86DEF68057E6867,da24818c68b1efa61822b5f520688459,no,,0,2000-01-01 01:00:00,2016-05-01 00:28:44,94000/f4e0957ee9139f0cc86def68057e6867.jpg,,
28807003,Теплофизические свойства фреонов,том 1 ,,,Алтунин,1980,,Издательство стандартов,,233,233,Russian,238,ihtik,1,,,,,,,,,,,,0,,,,,,,0,3818414,djvu,6A26E47F6CF8C337AD5115024ACD4CE1,e11f13ae05236d672a04439062481cfa,no,,0,2000-01-01 01:00:00,2016-05-01 00:28:44,94000/6a26e47f6cf8c337ad5115024acd4ce1-d.jpg,,
28807002,Царство растений. Высшие растения 1. ,,,,,1971,,,Лейпциг,556,556,Russian,29,herba.msu.ru,2013-01,,,,,,,,,,,На немецком языке,0,,,,,,,0,22252435,djvu,bc75b564d6196fdddb00ce90bde76875,f8f1aa7ab41faf088fc4e644528a79a8,no,A:\\!upload\\flora_i_fauna\\urania_pflanzenreich_1971_2.djvu,0,2000-01-01 01:00:00,2016-05-01 00:28:44,880000/bc75b564d6196fdddb00ce90bde76875.jpg,,
28807001,Термодинамика равновесия жидкость-пар,,,,"Морачевский А.Г., Смирнова Н.А., Пиотровская Е.М., и др. ",,,,,345,345,Russian,282,ihtik,1,,,,,,,,,,,,0,,,,,,,0,4923010,djvu,28BE045C843D8CE96769A1B3D597F623,43199bcbc79a4ca443198a5f5a079bb8,no,,0,2000-01-01 01:00:00,2016-05-01 00:28:44,94000/28be045c843d8ce96769a1b3d597f623.jpg,,
28807000,Отопление гражданского здания. Методич. указ,,,,Кудинов А.А.,2001,,,,48,48,English,238,ihtik,1,,,,,,,,,,,,0,,,,,,,0,290213,djvu,4ACD6DE82916D4719F1585CDE468905F,b6ccd500c7268781942ddbb3a9f4783e,no,,0,2000-01-01 01:00:00,2016-05-01 00:28:44,94000/4acd6de82916d4719f1585cde468905f.jpg,,
28806999,Рекомендации по проектрированию очистки воздуха от пыли в системах вытяжной вентиляции,,,,,1985,,ЦНИИПромздний,,35,35,Russian,238,ihtik,1,,,,,,,,,,,,0,,,,,,,0,359737,djvu,8EEFE494C31DC4AA146AA117C703A86B,882dcbd9f95f884dace65f427a43e030,no,,0,2000-01-01 01:00:00,2016-05-01 00:28:44,94000/8eefe494c31dc4aa146aa117c703a86b.jpg,,
28806998,Проектирование вентиляции и отпопления промышленых зданий Методические указания,,,,,,,,,61,61,Russian,238,ihtik,1,,,,,,,,,,,,0,,,,,,,0,3240172,djvu,9C6CFF84F48F6DEB8FE6427EAB9A9218,3559b43c835a250358bc1ce68eb6b929,no,,0,2000-01-01 01:00:00,2016-05-01 00:28:44,94000/9c6cff84f48f6deb8fe6427eab9a9218.jpg,,
28806997,HVAC Fundamentals Handbook,,,,,1997,,ASHRAE,,851,851,English,238,ihtik,1,,,,,,,,,,,,0,0,0,1,,,,0,16269854,djvu,DEE9DE0899516DE8FB7D4A30D1842CC3,74616787175e9fa65bd56fb258ce6804,no,,0,2000-01-01 01:00:00,2016-05-01 00:28:44,94000/dee9de0899516de8fb7d4a30d1842cc3.jpg,,
28806996,A Heat Transfer Textbook,,,,"John H Lienhard V, John H Lienhard IV",2011,,Dover Publications,,760,760,English,238,ihtik,1,"9780486479316,0486479315",,,,,621.402/2,TJ260 .L445 2011,,,OL24411827M,,0,,,,,,,0,4187092,djvu,69045D7AD4750CD9A888477B6BB99F4A,3ca4364a3726ef90f2efcc23a7ff28e7,no,,0,2000-01-01 01:00:00,2016-05-01 00:28:44,94000/69045d7ad4750cd9a888477b6bb99f4a-d.jpg,,"9780486479316,0486479315"
28806994,Оптические телескопы. Теория и конструкция,,,,Михельсон Н.Н.,1976,,,,511,0,Russian,264,ihtik,1,,,,,,,,,,,Файл поврежден,0,,,,,,,0,514644,djvu,D4D1F8F883DAF5ECA584C95B1B4369B4,533A7592985FBECF5B6896CE3C75C858,no,,0,2000-01-01 01:00:00,2016-05-01 00:28:44,94000/d4d1f8f883daf5eca584c95b1b4369b4.jpg,,
28806995,Теория оптических систем [Учеб. для приборостроит. спец. вузов],,,,"Н.П.Заказнов,С.И.Кирюшин,В.И.Кузичев.",1992,"3-е изд., перераб. и доп",Машиностроение,М,449,449,Russian,220,infanata,1,5-217-01995-6,,,,,,,,,,,0,,,,,,,0,3722858,djvu,35EAF647B4CB68494D8D83BF7C150538,bd16fc96a17b5b0db14ad6d38d18313c,no,"N:\\natahaus\\2006\\2006-03\\20 03 2006\\Заказнов Н.П. и др. - Теория оптических систем. Учебник для студентов приборостроительных специальностей ВУЗов. 3-е изд., перераб. и доп. - 1992.djvu",0,2000-01-01 01:00:00,2016-05-01 00:28:44,94000/35eaf647b4cb68494d8d83bf7c150538.jpg,,5217019956
28806993,Источники и приемники излучения,,,,Ишанин Г.Г.,1991,,,,121,121,Russian,250,ihtik,1,,,,,,,,,,,,0,,,,,,,0,4754225,djvu,814EF01E16614DDF8DE0B36BF6595DC2,37a42b2d676ec7654e55775d0f26466f,no,,0,2000-01-01 01:00:00,2016-05-01 00:28:44,94000/814ef01e16614ddf8de0b36bf6595dc2.jpg,,
28806992,Статистическая оптика,,,,Гудмен Дж. ,1988,,,,526,526,Russian,119,ihtik,1,,,,,,,,,,,,0,,,,,,,0,4155069,djvu,0D162DB04A4BF7D693D91DEE3FE0EBCB,42d067038aed621c8dd04dfed6cb5687,no,,0,2000-01-01 01:00:00,2016-05-01 00:28:44,94000/0d162db04a4bf7d693d91dee3fe0ebcb.jpg,,
28806991,Изготовление и исследование астрономической оптики,,,,Максутов Д.Д.,1984,,,,272,272,Russian,264,ihtik,1,,,,,,,,,,,,0,,,,,,,0,4452740,djvu,43253F5FC936AA2688E55B274022051D,9701e8aa65cfbba3833e076b08ce7144,no,,0,2000-01-01 01:00:00,2016-05-01 00:28:44,94000/43253f5fc936aa2688e55b274022051d.jpg,,
28806990,Оптические измерения,,,,"Креопалова Г. В., Лазарева Н. Л., Пуряев Д. Т.",1987,,,,133,133,Russian,250,ihtik,1,,,,,,,,,,,,0,,,,,,,0,2900100,djvu,010E8B36C4E4BE214DF8B52054E7E19F,4d220a8ff568e5bed5d6c87333bccea5,no,,0,2000-01-01 01:00:00,2016-05-01 00:28:44,94000/010e8b36c4e4be214df8b52054e7e19f.jpg,,
28806989,Теория оптических систем,,,,"Бегунов Б.Н., Заказнов Н.П.",1973,,,,488,488,Russian,250,ihtik,1,,,,,,,,,,,,0,,,,,,,0,4868858,djvu,35C4DDFF88568786B3B2AD3AF65B73BE,2ac5c71c499799099d963c54467b4cda,no,,0,2000-01-01 01:00:00,2016-05-01 00:28:44,94000/35c4ddff88568786b3b2ad3af65b73be.jpg,,
28806987,Theory of Light,,,,Planck M. ,1932,,,,226,226,English,250,ihtik,1,,,,,,,,,,,,0,,,,,,,0,3189455,djvu,4B21A10F3298EB1E2451E0D23CF2EA2C,bd03c755012abaaa35d2f5c2c820933e,no,,0,2000-01-01 01:00:00,2016-05-01 00:28:44,94000/4b21a10f3298eb1e2451e0d23cf2ea2c.jpg,,
28806988,Modern Lens Design,,,,Smith W.J.,1992,,,,485,485,English,250,ihtik,1,,,,,,,,,,,,0,,,,,,,0,3280940,djvu,28D2DDB83AE04FCEB6E0408B07CDD767,17a8738b0711db907e983ca986054f58,no,,0,2000-01-01 01:00:00,2016-05-01 00:28:44,94000/28d2ddb83ae04fceb6e0408b07cdd767.jpg,,
28806986,Modern lens design,,,,Laikin M. ,1992,,,,462,462,English,250,ihtik,1,,,,,,,,,,,,0,,,,,,,0,2063104,djvu,7E4C98D17625A6F856DD3CB69D82E972,1325538879bb3a156f89e88b681b4061,no,,0,2000-01-01 01:00:00,2016-05-01 00:28:44,94000/7e4c98d17625a6f856dd3cb69d82e972.jpg,,
28806984,Ракетное моделирование,,,,"Горский, Кротов",1973,,ДОСААФ,,99,99,Russian,233,ihtik,1,,,,,,,,,,,,0,,,,,,,0,3501872,djvu,DA98F1A4417CB1D86EE8ADBEDAFE2D23,f0883390838bdbe2a01303857951c189,no,,0,2000-01-01 01:00:00,2016-05-01 00:28:44,94000/da98f1a4417cb1d86ee8adbedafe2d23-d.jpg,,
28806985,Модели ракет: Проектирование,,,,Кротов,1979,,ДОСААФ,,89,89,Russian,233,ihtik,1,,,,,,,,,,,,0,,,,,,,0,5771034,djvu,031A308B5C523B7A5FAC283F5907FA1A,7fc2932aab0fee754486ec489351047d,no,,0,2000-01-01 01:00:00,2016-05-01 00:28:44,94000/031a308b5c523b7a5fac283f5907fa1a-d.jpg,,
28806983,Сопротивление материалов,,,,Работнов Ю.Н.,1962,,Государственное издательство физико-математической литературы,,456,456,Russian,276,infanata,1,,,,,,,,,,,,0,,,,,,,0,3598816,djvu,9C0B5486FAE5CEC4821085ED1A960267,67f6692c15a72ebd28a7f7d7c58b1c14,no,N:\\natahaus\\2008\\2008-05\\2008-05-01\\Работнов Ю.Н. -Сопротивление материалов 1962.djvu,0,2000-01-01 01:00:00,2016-05-01 00:28:44,94000/9c0b5486fae5cec4821085ed1a960267.jpg,,
28806982,Интегральные преобразования в задачах теории упругости,,,,Уфлянд Я.С.,1967,,,,202,202,Russian,113,ihtik,1,,,,,,,,,,,,0,,,,,,,0,3379669,djvu,09134879869B340131263863540E08B7,c85e531a531a20e1b07cbca76e5d2bd6,no,,0,2000-01-01 01:00:00,2016-05-01 00:28:44,94000/09134879869b340131263863540e08b7.jpg,,
28806981,Пособие к решению задач по сопротивлению материалов,,,,"Миролюбов И. Н., Енгалычев С. А. и др.",1967,,Высшая школа,,483,483,Russian,113,infanata,1,,,,,,,,,,,,0,,,,,1,,0,5181425,djvu,493350741E09902F69547D483DA9CC6D,9b036e626240bff31b5d85cae7aafd94,no,":/Infanata.org/2009-09/(1146116556)Миролюбов И. Н., Енгалычев С. А. и др. - Пособие к решению задач по сопротивлению материалов(1967).djvu",0,2000-01-01 01:00:00,2016-05-01 00:28:44,94000/493350741e09902f69547d483da9cc6d.jpg,,
28806980,Концентрация напряжений в элементах авиационных конструкций,,,,Мавлютов Р.Р.,1981,,,,73,73,Russian,264,ihtik,1,,,,,,,,,,,,0,,,,,,,0,1747049,djvu,6D215B59DC7855AC491F5C01234937B7,8a2842b052d7965908bb5f1bd88312d9,no,,0,2000-01-01 01:00:00,2016-05-01 00:28:44,94000/6d215b59dc7855ac491f5c01234937b7.jpg,,
28806979,Математическая теория пластичности,,,,Клюшников В.Д.,1979,,,,209,209,Russian,137,ihtik,1,,,,,,,,,,,,0,,,,,,,0,1641288,djvu,25325902B41E61C258711CAF160F753B,2f74c19da6435b50393edcf83b1619db,no,,0,2000-01-01 01:00:00,2016-05-01 00:28:44,94000/25325902b41e61c258711caf160f753b.jpg,,
28806978,Статика упругих тонкостенных стержней,,,,"Джанелидзе Г. И., Пановко Я. Г.",1948,,,,206,206,Russian,264,ihtik,1,,,,,,,,,,,,0,,,,,,,0,1708114,djvu,A642CC016ADC4D0F5F6D8B668F08F34C,ab83d7759b0f471785b8de11b9763060,no,,0,2000-01-01 01:00:00,2016-05-01 00:28:44,94000/a642cc016adc4d0f5f6d8b668f08f34c.jpg,,
28806977,Динамика вагонов,,,,Вериго М.Ф.,1971,,,,176,176,Russian,264,ihtik,1,,,,,,,,,,,,0,,,,,,,0,3544304,djvu,A88DDC2776D65B9D70B2BA4EC8BE215F,9d159c840202a6302b10fdd0bdc514df,no,,0,2000-01-01 01:00:00,2016-05-01 00:28:44,94000/a88ddc2776d65b9d70b2ba4ec8be215f.jpg,,
28806976,Расчет многослойных пластин и оболочек из композиционных материалов,,,,"Алфутов Н. А., и др.",1984,,,,263,263,Russian,264,ihtik,1,,,,,,,,,,,,0,,,,,,,0,2229740,djvu,EBFDD81B6C53C20EA4848290C34A5622,ebd4865e8227b63777385adef840dda5,no,,0,2000-01-01 01:00:00,2016-05-01 00:28:44,94000/ebfdd81b6c53c20ea4848290c34a5622.jpg,,
28806975,Основы расчета на устойчивость упругих систем,,,,Алфутов Н. А.,1978,,,,312,312,Russian,264,ihtik,1,,,,,,,,,,,,0,,,,,,,0,2434524,djvu,E11D6D9CA20E69CED8A200E2AAF997F7,89be6972af0756eb09d8f8c622c44f85,no,,0,2000-01-01 01:00:00,2016-05-01 00:28:44,94000/e11d6d9ca20e69ced8a200e2aaf997f7.jpg,,
28806974,Теплофизические свойства материалов при низких температурах,,,,"Новицкий Л. А., Кожевников И. Г.",1975,,,,216,216,Russian,242,ihtik,1,,,,,,,,,,,,0,,,,,,,0,3628634,djvu,353A497ADE9237896AFDCD7EB4CCE155,d244d2a69f760447d5f89d994af97ce9,no,,0,2000-01-01 01:00:00,2016-05-01 00:28:44,94000/353a497ade9237896afdcd7eb4cce155.jpg,,
28806973,Основы теплопередачи,,,,"Михеев М.А., Михеева И.М.",1977,,,,343,343,Russian,242,ihtik,1,,,,,,,,,,,,0,,,,,,,0,4171374,djvu,BEC49871067713AD402F5D72F156686A,d65f41784de1295d8ec80d6470d70531,no,,0,2000-01-01 01:00:00,2016-05-01 00:28:44,94000/bec49871067713ad402f5d72f156686a.jpg,,
28806971,Единицы физических величин и их размерности,,,,Сена Л.А.,1965,,,,304,304,Russian,249,ihtik,1,,,,,,,,,,,,0,,,,,,,0,4361962,djvu,48662AAD68C3993BBFB22AEC6745D696,ed5e31f6bab8029e0f4aed14d18c70ce,no,,0,2000-01-01 01:00:00,2016-05-01 00:28:44,94000/48662aad68c3993bbfb22aec6745d696.jpg,,
28806972,Физика молекул,,,,Леше А.,1987,,,,116,116,Russian,264,ihtik,1,,,,,,,,,,,,0,,,,,,,0,1767340,djvu,CB1E57C8A4D69394458B46EABEB64B9D,671ed8b9618a77b6d3e02c6abfac4355,no,,0,2000-01-01 01:00:00,2016-05-01 00:28:44,94000/cb1e57c8a4d69394458b46eabeb64b9d.jpg,,
28806970,Альтернативные хладагенты и сервис холодильных систем на их основе,,,,"Бабакин Б.С., Стефанчук В.И., Ковтунов Е.Е.",2000,,,,160,160,English,249,ihtik,1,,,,,,,,,,,,0,,,,,,,0,2296991,djvu,C75D426E1CA3F84350AD37C854875ABB,775911991f734a855c61f3ea584afd41,no,,0,2000-01-01 01:00:00,2016-05-01 00:28:44,94000/c75d426e1ca3f84350ad37c854875abb.jpg,,
28806969,На космических стартах и финишах,,,,Борисенко Иван Григорьевич,1975,,Знание,М.,99,99,Russian,212,ihtik,1,,,,,,,,,,,"Scan, Djvuing: Вадим Ершов, 2005; OCR, SpellCheck: Павел Потехин, 2007",0,,,,,,,0,3164129,djvu,E793401A8AF446F88823BD61A681D491,683361261f4deabcc50d98dff38f1cc8,no,,0,2000-01-01 01:00:00,2016-05-01 00:28:44,94000/e793401a8af446f88823bd61a681d491-d.jpg,,
28806968,"Bad Astronomy: Misconceptions and Misuses Revealed, from Astrology to the Moon Landing ''Hoax''",,,,Philip C. Plait,2002,1,Wiley,,288,286,English,264,ihtik,1,"0-471-40976-6,9780471409762",,,,,520,QB44.3 .P58 2002,,,,,0,,,,,,,1,1311712,pdf,ABA0138C6528B8C8D0034447FC49705B,CB00721E454BCAB35233D94B94CF87A6,no,,0,2000-01-01 01:00:00,2016-05-01 00:28:44,94000/aba0138c6528b8c8d0034447fc49705b-d.jpg,,"0471409766,9780471409762"
28806967,"Насосы, вентиляторы и компрессоры (Учебное пособие для ВТУЗов)",,,,Шерстюк А.Н.,1972,,,М,170,170,Russian,183,ihtik,1,,,,,,,,,,,,0,,,,,,,0,3208655,djvu,C2CDE0020BD70182837E6EBA0B3FBB2D,0c5462ba92b3da2d7c86522fe9768446,no,,0,2000-01-01 01:00:00,2016-05-01 00:28:44,94000/c2cde0020bd70182837e6eba0b3fbb2d.jpg,,
28806966,Гидравлика,,,,Френкель Н.З.,1956,,,,226,226,Russian,210,ihtik,1,,,,,,,,,,,,0,,,,,,,0,5348587,djvu,2E46802654E3943EEEB6D3844194462E,bdb11b33cff5d696aa61ab1eb31f7c49,no,,0,2000-01-01 01:00:00,2016-05-01 00:28:44,94000/2e46802654e3943eeeb6d3844194462e.jpg,,
28806965,Сопротивление материалов. Более сложные вопросы теории и задачи,том 2 ,,,Тимошенко С.П.,1965,,,,234,234,Russian,113,ihtik,1,,,,,,,,,,,,0,,,,,,,0,5757091,djvu,1F5F3823BBBB486A3AC03FDA887E3CC8,cab96c5aba30bcf979eca76ceb444165,no,,0,2000-01-01 01:00:00,2016-05-01 00:28:44,94000/1f5f3823bbbb486a3ac03fda887e3cc8.jpg,,
28806964,Сопротивление материалов. Элементарная теория и задачи,том 1 ,,,Тимошенко С.П.,1965,,,,179,179,Russian,113,ihtik,1,,,,,,,,,,,,0,,,,,,,0,4294255,djvu,79246EAA0354849653BC9CE00FD1A9E7,910e9c714553e30f66736e715379a031,no,,0,2000-01-01 01:00:00,2016-05-01 00:28:44,94000/79246eaa0354849653bc9ce00fd1a9e7.jpg,,
28806963,Колебания в инженерном деле,,,,Тимошенко С.П.,1967,,,,222,222,Russian,272,ihtik,1,,,,,,,,,,,,0,,,,,,,0,5552343,djvu,C5AAF83C6319EBB79D407A18F9CBC073,93935b0c40bd563872dceaafdc4e0d2f,no,,0,2000-01-01 01:00:00,2016-05-01 00:28:44,94000/c5aaf83c6319ebb79d407a18f9cbc073.jpg,,
28806961,Пластинки и оболочки,,,,"Тимошенко С.П., Войновский-Кригер С.",1966,,,,312,312,Russian,220,ihtik,1,,,,,,,,,,,,0,,,,,,,0,6893878,djvu,9B9F791675012B3C26CF6D3937545DE8,a28ed2bf9b8b28c996aca694cca1a407,no,,0,2000-01-01 01:00:00,2016-05-01 00:28:44,94000/9b9f791675012b3c26cf6d3937545de8.jpg,,
28806962,Устойчивость упругих систем,,,,Тимошенко С.П.,1946,,,,265,265,Russian,22,ihtik,1,,,,,,,,,,,,0,,,,,,,0,7957179,djvu,8202F3A2D659C095AD2641B259F860C8,956791ff73b63d447d4e5966a77d83eb,no,,0,2000-01-01 01:00:00,2016-05-01 00:28:44,94000/8202f3a2d659c095ad2641b259f860c8.jpg,,
28806960,Теория обработки металлов давлением. Сопротивление деформации и пластичность,,,,Колбасников Н.Г.,,1,,,307,307,Russian,220,ihtik,1,,,,,,,,,,,,0,,,,,,,0,7768962,djvu,FD6667813A19A7A94266CA9054214F2D,1f215dc3412d16543942bfe4bf3e47f4,no,,0,2000-01-01 01:00:00,2016-05-01 00:28:44,94000/fd6667813a19a7a94266ca9054214f2d.jpg,,
28806959,Некоторые основные задачи математической теории упругости,,,,Мусхелишвили Н.И.,1966,,,,700,700,Russian,113,ihtik,1,,,,,,,,,,,,0,,,,,,,0,6506327,djvu,AAD784956906508F964580AC02BB984A,50e451db6abbb51e40f9922f51a8b1fd,no,,0,2000-01-01 01:00:00,2016-05-01 00:28:44,94000/aad784956906508f964580ac02bb984a.jpg,,
28806958,Колебания в механизмах.Учебное пособие для втузов,,,,Левитский Н.И.,1988,,,,169,169,Russian,183,ihtik,1,,,,,,,,,,,,0,,,,,,,0,2705769,djvu,5A2EC924D198B44815689C9E2622FC7F,1b9d20f530d2593c1b1d6fe33f182ed3,no,,0,2000-01-01 01:00:00,2016-05-01 00:28:44,94000/5a2ec924d198b44815689c9e2622fc7f.jpg,,
28806957,Механика жидкости и газа,,,,Лойцянский Л.Г.,1950,,,,676,676,Russian,264,ihtik,1,,,,,,,,,,,,0,,,,,,,0,9145045,djvu,C1566914CB9DCF466B56415D7B55F809,53caec964b7b01c7a99a8f9811a2ea55,no,,0,2000-01-01 01:00:00,2016-05-01 00:28:44,94000/c1566914cb9dcf466b56415d7b55f809.jpg,,
28806956,Теория механизмов и машин,,,,"Заблонский К.И., и др.  ",1989,,,,185,185,Russian,210,ihtik,1,,,,,,,,,,,,0,,,,,,,0,4910345,djvu,19D9FB6FCBF0ACE22E8D87DC3D935B7A,942fc8df6ac438b5ebb43f090d180edd,no,,0,2000-01-01 01:00:00,2016-05-01 00:28:44,94000/19d9fb6fcbf0ace22e8d87dc3d935b7a.jpg,,
28806955,Пластинчатые насосы и гидромоторы,,,,"Зайченко И.З., Мышлевский Л.М.",1970,,Машиностроение,,233,233,Russian,232,ihtik,1,,,,,,,,,,,,0,,,,,,,0,3755843,djvu,6346DE30B33591A33FB154B0370F4F5C,ba182d279e1000754e8b05235f38c35a,no,,0,2000-01-01 01:00:00,2016-05-01 00:28:44,94000/6346de30b33591a33fb154b0370f4f5c-d.jpg,,
28806954,Шестеренные насосы  Основные параметры и их расчет,,,,Юдин Е.М.,1964,,Машиностроение,,238,238,Russian,232,infanata,1,,,,,,,,,,,,0,,,,,,,0,2839469,djvu,91A12DDC22C5A97E461500F1132824A0,5901a81b18f2fa4cd998e115afba89aa,no,N:\\natahaus\\2008\\2008-05\\2008-05-11\\Юдин Е.М. - Шестеренные насосы 1964.djvu,0,2000-01-01 01:00:00,2016-05-01 00:28:44,94000/91a12ddc22c5a97e461500f1132824a0-d.jpg,,
28806953,Шестеренные насосы для металлорежущих станков,,,,"Рыбкин Е.А., Усов А.А.",1960,,Машгиз,,189,189,Russian,221,ihtik,1,,,,,,,,,,,,0,,,,,,,0,2545948,djvu,A91466F14A314AFF5EB7BDACAADADA47,ff79b9875e52505cfd93bd641fe466bb,no,,0,2000-01-01 01:00:00,2016-05-01 00:28:44,94000/a91466f14a314aff5eb7bdacaadada47.jpg,,
28806952,Теория упругости. Учебник для вузов,,,,Демидов С.П.,1979,,,,388,388,Russian,183,ihtik,1,,,,,,,,,,,,0,,,,,,,0,4769182,djvu,06EFCEAE4D1E917891653DAD1AAF3107,8571981ea63d96ce67ba3c0f88d5f14f,no,,0,2000-01-01 01:00:00,2016-05-01 00:28:44,94000/06efceae4d1e917891653dad1aaf3107.jpg,,
28806951,Техническая газодинамика,,,,Дейч М.Е.,1961,,,,343,343,Russian,210,ihtik,1,,,,,,,,,,,,0,,,,,,,0,6102313,djvu,F9BB615F26ADAE7598CD3F74630024DC,be3fe8355e5ad06d69825435d2932cff,no,,0,2000-01-01 01:00:00,2016-05-01 00:28:44,94000/f9bb615f26adae7598cd3f74630024dc.jpg,,
28806950,Устойчивость оболочек,,,,"Григолюк Э.И., Кабанов В.В.",1978,,,,365,365,Russian,220,ihtik,1,,,,,,,,,,,,0,,,,,,,0,4337147,djvu,D9420CB3893EB9D4C01E128577CD1DF2,c5f16bef1cd3d597acbaf3e9f3391bac,no,,0,2000-01-01 01:00:00,2016-05-01 00:28:44,94000/d9420cb3893eb9d4c01e128577cd1df2.jpg,,
