30094158,Оценка готовности стран СНГ к созданию валютного союза с Россией,,,,"Кнобель А.Ю., Миронов А.К.",2015,,"Издательский дом \Дело\"" РАНХиГС""",,76,0,Russian,,,,978-5-7749-1032-8,,,,,,,,,,74896,0,,,,,,,1,502445,pdf,9f27f5b9565792adabbd26c22d1889c5,,,,0,2000-01-01 01:00:00,2017-04-19 18:56:51,https://e.lanbook.com/img/covers/book/32466/2015/74896.jpg,Экономика и менеджмент;Экономика России,
30094159,Демографическая повестка современной России: структура и воспроизвод ство населения,,,,Тындик А.О.,2015,,"Издательский дом \Дело\"" РАНХиГС""",,96,0,Russian,,,,978-5-7749-1033-5,,,,,,,,,,74897,0,,,,,,,1,951113,pdf,09f4745a0632f35e6189594689b428d8,,,,0,2000-01-01 01:00:00,2017-04-19 18:56:51,https://e.lanbook.com/img/covers/book/32466/2015/74897.jpg,Экономика и менеджмент;Экономика России,
30094160,Международный рынок образовательных услуг: основные характеристики и тенденции развития,,,,Галичин В.А.,2015,,"Издательский дом \Дело\"" РАНХиГС""",,60,0,Russian,,,,978-5-7749-1034-2,,,,,,,,,,74898,0,,,,,,,1,337105,pdf,129a1c39373e047132144cbc64b721a5,,,,0,2000-01-01 01:00:00,2017-04-19 18:56:51,https://e.lanbook.com/img/covers/book/32466/2015/74898.jpg,Психология. Педагогика;Педагогика,
30094161,Новые экономические вызовы: каков запас прочности российского населения?,,,,"Малева Т.М., Авраамова Е.М.",2015,,"Издательский дом \Дело\"" РАНХиГС""",,76,0,Russian,,,,978-5-7749-1035-9,,,,,,,,,,74899,0,,,,,,,1,387715,pdf,6d4ace4fb844ea828320e9b66215dd8c,,,,0,2000-01-01 01:00:00,2017-04-19 18:56:51,https://e.lanbook.com/img/covers/book/32466/2015/74899.jpg,Экономика и менеджмент;Экономика России,
30094162,Основы проектирования заготовок в автоматизированном машиностроении: учебник.,,,,"Богодухов С.И., Схиртладзе А.Г., Сулейманов Р.М., Козик Е.С.",2009,,"Издательство \Машиностроение\""""",,432,0,Russian,,,,978-5-94275-467-9,,,,,,,,,,749,0,,,,,,,1,9977495,pdf,c13d2d490d9a5d4e68597192dd3221f0,,,,0,2000-01-01 01:00:00,2017-04-19 18:56:51,https://e.lanbook.com/img/covers/book/1026/2009/749.jpg,Инженерно-технические науки;Машиностроение,
30094163,Оценка эффективности общего образования в контексте повышения заработной платы педагогических работников,,,,"Авраамова Е.М., Беляков С.А., Клячко Т.Л., Логинов Д.М.",2015,,"Издательский дом \Дело\"" РАНХиГС""",,52,0,Russian,,,,978-5-7749-1038-0,,,,,,,,,,74900,0,,,,,,,1,559710,pdf,3bcf01c081e69bc927051477081b96ac,,,,0,2000-01-01 01:00:00,2017-04-19 18:56:51,https://e.lanbook.com/img/covers/book/32466/2015/74900.jpg,Экономика и менеджмент;Экономика и социология труда,
30094164,Структурные сдвиги в российской экономике: сравнительный анализ динамики основных показателей,,,,Изряднова О.И.,2015,,"Издательский дом \Дело\"" РАНХиГС""",,112,0,Russian,,,,978-5-7749-1039-7,,,,,,,,,,74901,0,,,,,,,1,669784,pdf,08290ad295d2ba02d4cf1e0e06471c19,,,,0,2000-01-01 01:00:00,2017-04-19 18:56:51,https://e.lanbook.com/img/covers/book/32466/2015/74901.jpg,Экономика и менеджмент;Экономика России,
30094165,Будущее университетов,,,,"Клячко Т.Л., Мау В.А.",2015,,"Издательский дом \Дело\"" РАНХиГС""",,64,0,Russian,,,,978-5-7749-1040-3,,,,,,,,,,74902,0,,,,,,,1,500172,pdf,66b80fd05b619e6ed2fe9eed818cb6e9,,,,0,2000-01-01 01:00:00,2017-04-19 18:56:51,https://e.lanbook.com/img/covers/book/32466/2015/74902.jpg,Психология. Педагогика;Педагогика,
30094166,Методология оценки вклада образования в социально-экономическое развитие Российской Федерации и ее субъектов,,,,"Беляков С.А., Клячко Т.Л.",2015,,"Издательский дом \Дело\"" РАНХиГС""",,60,0,Russian,,,,978-5-7749-1041-0,,,,,,,,,,74903,0,,,,,,,1,369832,pdf,3180c474334b335e0ca8aa340004fd4c,,,,0,2000-01-01 01:00:00,2017-04-19 18:56:51,https://e.lanbook.com/img/covers/book/32466/2015/74903.jpg,Экономика и менеджмент;Экономика России,
30094167,Миграция и рынок труда,,,,"Флоринская Ю.Ф., Мкртчян Н.В., Малева Т.М., Кириллова М.К.",2015,,"Издательский дом \Дело\"" РАНХиГС""",,108,0,Russian,,,,978-5-7749-1042-7,,,,,,,,,,74904,0,,,,,,,1,541685,pdf,d2f4e7450a403021bfc40ff854d55ccf,,,,0,2000-01-01 01:00:00,2017-04-19 18:56:51,https://e.lanbook.com/img/covers/book/32466/2015/74904.jpg,Экономика и менеджмент;Экономика и социология труда,
30094168,Мониторинг непрерывного профессионального образования: позиции работодателей и работников,,,,"Авраамова Е.М., Клячко Т.Л., Логинов Д.М.",2015,,"Издательский дом \Дело\"" РАНХиГС""",,60,0,Russian,,,,978-5-7749-1043-4,,,,,,,,,,74905,0,,,,,,,1,500808,pdf,035d21f31c2824966be49685a52b4adf,,,,0,2000-01-01 01:00:00,2017-04-19 18:56:51,https://e.lanbook.com/img/covers/book/32466/2015/74905.jpg,Экономика и менеджмент;Экономика и социология труда,
30094169,Методология построения финансовых балансов секторов экономики,,,,"Ведев А.Л., Хромов М.Ю.",2015,,"Издательский дом \Дело\"" РАНХиГС""",,132,0,Russian,,,,978-5-7749-1044-1,,,,,,,,,,74906,0,,,,,,,1,588756,pdf,19409f7af47c933848be2c3ad53e34d1,,,,0,2000-01-01 01:00:00,2017-04-19 18:56:51,https://e.lanbook.com/img/covers/book/32466/2015/74906.jpg,Экономика и менеджмент;Финансовый менеджмент,
30094170,Глобальный кризис и вызовы экономической политики современной России,,,,"Мау В.А., Улюкаев А.В.",2015,,"Издательский дом \Дело\"" РАНХиГС""",,64,0,Russian,,,,978-5-7749-1066-3,,,,,,,,,,74907,0,,,,,,,1,702526,pdf,cdb74dfabb0f197768c6f3f0b856608c,,,,0,2000-01-01 01:00:00,2017-04-19 18:56:51,https://e.lanbook.com/img/covers/book/32466/2015/74907.jpg,Экономика и менеджмент;Экономика России,
30094171,"Продовольственная безопасность в России: мониторинг, тенденции и угрозы",,,,"Шагайда Н.И., Узун В.Я.",2015,,"Издательский дом \Дело\"" РАНХиГС""",,110,0,Russian,,,,978-5-7749-1067-0,,,,,,,,,,74908,0,,,,,,,1,743077,pdf,76a5d4e6af823c5be05fbee3e42028f8,,,,0,2000-01-01 01:00:00,2017-04-19 18:56:51,https://e.lanbook.com/img/covers/book/32466/2015/74908.jpg,Экономика и менеджмент;Экономика России,
30094172,Рынок недвижимости: специфичность потребительских характеристик,,,,"Игнатенко А.С., Михайлова Т.Н.",2016,,"Издательский дом \Дело\"" РАНХиГС""",,44,0,Russian,,,,978-5-7749-1115-8,,,,,,,,,,74909,0,,,,,,,1,638570,pdf,80f32efc5bfc4f2a9ace47aa415809d6,,,,0,2000-01-01 01:00:00,2017-04-19 18:56:51,https://e.lanbook.com/img/covers/book/32466/2016/74909.jpg,Экономика и менеджмент;Маркетинг,
30094173,Участие России в торговых спорах в рамках ВТО: анализ конкурентоспособности,,,,"Кнобель А.Ю., Баева М.А., Фиранчук А.С.",2016,,"Издательский дом \Дело\"" РАНХиГС""",,140,0,Russian,,,,978-5-7749-1116-5,,,,,,,,,,74910,0,,,,,,,1,883901,pdf,0d05f188d514f4338c18083ba35552f4,,,,0,2000-01-01 01:00:00,2017-04-19 18:56:51,https://e.lanbook.com/img/covers/book/32466/2016/74910.jpg,Экономика и менеджмент;Экономика России,
30094174,Нефтяной сектор экономики России: основные тенденции,,,,"Бобылев Ю.Н., Расенко О.А.",2016,,"Издательский дом \Дело\"" РАНХиГС""",,68,0,Russian,,,,978-5-7749-1117-2,,,,,,,,,,74911,0,,,,,,,1,599272,pdf,596f02cd6223e6d61087246c4eab9587,,,,0,2000-01-01 01:00:00,2017-04-19 18:56:51,https://e.lanbook.com/img/covers/book/32466/2016/74911.jpg,Экономика и менеджмент;Экономика России,
30094175,Экономические правонарушения: некоторые проблемы ответственности,,,,"Золотарева А.Б., Киреева А.В.",2016,,"Издательский дом \Дело\"" РАНХиГС""",,106,0,Russian,,,,978-5-7749-1119-6,,,,,,,,,,74912,0,,,,,,,1,707823,pdf,fee33a2bb52186adbd8e3c91ac5d3d94,,,,0,2000-01-01 01:00:00,2017-04-19 18:56:51,https://e.lanbook.com/img/covers/book/32466/2016/74912.jpg,Экономика и менеджмент;Государственное и муниципальное управление,
30094176,Персональные данные в государственных информационных ресурсах,,,,"Брауде-Золотарёв М.Ю., Сербина Е.С., Негородов В.С., Волошкин И.Г.",2016,,"Издательский дом \Дело\"" РАНХиГС""",,56,0,Russian,,,,978-5-7749-1121-9,,,,,,,,,,74913,0,,,,,,,1,533207,pdf,e2efc516ec1308d6290f75ea61040b06,,,,0,2000-01-01 01:00:00,2017-04-19 18:56:51,https://e.lanbook.com/img/covers/book/32466/2016/74913.jpg,Экономика и менеджмент;Управление персоналом,
30094177,Мониторинг дополнительного профессионального образования в России,,,,"Авраамова Е.М., Каравай А.В., Клячко Т.Л., Логинов Д.М.",2016,,"Издательский дом \Дело\"" РАНХиГС""",,96,0,Russian,,,,978-5-7749-1122-6,,,,,,,,,,74914,0,,,,,,,1,684106,pdf,18f48b357d741f9d5d7fd150725ca8bd,,,,0,2000-01-01 01:00:00,2017-04-19 18:56:51,https://e.lanbook.com/img/covers/book/32466/2016/74914.jpg,Экономика и менеджмент;Экономика и социология труда,
30094178,Оценка вклада высшего и среднего профессионального образования в экономику российских регионов,,,,"Беляков С.А., Клячко Т.Л.",2016,,"Издательский дом \Дело\"" РАНХиГС""",,82,0,Russian,,,,978-5-7749-1123-3,,,,,,,,,,74915,0,,,,,,,1,1001240,pdf,34b6a9f8068bf0a2a811a84f2916350c,,,,0,2000-01-01 01:00:00,2017-04-19 18:56:51,https://e.lanbook.com/img/covers/book/32466/2016/74915.jpg,Экономика и менеджмент;Экономика и социология труда,
30094179,Политическая экономия города: учебное пособие,,,,Глазычев В.Л.,2011,,"Издательский дом \Дело\"" РАНХиГС""",,192,0,Russian,,,,978-5-7749-0529-4,,,,,,,,,,74916,0,,,,,,,1,1733570,pdf,d269b05002933cdf57f20334bc3d7225,,,,0,2000-01-01 01:00:00,2017-04-19 18:56:51,https://e.lanbook.com/img/covers/book/32466/2011/74916.jpg,Экономика и менеджмент;Государственное и муниципальное управление,
30094180,Аренда земельных участков: законодательство и практика: учебное пособие,,,,"Солдатенков В.В., Марченко Е.И.",2009,,"Издательский дом \Дело\"" РАНХиГС""",,128,0,Russian,,,,978-5-7749-0530-0,,,,,,,,,,74917,0,,,,,,,1,522339,pdf,0408326ced271a9197475e30d3b30395,,,,0,2000-01-01 01:00:00,2017-04-19 18:56:51,https://e.lanbook.com/img/covers/book/32466/2009/74917.jpg,Экономика и менеджмент;Государственное и муниципальное управление,
30094181,Инновационный бизнес: формирование моделей коммерциализации перспективных разработок: учебное пособие,,,,"Антонец В.А., Нечаева Н.В., Хомкин К.А., Шведова В.В.",2011,,"Издательский дом \Дело\"" РАНХиГС""",,320,0,Russian,,,,978-5-7749-0531-7,,,,,,,,,,74918,0,,,,,,,1,5325466,pdf,7a7f13ec16c0565992b1bf0315953e9a,,,,0,2000-01-01 01:00:00,2017-04-19 18:56:51,https://e.lanbook.com/img/covers/book/32466/2011/74918.jpg,Экономика и менеджмент;Инновационный менеджмент,
30094182,Инновационный продукт: инструменты маркетинга: учебное пособие,,,,Стерхова С.А.,2010,,"Издательский дом \Дело\"" РАНХиГС""",,296,0,Russian,,,,978-5-7749-0532-4,,,,,,,,,,74919,0,,,,,,,1,3326746,pdf,feaae2c287187ab23075fed9330ced54,,,,0,2000-01-01 01:00:00,2017-04-19 18:56:51,https://e.lanbook.com/img/covers/book/32466/2010/74919.jpg,Экономика и менеджмент;Инновационный менеджмент,
30094183,Инновационный проект: управление качеством и эффективностью: учебное пособие,,,,Круглов М.Г.,2011,,"Издательский дом \Дело\"" РАНХиГС""",,336,0,Russian,,,,978-5-7749-0534-8,,,,,,,,,,74920,0,,,,,,,1,4559984,pdf,8b8809e02c195205bec83a7aeffad37a,,,,0,2000-01-01 01:00:00,2017-04-19 18:56:51,https://e.lanbook.com/img/covers/book/32466/2011/74920.jpg,Экономика и менеджмент;Инновационный менеджмент,
30094184,Повышение эффективности бюджетных расходов: учебное пособие,,,,Под общ. ред. Климова А.А.,2009,,"Издательский дом \Дело\"" РАНХиГС""",,520,0,Russian,,,,978-5-7749-0535-5,,,,,,,,,,74921,0,,,,,,,1,3674887,pdf,4cce02d8f333dd8681d528b0ef7c1902,,,,0,2000-01-01 01:00:00,2017-04-19 18:56:51,https://e.lanbook.com/img/covers/book/32466/2009/74921.jpg,Экономика и менеджмент;Государственное и муниципальное управление,
30094185,Операции с ценными бумагами: учебник,,,,Семенкова Е.В.,2009,,"Издательский дом \Дело\"" РАНХиГС""",,488,0,Russian,,,,978-5-7749-0536-2,,,,,,,,,,74922,0,,,,,,,1,2761455,pdf,633bae8c3cbdf3f2197f08cd497fe8ab,,,,0,2000-01-01 01:00:00,2017-04-19 18:56:51,https://e.lanbook.com/img/covers/book/32466/2009/74922.jpg,Экономика и менеджмент;Финансы и кредит,
30094186,Государственная поддержка жилищного строительства и развития коммунальной инфраструктуры: учебное пособие,,,,"Сиваев С.Б., Трутнев Э.К., Прокофьев В.Ю.",2009,,"Издательский дом \Дело\"" РАНХиГС""",,264,0,Russian,,,,978-5-7749-0540-9,,,,,,,,,,74923,0,,,,,,,1,1283946,pdf,8bdc9b99c6aff7a150109a581c4d3c44,,,,0,2000-01-01 01:00:00,2017-04-19 18:56:51,https://e.lanbook.com/img/covers/book/32466/2009/74923.jpg,Экономика и менеджмент;Государственное и муниципальное управление,
30094187,Градорегулирование в условиях рыночной экономики: учебное пособие,,,,"Трутнев Э.К., Сафарова М.Д.",2009,,"Издательский дом \Дело\"" РАНХиГС""",,368,0,Russian,,,,978-5-7749-0541-6,,,,,,,,,,74924,0,,,,,,,1,1704081,pdf,0d252c7a9cf16abb81181bcdaaef78ae,,,,0,2000-01-01 01:00:00,2017-04-19 18:56:51,https://e.lanbook.com/img/covers/book/32466/2009/74924.jpg,Экономика и менеджмент;Государственное и муниципальное управление,
30094188,Бюджетный контроль: учебное пособие,,,,Зубакин С.И.,2010,,"Издательский дом \Дело\"" РАНХиГС""",,400,0,Russian,,,,978-5-7749-0567-6,,,,,,,,,,74925,0,,,,,,,1,1878804,pdf,a6742bddfa54234ed3b3a6d75783f644,,,,0,2000-01-01 01:00:00,2017-04-19 18:56:51,https://e.lanbook.com/img/covers/book/32466/2010/74925.jpg,Экономика и менеджмент;Государственное и муниципальное управление,
30094189,Развитие международного бизнеса,,,,"Тимонина И.Л., Колесникова И.В., Мартиросян Э.Г.",2011,,"Издательский дом \Дело\"" РАНХиГС""",,152,0,Russian,,,,978-5-7749-0573-7,,,,,,,,,,74926,0,,,,,,,1,1170651,pdf,2450b87929f010de6c374557723a7fbb,,,,0,2000-01-01 01:00:00,2017-04-19 18:56:51,https://e.lanbook.com/img/covers/book/32466/2011/74926.jpg,Экономика и менеджмент;Мировая экономика,
30094190,Российская деловая культура: воздействие на модель управления: учебное пособие,,,,"Мясоедов С.П., Колесникова И.В., Борисова Л.Г.",2011,,"Издательский дом \Дело\"" РАНХиГС""",,92,0,Russian,,,,978-5-7749-0574-4,,,,,,,,,,74927,0,,,,,,,1,586567,pdf,0dfcd1e55da083b18922408a0f02134c,,,,0,2000-01-01 01:00:00,2017-04-19 18:56:51,https://e.lanbook.com/img/covers/book/32466/2011/74927.jpg,Экономика и менеджмент;Экономика России,
30094191,Реализация стратегии компании. Финансовый анализ и моделирование,,,,Неудачин В.В.,2011,,"Издательский дом \Дело\"" РАНХиГС""",,168,0,Russian,,,,978-5-7749-0575-1,,,,,,,,,,74928,0,,,,,,,1,16540400,pdf,5a41408bdbd615169e4d1f505804febf,,,,0,2000-01-01 01:00:00,2017-04-19 18:56:51,https://e.lanbook.com/img/covers/book/32466/2011/74928.jpg,Экономика и менеджмент;Финансовый менеджмент,
30094192,Инновационный бизнес: практические аспекты оценки активов: учебное пособие,,,,Сафарян К.В.,2012,,"Издательский дом \Дело\"" РАНХиГС""",,188,0,Russian,,,,978-5-7749-0576-8,,,,,,,,,,74929,0,,,,,,,1,1057602,pdf,1e581160d75b92cbed43c46edd6fbf96,,,,0,2000-01-01 01:00:00,2017-04-19 18:56:51,https://e.lanbook.com/img/covers/book/32466/2012/74929.jpg,Экономика и менеджмент;Инновационный менеджмент,
30094193,Государственно-частное партнерство в регионах Российской Федерации,,,,Кабашкин В.А.,2011,,"Издательский дом \Дело\"" РАНХиГС""",,120,0,Russian,,,,978-5-7749-0577-5,,,,,,,,,,74930,0,,,,,,,1,687863,pdf,21cb79a5f8f3e3008ac502aaea055b2e,,,,0,2000-01-01 01:00:00,2017-04-19 18:56:51,https://e.lanbook.com/img/covers/book/32466/2011/74930.jpg,Экономика и менеджмент;Экономика России,
30094194,Теоретические и практические основы социально-культурной политики: учебное пособие,,,,Фетисов А.В.,2011,,"Издательский дом \Дело\"" РАНХиГС""",,152,0,Russian,,,,978-5-7749-0578-2,,,,,,,,,,74931,0,,,,,,,1,1583647,pdf,9cc51bfcf2e959193308c562dcf284ab,,,,0,2000-01-01 01:00:00,2017-04-19 18:56:51,https://e.lanbook.com/img/covers/book/32466/2011/74931.jpg,Социально-гуманитарные науки;Культурология и искусство,
30094195,Правовые и экономические модели деятельности в сфере культуры и творческого предпринимательства: Учебное пособие,,,,Мельвиль Е.Х.,2011,,"Издательский дом \Дело\"" РАНХиГС""",,192,0,Russian,,,,978-5-7749-0580-5,,,,,,,,,,74932,0,,,,,,,1,1784098,pdf,a14b94bcdf405a73569f997d0278bbc4,,,,0,2000-01-01 01:00:00,2017-04-19 18:56:51,https://e.lanbook.com/img/covers/book/32466/2011/74932.jpg,Экономика и менеджмент;Государственное и муниципальное управление,
30094196,"Привлечение, удержание и развитие персонала компании: учебное пособие",,,,"Макарова И.К., Алехина О.Е., Крайнова Л.М.",2011,,"Издательский дом \Дело\"" РАНХиГС""",,124,0,Russian,,,,978-5-7749-0581-2,,,,,,,,,,74933,0,,,,,,,1,1531333,pdf,4d35e2a1ac0a72ef922d80fe886b72c0,,,,0,2000-01-01 01:00:00,2017-04-19 18:56:51,https://e.lanbook.com/img/covers/book/32466/2011/74933.jpg,Экономика и менеджмент;Управление персоналом,
30094197,Стратегия управления инновационными процессами: учебное пособие,,,,"Бирман Л.А., Кочурова Т.Б.",2011,,"Издательский дом \Дело\"" РАНХиГС""",,144,0,Russian,,,,978-5-7749-0582-9,,,,,,,,,,74934,0,,,,,,,1,877510,pdf,92159d4d232f7a44e49b786bf3e542a1,,,,0,2000-01-01 01:00:00,2017-04-19 18:56:51,https://e.lanbook.com/img/covers/book/32466/2011/74934.jpg,Экономика и менеджмент;Инновационный менеджмент,
30094198,Управление инновационными преобразованиями: Учебное пособие,,,,Гумерова Г.И.,2010,,"Издательский дом \Дело\"" РАНХиГС""",,140,0,Russian,,,,978-5-7749-0583-6,,,,,,,,,,74935,0,,,,,,,1,616447,pdf,36486201026841bb43c46e4222a807e3,,,,0,2000-01-01 01:00:00,2017-04-19 18:56:51,https://e.lanbook.com/img/covers/book/32466/2010/74935.jpg,Экономика и менеджмент;Инновационный менеджмент,
30094199,Управление культурами: учебное пособие,,,,Фетисов А.В.,2011,,"Издательский дом \Дело\"" РАНХиГС""",,140,0,Russian,,,,978-5-7749-0596-6,,,,,,,,,,74936,0,,,,,,,1,15807223,pdf,8d76ba8a052cfdbf4fc029956d79994d,,,,0,2000-01-01 01:00:00,2017-04-19 18:56:51,https://e.lanbook.com/img/covers/book/32466/2011/74936.jpg,Социально-гуманитарные науки;Культурология и искусство,
30094200,Инновационный бизнес: корпоративное управление НИОКР: учебное пособие,,,,Спасенных М.Ю.,2011,,"Издательский дом \Дело\"" РАНХиГС""",,148,0,Russian,,,,978-5-7749-0603-1,,,,,,,,,,74937,0,,,,,,,1,1372975,pdf,f599aa85bb20fcd70dd9355e5194a098,,,,0,2000-01-01 01:00:00,2017-04-19 18:56:51,https://e.lanbook.com/img/covers/book/32466/2011/74937.jpg,Экономика и менеджмент;Инновационный менеджмент,
30094201,Деловой английский в контексте современных тенденций развития бизнеса,,,,"Новикова Е.Н., Пашкевич Е.Г., Петрова С.Ф.",2011,,"Издательский дом \Дело\"" РАНХиГС""",,164,0,Russian,,,,978-5-7749-0612-3,,,,,,,,,,74938,0,,,,,,,1,1298238,pdf,7fdc2d972f8ccbd7b9da374d31719b08,,,,0,2000-01-01 01:00:00,2017-04-19 18:56:51,https://e.lanbook.com/img/covers/book/32466/2011/74938.jpg,Экономика и менеджмент;Предпринимательская деятельность,
30094202,Инновационное развитие компании: управление интеллектуальными ресурсами: учебное пособие,,,,"Зинов В.Г., Лебедева Т.Я., Цыганов С.А.;Под ред. Зинова В.Г.",2014,,"Издательский дом \Дело\"" РАНХиГС""",,248,0,Russian,,,,978-5-7749-0906-3,,,,,,,,,,74939,0,,,,,,,1,1875139,pdf,cc2c3ca43b0f52a9fe62a3cb38b295c8,,,,0,2000-01-01 01:00:00,2017-04-19 18:56:51,https://e.lanbook.com/img/covers/book/32466/2014/74939.jpg,Экономика и менеджмент;Инновационный менеджмент,
30094203,Инновационный проект: методы отбора и инструменты анализа рисков: учебное пособие,,,,Бабаскин С.Я.,2014,,"Издательский дом \Дело\"" РАНХиГС""",,240,0,Russian,,,,978-5-7749-0907-0,,,,,,,,,,74940,0,,,,,,,1,2470200,pdf,e01f53742e5ac0b2fb0a2f183015d311,,,,0,2000-01-01 01:00:00,2017-04-19 18:56:51,https://e.lanbook.com/img/covers/book/32466/2014/74940.jpg,Экономика и менеджмент;Инновационный менеджмент,
30094204,Организационно-правовые основы системы государственного и муниципального управления: учебное пособие,,,,"Кузин В.И., Зуев С.Э.",2014,,"Издательский дом \Дело\"" РАНХиГС""",,120,0,Russian,,,,978-5-7749-0914-8,,,,,,,,,,74941,0,,,,,,,1,499601,pdf,2ffd8d84acaee3f1dc112f15bff0d5ec,,,,0,2000-01-01 01:00:00,2017-04-19 18:56:51,https://e.lanbook.com/img/covers/book/32466/2014/74941.jpg,Экономика и менеджмент;Государственное и муниципальное управление,
30094205,Практика управления инновационными проектами: учебное пособие,,,,Первушин В.А.,2014,,"Издательский дом \Дело\"" РАНХиГС""",,208,0,Russian,,,,978-5-7749-0917-9,,,,,,,,,,74942,0,,,,,,,1,1134424,pdf,1549610dedb9380bd7348313a613649e,,,,0,2000-01-01 01:00:00,2017-04-19 18:56:51,https://e.lanbook.com/img/covers/book/32466/2014/74942.jpg,Экономика и менеджмент;Инновационный менеджмент,
30094206,Инновационный бизнес: венчурное и бизнес-ангельское инвестирование: учебное пособие,,,,"Каширин А.И., Семенов А.С.",2014,,"Издательский дом \Дело\"" РАНХиГС""",,260,0,Russian,,,,978-5-7749-0943-8,,,,,,,,,,74943,0,,,,,,,1,1252584,pdf,a20e99840962cedcef36551eebf4772e,,,,0,2000-01-01 01:00:00,2017-04-19 18:56:51,https://e.lanbook.com/img/covers/book/32466/2014/74943.jpg,Экономика и менеджмент;Инновационный менеджмент,
30094207,Инновационнный бизнес: практика передачи технологий: учебное пособие,,,,"Зинов В.Г., Вовк Д.Н.",2014,,"Издательский дом \Дело\"" РАНХиГС""",,220,0,Russian,,,,978-5-7749-0947-6,,,,,,,,,,74944,0,,,,,,,1,1245820,pdf,1cfbaa3c31b3040d0334b36a3fb56fc8,,,,0,2000-01-01 01:00:00,2017-04-19 18:56:51,https://e.lanbook.com/img/covers/book/32466/2014/74944.jpg,Экономика и менеджмент;Инновационный менеджмент,
30094208,Методы и модели оптимизации управленческих решений. Учебное пособие,,,,"Урубков А.Р., Федотов И.В.",2015,,"Издательский дом \Дело\"" РАНХиГС""",,240,0,Russian,,,,978-5-7749-1013-7,,,,,,,,,,74945,0,,,,,,,1,4599360,pdf,eeff4e08f9206488ae5ea3793e079dc1,,,,0,2000-01-01 01:00:00,2017-04-19 18:56:51,https://e.lanbook.com/img/covers/book/32466/2015/74945.jpg,Экономика и менеджмент;Менеджмент,
30094209,Управление изменениями: учебное пособие,,,,Шермет М.А.,2015,,"Издательский дом \Дело\"" РАНХиГС""",,128,0,Russian,,,,978-5-7749-1019-9,,,,,,,,,,74946,0,,,,,,,1,680380,pdf,578af7731cc1599c1f28338d43e2c31c,,,,0,2000-01-01 01:00:00,2017-04-19 18:56:51,https://e.lanbook.com/img/covers/book/32466/2015/74946.jpg,Экономика и менеджмент;Теория организации,
30094210,Инновационный проект: подготовка для инвестирования,,,,Хомкин К.А.,2015,,"Издательский дом \Дело\"" РАНХиГС""",,120,0,Russian,,,,978-5-7749-1020-5,,,,,,,,,,74947,0,,,,,,,1,567137,pdf,9bbc5c7e851d58428a499b20a8af6a3e,,,,0,2000-01-01 01:00:00,2017-04-19 18:56:51,https://e.lanbook.com/img/covers/book/32466/2015/74947.jpg,Экономика и менеджмент;Инновационный менеджмент,
30094211,Инновационный бизнес: стратегическое управление развитием: учебное пособие,,,,"Какаева Е.А., Дуненкова Е.Н.",2015,,"Издательский дом \Дело\"" РАНХиГС""",,176,0,Russian,,,,978-5-7749-1021-2,,,,,,,,,,74948,0,,,,,,,1,1019201,pdf,594307130ec5a00f85cada84dce6f13c,,,,0,2000-01-01 01:00:00,2017-04-19 18:56:51,https://e.lanbook.com/img/covers/book/32466/2015/74948.jpg,Экономика и менеджмент;Инновационный менеджмент,
30094212,Инновационный бизнес. Применение сбалансированной системы показателей. Учебное пособие,,,,Кандалинцев В.Г.,2015,,"Издательский дом \Дело\"" РАНХиГС""",,168,0,Russian,,,,978-5-7749-1024-3,,,,,,,,,,74949,0,,,,,,,1,785098,pdf,7c44c6576e10f5bc23c01131250e2484,,,,0,2000-01-01 01:00:00,2017-04-19 18:56:51,https://e.lanbook.com/img/covers/book/32466/2015/74949.jpg,Экономика и менеджмент;Инновационный менеджмент,
30094213,Управленческая экономика: практика применения: учебное пособие,,,,"Чеканский А.Н., Коцоева В.А., Варюхин С.Е.",2015,,"Издательский дом \Дело\"" РАНХиГС""",,170,0,Russian,,,,978-5-7749-1051-9,,,,,,,,,,74950,0,,,,,,,1,1430780,pdf,e283a9da67e0f6b530d1aec58e834eb6,,,,0,2000-01-01 01:00:00,2017-04-19 18:56:51,https://e.lanbook.com/img/covers/book/32466/2015/74950.jpg,Экономика и менеджмент;Менеджмент,
30094214,Основы финансовых расчетов: учебное пособие,,,,"Еремина С.В., Климов А.А., Смирнова Н.Ю.",2016,,"Издательский дом \Дело\"" РАНХиГС""",,166,0,Russian,,,,978-5-7749-1086-1,,,,,,,,,,74951,0,,,,,,,1,1258520,pdf,8ec53634821a459732e3772e06a55cef,,,,0,2000-01-01 01:00:00,2017-04-19 18:56:51,https://e.lanbook.com/img/covers/book/32466/2016/74951.jpg,Экономика и менеджмент;Финансовый менеджмент,
30094215,Развитие человеческого капитала — новая социальная политика: сборник научных статей,,,,"Научн. ред.: Мау В.А., Клячко Т.Л.",2013,,"Издательский дом \Дело\"" РАНХиГС""",,544,0,Russian,,,,978-5-7749-0774-8,,,,,,,,,,74952,0,,,,,,,1,3292650,pdf,0bf72deb9d967ea5de723f73806b7078,,,,0,2000-01-01 01:00:00,2017-04-19 18:56:51,https://e.lanbook.com/img/covers/book/32466/2013/74952.jpg,Экономика и менеджмент;Экономика России,
30094216,Институциональные инвесторы в мире: особенности деятельности и политика развития: в 2 кн.: кн. 1,,,,Абрамов А.Е.;Науч. ред. Радыгин А.Д.,2014,,"Издательский дом \Дело\"" РАНХиГС""",,544,0,Russian,,,,978-5-7749-0981-0,,,,,,,,,,74953,0,,,,,,,1,10385394,pdf,09643a72c4f2bcb8f2e2cd9af7766fbb,,,,0,2000-01-01 01:00:00,2017-04-19 18:56:51,https://e.lanbook.com/img/covers/book/32466/2014/74953.jpg,Экономика и менеджмент;Экономика России,
30094217,Институциональные инвесторы в мире: особенности деятельности и политика развития: в 2 кн.: кн. 2,,,,Абрамов А.Е.;Науч. ред. Радыгин А.Д.,2014,,"Издательский дом \Дело\"" РАНХиГС""",,206,0,Russian,,,,978-5-7749-0982-7,,,,,,,,,,74954,0,,,,,,,1,5551851,pdf,6dbc5fac176dc9b9f5626a57aff77bd8,,,,0,2000-01-01 01:00:00,2017-04-19 18:56:51,https://e.lanbook.com/img/covers/book/32466/2014/74954.jpg,Экономика и менеджмент;Экономика России,
30094218,Современная образовательная среда и инновационное развитие компаний в экономике знаний: монография: в 2 кн.: кн. 1,,,,Под ред. Яхонтовой Е.С.,2014,,"Издательский дом \Дело\"" РАНХиГС""",,312,0,Russian,,,,978-5-7749-1004-5,,,,,,,,,,74955,0,,,,,,,1,1534069,pdf,ea170d3aef7bf91cef0adbc16c8a50a2,,,,0,2000-01-01 01:00:00,2017-04-19 18:56:51,https://e.lanbook.com/img/covers/book/32466/2014/74955.jpg,Экономика и менеджмент;Инновационный менеджмент,
30094219,Современная образовательная среда и инновационное развитие компаний в экономике знаний: монография: в 2 кн.: кн. 2,,,,Под ред. Яхонтовой Е.С.,2014,,"Издательский дом \Дело\"" РАНХиГС""",,296,0,Russian,,,,978-5-7749-1005-2,,,,,,,,,,74956,0,,,,,,,1,1875654,pdf,1fde731c8bb46ee42f471b2b65966333,,,,0,2000-01-01 01:00:00,2017-04-19 18:56:51,https://e.lanbook.com/img/covers/book/32466/2014/74956.jpg,Экономика и менеджмент;Инновационный менеджмент,
30094220,"Программа ослабления наказания за участие в картеле: проблемное поле, структурные альтернативы и эффекты",,,,"Павлова Н.С., Шаститко А.Е.",2015,,"Издательский дом \Дело\"" РАНХиГС""",,198,0,Russian,,,,978-5-7749-1045-8,,,,,,,,,,74957,0,,,,,,,1,1051858,pdf,6d2ee02acaee99431f9437f6adfb0d26,,,,0,2000-01-01 01:00:00,2017-04-19 18:56:51,https://e.lanbook.com/img/covers/book/32466/2015/74957.jpg,Экономика и менеджмент;Экономика России,
30094221,Анализ опыта функционирования суверенного фонда благосостояния Норвегии,,,,"Ибраев Р.Х., Сорокина А.В., Трунин П.В.",2015,,"Издательский дом \Дело\"" РАНХиГС""",,174,0,Russian,,,,978-5-7749-1046-5,,,,,,,,,,74958,0,,,,,,,1,2359269,pdf,8de3e28ab903cfa992590362aee2c5f6,,,,0,2000-01-01 01:00:00,2017-04-19 18:56:51,https://e.lanbook.com/img/covers/book/32466/2015/74958.jpg,Экономика и менеджмент;Экономика России,
30094222,Современные методологические подходы к стратегическому управлению и развитию городов различных типов: монография,,,,Кафидов В.В.,2015,,"Издательский дом \Дело\"" РАНХиГС""",,246,0,Russian,,,,978-5-7749-1060-1,,,,,,,,,,74959,0,,,,,,,1,3400273,pdf,13aad5a2b3c415a9751e5250e5fa6054,,,,0,2000-01-01 01:00:00,2017-04-19 18:56:51,https://e.lanbook.com/img/covers/book/32466/2015/74959.jpg,Экономика и менеджмент;Экономика России,
30094223,Анализ зарубежного опыта использования медицинских сберегательных счетов и возможности их применения в Российской Федерации,,,,"Назаров В.С., Дэвис К.М., Сисигина Н.Н.",2015,,"Издательский дом \Дело\"" РАНХиГС""",,136,0,Russian,,,,978-5-7749-1071-7,,,,,,,,,,74960,0,,,,,,,1,1922465,pdf,4ef7ac23a739a7d97f24f5e16c1f132a,,,,0,2000-01-01 01:00:00,2017-04-19 18:56:51,https://e.lanbook.com/img/covers/book/32466/2015/74960.jpg,Экономика и менеджмент;Экономика России,
30094224,Анализ региональной антикризисной политики,,,,"Стародубровская И.В., Зубаревич Н.В., Назаров В.С., Горина Е.А.",2010,,"Издательский дом \Дело\"" РАНХиГС""",,344,0,Russian,,,,978-5-7749-0631-4,,,,,,,,,,74961,0,,,,,,,1,1264644,pdf,8a2177cd368f302ea39a89537e902339,,,,0,2000-01-01 01:00:00,2017-04-19 18:56:51,https://e.lanbook.com/img/covers/book/32466/2010/74961.jpg,Экономика и менеджмент;Государственное и муниципальное управление,
30094225,Актуальные проблемы пенсионной реформы,,,,Назаров В.С.,2010,,"Издательский дом \Дело\"" РАНХиГС""",,144,0,Russian,,,,978-5-7749-0632-1,,,,,,,,,,74962,0,,,,,,,1,714210,pdf,6af7910c45a7898ca9a580e8b9e18fde,,,,0,2000-01-01 01:00:00,2017-04-19 18:56:51,https://e.lanbook.com/img/covers/book/32466/2010/74962.jpg,Экономика и менеджмент;Государственное и муниципальное управление,
30094226,Административные барьеры на пути развития малого бизнеса в России,,,,"Бессонова Е.В., Волчкова Н.А., Горюнов Е.Л., Рубанов О.И.;Халеева Ю.В., Чернина Е.М.",2010,,"Издательский дом \Дело\"" РАНХиГС""",,80,0,Russian,,,,978-5-7749-0633-8,,,,,,,,,,74963,0,,,,,,,1,1580519,pdf,405eea2f317b26d9790af65bcc4b776a,,,,0,2000-01-01 01:00:00,2017-04-19 18:56:51,https://e.lanbook.com/img/covers/book/32466/2010/74963.jpg,Экономика и менеджмент;Экономика России,
30094227,Бюджетная политика субъектов Российской Федерации,,,,"Афанасьев Р.С., Герасимова Ю.В., Голованова Н.В., Дерюгин А.Н.;Мацкевич А.В., Мильчаков М.В., Покатович Г.Г.",2010,,"Издательский дом \Дело\"" РАНХиГС""",,208,0,Russian,,,,978-5-7749-0635-2,,,,,,,,,,74964,0,,,,,,,1,1657500,pdf,9ea1dea1680275b9aa65adcc0d5747b6,,,,0,2000-01-01 01:00:00,2017-04-19 18:56:51,https://e.lanbook.com/img/covers/book/32466/2010/74964.jpg,Экономика и менеджмент;Экономика России,
30094228,Международный опыт антикризисной политики,,,,"Дробышевский С.М., Синельникова Е.В., Сорокина А.В., Трунин П.В.;Худько Е.В.",2010,,"Издательский дом \Дело\"" РАНХиГС""",,224,0,Russian,,,,978-5-7749-0636-9,,,,,,,,,,74965,0,,,,,,,1,932037,pdf,dc33b64ff525e9cceeea0de196ea458a,,,,0,2000-01-01 01:00:00,2017-04-19 18:56:51,https://e.lanbook.com/img/covers/book/32466/2010/74965.jpg,Экономика и менеджмент;Мировая экономика,
30094229,Российская банковская система в условиях кризиса,,,,"Дмитриев М.Э., Дробышевский С.М., Наркевич С.С., Трунин П.В.",2010,,"Издательский дом \Дело\"" РАНХиГС""",,128,0,Russian,,,,978-5-7749-0637-6,,,,,,,,,,74966,0,,,,,,,1,3286417,pdf,61641738fe24b321284d10c23b126218,,,,0,2000-01-01 01:00:00,2017-04-19 18:56:51,https://e.lanbook.com/img/covers/book/32466/2010/74966.jpg,Экономика и менеджмент;Экономика России,
30094230,Развитие ипотечного кредитования в Российской Федерации,,,,"Косарева Н.Б., Копейкин А.Б., Рогожина Н.Н., Сиваев Д.С.;Туманов А.А.",2010,,"Издательский дом \Дело\"" РАНХиГС""",,256,0,Russian,,,,978-5-7749-0638-3,,,,,,,,,,74967,0,,,,,,,1,3099637,pdf,f0f8e183b4e4743cd2004e0fa3ee1ab3,,,,0,2000-01-01 01:00:00,2017-04-19 18:56:51,https://e.lanbook.com/img/covers/book/32466/2010/74967.jpg,Экономика и менеджмент;Экономика России,
30094231,Социальная поддержка: уроки кризисов и векторы модернизации,,,,"Малева Т.М., Овчарова Л.Н., Бурдяк А.Я., Зубаревич Н.В.;Пишняк А.И., Попова Д.О., Синявская О.В.",2010,,"Издательский дом \Дело\"" РАНХиГС""",,336,0,Russian,,,,978-5-7749-0639-0,,,,,,,,,,74968,0,,,,,,,1,5049459,pdf,5e767180df027221a546b76193f80ca7,,,,0,2000-01-01 01:00:00,2017-04-19 18:56:52,https://e.lanbook.com/img/covers/book/32466/2010/74968.jpg,Экономика и менеджмент;Государственное и муниципальное управление,
30094232,Модернизация здравоохранения: новая ситуация и новые задачи,,,,"Попович Л.Д., Потапчик Е.Г., Салахутдинова С.К., Селезнева Е.В.;Шейман И.М., Шишкин С.В.",2010,,"Издательский дом \Дело\"" РАНХиГС""",,232,0,Russian,,,,978-5-7749-0640-6,,,,,,,,,,74969,0,,,,,,,1,844367,pdf,4e3036cb3cd72e1bf5c84aa63204e30d,,,,0,2000-01-01 01:00:00,2017-04-19 18:56:52,https://e.lanbook.com/img/covers/book/32466/2010/74969.jpg,Экономика и менеджмент;Государственное и муниципальное управление,
30094233,Влияние выбора целей и инструментов политики денежных властей на уязвимость экономик,,,,"Дробышевский С.М., Евдокимова Т.В., Трунин П.В.",2012,,"Издательский дом \Дело\"" РАНХиГС""",,204,0,Russian,,,,978-5-7749-0683-3,,,,,,,,,,74970,0,,,,,,,1,1559062,pdf,6ae69bde16be70a608214ccb039f4f0d,,,,0,2000-01-01 01:00:00,2017-04-19 18:56:52,https://e.lanbook.com/img/covers/book/32466/2012/74970.jpg,Экономика и менеджмент;Государственное и муниципальное управление,
30094234,"Государственная антикризисная поддержка крупных и системообразующих компаний: направления, особенности и уроки российской практики",,,,"Симачев Ю.В., Иванов Д.С., Коротков М.Ю., Кузнецов Б.В.;Кузык М.Г. Науч. ред. Радыгин А.Д.",2012,,"Издательский дом \Дело\"" РАНХиГС""",,274,0,Russian,,,,978-5-7749-0719-9,,,,,,,,,,74971,0,,,,,,,1,1658969,pdf,0c02de3b807e1da5e7a18d890bd30b2e,,,,0,2000-01-01 01:00:00,2017-04-19 18:56:52,https://e.lanbook.com/img/covers/book/32466/2012/74971.jpg,Экономика и менеджмент;Экономика России,
30094235,Стимулирование потребности предпринимателей в развитии человеческого капитала?,,,,Кафидов В.В.,2013,,"Издательский дом \Дело\"" РАНХиГС""",,190,0,Russian,,,,978-5-7749-0730-4,,,,,,,,,,74972,0,,,,,,,1,908710,pdf,a77942a5a2881f63cbed6f4444b13e8c,,,,0,2000-01-01 01:00:00,2017-04-19 18:56:52,https://e.lanbook.com/img/covers/book/32466/2013/74972.jpg,Экономика и менеджмент;Предпринимательская деятельность,
30094236,Макропроектирование компьютерных обучающих систем,,,,Шилин К.Ю.,2013,,"Издательский дом \Дело\"" РАНХиГС""",,184,0,Russian,,,,978-5-7749-0733-5,,,,,,,,,,74973,0,,,,,,,1,3597826,pdf,86765903a4d851857db011d231b66568,,,,0,2000-01-01 01:00:00,2017-04-19 18:56:52,https://e.lanbook.com/img/covers/book/32466/2013/74973.jpg,Психология. Педагогика;Педагогика,
30094237,Механизм кредитно-денежной трансмиссии в России,,,,Леонтьева Е.А.,2013,,"Издательский дом \Дело\"" РАНХиГС""",,120,0,Russian,,,,978-5-7749-0734-2,,,,,,,,,,74974,0,,,,,,,1,1704424,pdf,7c63cd33015186c2bbc7117e3a1de0ef,,,,0,2000-01-01 01:00:00,2017-04-19 18:56:52,https://e.lanbook.com/img/covers/book/32466/2013/74974.jpg,Экономика и менеджмент;Экономика России,
30094238,Северный Кавказ: модернизационный вызов,,,,"Стародубровская И.В., Зубаревич Н.В., Соколов Д.В., Интигринова Т.П.;Миронова Н.И., Магомедов Х.Г.",2014,,"Издательский дом \Дело\"" РАНХиГС""",,328,0,Russian,,,,978-5-7749-0941-4,,,,,,,,,,74975,0,,,,,,,1,3905307,pdf,3e4ea261683e18eb0968b4677aecfa23,,,,0,2000-01-01 01:00:00,2017-04-19 18:56:52,https://e.lanbook.com/img/covers/book/32466/2014/74975.jpg,Экономика и менеджмент;Государственное и муниципальное управление,
30094239,Модернизация здравоохранения: новая ситуация и новые задачи,,,,"Попович Л.Д., Потапчик Е.Г., Салахутдинова С.К., Селезнева Е.В.;Шейман И.М., Шишкин С.В.",2015,,"Издательский дом \Дело\"" РАНХиГС""",,232,0,Russian,,,,978-5-7749-1016-8,,,,,,,,,,74976,0,,,,,,,1,902036,pdf,dfc603886e9089376593c4f5b6fdc085,,,,0,2000-01-01 01:00:00,2017-04-19 18:56:52,https://e.lanbook.com/img/covers/book/32466/2015/74976.jpg,Экономика и менеджмент;Государственное и муниципальное управление,
30094240,Экспорт образовательных услуг: анализ управленческих решений,,,,"Беляков С.А., Клячко Т.Л., Полушкина Е.А., Краснов Г.А.;Сюлькова Н.В.",2015,,"Издательский дом \Дело\"" РАНХиГС""",,124,0,Russian,,,,978-5-7749-1018-2,,,,,,,,,,74977,0,,,,,,,1,702952,pdf,d8b2b2f6413f910a990d5abf8407bb5b,,,,0,2000-01-01 01:00:00,2017-04-19 18:56:52,https://e.lanbook.com/img/covers/book/32466/2015/74977.jpg,Экономика и менеджмент;Экономика и социология труда,
30094241,Истоки конфликтов на Северном Кавказе: монография,,,,"Стародубровская И.В., Соколов Д.В.",2015,,"Издательский дом \Дело\"" РАНХиГС""",,280,0,Russian,,,,978-5-7749-1026-7,,,,,,,,,,74978,0,,,,,,,1,1668293,pdf,fb971f9e0050fa673430f15113de3c3a,,,,0,2000-01-01 01:00:00,2017-04-19 18:56:52,https://e.lanbook.com/img/covers/book/32466/2015/74978.jpg,Социально-гуманитарные науки;История,
30094242,Модернизация российского образования: вызовы нового десятилетия,,,,"Галкин В.В., Зуева Д.С., Волков А.Е., Климов А.А.;Конанчук Д.С., Мрдуляш П.Б.",2016,,"Издательский дом \Дело\"" РАНХиГС""",,104,0,Russian,,,,978-5-7749-1091-5,,,,,,,,,,74979,0,,,,,,,1,1356879,pdf,d3dcc21e56412953bd705a99b2e36795,,,,0,2000-01-01 01:00:00,2017-04-19 18:56:52,https://e.lanbook.com/img/covers/book/32466/2016/74979.jpg,Психология. Педагогика;Педагогика,
30094243,Практика бизнеса. Записки консультанта,,,,Альтшулер И.Г.,2006,,"Издательский дом \Дело\"" РАНХиГС""",,320,0,Russian,,,,5-7749-0439-3,,,,,,,,,,74980,0,,,,,,,1,1605879,pdf,b5f1c209d6244580cd1877f8253164c3,,,,0,2000-01-01 01:00:00,2017-04-19 18:56:52,https://e.lanbook.com/img/covers/book/32466/2006/74980.jpg,Экономика и менеджмент;Предпринимательская деятельность,
30094244,Сочинения в 6 т. Т. 2: Государство и экономика: опыт посткоммунистической трансформации,,,,Мау В.А.,2010,,"Издательский дом \Дело\"" РАНХиГС""",,408,0,Russian,,,,978-5-7749-0587-4,,,,,,,,,,74981,0,,,,,,,1,4364828,pdf,9600ff9e833c5d04bfd2141c0dd686a5,,,,0,2000-01-01 01:00:00,2017-04-19 18:56:52,https://e.lanbook.com/img/covers/book/32466/2010/74981.jpg,Экономика и менеджмент;Государственное и муниципальное управление,
30094245,Сочинения в 6 т. Т. 1: Государство и экономика: опыт экономической политики,,,,Мау В.А.,2010,,"Издательский дом \Дело\"" РАНХиГС""",,712,0,Russian,,,,978-5-7749-0586-7,,,,,,,,,,74982,0,,,,,,,1,6320077,pdf,d9080b2f4c5d946ea22a109fa50685d4,,,,0,2000-01-01 01:00:00,2017-04-19 18:56:52,https://e.lanbook.com/img/covers/book/32466/2010/74982.jpg,Экономика и менеджмент;Государственное и муниципальное управление,
30094246,Сочинения в 6 т. Т 3: Государство и экономика: опыт революций,,,,Мау В.А.,2010,,"Издательский дом \Дело\"" РАНХиГС""",,608,0,Russian,,,,978-5-7749-0588-1,,,,,,,,,,74983,0,,,,,,,1,6990834,pdf,9d2b8dff77d6c9f2b79b64c941ca1acd,,,,0,2000-01-01 01:00:00,2017-04-19 18:56:52,https://e.lanbook.com/img/covers/book/32466/2010/74983.jpg,Экономика и менеджмент;Государственное и муниципальное управление,
30094247,Реформы и догмы. Государство и экономика в эпоху реформ и революций (1861– 1929),,,,Мау В.А.,2013,3-е,"Издательский дом \Дело\"" РАНХиГС""",,512,0,Russian,,,,978-5-7749-0773-1,,,,,,,,,,74984,0,,,,,,,1,2176972,pdf,c2b9d775d403b2910215fbef316908ff,,,,0,2000-01-01 01:00:00,2017-04-19 18:56:52,https://e.lanbook.com/img/covers/book/32466/2013/74984.jpg,Экономика и менеджмент;Государственное и муниципальное управление,
30094248,"Стратегия и маркетинг. Две стороны одной медали, или Просто о сложном",,,,Альтшулер И.Г.,2011,,"Издательский дом \Дело\"" РАНХиГС""",,288,0,Russian,,,,978-5-7749-0595-9,,,,,,,,,,74985,0,,,,,,,1,3946609,pdf,5c9148b32c048d2db61dc5f65e17ff29,,,,0,2000-01-01 01:00:00,2017-04-19 18:56:52,https://e.lanbook.com/img/covers/book/32466/2011/74985.jpg,Экономика и менеджмент;Маркетинг,
30094249,"Государственные и муниципальные услуги: методология, инструментарий и опыт оценки удовлетворенности граждан. Часть I",,,,"Науч. ред.: Южаков В.Н., Добролюбова Е.И.",2012,,"Издательский дом \Дело\"" РАНХиГС""",,186,0,Russian,,,,978-5-7749-0775-5,,,,,,,,,,74986,0,,,,,,,1,1933064,pdf,aba26f1de93dc371cf53e50106b52f28,,,,0,2000-01-01 01:00:00,2017-04-19 18:56:52,https://e.lanbook.com/img/covers/book/32466/2012/74986.jpg,Экономика и менеджмент;Государственное и муниципальное управление,
30094250,"Государственные и муниципальные услуги: методология, инструментарий и опыт оценки удовлетворенности граждан. Часть II",,,,"Науч. ред.: Южаков В.Н., Добролюбова Е.И.",2012,,"Издательский дом \Дело\"" РАНХиГС""",,492,0,Russian,,,,978-5-7749-0775-5,,,,,,,,,,74987,0,,,,,,,1,3596112,pdf,63aa5d10da50d92e155e9678d80a30ba,,,,0,2000-01-01 01:00:00,2017-04-19 18:56:52,https://e.lanbook.com/img/covers/book/32466/2012/74987.jpg,Экономика и менеджмент;Государственное и муниципальное управление,
30094251,Сочинения в 6 т. Т. 5: Экономическая история и экономическая политика. Статьи. Книга 1,,,,Мау В.А.,2013,,"Издательский дом \Дело\"" РАНХиГС""",,840,0,Russian,,,,978-5-7749-0590-4,,,,,,,,,,74988,0,,,,,,,1,5524688,pdf,7f503164a11f7685020c442aba199df9,,,,0,2000-01-01 01:00:00,2017-04-19 18:56:52,https://e.lanbook.com/img/covers/book/32466/2013/74988.jpg,Экономика и менеджмент;История и философия экономики,
30094252,"Морально-этические и правовые основы государственного и муниципального управления: профессиональная этика, кадровая политика, планирование карьеры и противодействие коррупции: учебное пособие",,,,Кабашов С.Ю.,2014,,"Издательский дом \Дело\"" РАНХиГС""",,216,0,Russian,,,,978-5-7749-0944-5,,,,,,,,,,74989,0,,,,,,,1,3238069,pdf,43431e2ef61c6dd1d3500289ab2fc21f,,,,0,2000-01-01 01:00:00,2017-04-19 18:56:52,https://e.lanbook.com/img/covers/book/32466/2014/74989.jpg,Экономика и менеджмент;Государственное и муниципальное управление,
30094253,Кейсы по управлению и экономике рынка: учебно-методическое пособие,,,,"Капустин С.Н., Сенин А.С.",2015,,"Издательский дом \Дело\"" РАНХиГС""",,108,0,Russian,,,,978-5-7749-0965-0,,,,,,,,,,74990,0,,,,,,,1,1522628,pdf,ebf20a8fff7fbb4014fe497b40bbdc7b,,,,0,2000-01-01 01:00:00,2017-04-19 18:56:52,https://e.lanbook.com/img/covers/book/32466/2015/74990.jpg,Экономика и менеджмент;Менеджмент,
30094254,Нормирование численности государственных гражданских служащих в сфере осуществления контроля (надзора) и предоставления государственных услуг: монография,,,,"Добролюбова Е.И., Южаков В.Н., Александров О.В., Шебураков И.Б.;Логунов М.А., Киселева Е.В., Рудко А.М.",2015,,"Издательский дом \Дело\"" РАНХиГС""",,276,0,Russian,,,,978-5-7749-0971-1,,,,,,,,,,74991,0,,,,,,,1,8419959,pdf,8336d439b29b652b17ff7e30ce4ecf3f,,,,0,2000-01-01 01:00:00,2017-04-19 18:56:52,https://e.lanbook.com/img/covers/book/32466/2015/74991.jpg,Экономика и менеджмент;Государственное и муниципальное управление,
30094255,Векторы развития современной России. От формирования ценностей к изобретению традиций. Материалы XIII Международной научно-практической конференции молодых ученых. 11 –1 0 апреля 2014 года: сборник материалов,,,,Под общ. ред. Пугачевой М.Г.,2015,,"Издательский дом \Дело\"" РАНХиГС""",,350,0,Russian,,,,978-5-7749-0972-8,,,,,,,,,,74992,0,,,,,,,1,6385566,pdf,482962be17185f030409e7864f9def13,,,,0,2000-01-01 01:00:00,2017-04-19 18:56:52,https://e.lanbook.com/img/covers/book/32466/2015/74992.jpg,Экономика и менеджмент;Экономика России,
30094256,"Долгосрочная динамика рождаемости в странах Тропической Африки: закономерности, тенденции и перспективы: монография",,,,Зинькина Ю.В.,2015,,"Издательский дом \Дело\"" РАНХиГС""",,274,0,Russian,,,,978-5-7749-0974-2,,,,,,,,,,74993,0,,,,,,,1,3077331,pdf,0bec1ea31d7e62e6f4c19a9716051ae0,,,,0,2000-01-01 01:00:00,2017-04-19 18:56:52,https://e.lanbook.com/img/covers/book/32466/2015/74993.jpg,Экономика и менеджмент;Мировая экономика,
30094257,Инновационная система Москвы,,,,"Земцов С.П., Шестаков В.А., Баринова В.А.",2015,,"Издательский дом \Дело\"" РАНХиГС""",,94,0,Russian,,,,978-5-7749-0976-6,,,,,,,,,,74994,0,,,,,,,1,1752631,pdf,727fa281bbd36ffd7899877fda069902,,,,0,2000-01-01 01:00:00,2017-04-19 18:56:52,https://e.lanbook.com/img/covers/book/32466/2015/74994.jpg,Экономика и менеджмент;Инновационный менеджмент,
30094258,Общее образование: мониторинг эффективности,,,,"Авраамова Е.М., Александрова О.А., Белановский С.А., Клячко Т.Л.;Под науч. ред. Авраамовой Е.М., Токаревой Г.С.",2015,,"Издательский дом \Дело\"" РАНХиГС""",,470,0,Russian,,,,978-5-7749-0980-3,,,,,,,,,,74995,0,,,,,,,1,5656692,pdf,563565c982cc6ac724e01bd2835e4a4e,,,,0,2000-01-01 01:00:00,2017-04-19 18:56:52,https://e.lanbook.com/img/covers/book/32466/2015/74995.jpg,Психология. Педагогика;Педагогика,
30094259,Уголовный закон: учебное пособие,,,,Романов А.К.,2015,,"Издательский дом \Дело\"" РАНХиГС""",,462,0,Russian,,,,978-5-7749-1008-3,,,,,,,,,,74996,0,,,,,,,1,1954661,pdf,01ab537d7cd1a4add599d9f9f988f023,,,,0,2000-01-01 01:00:00,2017-04-19 18:56:52,https://e.lanbook.com/img/covers/book/32466/2015/74996.jpg,Экономика и менеджмент;Право,
30094260,Общие положения о гражданско-правовом договоре в схемах: учебное пособие,,,,Егорова М.А.,2015,,"Издательский дом \Дело\"" РАНХиГС""",,132,0,Russian,,,,978-5-7749-1015-1,,,,,,,,,,74997,0,,,,,,,1,1285695,pdf,d7dfc5380581bcbbbcc6605a6c23df9b,,,,0,2000-01-01 01:00:00,2017-04-19 18:56:52,https://e.lanbook.com/img/covers/book/32466/2015/74997.jpg,Экономика и менеджмент;Право,
30094261,Крестьяноведение: Теория. История. Современность. Ученые записки. 2014. Вып. 9,,,,"Под ред. Никулина А.М., Пугачевой М.Г., Шанина Т.",2014,,"Издательский дом \Дело\"" РАНХиГС""",,378,0,Russian,,,,978-5-7749-1055-7,,,,,,,,,,74998,0,,,,,,,1,3607600,pdf,7b40adf57c09c44a4aa6505d9d2d8bb2,,,,0,2000-01-01 01:00:00,2017-04-19 18:56:52,https://e.lanbook.com/img/covers/book/32466/2014/74998.jpg,Социально-гуманитарные науки;История,
30094262,"Партнерство Франции и России: интернационализация образования, науки, экономики: сборник статей",,,,"Под общ. ред. Г.?А. Красновой Г.А., Пономаренко Е.В.",2015,,"Издательский дом \Дело\"" РАНХиГС""",,160,0,Russian,,,,978-5-7749-1065-6,,,,,,,,,,74999,0,,,,,,,1,1693439,pdf,99d31722b0aa614832da65e8436d2b48,,,,0,2000-01-01 01:00:00,2017-04-19 18:56:52,https://e.lanbook.com/img/covers/book/32466/2015/74999.jpg,Экономика и менеджмент;Мировая экономика,
30094263,"О стратегии, маркетинге и консалтинге. Занимательно — для внимательных!",,,,Альтшулер И.Г.,2016,,"Издательский дом \Дело\"" РАНХиГС""",,440,0,Russian,,,,978-5-7749-1085-4,,,,,,,,,,75000,0,,,,,,,1,2118561,pdf,c67b098597eb44fb3ec29d1123c6e638,,,,0,2000-01-01 01:00:00,2017-04-19 18:56:52,https://e.lanbook.com/img/covers/book/32466/2016/75000.jpg,Экономика и менеджмент;Маркетинг,
30094264,Региональная инновационная система Иркутской области,,,,"Баринова В.А., Земцов С.П., Спивак В.В., Сутырина Т.А.",2015,,"Издательский дом \Дело\"" РАНХиГС""",,232,0,Russian,,,,978-5-7749-1093-9,,,,,,,,,,75001,0,,,,,,,1,2982084,pdf,49e519623c92fac22ee0d5dd8be37186,,,,0,2000-01-01 01:00:00,2017-04-19 18:56:52,https://e.lanbook.com/img/covers/book/32466/2015/75001.jpg,Экономика и менеджмент;Инновационный менеджмент,
30094265,Terra Nipponica: Среда обитания и среда воображения,,,,Мещеряков А.,2014,,"Издательский дом \Дело\"" РАНХиГС""",,424,0,Russian,,,,978-5-7749-0867-7,,,,,,,,,,75005,0,,,,,,,1,10724211,pdf,65e87b2c8754b89025898b92f30d51f7,,,,0,2000-01-01 01:00:00,2017-04-19 18:56:52,https://e.lanbook.com/img/covers/book/32466/2014/75005.jpg,Социально-гуманитарные науки;Культурология и искусство,
30094266,Государственно-частное партнерство как инструмент поддержки инноваций,,,,"Киреева А.В., Соколов И.А., Тищенко Т.В., Худько Е.В.;Под ред. Соколова И.А.",2012,,"Издательский дом \Дело\"" РАНХиГС""",,516,0,Russian,,,,978-5-7749-0743-4,,,,,,,,,,75006,0,,,,,,,1,3029514,pdf,49aa8778174aecb3e9dd48a2d5d7ee0f,,,,0,2000-01-01 01:00:00,2017-04-19 18:56:52,https://e.lanbook.com/img/covers/book/32466/2012/75006.jpg,Экономика и менеджмент;Инновационный менеджмент,
30094267,Стратегия инновационного развития российских регионов,,,,"Рыбалкин В.В., Сутырина Т.А.;Под ред. Т.А. Сутыриной",2013,,"Издательский дом \Дело\"" РАНХиГС""",,316,0,Russian,,,,978-5-7749-0889-9,,,,,,,,,,75007,0,,,,,,,1,4383698,pdf,0e1a779f0ee0f3e461dad7cd64880523,,,,0,2000-01-01 01:00:00,2017-04-19 18:56:52,https://e.lanbook.com/img/covers/book/32466/2013/75007.jpg,Экономика и менеджмент;Инновационный менеджмент,
30094268,Сочинения в 6 т. Т. 5: Экономическая история и экономическая политика. Статьи. Книга 2,,,,Мау В.А.,2014,,"Издательский дом \Дело\"" РАНХиГС""",,944,0,Russian,,,,978-5-7749-0590-4,,,,,,,,,,75008,0,,,,,,,1,8680416,pdf,5c6ae8a80265bc1a37958c225bc902cb,,,,0,2000-01-01 01:00:00,2017-04-19 18:56:52,https://e.lanbook.com/img/covers/book/32466/2014/75008.jpg,Экономика и менеджмент;Государственное и муниципальное управление,
30094269,Сочинения в 6 т. Т. 4: Экономика и политика России: год за годом (1991–2009),,,,Мау В.А.,2010,,"Издательский дом \Дело\"" РАНХиГС""",,832,0,Russian,,,,978-5-7749-0589-8,,,,,,,,,,75009,0,,,,,,,1,8087562,pdf,9de70c4e563d9036b8d202d825fbd6fc,,,,0,2000-01-01 01:00:00,2017-04-19 18:56:52,https://e.lanbook.com/img/covers/book/32466/2010/75009.jpg,Экономика и менеджмент;Экономика России,
30094270,К истокам языкового разнообразия. Десять бесед о сравнительно-историческом языкознании с Е.Я. Сатановским,,,,Старостин Г.С.,2016,,"Издательский дом \Дело\"" РАНХиГС""",,584,0,Russian,,,,978-5-7749-0979-7,,,,,,,,,,75010,0,,,,,,,1,4158981,pdf,05f5e253578a8177f354e44aea99a623,,,,0,2000-01-01 01:00:00,2017-04-19 18:56:52,https://e.lanbook.com/img/covers/book/32466/2016/75010.jpg,Языкознание и литературоведение;Речь. Язык. Общение,
30094271,"Пятый Пермский конгресс ученых-юристов (г. Пермь, 24-25 октября 2014 г.): Избранные материалы",,,,"Отв. ред. Голубцов В.Г., Кузнецова О.А.",2015,,"Издательство \СТАТУТ\""""",,400,0,Russian,,,,978-5-8354-1108-5,,,,,,,,,,75013,0,,,,,,,1,1953873,pdf,09e8e212c1ff9ddf93d4d2c7cce038d4,,,,0,2000-01-01 01:00:00,2017-04-19 18:56:52,https://e.lanbook.com/img/covers/book/23436/2015/75013.jpg,Право. Юридические науки;Основы государства и права. Теория государства и права,
30094272,12 апостолов права,,,,Крашенинников П.,2016,2-е,"Издательство \СТАТУТ\""""",,223,0,Russian,,,,978-5-8354-1186-3,,,,,,,,,,75014,0,,,,,,,1,4536095,pdf,43a1da8ffc47173d57e15af55e3e36f5,,,,0,2000-01-01 01:00:00,2017-04-19 18:56:52,https://e.lanbook.com/img/covers/book/23436/2016/75014.jpg,Право. Юридические науки;История государства и права,
30094273,Институт охраны и защиты прав предпринимателей: Сравнительно-правовое исследование законодательств России и Англии,,,,Агеева Е.Ш.,2015,,"Издательство \СТАТУТ\""""",,144,0,Russian,,,,978-5-8354-1162-7,,,,,,,,,,75016,0,,,,,,,1,776637,pdf,693c6056c4c24d6d8cc56a2514fc2442,,,,0,2000-01-01 01:00:00,2017-04-19 18:56:52,https://e.lanbook.com/img/covers/book/23436/2015/75016.jpg,Право. Юридические науки;Предпринимательское и коммерческое право,
30094274,"Обеспечение обязательств (залог, поручительство, гарантия): Сборник публикаций",,,,Бевзенко Р.С.,2015,,"Издательство \СТАТУТ\""""",,592,0,Russian,,,,978-5-8354-1163-4,,,,,,,,,,75017,0,,,,,,,1,4228429,pdf,992449eb9ea5b34c3d1a621287644e85,,,,0,2000-01-01 01:00:00,2017-04-19 18:56:52,https://e.lanbook.com/img/covers/book/23436/2015/75017.jpg,Право. Юридические науки;Финансовое право. Налоговое и бюджетное право,
30094275,Комментарий к Федеральному закону от 24 июля 2002 г. № 102-ФЗ «О третейских судах в Российской Федерации» (В редакции от 21 ноября 2011 г.),,,,"Валеев Д.Х., Зайцев А.И., Фетюхин М.В.",2015,,"Издательство \СТАТУТ\""""",,160,0,Russian,,,,978-5-8354-1161-0,,,,,,,,,,75018,0,,,,,,,1,1191670,pdf,2677c6106bf55756a2f053cdd5fdc1f7,,,,0,2000-01-01 01:00:00,2017-04-19 18:56:52,https://e.lanbook.com/img/covers/book/23436/2015/75018.jpg,Право. Юридические науки;Судебная практика,
30094276,Принцип определенности налогообложения,,,,Демин А.В.,2015,,"Издательство \СТАТУТ\""""",,368,0,Russian,,,,978-5-8354-1142-9,,,,,,,,,,75019,0,,,,,,,1,5286795,pdf,86745eda86e758585d89ed759b4bfed5,,,,0,2000-01-01 01:00:00,2017-04-19 18:56:52,https://e.lanbook.com/img/covers/book/23436/2015/75019.jpg,Право. Юридические науки;Финансовое право. Налоговое и бюджетное право,
30094277,Представительство: исследование судебной практики,,,,"Егоров А.В., Папченкова Е.А., Ширвиндт А.М.",2016,,"Издательство \СТАТУТ\""""",,383,0,Russian,,,,978-5-8354-1216-7,,,,,,,,,,75020,0,,,,,,,1,2072622,pdf,fe2bf176b2105e2e57b0cd8426908853,,,,0,2000-01-01 01:00:00,2017-04-19 18:56:52,https://e.lanbook.com/img/covers/book/23436/2016/75020.jpg,Право. Юридические науки;Судебная практика,
30094278,Частное право. Преодолевая испытания: К 60-летию Б. М. Гонгало,,,,,2016,,"Издательство \СТАТУТ\""""",,256,0,Russian,,,,978-5-8354-1200-6,,,,,,,,,,75021,0,,,,,,,1,1796068,pdf,25954b3288bcf00154f6a0003ff0860a,,,,0,2000-01-01 01:00:00,2017-04-19 18:56:52,https://e.lanbook.com/img/covers/book/23436/2016/75021.jpg,Право. Юридические науки;Частное право,
30094279,Евразийский гражданский процесс: к 25-летию стран СНГ и Балтии: Сборник научных статей,,,,Под ред. Малешина Д.Я.,2015,,"Издательство \СТАТУТ\""""",,448,0,Russian,,,,978-5-8354-1176-4,,,,,,,,,,75022,0,,,,,,,1,3959592,pdf,ec08b08b60a550bc786d0ebb494c7cb3,,,,0,2000-01-01 01:00:00,2017-04-19 18:56:52,,Право. Юридические науки;Гражданское право и процесс,
30094280,Толкование договора в российском и зарубежном праве,,,,Байрамкулов А.К.,2016,,"Издательство \СТАТУТ\""""",,224,0,Russian,,,,978-5-8354-1188-7,,,,,,,,,,75023,0,,,,,,,1,3018141,pdf,05e8d0f359829d67372293d4f68e2b8e,,,,0,2000-01-01 01:00:00,2017-04-19 18:56:52,https://e.lanbook.com/img/covers/book/23436/2016/75023.jpg,Право. Юридические науки;Правоведение,
30094281,Банкротство в практике Президиума ВАС РФ за 2014 г.: прецеденты и комментарии,,,,Суворов Е.Д.,2015,,"Издательство \СТАТУТ\""""",,400,0,Russian,,,,978-5-8354-1141-2,,,,,,,,,,75024,0,,,,,,,1,3596003,pdf,5f79cab48c9545456c329a687fdad0b1,,,,0,2000-01-01 01:00:00,2017-04-19 18:56:52,https://e.lanbook.com/img/covers/book/23436/2015/75024.jpg,Право. Юридические науки;Финансовое право. Налоговое и бюджетное право,
30094282,Исполнительная сила нотариального акта в праве России и Франции (Сравнительно-правовое исследование),,,,Батухтина Е.М.,2016,,"Издательство \СТАТУТ\""""",,173,0,Russian,,,,978-5-8354-1183-2,,,,,,,,,,75025,0,,,,,,,1,5511936,pdf,6b6d3d799292a7a7fa578e7e5e4756c3,,,,0,2000-01-01 01:00:00,2017-04-19 18:56:52,https://e.lanbook.com/img/covers/book/23436/2016/75025.jpg,Право. Юридические науки;Адвокатура. Нотариат,
30094283,Международное право: Учебник,,,,"Отв. ред. д.ю.н., проф. Егоров С.А.",2016,,"Издательство \СТАТУТ\""""",,848,0,Russian,,,,978-5-8354-1181-8,,,,,,,,,,75026,0,,,,,,,1,5303833,pdf,bcbd36a229bf2f99e8426bfc9dd2468c,,,,0,2000-01-01 01:00:00,2017-04-19 18:56:52,https://e.lanbook.com/img/covers/book/23436/2016/75026.jpg,Право. Юридические науки;Международное право,
30094284,English for Law Students: University Course. Part II,,,,Ed. by T. Tarasova,2016,,"Издательство \СТАТУТ\""""",,672,0,Russian,,,,978-5-8354-1138-2,,,,,,,,,,75027,0,,,,,,,1,2194934,pdf,f04273d69f06498f901376f6f25d0ac2,,,,0,2000-01-01 01:00:00,2017-04-19 18:56:52,https://e.lanbook.com/img/covers/book/23436/2016/75027.jpg,Право. Юридические науки,
30094285,Евразийская интеграция: роль Суда,,,,"Под ред. д.ю.н., проф. Нешатаевой Т.Н.",2015,,"Издательство \СТАТУТ\""""",,304,0,Russian,,,,978-5-8354 -1139-9,,,,,,,,,,75029,0,,,,,,,1,3221226,pdf,c6d3710d02c9932c8c0e3d80a70ed89f,,,,0,2000-01-01 01:00:00,2017-04-19 18:56:52,,Право. Юридические науки;Судебная практика,
30094286,Российский ежегодник Европейской конвенции по правам человека / Russian Yearbook of the European Convention on Human Rights. № 1 (2015): Европейская конвенция: новые «старые» права,,,,"Редакционный совет: Ковлер А.И., Дедов Д.И., Рожкова М.А., Д.Ю. Матвеев, Афанасьев Д.В.",2015,,"Издательство \СТАТУТ\""""",,608,0,Russian,,,,978-5-8354-1133-7,,,,,,,,,,75030,0,,,,,,,1,5881082,pdf,378b04a6918728e6d5129aefc769e5d2,,,,0,2000-01-01 01:00:00,2017-04-19 18:56:52,https://e.lanbook.com/img/covers/book/23436/2015/75030.jpg,Право. Юридические науки;Международное право,
30094287,Фирменное право России,,,,Филиппова С.Ю.,2016,,"Издательство \СТАТУТ\""""",,271,0,Russian,,,,978-5-8354-1202-0,,,,,,,,,,75031,0,,,,,,,1,5542005,pdf,b1df9b61a610293d063bc06ea63aa470,,,,0,2000-01-01 01:00:00,2017-04-19 18:56:52,https://e.lanbook.com/img/covers/book/23436/2016/75031.jpg,Право. Юридические науки;Предпринимательское и коммерческое право,
30094288,Избранные труды по гражданскому праву. В 2 т. Т. 1,,,,Флейшиц Е.А.,2015,,"Издательство \СТАТУТ\""""",,512,0,Russian,,,,978-5-8354-1192-4,,,,,,,,,,75032,0,,,,,,,1,3288236,pdf,75893dc1a60c48e4e9afdc2e668feb89,,,,0,2000-01-01 01:00:00,2017-04-19 18:56:52,https://e.lanbook.com/img/covers/book/23436/2015/75032.jpg,Право. Юридические науки;Гражданское право и процесс,
30094289,Избранные труды по гражданскому праву. В 2 т. Т. 2,,,,Флейшиц Е.А.,2015,,"Издательство \СТАТУТ\""""",,720,0,Russian,,,,978-5-8354-1193-1,,,,,,,,,,75033,0,,,,,,,1,4225597,pdf,ae77caec9df7e2a30ca7580b2cc7ea62,,,,0,2000-01-01 01:00:00,2017-04-19 18:56:52,https://e.lanbook.com/img/covers/book/23436/2015/75033.jpg,Право. Юридические науки;Гражданское право и процесс,
30094290,Международно-правовая имплементация норм об ответственности международных организаций: Монография,,,,Гуласарян А.С.;Под ред. Бекяшева К.А.,2015,,"Издательство \СТАТУТ\""""",,224,0,Russian,,,,978-5-8354-1174-0,,,,,,,,,,75034,0,,,,,,,1,1539797,pdf,51282dc43e4178847fc942bd95afe020,,,,0,2000-01-01 01:00:00,2017-04-19 18:56:52,https://e.lanbook.com/img/covers/book/23436/2015/75034.jpg,Право. Юридические науки;Международное право,
30094291,Общие положения об обязательствах: Учебное пособие,,,,Хохлов В.А.,2015,,"Издательство \СТАТУТ\""""",,288,0,Russian,,,,978-5-8354-1178-8,,,,,,,,,,75035,0,,,,,,,1,1709510,pdf,993042603487e146de72844629217050,,,,0,2000-01-01 01:00:00,2017-04-19 18:56:52,https://e.lanbook.com/img/covers/book/23436/2015/75035.jpg,Право. Юридические науки;Гражданское право и процесс,
30094292,Гражданское правоотношение: социально-психологический аспект,,,,"Камышанский В.П., Карнушин В.Е.",2016,,"Издательство \СТАТУТ\""""",,222,0,Russian,,,,978-5-8354-1198-6,,,,,,,,,,75036,0,,,,,,,1,3162726,pdf,6cee8fceefa7eb42059f94a1bcd1849b,,,,0,2000-01-01 01:00:00,2017-04-19 18:56:52,https://e.lanbook.com/img/covers/book/23436/2016/75036.jpg,Право. Юридические науки;Гражданское право и процесс,
30094293,Сроки в гражданском праве. Исковая давность,,,,"Кириллова М.Я., Крашенинников П.В.",2016,3-е,"Издательство \СТАТУТ\""""",,80,0,Russian,,,,978-5-8354-1205-1,,,,,,,,,,75037,0,,,,,,,1,925011,pdf,fd50699b1e590e5fbfb622a0efe3b3b8,,,,0,2000-01-01 01:00:00,2017-04-19 18:56:52,https://e.lanbook.com/img/covers/book/23436/2016/75037.jpg,Право. Юридические науки;Гражданское право и процесс,
30094294,"Внешняя система римского права: право природы, право народов и коммерческое право в юридической мысли античности",,,,Кофанов Л.Л.,2015,,"Издательство \СТАТУТ\""""",,192,0,Russian,,,,978-5-8354-1168-9,,,,,,,,,,75038,0,,,,,,,1,2161525,pdf,8f902a48370045e092f4f63870fe7e85,,,,0,2000-01-01 01:00:00,2017-04-19 18:56:52,https://e.lanbook.com/img/covers/book/23436/2015/75038.jpg,Право. Юридические науки;Римское право. Римское частное право,
30094295,Актуальные правовые аспекты современной практики международного коммерческого оборота: Сборник статей,,,,"Под общей ред. докт. юрид. наук, проф. Комарова А.С.",2016,,"Издательство \СТАТУТ\""""",,272,0,Russian,,,,978-5-8354-1185-6,,,,,,,,,,75039,0,,,,,,,1,3179187,pdf,9a2bca879e7cab06a9453d1648cbd0d6,,,,0,2000-01-01 01:00:00,2017-04-19 18:56:52,https://e.lanbook.com/img/covers/book/23436/2016/75039.jpg,Право. Юридические науки;Международное право,
30094296,Восшествие на престол императора Николая I; Жизнь графа Сперанского,,,,Корф М. А.;Сост.: Крашенинников П.В.,2016,,"Издательство \СТАТУТ\""""",,624,0,Russian,,,,978-5-8354-1164-1,,,,,,,,,,75040,0,,,,,,,1,6437458,pdf,03ff037af020db4caa9bec1ee8c9201e,,,,0,2000-01-01 01:00:00,2017-04-19 18:56:52,https://e.lanbook.com/img/covers/book/23436/2016/75040.jpg,Право. Юридические науки;История государства и права,
30094297,Наследственное право,,,,Крашенинников П.В.,2016,,"Издательство \СТАТУТ\""""",,207,0,Russian,,,,978-5-8354-1190-0,,,,,,,,,,75041,0,,,,,,,1,2787294,pdf,65205173a5845710166199d08a75fa2d,,,,0,2000-01-01 01:00:00,2017-04-19 18:56:52,https://e.lanbook.com/img/covers/book/23436/2016/75041.jpg,Право. Юридические науки;Наследственное право,
30094298,Гражданский кодекс Российской Федерации. Общие положения о договоре. Постатейный комментарий к главам 27–29,,,,Под ред. Крашенинникова П.В.,2016,,"Издательство \СТАТУТ\""""",,223,0,Russian,,,,978-5-8354-1177-1,,,,,,,,,,75042,0,,,,,,,1,3323163,pdf,d1817b63c20ca454924869c6035faea1,,,,0,2000-01-01 01:00:00,2017-04-19 18:56:52,https://e.lanbook.com/img/covers/book/23436/2016/75042.jpg,Право. Юридические науки;Гражданское право и процесс,
30094299,Семейное право: Учебник,,,,"Гонгало Б.М., Крашенинников П.В., Михеева Л.Ю., Рузакова О.А.;Под ред. Крашенинникова П.В.",2016,3-е,"Издательство \СТАТУТ\""""",,270,0,Russian,,,,978-5-8354-1209-9,,,,,,,,,,75043,0,,,,,,,1,2446498,pdf,42a4dffbba95dbdf7c5f48b2533eab97,,,,0,2000-01-01 01:00:00,2017-04-19 18:56:52,https://e.lanbook.com/img/covers/book/23436/2016/75043.jpg,Право. Юридические науки;Гражданское право и процесс,
30094300,"Курс гражданского процесса: Субъекты и объекты процесса, процессуальные отношения и действия",,,,Васьковский Е.В.,2016,,"Издательство \СТАТУТ\""""",,624,0,Russian,,,,978-5-8354-1197- 9,,,,,,,,,,75044,0,,,,,,,1,4318224,pdf,eef7cc74a81c42de3d151bb70b0f36f7,,,,0,2000-01-01 01:00:00,2017-04-19 18:56:52,https://e.lanbook.com/img/covers/book/23436/2016/75044.jpg,Право. Юридические науки;Гражданское право и процесс,
30094301,Банкротство застройщика: теория и практика защиты прав граждан – участников строительства,,,,Кузнецов А.П.,2015,,"Издательство \СТАТУТ\""""",,96,0,Russian,,,,978-5-8354-1172-6,,,,,,,,,,75045,0,,,,,,,1,1977141,pdf,5e9b6b8a81210bfb861d9cd4ab619f91,,,,0,2000-01-01 01:00:00,2017-04-19 18:56:52,https://e.lanbook.com/img/covers/book/23436/2015/75045.jpg,Право. Юридические науки;Гражданское право и процесс,
30094302,"Латинские термины в современном международном праве: Латинско-русский, русско-латинский словарь",,,,"Авторы-составители: доцент, к.ф.н. Маршалок Н.В., доцент Ульянова И.Л.",2015,,"Издательство \СТАТУТ\""""",,302,0,Russian,,,,978-5-8354-1122-1,,,,,,,,,,75046,0,,,,,,,1,4616629,pdf,1c07bd09db6639f4e2a16ea401f72b92,,,,0,2000-01-01 01:00:00,2017-04-19 18:56:52,https://e.lanbook.com/img/covers/book/23436/2015/75046.jpg,Право. Юридические науки;Международное право,
30094303,Кадастровый учет недвижимого имущества: вопросы и ответы,,,,"Мисник Г.А., Дубовик О.Л., Железнов Д.С., Нигматуллина Э.Ф.;Авторы: Чолтян Л.Н., Волконитин А.С. Отв. ред. Мисник Г.А.",2015,,"Издательство \СТАТУТ\""""",,176,0,Russian,,,,978-5-8354-1121-4,,,,,,,,,,75047,0,,,,,,,1,11334713,pdf,e25d4a5341146259803d65d218be7516,,,,0,2000-01-01 01:00:00,2017-04-19 18:56:52,https://e.lanbook.com/img/covers/book/23436/2015/75047.jpg,Право. Юридические науки;Земельное право. Экологическое право,
30094304,Избранное,,,,Муромцев С.А.;Сост.: Крашенинников П.В.,2015,,"Издательство \СТАТУТ\""""",,446,0,Russian,,,,978-5-8354-1144-3,,,,,,,,,,75048,0,,,,,,,1,4375258,pdf,9cfc810f32f97a5dd606818d6b4fab79,,,,0,2000-01-01 01:00:00,2017-04-19 18:56:52,https://e.lanbook.com/img/covers/book/23436/2015/75048.jpg,Право. Юридические науки;История государства и права,
30094305,Избранное,,,,Набоков В.Д.;Сост.: Крашенинников П.В.,2015,,"Издательство \СТАТУТ\""""",,318,0,Russian,,,,978-5-8354-1148-1,,,,,,,,,,75049,0,,,,,,,1,3616900,pdf,0ef64c4bcdd040208d22d8f86963e7f6,,,,0,2000-01-01 01:00:00,2017-04-19 18:56:52,https://e.lanbook.com/img/covers/book/23436/2015/75049.jpg,Право. Юридические науки;История государства и права,
30094306,Процессуальные особенности рассмотрения и разрешения жилищных дел: Учебное пособие,,,,Невоструев А.Г.,2015,,"Издательство \СТАТУТ\""""",,174,0,Russian,,,,978-5-8354-1158-0,,,,,,,,,,75050,0,,,,,,,1,4430506,pdf,726985c95fdefd2212bd06a5185dae3e,,,,0,2000-01-01 01:00:00,2017-04-19 18:56:52,https://e.lanbook.com/img/covers/book/23436/2015/75050.jpg,Право. Юридические науки;Жилищное право,
30094307,Настольная книга нотариуса: В 4 т. Т. 1: Организация нотариального дела,,,,"Зайцева Т.И., Патрушева Т.В., Перевалова И.В., Филиппова О.В.;Авторы: Юшкова Е.Ю., Ярков В.В. Под ред. Медведева И.Г.",2015,3-е,"Издательство \СТАТУТ\""""",,414,0,Russian,,,,978-5-8354-1154-2,,,,,,,,,,75051,0,,,,,,,1,5619069,pdf,62f0e01a2820bb2ec7ebbcce655c78a5,,,,0,2000-01-01 01:00:00,2017-04-19 18:56:52,https://e.lanbook.com/img/covers/book/23436/2015/75051.jpg,Право. Юридические науки;Адвокатура. Нотариат,
30094308,Настольная книга нотариуса: В 4 т. Т. 2: Правила совершения отдельных видов нотариальных действий,,,,"Белянская Е.А., Брюхов Р.Б., Зайцева Т.И., Гонгало Б.М.;Авторы: Грехова Т.В., Юшкова Е.Ю. Под ред. Медведева И.Г.",2015,3-е,"Издательство \СТАТУТ\""""",,638,0,Russian,,,,978-5-8354-1155-9,,,,,,,,,,75052,0,,,,,,,1,9273101,pdf,72d507359c1cf52312975ab468b33ab9,,,,0,2000-01-01 01:00:00,2017-04-19 18:56:52,https://e.lanbook.com/img/covers/book/23436/2015/75052.jpg,Право. Юридические науки;Адвокатура. Нотариат,
30094309,Настольная книга нотариуса: В 4 т. Т. 3: Семейное и наследственное право в нотариальной практике,,,,Зайцева Т.И.;Под ред. Медведева И.Г.,2015,3-е,"Издательство \СТАТУТ\""""",,717,0,Russian,,,,978-5-8354-1156-6,,,,,,,,,,75053,0,,,,,,,1,8467894,pdf,24e05d25518ece21949ba7c3059f3d74,,,,0,2000-01-01 01:00:00,2017-04-19 18:56:52,https://e.lanbook.com/img/covers/book/23436/2015/75053.jpg,Право. Юридические науки;Адвокатура. Нотариат,
30094310,"Настольная книга нотариуса: В 4 т. Т. 4: Международное частное право, уголовное право и процесс в нотариальной деятельности",,,,"Машовец А.О., Медведев И.Г.;Под ред. Медведева И.Г.",2015,3-е,"Издательство \СТАТУТ\""""",,287,0,Russian,,,,978-5-8354-1157-3,,,,,,,,,,75054,0,,,,,,,1,5076827,pdf,891759d33f2e5168fb6229e0de639f99,,,,0,2000-01-01 01:00:00,2017-04-19 18:56:52,https://e.lanbook.com/img/covers/book/23436/2015/75054.jpg,Право. Юридические науки;Адвокатура. Нотариат,
30094311,Административные правонарушения в области дорожного движения: комментарий к главе 12 Кодекса Российской Федерации об административных правонарушениях,,,,Панкова О.В.,2016,,"Издательство \СТАТУТ\""""",,600,0,Russian,,,,978-5-8354-1184-9,,,,,,,,,,75055,0,,,,,,,1,2633375,pdf,4964ec4f9d32d3f911018668f8f51b33,,,,0,2000-01-01 01:00:00,2017-04-19 18:56:52,https://e.lanbook.com/img/covers/book/23436/2016/75055.jpg,Право. Юридические науки;Административное право,
30094312,Избранное,,,,Плетнев В.А.,2016,,"Издательство \СТАТУТ\""""",,224,0,Russian,,,,978-5-8354-1199-3,,,,,,,,,,75056,0,,,,,,,1,1419178,pdf,c2621ea57c83b1d7e80aeccaf03fc3b6,,,,0,2000-01-01 01:00:00,2017-04-19 18:56:52,https://e.lanbook.com/img/covers/book/23436/2016/75056.jpg,Право. Юридические науки;История государства и права,
30094313,Право и экономическая деятельность: современные вызовы: Монография,,,,"Доронина Н.Г., Семилютина Н.Г., Казанцев Н.М.;Отв. ред. Габов А.В.",2015,,"Издательство \СТАТУТ\""""",,400,0,Russian,,,,978-5-8354-1180-1,,,,,,,,,,75057,0,,,,,,,1,2065194,pdf,3e3467a81c9df339ae06c9122f688d50,,,,0,2000-01-01 01:00:00,2017-04-19 18:56:52,https://e.lanbook.com/img/covers/book/23436/2015/75057.jpg,Право. Юридические науки;Земельное право. Экологическое право,
30094314,Договор как средство обеспечения стабильности гражданского оборота,,,,Рогова Ю.В.,2015,,"Издательство \СТАТУТ\""""",,144,0,Russian,,,,978-5-8354-1120-7,,,,,,,,,,75059,0,,,,,,,1,3475584,pdf,35afb5b79e12a0e2d902b4304452805b,,,,0,2000-01-01 01:00:00,2017-04-19 18:56:52,https://e.lanbook.com/img/covers/book/23436/2015/75059.jpg,Право. Юридические науки;Гражданское право и процесс,
30094315,Свобода договора: Сборник статей,,,,Рук. авт. кол. и отв. ред. докт. юрид. наук Рожкова М.А.,2016,,"Издательство \СТАТУТ\""""",,671,0,Russian,,,,978-5-8354-1182-5,,,,,,,,,,75060,0,,,,,,,1,5520102,pdf,438d4759f143e5d67e8ff80462981936,,,,0,2000-01-01 01:00:00,2017-04-19 18:56:52,https://e.lanbook.com/img/covers/book/23436/2016/75060.jpg,Право. Юридические науки;Адвокатура. Нотариат,
30094316,Теория функций гражданского права (методологические и воспитательные аспекты): Монография,,,,Рыбаков В.А.,2015,,"Издательство \СТАТУТ\""""",,136,0,Russian,,,,978-5-8354-1187-0,,,,,,,,,,75061,0,,,,,,,1,685868,pdf,81de1a1bf65ff0b45207e76218b9c97c,,,,0,2000-01-01 01:00:00,2017-04-19 18:56:52,https://e.lanbook.com/img/covers/book/23436/2015/75061.jpg,Право. Юридические науки;Гражданское право и процесс,
30094317,"Комментарий к Федеральному закону от 27 июля 2006 г. № 149- ФЗ «Об информации, информационных технологиях и защите информации» (постатейный)",,,,Савельев А.И.,2015,,"Издательство \СТАТУТ\""""",,320,0,Russian,,,,978-5-8354-1150-4,,,,,,,,,,75062,0,,,,,,,1,3034918,pdf,7fe4b451cfb47e426cce1cdfdbaedfa5,,,,0,2000-01-01 01:00:00,2017-04-19 18:56:52,https://e.lanbook.com/img/covers/book/23436/2015/75062.jpg,Право. Юридические науки;Право интеллектуальной собственности,
30094318,Правовая природа третейского разбирательства как института альтернативного разрешения споров (частного процессуального права),,,,Севастьянов Г.В.,2015,,"Издательство \СТАТУТ\""""",,464,0,Russian,,,,978-5-8354-1151-1,,,,,,,,,,75063,0,,,,,,,1,80272622,pdf,0233f669bfcea6b5af6308168343fee7,,,,0,2000-01-01 01:00:00,2017-04-19 18:56:52,https://e.lanbook.com/img/covers/book/23436/2015/75063.jpg,Право. Юридические науки;Частное право,
30094319,Право на бесплатную юридическую помощь в гражданском процессе,,,,Шереметова Г.С.,2015,,"Издательство \СТАТУТ\""""",,176,0,Russian,,,,978-5-8354-1169-6,,,,,,,,,,75064,0,,,,,,,1,3521118,pdf,46902ae673619cabfae19790e28ff0d4,,,,0,2000-01-01 01:00:00,2017-04-19 18:56:52,https://e.lanbook.com/img/covers/book/23436/2015/75064.jpg,Право. Юридические науки;Гражданское право и процесс,
30094320,Избранное,,,,Шершеневич Г.Ф.;Сост.: Крашенинников П.В.,2016,,"Издательство \СТАТУТ\""""",,496,0,Russian,,,,978-5-8354-1204-4,,,,,,,,,,75065,0,,,,,,,1,2589624,pdf,fda53e1682a09047ee149e7b88b65097,,,,0,2000-01-01 01:00:00,2017-04-19 18:56:52,https://e.lanbook.com/img/covers/book/23436/2016/75065.jpg,Право. Юридические науки;История государства и права,
30094321,Современные проблемы гражданского и арбитражного судопроизводства: Сборник статей,,,,Шерстюк В.М.,2015,,"Издательство \СТАТУТ\""""",,272,0,Russian,,,,978-5-8354-1146-7,,,,,,,,,,75066,0,,,,,,,1,2136150,pdf,16250536017093cd4f3892f882f73ed9,,,,0,2000-01-01 01:00:00,2017-04-19 18:56:52,https://e.lanbook.com/img/covers/book/23436/2015/75066.jpg,Право. Юридические науки;Арбитражный процесс,
30094322,"Применение законодательства о собственности. Трудные вопросы: Комментарий Постановления Пленума Верховного Суда РФ № 10, Пленума ВАС РФ № 22 от 29 апреля 2010 г., Постановления Пленума ВАС РФ от 11 июля 2011 г. № 54, Информационного письма Президиума ВАС",,,,Скловский К.И.,2016,,"Издательство \СТАТУТ\""""",,205,0,Russian,,,,978-5-8354-0970-9,,,,,,,,,,75067,0,,,,,,,1,3282699,pdf,438995bee4840b42a06dd26583e9ddf8,,,,0,2000-01-01 01:00:00,2017-04-19 18:56:52,https://e.lanbook.com/img/covers/book/23436/2016/75067.jpg,Право. Юридические науки;Гражданское право и процесс,
30094323,Einführung in die deutsche Rechtssprache und die Berufskommunikation. Введение в немецкий язык права и профессиональную коммуникацию,,,,Соболев С.,2016,,"Издательство \СТАТУТ\""""",,208,0,Russian,,,,978-5-8354-1226-6,,,,,,,,,,75068,0,,,,,,,1,1525253,pdf,40debe37da2f4d4769ebb3eaedf72fe5,,,,0,2000-01-01 01:00:00,2017-04-19 18:56:52,https://e.lanbook.com/img/covers/book/23436/2016/75068.jpg,Право. Юридические науки,
30094324,Избранное,,,,Сперанский М.М.;Сост.: Крашенинников П.В.,2015,,"Издательство \СТАТУТ\""""",,368,0,Russian,,,,978-5-8354-1170-2,,,,,,,,,,75069,0,,,,,,,1,3436028,pdf,195a22afd6181f4421a6cad15aca6bd0,,,,0,2000-01-01 01:00:00,2017-04-19 18:56:52,https://e.lanbook.com/img/covers/book/23436/2015/75069.jpg,Право. Юридические науки;История государства и права,
30094325,Исполнительная надпись нотариуса: Методическое пособие,,,,Сучкова Н.В.,2015,,"Издательство \СТАТУТ\""""",,240,0,Russian,,,,978-5-8354-1143-6,,,,,,,,,,75070,0,,,,,,,1,2191084,pdf,96ba8aa43ce6c801509f77566a5741f0,,,,0,2000-01-01 01:00:00,2017-04-19 18:56:52,https://e.lanbook.com/img/covers/book/23436/2015/75070.jpg,Право. Юридические науки;Адвокатура. Нотариат,
30094326,Борьба за правовую определенность или поиск справедливости,,,,Султанов А.Р.,2015,,"Издательство \СТАТУТ\""""",,688,0,Russian,,,,978-5-8354-1118-4,,,,,,,,,,75071,0,,,,,,,1,4701486,pdf,a8eb6cc1d1edf8fc60c91b3703a1a524,,,,0,2000-01-01 01:00:00,2017-04-19 18:56:52,https://e.lanbook.com/img/covers/book/23436/2015/75071.jpg,Право. Юридические науки;Судебная практика,
30094327,Наказание в уголовном праве: Учебное пособие,,,,"Сундуров Ф.Р., Талан М.В.",2015,,"Издательство \СТАТУТ\""""",,256,0,Russian,,,,978-5-8354-1134-4,,,,,,,,,,75072,0,,,,,,,1,3852892,pdf,b8220dc4aca76edb55fa0ce0fc509844,,,,0,2000-01-01 01:00:00,2017-04-19 18:56:52,https://e.lanbook.com/img/covers/book/23436/2015/75072.jpg,Право. Юридические науки;Уголовное право и процесс. Уголовно-исполнительное право,
30094328,Банкротство в практике нового Верховного Суда РФ за первый год работы (2014–2015): акты и комментарии,,,,Суворов Е.Д.,2016,,"Издательство \СТАТУТ\""""",,368,0,Russian,,,,978-5-8354-1207-5,,,,,,,,,,75073,0,,,,,,,1,1653265,pdf,f4802d30a4b83f42699f79f434a0923f,,,,0,2000-01-01 01:00:00,2017-04-19 18:56:52,https://e.lanbook.com/img/covers/book/23436/2016/75073.jpg,Право. Юридические науки;Финансовое право. Налоговое и бюджетное право,
30094329,Ответственность продавца в случае изъятия товара у покупателя,,,,Церковников М.А.,2016,,"Издательство \СТАТУТ\""""",,136,0,Russian,,,,978-5-8354-1195-5,,,,,,,,,,75074,0,,,,,,,1,788993,pdf,8f8b9583078d5a5c1e70f06de2e5fcf5,,,,0,2000-01-01 01:00:00,2017-04-19 18:56:52,https://e.lanbook.com/img/covers/book/23436/2016/75074.jpg,Право. Юридические науки;Предпринимательское и коммерческое право,
30094330,Косвенный иск в цивилистическом процессе (сравнительно-правовое исследование),,,,Васильева Т.А.,2015,,"Издательство \СТАТУТ\""""",,160,0,Russian,,,,978-5-8354-1171-9,,,,,,,,,,75075,0,,,,,,,1,2308614,pdf,84b1649bc672684ba4fd31c59cf233c8,,,,0,2000-01-01 01:00:00,2017-04-19 18:56:52,https://e.lanbook.com/img/covers/book/23436/2015/75075.jpg,Право. Юридические науки;Судебная практика,
30094331,Избранные работы польского периода,,,,Васьковский Е.В.,2016,,"Издательство \СТАТУТ\""""",,640,0,Russian,,,,978-5-8354-1203-7,,,,,,,,,,75076,0,,,,,,,1,4308035,pdf,c13e4ad2bfe06448aa58f58bebbf5f99,,,,0,2000-01-01 01:00:00,2017-04-19 18:56:52,https://e.lanbook.com/img/covers/book/23436/2016/75076.jpg,Право. Юридические науки;Адвокатура. Нотариат,
30094332,Осуществление и защита гражданских прав,,,,Вавилин Е.В.,2016,2-е,"Издательство \СТАТУТ\""""",,416,0,Russian,,,,978-5-8354-1189-4,,,,,,,,,,75077,0,,,,,,,1,6220710,pdf,ec7a0319278c11d292b4baba00dd6a3d,,,,0,2000-01-01 01:00:00,2017-04-19 18:56:52,https://e.lanbook.com/img/covers/book/23436/2016/75077.jpg,Право. Юридические науки;Гражданское право и процесс,
30094333,Договоры заказа на создание произведений,,,,Витко В.С.,2016,,"Издательство \СТАТУТ\""""",,159,0,Russian,,,,978-5-8354-1210-5,,,,,,,,,,75078,0,,,,,,,1,3958065,pdf,0f8a180fc350c37c231fe85b3a87ad4a,,,,0,2000-01-01 01:00:00,2017-04-19 18:56:52,https://e.lanbook.com/img/covers/book/23436/2016/75078.jpg,Право. Юридические науки;Право интеллектуальной собственности,
30094334,Правовые позиции высших судебных инстанций Российской Федерации по вопросам разрешения споров третейскими судами: Настольная книга юриста,,,,Сост.: Зайцев А.И.,2015,,"Издательство \СТАТУТ\""""",,560,0,Russian,,,,978-5-8354-1173-3,,,,,,,,,,75079,0,,,,,,,1,2980928,pdf,2b491f41070544ad17c0f007ff0deeb9,,,,0,2000-01-01 01:00:00,2017-04-19 18:56:52,https://e.lanbook.com/img/covers/book/23436/2015/75079.jpg,Право. Юридические науки;Судебная практика,
30094335,Жилищное право,,,,Крашенинников П.В.,2016,9-е,"Издательство \СТАТУТ\""""",,384,0,Russian,,,,978-5-8354-1214-3,,,,,,,,,,75080,0,,,,,,,1,2036969,pdf,73fd24f30bf1098cffe7390bcf16dad6,,,,0,2000-01-01 01:00:00,2017-04-19 18:56:52,https://e.lanbook.com/img/covers/book/23436/2016/75080.jpg,Право. Юридические науки;Жилищное право,
30094336,Административное судопроизводство: Практикум: Учебное пособие,,,,"Под ред. Яркова В.В., Малюшина К.А.",2016,,"Издательство \СТАТУТ\""""",,144,0,Russian,,,,978-5-8354-1212-9,,,,,,,,,,75081,0,,,,,,,1,1136306,pdf,e8792ed777821b89455c27f58668a81a,,,,0,2000-01-01 01:00:00,2017-04-19 18:56:52,https://e.lanbook.com/img/covers/book/23436/2016/75081.jpg,Право. Юридические науки;Судебная практика,
30094337,"Административное судопроизводство: Учебник для студентов высших учебных заведений по направлению «Юриспруденция» (специалист, бакалавр, магистр)",,,,Под ред. Яркова В.В.,2016,,"Издательство \СТАТУТ\""""",,560,0,Russian,,,,978-5-8354-1211-2,,,,,,,,,,75082,0,,,,,,,1,2646640,pdf,889b7d188969230243f67a3da77039c1,,,,0,2000-01-01 01:00:00,2017-04-19 18:56:52,https://e.lanbook.com/img/covers/book/23436/2016/75082.jpg,Право. Юридические науки;Судебная практика,
30094338,Теория и методика преподавания черчения: учеб. пособие,,,,Жданов А.А.,2015,,"Издательство \ФЛИНТА\""""",,221,0,Russian,,,,978-5-9765-2413-2,,,,,,,,,,75083,0,,,,,,,1,19610373,pdf,62a7861a6094872fd4f2e2911139506e,,,,0,2000-01-01 01:00:00,2017-04-19 18:56:52,https://e.lanbook.com/img/covers/book/1850/2015/75083.jpg,Искусствоведение;Архитектура; живопись; графика,
30094339,Теория автоматического управления технологическими системами: учебное пособие для студентов вузов,,,,"Петраков Ю.В., Драчев О.И.",2009,,"Издательство \Машиностроение\""""",,336,0,Russian,,,,978-5-217-03391-1,,,,,,,,,,751,0,,,,,,,1,24802063,pdf,b026f4d2cddc88df9bdb2a9cfccea52a,,,,0,2000-01-01 01:00:00,2017-04-19 18:56:52,https://e.lanbook.com/img/covers/book/1026/2009/751.jpg,Инженерно-технические науки;Машиностроение,
30094340,Корпоративное право в таблицах и схемах,,,,Шиткина И.С.,2016,2-е изд.,"Издательство \Юстицинформ\""""",,556,0,Russian,,,,978-5-7205-1292-7,,,,,,,,,,75100,0,,,,,,,1,1742651,pdf,23f0244034c24df707afe3bbaa40dcd1,,,,0,2000-01-01 01:00:00,2017-04-19 18:56:52,https://e.lanbook.com/img/covers/book/8630/2016/75100.jpg,Право. Юридические науки;Предпринимательское и коммерческое право,
30094341,Настольная книга руководителя организации: правовые основы,,,,Отв. ред. Шиткина И.С.,2016,2-е изд.,"Издательство \Юстицинформ\""""",,506,0,Russian,,,,978-5-7205-1324-5,,,,,,,,,,75101,0,,,,,,,1,2066075,pdf,04ab2b15d7f32cdd289c2ec40edb746f,,,,0,2000-01-01 01:00:00,2017-04-19 18:56:52,https://e.lanbook.com/img/covers/book/8630/2016/75101.jpg,Право. Юридические науки;Предпринимательское и коммерческое право,
30094342,Правовое регулирование подрядных работ для государственных нужд,,,,Куличев Р.Б.,2016,,"Издательство \Юстицинформ\""""",,192,0,Russian,,,,978-5-7205-1305-4,,,,,,,,,,75102,0,,,,,,,1,628045,pdf,fed1c90c56869bb0af976fc3894d25a5,,,,0,2000-01-01 01:00:00,2017-04-19 18:56:52,https://e.lanbook.com/img/covers/book/8630/2016/75102.jpg,Право. Юридические науки;Административное право,
30094343,Правовые аспекты экономической устойчивости автотранспортной организации,,,,Матанцева О.Ю.,2016,,"Издательство \Юстицинформ\""""",,248,0,Russian,,,,978-5-7205-1303-0,,,,,,,,,,75103,0,,,,,,,1,1085720,pdf,0cd14d4d6f915cf60978820ec49f96cb,,,,0,2000-01-01 01:00:00,2017-04-19 18:56:52,https://e.lanbook.com/img/covers/book/8630/2016/75103.jpg,Право. Юридические науки;Предпринимательское и коммерческое право,
30094344,Юридические фирмы Москвы: Справочник,,,,Московское отделение Ассоциации юристов России,2016,,"Издательство \Юстицинформ\""""",,88,0,Russian,,,,978-5-7205-1314-6,,,,,,,,,,75104,0,,,,,,,1,11077376,pdf,6c8d6b89f46b7f3695dc16a7b4da1608,,,,0,2000-01-01 01:00:00,2017-04-19 18:56:52,https://e.lanbook.com/img/covers/book/8630/2016/75104.jpg,Право. Юридические науки;Предпринимательское и коммерческое право,
30094345,Правовая защита конкуренции: учебное пособие,,,,"Мартыненко Г.И., Мартыненко И.П.",2016,,"Издательство \Юстицинформ\""""",,424,0,Russian,,,,978-5-7205-1302-3,,,,,,,,,,75105,0,,,,,,,1,2614766,pdf,9aeb5876b9dccfcf1529c8f245f1f214,,,,0,2000-01-01 01:00:00,2017-04-19 18:56:52,https://e.lanbook.com/img/covers/book/8630/2016/75105.jpg,Право. Юридические науки;Предпринимательское и коммерческое право,
30094346,Соглашение об осуществлении технико-внедренческой деятельности в особых экономических зонах: монография,,,,Громова Е.А.,2016,,"Издательство \Юстицинформ\""""",,216,0,Russian,,,,978-5-7205-1323-8,,,,,,,,,,75106,0,,,,,,,1,980228,pdf,80340ce2bff8b41db3d134dabd83441d,,,,0,2000-01-01 01:00:00,2017-04-19 18:56:52,https://e.lanbook.com/img/covers/book/8630/2016/75106.jpg,Право. Юридические науки;Международное право,
30094347,Механизмы судебной и внесудебной защиты права на судопроизводство в разумный срок: монография,,,,Белякова А.В.,2016,,"Издательство \Юстицинформ\""""",,168,0,Russian,,,,978-5-7205-1322-1,,,,,,,,,,75107,0,,,,,,,1,786443,pdf,95cfbeb395bb5a624e16533c5870154c,,,,0,2000-01-01 01:00:00,2017-04-19 18:56:52,https://e.lanbook.com/img/covers/book/8630/2016/75107.jpg,Право. Юридические науки;Судебная практика,
30094348,Об обществах с ограниченной ответственностью: комментарий к федеральному закону от 8 февраля 1998 г. № 14-фЗ (постатейный),,,,Борисов А.Н.,2016,2-е изд.,"Издательство \Юстицинформ\""""",,616,0,Russian,,,,978-5-7205-1325-2,,,,,,,,,,75108,0,,,,,,,1,1876564,pdf,d00deaccf467fc6b481b2d7f93217a2f,,,,0,2000-01-01 01:00:00,2017-04-19 18:56:52,https://e.lanbook.com/img/covers/book/8630/2016/75108.jpg,Право. Юридические науки;Предпринимательское и коммерческое право,
30094349,Общая физика. Сборник задач,,,,"Яковенко В.А., Соболь В.Р., Бондарь В.А., Дедюля И.В.;Федорков Ч.М., Яковенко С.В. Под общ. ред. Соболя В.Р.",2015,,"Издательство \Вышэйшая школа\""""",,455,0,Russian,,,,978-985-06-1695-1,,,,,,,,,,75109,0,,,,,,,1,9464379,pdf,6410b5f350ba52cd45bca87d7039b302,,,,0,2000-01-01 01:00:00,2017-04-19 18:56:52,https://e.lanbook.com/img/covers/book/26037/2015/75109.jpg,Физика;Физика (общие курсы),
30094350,Сравнительное правоведение,,,,Егоров А.В.,2015,,"Издательство \Вышэйшая школа\""""",,255,0,Russian,,,,978-985-06-1734-7,,,,,,,,,,75110,0,,,,,,,1,2284086,pdf,8c62e5a0fe515dcb7277fafddf3a6d74,,,,0,2000-01-01 01:00:00,2017-04-19 18:56:52,https://e.lanbook.com/img/covers/book/26037/2015/75110.jpg,Право. Юридические науки;Правоведение,
30094351,Пластическая анатомия,,,,Амвросьев А.П.;Под ред. проф. Амвросьева А.П.,2015,,"Издательство \Вышэйшая школа\""""",,167,0,Russian,,,,978-985-06-1737-8,,,,,,,,,,75111,0,,,,,,,1,22053586,pdf,b8bda26336d779065f888682abdf9b63,,,,0,2000-01-01 01:00:00,2017-04-19 18:56:52,https://e.lanbook.com/img/covers/book/26037/2015/75111.jpg,Медицина;Анатомия нормальная и патологическая,
30094352,Экология городской среды,,,,"Челноков А.А., Ющенко Л.Ф., Григорьева Е.Е., Саевич К.Ф.;Под общ. ред. Саевича К.Ф.",2015,,"Издательство \Вышэйшая школа\""""",,368,0,Russian,,,,978-985-06-2141-2,,,,,,,,,,75112,0,,,,,,,1,8144326,pdf,da78407237173ad832104d5108914cc6,,,,0,2000-01-01 01:00:00,2017-04-19 18:56:52,https://e.lanbook.com/img/covers/book/26037/2015/75112.jpg,Экология,
30094353,Логистика,,,,Дроздов П.А.,2015,,"Издательство \Вышэйшая школа\""""",,361,0,Russian,,,,978-985-06-2302-7,,,,,,,,,,75113,0,,,,,,,1,8318594,pdf,64eea12cb84ef45ca3a77a3c1bdf4dc4,,,,0,2000-01-01 01:00:00,2017-04-19 18:56:53,https://e.lanbook.com/img/covers/book/26037/2015/75113.jpg,Экономика и менеджмент;Логистика,
30094354,Финансы организаций,,,,Попов Е.М.,2015,,"Издательство \Вышэйшая школа\""""",,431,0,Russian,,,,978-985-06-2450-5,,,,,,,,,,75114,0,,,,,,,1,5052689,pdf,01e17d898a843aa012f69b4c82f514f1,,,,0,2000-01-01 01:00:00,2017-04-19 18:56:53,https://e.lanbook.com/img/covers/book/26037/2015/75114.jpg,Экономика и менеджмент;Финансовый менеджмент,
30094355,Экономика организации (предприятия),,,,Головачев А.С.,2015,,"Издательство \Вышэйшая школа\""""",,688,0,Russian,,,,978-985-06-2456-7,,,,,,,,,,75116,0,,,,,,,1,5755340,pdf,8456d1cf9a38f51fed3075114c4a5b6c,,,,0,2000-01-01 01:00:00,2017-04-19 18:56:53,https://e.lanbook.com/img/covers/book/26037/2015/75116.jpg,Экономика и менеджмент;Экономика предприятий и организаций,
30094356,Менеджмент на транспорте,,,,Грабауров В.А.,2015,,"Издательство \Вышэйшая школа\""""",,287,0,Russian,,,,978-985-06-2475-8,,,,,,,,,,75117,0,,,,,,,1,4979080,pdf,2f6a311b85a231409e135defd01ab8ed,,,,0,2000-01-01 01:00:00,2017-04-19 18:56:53,https://e.lanbook.com/img/covers/book/26037/2015/75117.jpg,Экономика и менеджмент;Менеджмент,
30094357,Техническая эксплуатация строительных и дорожных машин,,,,"Максименко А.Н., Кутузов В.В.",2015,,"Издательство \Вышэйшая школа\""""",,303,0,Russian,,,,978-985-06-2497-0,,,,,,,,,,75118,0,,,,,,,1,7384913,pdf,71115ea107a5dc58376eaf80a05b9417,,,,0,2000-01-01 01:00:00,2017-04-19 18:56:53,https://e.lanbook.com/img/covers/book/26037/2015/75118.jpg,Инженерно-технические науки;Эксплуатация и ремонт оборудования,
30094358,Таможенное дело,,,,"Цыкунов И.В., Тарарышкина Л.И., Макаревич О.В., Мацкевич В.В.;Грузицкий Ю.Л. Под общ. ред. Цыкунова И.В.",2015,,"Издательство \Вышэйшая школа\""""",,287,0,Russian,,,,978-985-06-2512-0,,,,,,,,,,75120,0,,,,,,,1,6084768,pdf,571a705f7f1fa34d90e67bf8a4c347b1,,,,0,2000-01-01 01:00:00,2017-04-19 18:56:53,https://e.lanbook.com/img/covers/book/26037/2015/75120.jpg,Экономика и менеджмент;Таможенное дело,
30094359,Оборудование и оснастка упаковочного производства,,,,Шипинский В.Г.,2015,,"Издательство \Вышэйшая школа\""""",,382,0,Russian,,,,978-985-06-2513-7,,,,,,,,,,75121,0,,,,,,,1,20357278,pdf,9b892ebd3615be12bce93758af7d41ff,,,,0,2000-01-01 01:00:00,2017-04-19 18:56:53,https://e.lanbook.com/img/covers/book/26037/2015/75121.jpg,Инженерно-технические науки;Эксплуатация и ремонт оборудования,
30094360,Патологическая анатомия,,,,"Недзьведь М.К., Черствый Е.Д.",2015,,"Издательство \Вышэйшая школа\""""",,678,0,Russian,,,,978-985-06-2515-1,,,,,,,,,,75122,0,,,,,,,1,10519885,pdf,19a17c3cb08a028576fc698c2c8cda70,,,,0,2000-01-01 01:00:00,2017-04-19 18:56:53,https://e.lanbook.com/img/covers/book/26037/2015/75122.jpg,Медицина;Анатомия нормальная и патологическая,
30094361,Материаловедение,,,,"Жарский И.М., Иванова Н.П., Куис Д.В., Свидунович Н.А.",2015,,"Издательство \Вышэйшая школа\""""",,557,0,Russian,,,,978-985-06-2517-5,,,,,,,,,,75123,0,,,,,,,1,38729370,pdf,2f2a1ba467015bfc0304136eaa9369d3,,,,0,2000-01-01 01:00:00,2017-04-19 18:56:53,https://e.lanbook.com/img/covers/book/26037/2015/75123.jpg,Инженерно-технические науки;Минералогия и материаловедение,
30094362,Защита населения и объектов от чрезвычайных ситуаций. Радиационная безопасность,,,,"Наумов И.А., Зиматкина Т.И., Сивакова С.П.",2015,,"Издательство \Вышэйшая школа\""""",,289,0,Russian,,,,978-985-06-2544-1,,,,,,,,,,75125,0,,,,,,,1,5881909,pdf,35eeddf255230cce001dbcfd027674ec,,,,0,2000-01-01 01:00:00,2017-04-19 18:56:53,https://e.lanbook.com/img/covers/book/26037/2015/75125.jpg,Экология,
30094363,Статистика,,,,"Лацкевич Н.В., Дещеня С.А., Бессонова Т.Н.;Под общ. ред. Лацкевич Н.В.",2015,,"Издательство \Вышэйшая школа\""""",,369,0,Russian,,,,978-985-06-2549-6,,,,,,,,,,75126,0,,,,,,,1,2707104,pdf,93d3a0eebe064bc5121d51762ad8bf76,,,,0,2000-01-01 01:00:00,2017-04-19 18:56:53,https://e.lanbook.com/img/covers/book/26037/2015/75126.jpg,Экономика и менеджмент;Статистика,
30094364,Котельные установки тепловых электростанций,,,,Жихар Г.И.,2015,,"Издательство \Вышэйшая школа\""""",,523,0,Russian,,,,978-985-06-2554-0,,,,,,,,,,75127,0,,,,,,,1,24874688,pdf,7caa0aefbcdb34b4706adcac1f14bb70,,,,0,2000-01-01 01:00:00,2017-04-19 18:56:53,https://e.lanbook.com/img/covers/book/26037/2015/75127.jpg,Инженерно-технические науки;Энергетика,
30094365,Теория электрических цепей,,,,"Батура М.П., Кузнецов А.П., Курулёв А.П.;Под общ. ред. канд. тех.наук, доцента Курулёва А.П.",2015,,"Издательство \Вышэйшая школа\""""",,608,0,Russian,,,,978-985-06-2562-5,,,,,,,,,,75129,0,,,,,,,1,30993842,pdf,282668cc1e7e8cedc1b4a69bbb48b896,,,,0,2000-01-01 01:00:00,2017-04-19 18:56:53,https://e.lanbook.com/img/covers/book/26037/2015/75129.jpg,Инженерно-технические науки;Электротехника,
30094366,Теория и практика программирования на языке Pascal,,,,"Расолько Г.А., Кремень Ю.А.",2015,,"Издательство \Вышэйшая школа\""""",,447,0,Russian,,,,978-985-06-2573-1,,,,,,,,,,75130,0,,,,,,,1,4683727,pdf,2e83043de40d66fe7ef5fc6910f3c179,,,,0,2000-01-01 01:00:00,2017-04-19 18:56:53,https://e.lanbook.com/img/covers/book/26037/2015/75130.jpg,Информатика;Программирование,
30094367,Техническая эксплуатация автомобилей. Дипломное проектирование,,,,Иванов В.П.,2015,,"Издательство \Вышэйшая школа\""""",,215,0,Russian,,,,978-985-06-2575-5,,,,,,,,,,75131,0,,,,,,,1,1860160,pdf,9fff6a6208b6ca4ea973447a52c5d7ad,,,,0,2000-01-01 01:00:00,2017-04-19 18:56:53,https://e.lanbook.com/img/covers/book/26037/2015/75131.jpg,Инженерно-технические науки;Транспортно-технологические машины и комплексы,
30094368,Архитектурная композиция,,,,Кишик Ю.Н.,2015,,"Издательство \Вышэйшая школа\""""",,208,0,Russian,,,,978-985-06-2576-2,,,,,,,,,,75132,0,,,,,,,1,52119939,pdf,7ba2ee159d45875290cb2b702a2933bb,,,,0,2000-01-01 01:00:00,2017-04-19 18:56:53,https://e.lanbook.com/img/covers/book/26037/2015/75132.jpg,Инженерно-технические науки;Архитектура и строительство,
30094369,Управление продажами,,,,"Гурская С.П., Каунова Н.Л., Науменко Е.П., Савостенко Н.А.;Юркова И.Б. Под общ. ред. Гурской С.П.",2015,,"Издательство \Вышэйшая школа\""""",,303,0,Russian,,,,978-985-06-2577-9,,,,,,,,,,75133,0,,,,,,,1,2949978,pdf,8d593f23ec00ffe9e7a3733681faec9b,,,,0,2000-01-01 01:00:00,2017-04-19 18:56:53,https://e.lanbook.com/img/covers/book/26037/2015/75133.jpg,Экономика и менеджмент;Менеджмент,
30094370,Инженерная графика. Практикум,,,,"Уласевич З.Н., Уласевич В.П., Омесь Д.В.",2015,,"Издательство \Вышэйшая школа\""""",,207,0,Russian,,,,978-985-06-2580-9,,,,,,,,,,75134,0,,,,,,,1,18754420,pdf,d12973bdef5d9f6f5e7d9e22a4ca09d8,,,,0,2000-01-01 01:00:00,2017-04-19 18:56:53,https://e.lanbook.com/img/covers/book/26037/2015/75134.jpg,Инженерно-технические науки;Начертательная геометрия и инженерная графика,
30094371,Немецкий идеализм: от Канта до Гегеля,,,,Румянцева Т.Г.,2015,,"Издательство \Вышэйшая школа\""""",,271,0,Russian,,,,978-985-06-2581-6,,,,,,,,,,75135,0,,,,,,,1,3218405,pdf,392dca6f50a67dfffd5196d848c46e4b,,,,0,2000-01-01 01:00:00,2017-04-19 18:56:53,https://e.lanbook.com/img/covers/book/26037/2015/75135.jpg,Социально-гуманитарные науки;Философия,
30094372,Клиническая иммунология и аллергология,,,,"Ляликов С.А., Тихон Н.М.",2015,,"Издательство \Вышэйшая школа\""""",,366,0,Russian,,,,978-985-06-2585-4,,,,,,,,,,75136,0,,,,,,,1,6263376,pdf,9f942c3f9f0c982edb5f15a102f1c9a6,,,,0,2000-01-01 01:00:00,2017-04-19 18:56:53,https://e.lanbook.com/img/covers/book/26037/2015/75136.jpg,Медицина;Микробиология; паразитология; вирусология; иммунология,
30094373,Политология. Практикум,,,,"Яскевич Я.С., Белявцева Д.В.",2015,,"Издательство \Вышэйшая школа\""""",,223,0,Russian,,,,978-985-06-2596-0,,,,,,,,,,75137,0,,,,,,,1,3038859,pdf,1c47894d7f29e6e818890fb6a6167624,,,,0,2000-01-01 01:00:00,2017-04-19 18:56:53,https://e.lanbook.com/img/covers/book/26037/2015/75137.jpg,Социально-гуманитарные науки;Политология и обществознание,
30094374,Нормирование точности и технические измерения,,,,"Соломахо В.Л., Цитович Б.В., Соколовский С.С.",2015,,"Издательство \Вышэйшая школа\""""",,367,0,Russian,,,,978-985-06-2597-7,,,,,,,,,,75138,0,,,,,,,1,6013208,pdf,5fa34544d028b945575f6318d8c82fe8,,,,0,2000-01-01 01:00:00,2017-04-19 18:56:53,https://e.lanbook.com/img/covers/book/26037/2015/75138.jpg,Инженерно-технические науки;Машиностроение,
30094375,Методика преподавания русского языка в школе,,,,Литвинко Ф.М.,2015,,"Издательство \Вышэйшая школа\""""",,448,0,Russian,,,,978-985-06-2598-4,,,,,,,,,,75139,0,,,,,,,1,3208763,pdf,1db884cec19856a8e1745fcdcdfbdd6d,,,,0,2000-01-01 01:00:00,2017-04-19 18:56:53,https://e.lanbook.com/img/covers/book/26037/2015/75139.jpg,Языкознание и литературоведение;Современный русский язык,
30094376,Теория автоматического регулирования теплоэнергетических процессов. Практикум,,,,Назаров В.И.,2015,,"Издательство \Вышэйшая школа\""""",,215,0,Russian,,,,978-985-06-2605-9,,,,,,,,,,75141,0,,,,,,,1,6792812,pdf,2fb1f7852be06cb288be87ba422f867d,,,,0,2000-01-01 01:00:00,2017-04-19 18:56:53,https://e.lanbook.com/img/covers/book/26037/2015/75141.jpg,Инженерно-технические науки;Энергетика,
30094377,Немецкий язык. Профессиональная лексика для инженеров. Deutsch. Fachlexik für Ingenieure,,,,Зыблева Д.В.,2015,,"Издательство \Вышэйшая школа\""""",,269,0,Russian,,,,978-985-06-2606-6,,,,,,,,,,75142,0,,,,,,,1,1826989,pdf,1096f5b51baccdab67df05c2aa9c13ed,,,,0,2000-01-01 01:00:00,2017-04-19 18:56:53,https://e.lanbook.com/img/covers/book/26037/2015/75142.jpg,Инженерно-технические науки;Начертательная геометрия и инженерная графика,
30094378,Общее землеведение,,,,Гледко Ю.А.,2015,,"Издательство \Вышэйшая школа\""""",,320,0,Russian,,,,978-985-06-2608-0,,,,,,,,,,75143,0,,,,,,,1,8468938,pdf,9fc031b64ba9284aa96e7e79d9c28f5d,,,,0,2000-01-01 01:00:00,2017-04-19 18:56:53,https://e.lanbook.com/img/covers/book/26037/2015/75143.jpg,География;Общая география,
30094379,Латинский язык,,,,Любанец И.И.,2015,,"Издательство \Вышэйшая школа\""""",,216,0,Russian,,,,978-985-06-2630-1,,,,,,,,,,75144,0,,,,,,,1,3133723,pdf,2a59723e0f753709c9bafc0bd436f803,,,,0,2000-01-01 01:00:00,2017-04-19 18:56:53,https://e.lanbook.com/img/covers/book/26037/2015/75144.jpg,Языкознание и литературоведение;Латинский и древнегреческий языки,
30094380,Правотворческий процесс,,,,"Бодак А.Н., Боголейко А.М., Василевич Г.А., Михалёва Т.Н.;Сивец С.М. Под ред. доктора юр. наук, проф. Василевича Г.А.",2015,,"Издательство \Вышэйшая школа\""""",,271,0,Russian,,,,978-985-06-2633-2,,,,,,,,,,75145,0,,,,,,,1,1375836,pdf,4b707c4e9f1b32509901d0441ae449d4,,,,0,2000-01-01 01:00:00,2017-04-19 18:56:53,https://e.lanbook.com/img/covers/book/26037/2015/75145.jpg,Право. Юридические науки;Правоведение,
30094381,Математический анализ. Ряды и несобственные интегралы,,,,"Кастрица О.А., Мазаник С.А., Наумович А.Ф., Наумович Н.Ф.",2015,,"Издательство \Вышэйшая школа\""""",,389,0,Russian,,,,978-985-06-2636-3,,,,,,,,,,75146,0,,,,,,,1,12272867,pdf,3ddfddb0c7d5622f30da8c4ec7f88e9b,,,,0,2000-01-01 01:00:00,2017-04-19 18:56:53,https://e.lanbook.com/img/covers/book/26037/2015/75146.jpg,Математический анализ;Математика,
30094382,Общая физика. Механика,,,,"Яковенко В.А., Заборовский Г.А., Яковенко С.В.;Под общ. ред. Яковенко В.А.",2015,,"Издательство \Вышэйшая школа\""""",,383,0,Russian,,,,978-985-06-2641-7,,,,,,,,,,75148,0,,,,,,,1,6782321,pdf,e59f0252891effb0d2df9fc965326fae,,,,0,2000-01-01 01:00:00,2017-04-19 18:56:53,https://e.lanbook.com/img/covers/book/26037/2015/75148.jpg,Физика;Физика (общие курсы),
30094383,Психология управления. Практикум,,,,Трусь А.А.,2015,,"Издательство \Вышэйшая школа\""""",,348,0,Russian,,,,978-985-06-2643-1,,,,,,,,,,75149,0,,,,,,,1,2401830,pdf,949deb3358f639b9ce86b749aee6a7b6,,,,0,2000-01-01 01:00:00,2017-04-19 18:56:53,https://e.lanbook.com/img/covers/book/26037/2015/75149.jpg,Экономика и менеджмент;Менеджмент,
30094384,Архитектура компьютеров,,,,Буза М.К.,2015,,"Издательство \Вышэйшая школа\""""",,414,0,Russian,,,,978-985-06-2652-3,,,,,,,,,,75150,0,,,,,,,1,10702634,pdf,f12abfc98d54e3fa72f7061aaedbeb50,,,,0,2000-01-01 01:00:00,2017-04-19 18:56:53,https://e.lanbook.com/img/covers/book/26037/2015/75150.jpg,Информатика;Аппаратное обеспечение,
30094385,Философия,,,,"Сокольчик В.Н., Познякова О.Л., Вашко О.А., Шаврова О.Г.;Сидоренко И.Н. Красникова И.Г. Командышко А.В. Лягушевич М.В. Под ред. кандидата философ. наук, доцента Сокольчик В.Н.",2015,,"Издательство \Вышэйшая школа\""""",,295,0,Russian,,,,978-985-06-2654-7,,,,,,,,,,75151,0,,,,,,,1,3077080,pdf,9784d4a1f2d59c02fef1e09b3070538c,,,,0,2000-01-01 01:00:00,2017-04-19 18:56:53,https://e.lanbook.com/img/covers/book/26037/2015/75151.jpg,Социально-гуманитарные науки;Философия,
30094386,Методика преподавания иностранного языка,,,,"Леонтьева Т.П., Будько А.Ф., Пониматко А.П., Чепик И.В.;Соловьева О.А., Горская И.А. Под общ. ред. Леонтьевой Т.П.",2015,,"Издательство \Вышэйшая школа\""""",,239,0,Russian,,,,978-985-06-2659-2,,,,,,,,,,75152,0,,,,,,,1,4563991,pdf,5f4249745e78416818b88ce0710806c1,,,,0,2000-01-01 01:00:00,2017-04-19 18:56:53,https://e.lanbook.com/img/covers/book/26037/2015/75152.jpg,Языкознание и литературоведение;Иностранный язык,
30094387,Библия и мировая культура,,,,Синило Г.В.,2015,,"Издательство \Вышэйшая школа\""""",,685,0,Russian,,,,978-985-06-2660-8,,,,,,,,,,75153,0,,,,,,,1,4570309,pdf,2d33dda7bb6fddcfee43743b1d76f061,,,,0,2000-01-01 01:00:00,2017-04-19 18:56:53,https://e.lanbook.com/img/covers/book/26037/2015/75153.jpg,Социально-гуманитарные науки;Философия,
30094388,"Страноведение. США: география, история, экономика, культура. Country Studies. USA: geography, history, economy, culture",,,,Новик Н.А.,2015,,"Издательство \Вышэйшая школа\""""",,245,0,Russian,,,,978-985-06-2664-6,,,,,,,,,,75154,0,,,,,,,1,11928782,pdf,6c3e2889049c14837e77b9f9280e2e76,,,,0,2000-01-01 01:00:00,2017-04-19 18:56:53,https://e.lanbook.com/img/covers/book/26037/2015/75154.jpg,Языкознание и литературоведение;Иностранный язык,
30094389,Элементы алгебры и аналитической геометрии: учебное пособие,,,,Файншмидт В.Л.,2015,,Балтийский государственный технический университет «Военмех» имени Д.Ф. Устинова,,140,0,Russian,,,,978-5-85546-862-5,,,,,,,,,,75156,0,,,,,,,1,751538,pdf,62d4fc7a01fc52f40550aa696223bfc1,,,,0,2000-01-01 01:00:00,2017-04-19 18:56:53,https://e.lanbook.com/img/covers/book/24873/2015/75156.jpg,Высшая алгебра и теория групп;Математика,
30094390,Курсовое проектирование по теории машин и механизмов с помощью программы Mechanic: учебное пособие,,,,Лавров В.Ю.,2015,2-е,Балтийский государственный технический университет «Военмех» имени Д.Ф. Устинова,,53,0,Russian,,,,,,,,,,,,,,75157,0,,,,,,,1,1198605,pdf,6410407ae4a430133fbb98493191cf3a,,,,0,2000-01-01 01:00:00,2017-04-19 18:56:53,https://e.lanbook.com/img/covers/book/24873/2015/75157.jpg,Инженерно-технические науки;Машиностроение,
30094391,Пакет прикладных программ САПР противокорабельных ракет: учебное пособие,,,,"Бызов Л.Н., Исаков А.Л.",2015,,Балтийский государственный технический университет «Военмех» имени Д.Ф. Устинова,,107,0,Russian,,,,,,,,,,,,,,75158,0,,,,,,,1,2484090,pdf,d2edbc8b06f25eb096f76e6ee001419a,,,,0,2000-01-01 01:00:00,2017-04-19 18:56:53,https://e.lanbook.com/img/covers/book/24873/2015/75158.jpg,Инженерно-технические науки;Автоматика и управление в технических системах,
30094392,Основы теории управления: практикум,,,,"Емельянов В.Ю., Захаров А.Ю., Курилова Е.А., Мишина О.А.",2015,,Балтийский государственный технический университет «Военмех» имени Д.Ф. Устинова,,152,0,Russian,,,,978-5-85546-888-5,,,,,,,,,,75159,0,,,,,,,1,2684066,pdf,85a1c58a67162498976c98f1906c21fc,,,,0,2000-01-01 01:00:00,2017-04-19 18:56:53,https://e.lanbook.com/img/covers/book/24873/2015/75159.jpg,Инженерно-технические науки;Автоматика и управление в технических системах,
30094393,Проектирование и изготовление заготовок деталей общего и специального машиностроения: учебное пособие,,,,"Звонцов И.Ф., Иванов К.М., Серебреницкий П.П.",2015,,Балтийский государственный технический университет «Военмех» имени Д.Ф. Устинова,,179,0,Russian,,,,978-5-85546-866-3,,,,,,,,,,75160,0,,,,,,,1,10615143,pdf,07aa64a9687139e9b8baa4036b796ff7,,,,0,2000-01-01 01:00:00,2017-04-19 18:56:53,https://e.lanbook.com/img/covers/book/24873/2015/75160.jpg,Инженерно-технические науки;Машиностроение,
30094394,Спутниковая платформа «Экспресс-1000»: учебное пособие,,,,"Ермолаев В.И.;Под ред. Бабука В.А., Тестоедова Н.А.",2015,,Балтийский государственный технический университет «Военмех» имени Д.Ф. Устинова,,67,0,Russian,,,,978-5-85546-886-1,,,,,,,,,,75161,0,,,,,,,1,2309286,pdf,d6eaf8a6a568b1070ace5a25c181b49e,,,,0,2000-01-01 01:00:00,2017-04-19 18:56:53,https://e.lanbook.com/img/covers/book/24873/2015/75161.jpg,Инженерно-технические науки;Авиационная и ракетно-космическая техника,
30094395,Устройство и действие энергетических установок. Кн. 2. Газовые турбины. Теплообменные аппараты: учебное пособие,,,,Сахин В.В.,2015,,Балтийский государственный технический университет «Военмех» имени Д.Ф. Устинова,,133,0,Russian,,,,978-5-85546-865-6,,,,,,,,,,75162,0,,,,,,,1,2994481,pdf,6c7e211b2cbf71e1c34a897f9328c71e,,,,0,2000-01-01 01:00:00,2017-04-19 18:56:53,https://e.lanbook.com/img/covers/book/24873/2015/75162.jpg,Инженерно-технические науки;Энергетика,
30094396,Высокомолекулярные соединения: учебное пособие,,,,"Барунин А.А., Маслобоев Д.С., Фатина А.А.",2015,,Балтийский государственный технический университет «Военмех» имени Д.Ф. Устинова,,59,0,Russian,,,,978-5-85546-867-0,,,,,,,,,,75163,0,,,,,,,1,1376697,pdf,4af478d2ec2d2658cab8d84b8f8f950e,,,,0,2000-01-01 01:00:00,2017-04-19 18:56:53,https://e.lanbook.com/img/covers/book/24873/2015/75163.jpg,Химия;Органическая химия,
30094397,Военные применения лазеров: учебное пособие,,,,"Борейшо В.А., Клочков Д.В., Коняев М.А., Никулин Е.Н.;Под ред. Борейшо А.С.",2015,,Балтийский государственный технический университет «Военмех» имени Д.Ф. Устинова,,103,0,Russian,,,,978-5-85546-906-6,,,,,,,,,,75164,0,,,,,,,1,6898791,pdf,204aedbe5446c39eb7c9e3e2b2331668,,,,0,2000-01-01 01:00:00,2017-04-19 18:56:53,https://e.lanbook.com/img/covers/book/24873/2015/75164.jpg,Инженерно-технические науки;Оптотехника,
30094398,Зенитный ракетный комплекс «Тор-М1»: учебное пособие,,,,Ельцин С.Н.,2015,2-е,Балтийский государственный технический университет «Военмех» имени Д.Ф. Устинова,,67,0,Russian,,,,,,,,,,,,,,75165,0,,,,,,,1,5148226,pdf,18ba4a19545a365e763a3f20b49cf23f,,,,0,2000-01-01 01:00:00,2017-04-19 18:56:53,https://e.lanbook.com/img/covers/book/24873/2015/75165.jpg,Инженерно-технические науки;Машиностроение,
30094399,Линейная алгебра: учебно-практическое пособие,,,,Баранова Е.С.;Под ред. Попова М.С.,2015,,Балтийский государственный технический университет «Военмех» имени Д.Ф. Устинова,,168,0,Russian,,,,978-5-85546-855-7,,,,,,,,,,75167,0,,,,,,,1,1029047,pdf,491c8b7bc46f8b51060ee36c5cb121d1,,,,0,2000-01-01 01:00:00,2017-04-19 18:56:53,https://e.lanbook.com/img/covers/book/24873/2015/75167.jpg,Высшая алгебра и теория групп;Математика,
30094400,Основы алгоритмизации и программирования на языке высокого уровня Си: учебно-практическое пособие,,,,"Панова Т.В., Николаева Н.Д.",2015,,Балтийский государственный технический университет «Военмех» имени Д.Ф. Устинова,,176,0,Russian,,,,978-5-85546-874-8,,,,,,,,,,75168,0,,,,,,,1,1348328,pdf,1b99a0feedf27a3982353beafc00654a,,,,0,2000-01-01 01:00:00,2017-04-19 18:56:53,https://e.lanbook.com/img/covers/book/24873/2015/75168.jpg,Информатика;Программирование,
30094401,Производство сварных конструкций в ракетно-космической технике: учебное пособие,,,,"Андрюшкин А.Ю., Галинская О.О., Сигаев А.Б.",2015,,Балтийский государственный технический университет «Военмех» имени Д.Ф. Устинова,,104,0,Russian,,,,978-5-85546-870-0,,,,,,,,,,75169,0,,,,,,,1,3401764,pdf,69c2911e3969c9f33b61490eb4f1b67d,,,,0,2000-01-01 01:00:00,2017-04-19 18:56:53,https://e.lanbook.com/img/covers/book/24873/2015/75169.jpg,Инженерно-технические науки;Авиационная и ракетно-космическая техника,
30094402,Устойчивость динамических систем автоматического управления: учебное пособие,,,,"Шалыгин А.С., Санников В.А.",2015,,Балтийский государственный технический университет «Военмех» имени Д.Ф. Устинова,,162,0,Russian,,,,978-5-85546-856-4,,,,,,,,,,75170,0,,,,,,,1,1581080,pdf,808cda1b519f7fb7bb06744ccb70b3fe,,,,0,2000-01-01 01:00:00,2017-04-19 18:56:53,https://e.lanbook.com/img/covers/book/24873/2015/75170.jpg,Инженерно-технические науки;Автоматика и управление в технических системах,
30094403,Устройство и действие энергетических установок. Кн. 1. Поршневые машины. Паровые турбины: учебное пособие,,,,Сахин В.В.,2015,,Балтийский государственный технический университет «Военмех» имени Д.Ф. Устинова,,172,0,Russian,,,,978-5-85546-864-9,,,,,,,,,,75171,0,,,,,,,1,2467602,pdf,9a8305c860d31fc114ff781eb2220598,,,,0,2000-01-01 01:00:00,2017-04-19 18:56:53,https://e.lanbook.com/img/covers/book/24873/2015/75171.jpg,Инженерно-технические науки;Энергетика,
30094404,Управленческие решения: учебное пособие,,,,Бирман Л.А.,2008,2-е,"Издательский дом \Дело\"" РАНХиГС""",,208,0,Russian,,,,978-5-7749-0491-4,,,,,,,,,,75176,0,,,,,,,1,1973866,pdf,06a307f77225355aa40948f9c47aa5b8,,,,0,2000-01-01 01:00:00,2017-04-19 18:56:53,https://e.lanbook.com/img/covers/book/32466/2008/75176.jpg,Экономика и менеджмент;Менеджмент,
30094405,Основы кросскультурного менеджмента: Как вести бизнес с представителями других стран и культур: учебное пособие,,,,Мясоедов С.П.,2008,2-е,"Издательский дом \Дело\"" РАНХиГС""",,256,0,Russian,,,,978-5-7749-0510-2,,,,,,,,,,75177,0,,,,,,,1,3491526,pdf,87e22e39b4a56b21cb104a0ea568c94e,,,,0,2000-01-01 01:00:00,2017-04-19 18:56:53,https://e.lanbook.com/img/covers/book/32466/2008/75177.jpg,Экономика и менеджмент;Менеджмент,
30094406,Методы защиты от враждебного поглощения: учебно-практическое пособие,,,,Рудык Н.Б.,2008,2-е,"Издательский дом \Дело\"" РАНХиГС""",,384,0,Russian,,,,978-5-7749-0517-1,,,,,,,,,,75178,0,,,,,,,1,2015046,pdf,7ca8fb99d0b23d6ea8b8f974c284943a,,,,0,2000-01-01 01:00:00,2017-04-19 18:56:53,https://e.lanbook.com/img/covers/book/32466/2008/75178.jpg,Экономика и менеджмент;Стратегический менеджмент,
30094407,Элементы линейной алгебры и аналитической геометрии: учебное пособие,,,,Миронов В.Л.,2008,,"Издательский дом \Дело\"" РАНХиГС""",,192,0,Russian,,,,978-5-7749-0521-8,,,,,,,,,,75179,0,,,,,,,1,2589286,pdf,c1cf9012952a8b4a9eb2a9adfba5493e,,,,0,2000-01-01 01:00:00,2017-04-19 18:56:53,https://e.lanbook.com/img/covers/book/32466/2008/75179.jpg,Экономика и менеджмент;Менеджмент,
30094408,Деловая статистика и вероятностные методы в управлении и бизнесе: учебное пособие,,,,Сулицкий В.Н.,2010,,"Издательский дом \Дело\"" РАНХиГС""",,400,0,Russian,,,,978-5-7749-0538-6,,,,,,,,,,75180,0,,,,,,,1,2049646,pdf,20dbd4c5076224dd75c02ed7c6f13c2f,,,,0,2000-01-01 01:00:00,2017-04-19 18:56:53,https://e.lanbook.com/img/covers/book/32466/2010/75180.jpg,Экономика и менеджмент;Статистика,
30094409,Актуальные проблемы политической экономии: монография,,,,Сычёв Н.В.,2015,,"Издательский дом \Дело\"" РАНХиГС""",,592,0,Russian,,,,978-5-7749-1048-9,,,,,,,,,,75181,0,,,,,,,1,2383568,pdf,c4a1a8f479201a03286864a2f184c704,,,,0,2000-01-01 01:00:00,2017-04-19 18:56:53,https://e.lanbook.com/img/covers/book/32466/2015/75181.jpg,Экономика и менеджмент;Экономическая теория,
30094410,Реклама и связи с общественностью: профессиональные компетенции: учебное пособие,,,,"Чумиков А.Н., Бочаров М.П., Самойленко С.А.",2016,,"Издательский дом \Дело\"" РАНХиГС""",,520,0,Russian,,,,978-5-7749-1135-6,,,,,,,,,,75182,0,,,,,,,1,66186799,pdf,ae38cbf505535ab1f418e09993ff8dbd,,,,0,2000-01-01 01:00:00,2017-04-19 18:56:53,https://e.lanbook.com/img/covers/book/32466/2016/75182.jpg,Экономика и менеджмент;Реклама и PR,
30094411,Логистика: учебное пособие,,,,Саркисов С.В.,2008,,"Издательский дом \Дело\"" РАНХиГС""",,368,0,Russian,,,,978-5-7749-0502-7,,,,,,,,,,75183,0,,,,,,,1,8075562,pdf,9665fda3455a216ee4f625bc921e40a3,,,,0,2000-01-01 01:00:00,2017-04-19 18:56:53,https://e.lanbook.com/img/covers/book/32466/2008/75183.jpg,Экономика и менеджмент;Логистика,
30094412,Территориальное развитие России как ведущего экспортера на глобальных сырьевых рынках,,,,Савченко А.В.,2014,,"Издательский дом \Дело\"" РАНХиГС""",,276,0,Russian,,,,978–5-7749-0992-6,,,,,,,,,,75184,0,,,,,,,1,1773925,pdf,f8260b755dffd05425ea9ba4e0ca33ab,,,,0,2000-01-01 01:00:00,2017-04-19 18:56:53,https://e.lanbook.com/img/covers/book/32466/2014/75184.jpg,Экономика и менеджмент;Экономика России,
30094413,Микромеханические приборы: учебное пособие,,,,Распопов В.Я.,2007,,"Издательство \Машиностроение\""""",,400,0,Russian,,,,5-217-03360-6,,,,,,,,,,753,0,,,,,,,1,53490254,pdf,f79c8c940937e3b5b8aeb7040b528a61,,,,0,2000-01-01 01:00:00,2017-04-19 18:56:53,https://e.lanbook.com/img/covers/book/1026/2007/753.jpg,Инженерно-технические науки;Машиностроение,
30094414,Применение новых материалов в фортификационном строительстве,,,,"Лисянский В.П., Блинов С.А.",2015,,Санкт-Петербургский государственный политехнический университет Петра Великого,,78,0,Russian,,,,,,,,,,,,,,75379,0,,,,,,,1,2865089,pdf,98d36a8c3a5a29a6282322350bf0ab31,,,,0,2000-01-01 01:00:00,2017-04-19 18:56:53,,Инженерно-технические науки;Архитектура и строительство,
30094415,Суперкомпьютерные технологии в образовании и науке: учебник,,,,"Вакилов А.Н., Прудников П.В., Прудников В.В.",2013,,Омский государственный университет им. Ф.М. Достоевского,,360,0,Russian,,,,978-5-7779-1605-1,,,,,,,,,,75380,0,,,,,,,1,4716603,pdf,b0a7309ec7eafe80e60eb77afc8cfcde,,,,0,2000-01-01 01:00:00,2017-04-19 18:56:53,https://e.lanbook.com/img/covers/book/9176/2013/75380.jpg,Информатика;Информационные технологии,
30094416,Проблемы обработки и защиты информации: монография: в 8 кн. Кн. 6. Иерархия объектов в моделях безопасности и анализе данных,,,,"Белим С.В., Белим С.Ю., Богаченко Н.Ф., Кутлунин П.Е.;Усов С.В. Под общей ред. Белима С.В.",2016,,Омский государственный университет им. Ф.М. Достоевского,,140,0,Russian,,,,978-5-7779-1907-6,,,,,,,,,,75381,0,,,,,,,1,1581786,pdf,e8c0782e3f1745e1754bec62eb682b4f,,,,0,2000-01-01 01:00:00,2017-04-19 18:56:53,https://e.lanbook.com/img/covers/book/9176/2016/75381.jpg,Информатика;Защита информации,
30094417,Операционные системы: в 3 ч. Ч. 1. Пакетные файлы и управление компьютером: учебно-методическое пособие,,,,Бречка Д.М.,2012,,Омский государственный университет им. Ф.М. Достоевского,,68,0,Russian,,,,978-5-7779-1435-4,,,,,,,,,,75382,0,,,,,,,1,706369,pdf,48cdc0e4d92cf5b8054adc6d8bdb2287,,,,0,2000-01-01 01:00:00,2017-04-19 18:56:53,https://e.lanbook.com/img/covers/book/9176/2012/75382.jpg,Информатика;Операционные системы,
30094418,Операционные системы: учебно-методическое пособие: в 3 ч. Ч. 3: Системные вызовы Linux,,,,Бречка Д.М.,2014,,Омский государственный университет им. Ф.М. Достоевского,,84,0,Russian,,,,978-5-7779-1793-5,,,,,,,,,,75383,0,,,,,,,1,592675,pdf,03a2fafdf2801a855985157b490c7c42,,,,0,2000-01-01 01:00:00,2017-04-19 18:56:53,https://e.lanbook.com/img/covers/book/9176/2014/75383.jpg,Информатика;Операционные системы,
30094419,Задания по синтезу дискретных автоматов,,,,Богаченко Н.Ф.,2012,,Омский государственный университет им. Ф.М. Достоевского,,36,0,Russian,,,,978-5-7779-1488-0,,,,,,,,,,75384,0,,,,,,,1,1062753,pdf,a45f9ccb22354127581c2c90d20724e6,,,,0,2000-01-01 01:00:00,2017-04-19 18:56:53,https://e.lanbook.com/img/covers/book/9176/2012/75384.jpg,Информатика;Алгоритмизация,
30094420,Языки программирования (СИ/СИ++): учебно-методическое пособие,,,,Бородихин В.Н.,2013,,Омский государственный университет им. Ф.М. Достоевского,,200,0,Russian,,,,978-5-7779-1566-5,,,,,,,,,,75386,0,,,,,,,1,5818812,pdf,872e54e463243ce1e6946429ddcc171d,,,,0,2000-01-01 01:00:00,2017-04-19 18:56:53,https://e.lanbook.com/img/covers/book/9176/2013/75386.jpg,Информатика;Программирование,
30094421,Алгоритмы машинных вычислений: учебно-методическое пособие,,,,Бречка Д.М.,2014,,Омский государственный университет им. Ф.М. Достоевского,,64,0,Russian,,,,978-5-7779-1789-8,,,,,,,,,,75387,0,,,,,,,1,721548,pdf,b2529a3c6e55ea1582adc816919abb3a,,,,0,2000-01-01 01:00:00,2017-04-19 18:56:53,https://e.lanbook.com/img/covers/book/9176/2014/75387.jpg,Информатика;Алгоритмизация,
30094422,Криптографические методы защиты информации. Задания к лабораторным работам: учебно-методическое пособие,,,,"Белим С.В., Мироненко А.Н.",2014,,Омский государственный университет им. Ф.М. Достоевского,,40,0,Russian,,,,978-5-7779-1761-4,,,,,,,,,,75388,0,,,,,,,1,601969,pdf,5d678d3470400ff04dc437f710c31a17,,,,0,2000-01-01 01:00:00,2017-04-19 18:56:53,https://e.lanbook.com/img/covers/book/9176/2014/75388.jpg,Информатика;Защита информации,
30094423,Параллельные алгоритмы. Задания к лабораторным работам: учебно-методическое пособие,,,,"Белим С.В., Мироненко А.Н.",2014,,Омский государственный университет им. Ф.М. Достоевского,,28,0,Russian,,,,978-5-7779-1762-1,,,,,,,,,,75389,0,,,,,,,1,512217,pdf,a5d9d60aa95ca1a283b5bead97467e03,,,,0,2000-01-01 01:00:00,2017-04-19 18:56:53,https://e.lanbook.com/img/covers/book/9176/2014/75389.jpg,Информатика;Алгоритмизация,
30094424,Теоретические основы информатики: учебно-методическое пособие,,,,Уразова И.В.,2014,,Омский государственный университет им. Ф.М. Достоевского,,40,0,Russian,,,,978-5-7779-1700-3,,,,,,,,,,75390,0,,,,,,,1,829938,pdf,9acf2614a3d3f67e1d0d0c187e866b2e,,,,0,2000-01-01 01:00:00,2017-04-19 18:56:53,https://e.lanbook.com/img/covers/book/9176/2014/75390.jpg,Информатика;Информационные технологии,
30094425,Операционные системы: в 3 ч. Ч.2: Windows Script Host: учебно-методическое пособие,,,,Бречка Д.М.,2013,,Омский государственный университет им. Ф.М. Достоевского,,104,0,Russian,,,,978-5-7779-1607-5,,,,,,,,,,75391,0,,,,,,,1,3746125,pdf,1b112681e7d6d2a9f4fd73703034db9b,,,,0,2000-01-01 01:00:00,2017-04-19 18:56:53,https://e.lanbook.com/img/covers/book/9176/2013/75391.jpg,Информатика;Операционные системы,
30094426,Теория игр и защита компьютерных систем: учебное пособие,,,,"Гуц А.К., Вахний Т.В.",2013,,Омский государственный университет им. Ф.М. Достоевского,,160,0,Russian,,,,978-5-7779-1655-6,,,,,,,,,,75392,0,,,,,,,1,2927658,pdf,828316104e9995e0d00b564fc6dacc4b,,,,0,2000-01-01 01:00:00,2017-04-19 18:56:53,https://e.lanbook.com/img/covers/book/9176/2013/75392.jpg,Информатика;Защита информации,
30094427,Компьютерные информационные технологии: лабораторный практикум,,,,Вахний Т.В.,2013,,Омский государственный университет им. Ф.М. Достоевского,,84,0,Russian,,,,978-5-7779-1632-7,,,,,,,,,,75393,0,,,,,,,1,4274082,pdf,0d67f1e5a56ecd4be01fb5ec2dc33f8c,,,,0,2000-01-01 01:00:00,2017-04-19 18:56:53,https://e.lanbook.com/img/covers/book/9176/2013/75393.jpg,Информатика;Информационные технологии,
30094428,Введение в криптографию: сборник задач и упражнений,,,,"Кукина Е.Г., Романьков В.А.",2013,,Омский государственный университет им. Ф.М. Достоевского,,91,0,Russian,,,,978-5-7779-1588-7,,,,,,,,,,75394,0,,,,,,,1,500883,pdf,0ab7dd9e6d19e7d4f92d1624afed953b,,,,0,2000-01-01 01:00:00,2017-04-19 18:56:53,https://e.lanbook.com/img/covers/book/9176/2013/75394.jpg,Информатика;Защита информации,
30094429,Безопасность баз данных: практикум,,,,Опарина Т.М.,2013,,Омский государственный университет им. Ф.М. Достоевского,,64,0,Russian,,,,978-5-7779-1636-5,,,,,,,,,,75395,0,,,,,,,1,751077,pdf,edd70a8cd3b05adac09e1775def0d26c,,,,0,2000-01-01 01:00:00,2017-04-19 18:56:53,https://e.lanbook.com/img/covers/book/9176/2013/75395.jpg,Информатика;Защита информации,
30094430,Алгебра: учебное пособие,,,,"Бесценный И.П., Мякишева Е.В., Бесценная Е.В.",2012,,Омский государственный университет им. Ф.М. Достоевского,,76,0,Russian,,,,978-5-7779-1418-7,,,,,,,,,,75396,0,,,,,,,1,841633,pdf,dfd1cac6f82ac1d5c835adde4ae6259e,,,,0,2000-01-01 01:00:00,2017-04-19 18:56:53,https://e.lanbook.com/img/covers/book/9176/2012/75396.jpg,Высшая алгебра и теория групп;Математика,
30094431,Рациональные подмножества в группах: монография,,,,Романьков В.А.,2014,,Омский государственный университет им. Ф.М. Достоевского,,176,0,Russian,,,,978-5-7779-1778-2,,,,,,,,,,75397,0,,,,,,,1,1031182,pdf,6ae20a23da522b9e0f16181b522fe47b,,,,0,2000-01-01 01:00:00,2017-04-19 18:56:53,https://e.lanbook.com/img/covers/book/9176/2014/75397.jpg,Высшая алгебра и теория групп;Математика,
30094432,Кибернетика: учебное пособие,,,,Гуц А.К.,2014,,Омский государственный университет им. Ф.М. Достоевского,,188,0,Russian,,,,978-5-7779-1768-3,,,,,,,,,,75398,0,,,,,,,1,5243287,pdf,5fb5512c4694166e3ebefe810f22b835,,,,0,2000-01-01 01:00:00,2017-04-19 18:56:53,https://e.lanbook.com/img/covers/book/9176/2014/75398.jpg,Дискретная математика и математическая логика;Математика,
30094433,Математика: учебное пособие,,,,Углирж Ю.Г.,2013,,Омский государственный университет им. Ф.М. Достоевского,,272,0,Russian,,,,978-5-7779-1546-7,,,,,,,,,,75399,0,,,,,,,1,6452174,pdf,e9e9e325318f53f031186466429aeb30,,,,0,2000-01-01 01:00:00,2017-04-19 18:56:53,https://e.lanbook.com/img/covers/book/9176/2013/75399.jpg,Математический анализ;Математика,
30094434,Высшая математика: учеб. Пособие,,,,"Самарин Ю.П., Сахабиева Г.А., Сахабиев В.А.",2006,,"Издательство \Машиностроение\""""",,432,0,Russian,,,,5-217-03354-1,,,,,,,,,,754,0,,,,,,,1,2970602,pdf,6f24431908d6d2207c67c084a6d571c0,,,,0,2000-01-01 01:00:00,2017-04-19 18:56:53,https://e.lanbook.com/img/covers/book/1026/2006/754.jpg,Инженерно-технические науки;Машиностроение,
30094435,Линейная алгебра. Аналитическая геометрия: учебное пособие,,,,Углирж Ю.Г.,2013,,Омский государственный университет им. Ф.М. Достоевского,,148,0,Russian,,,,978-5-7779-1648-8,,,,,,,,,,75400,0,,,,,,,1,2348903,pdf,4e5629da0f6293169de1b8dc4c23c7fa,,,,0,2000-01-01 01:00:00,2017-04-19 18:56:53,https://e.lanbook.com/img/covers/book/9176/2013/75400.jpg,Высшая алгебра и теория групп;Математика,
30094436,Комбинаторные задачи на графах: учебное пособие,,,,Ильев В.П.,2013,,Омский государственный университет им. Ф.М. Достоевского,,80,0,Russian,,,,978-5-7779-1668-6,,,,,,,,,,75401,0,,,,,,,1,831606,pdf,908c03cffd44c9dc847e41dc2f88af18,,,,0,2000-01-01 01:00:00,2017-04-19 18:56:53,https://e.lanbook.com/img/covers/book/9176/2013/75401.jpg,Дискретная математика и математическая логика;Математика,
30094437,Вероятность и статистика: учебное пособие,,,,Гринь А.Г.,2013,,Омский государственный университет им. Ф.М. Достоевского,,304,0,Russian,,,,978-5-7779-1663-1,,,,,,,,,,75402,0,,,,,,,1,1868061,pdf,bc220efdbf031dd52bd2010866e53a94,,,,0,2000-01-01 01:00:00,2017-04-19 18:56:53,https://e.lanbook.com/img/covers/book/9176/2013/75402.jpg,Теория вероятностей и математическая статистика;Математика,
30094438,Комбинаторика и теория множеств: сборник задач,,,,Пичугина А.Н.,2013,,Омский государственный университет им. Ф.М. Достоевского,,44,0,Russian,,,,978-5-7779-1619-8,,,,,,,,,,75403,0,,,,,,,1,675440,pdf,7008bae730279c1978382c1a9d3ee17b,,,,0,2000-01-01 01:00:00,2017-04-19 18:56:53,https://e.lanbook.com/img/covers/book/9176/2013/75403.jpg,Прикладная математика;Математика,
30094439,Задачи и алгоритмы целочисленного программирования: анализ устойчивости: монография,,,,"Колоколов А.А., Девятирикова М.В.",2015,,Омский государственный университет им. Ф.М. Достоевского,,96,0,Russian,,,,978-5-7779-1873-4,,,,,,,,,,75404,0,,,,,,,1,10673734,pdf,88bc2230c749f2596691fda6a7533d07,,,,0,2000-01-01 01:00:00,2017-04-19 18:56:53,https://e.lanbook.com/img/covers/book/9176/2015/75404.jpg,Дискретная математика и математическая логика;Математика,
30094440,Алгебраическая криптография: монография,,,,Романьков В.А.,2013,,Омский государственный университет им. Ф.М. Достоевского,,136,0,Russian,,,,978-5-7779-1600-6,,,,,,,,,,75405,0,,,,,,,1,797088,pdf,d4d4090b887e44b1539dce030a45d260,,,,0,2000-01-01 01:00:00,2017-04-19 18:56:53,https://e.lanbook.com/img/covers/book/9176/2013/75405.jpg,Высшая алгебра и теория групп;Математика,
30094441,Оптика: учебно-методическое пособие,,,,"Байсова Б.Т., Баранова Л.В., Болецкая Т.К., Струнина Н.Н.",2016,,Омский государственный университет им. Ф.М. Достоевского,,224,0,Russian,,,,978-5-7779-1951-9,,,,,,,,,,75406,0,,,,,,,1,3039659,pdf,50aa5ad394b3b5c9e8f0c88cb1ff1923,,,,0,2000-01-01 01:00:00,2017-04-19 18:56:53,https://e.lanbook.com/img/covers/book/9176/2016/75406.jpg,Физика;Оптика,
30094442,Теоретические методы описания неравновесного критического поведения структурно неупорядоченных систем и эффектов старения: монография,,,,"Прудников В.В., Прудников П.В., Вакилов А.Н., Попов И.С.",2015,,Омский государственный университет им. Ф.М. Достоевского,,336,0,Russian,,,,978-5-7779-1886-4,,,,,,,,,,75407,0,,,,,,,1,40749040,pdf,ed9e632cc491c7648ea918b88ab401e1,,,,0,2000-01-01 01:00:00,2017-04-19 18:56:53,https://e.lanbook.com/img/covers/book/9176/2015/75407.jpg,Физика;Физика твердого тела,
30094443,Вычислительные методы в задачах теоретической физики: учебно-методическое пособие,,,,"Попов И.С., Медведева М.А.",2015,,Омский государственный университет им. Ф.М. Достоевского,,52,0,Russian,,,,978-5-7779-1903-8,,,,,,,,,,75408,0,,,,,,,1,1322840,pdf,6e82f97ba5c68ebbd23986d015de0bd0,,,,0,2000-01-01 01:00:00,2017-04-19 18:56:53,https://e.lanbook.com/img/covers/book/9176/2015/75408.jpg,Физика;Математическая физика,
30094444,Квантово-статистическая теория твердых тел: учебное пособие,,,,"Прудников В.В., Прудников П.В., Мамонова М.В.",2014,,Омский государственный университет им. Ф.М. Достоевского,,492,0,Russian,,,,978-5-7779-1756-0,,,,,,,,,,75409,0,,,,,,,1,5797468,pdf,6d0cad03688699147a3ea4371fe370ef,,,,0,2000-01-01 01:00:00,2017-04-19 18:56:53,https://e.lanbook.com/img/covers/book/9176/2014/75409.jpg,Физика;Физика твердого тела,
30094445,Атомная спектроскопия: учебно-методическое пособие,,,,"Струнин В.И., Струнина Н.Н., Байсова Б.Т.",2013,,Омский государственный университет им. Ф.М. Достоевского,,104,0,Russian,,,,978-5-7779-1653-2,,,,,,,,,,75410,0,,,,,,,1,6416270,pdf,0b09826d4b17cd5d8855394e40415a4c,,,,0,2000-01-01 01:00:00,2017-04-19 18:56:53,https://e.lanbook.com/img/covers/book/9176/2013/75410.jpg,Физика;Лабораторный практикум,
30094446,Механика: лабораторный практикум по общей физики. Ч. 2,,,,"Яшкевич Е.А., Серопян Г.М.",2013,,Омский государственный университет им. Ф.М. Достоевского,,24,0,Russian,,,,978-5-7779-1564-1,,,,,,,,,,75411,0,,,,,,,1,411355,pdf,c1861f3cb6094a239f836804e7007c62,,,,0,2000-01-01 01:00:00,2017-04-19 18:56:53,https://e.lanbook.com/img/covers/book/9176/2013/75411.jpg,Физика;Лабораторный практикум,
30094447,Общая химия: задачник для студентов химического факультета,,,,"Диденко Т.А., Реутова О.А.",2015,,Омский государственный университет им. Ф.М. Достоевского,,108,0,Russian,,,,978-5-7779-1930-4,,,,,,,,,,75412,0,,,,,,,1,1575155,pdf,307bf1d79d5fd0ec7f34f8e7777ad1ba,,,,0,2000-01-01 01:00:00,2017-04-19 18:56:53,https://e.lanbook.com/img/covers/book/9176/2015/75412.jpg,Химия;Общая и неорганическая химия,
30094448,Органическая химия: практикум,,,,Глиздинская Л.В.,2015,,Омский государственный университет им. Ф.М. Достоевского,,60,0,Russian,,,,978-5-7779-1923-6,,,,,,,,,,75413,0,,,,,,,1,817651,pdf,4edcc9072470e714f2bfa6b20a0829d0,,,,0,2000-01-01 01:00:00,2017-04-19 18:56:53,https://e.lanbook.com/img/covers/book/9176/2015/75413.jpg,Химия;Органическая химия,
30094449,Химические аспекты охраны окружающей среды: практикум,,,,"Адеева Л.Н., Диденко Т.А.",2015,,Омский государственный университет им. Ф.М. Достоевского,,114,0,Russian,,,,978-5-7779-1845-1,,,,,,,,,,75414,0,,,,,,,1,948025,pdf,519343000f8a7b3182c6523013c08f1f,,,,0,2000-01-01 01:00:00,2017-04-19 18:56:53,https://e.lanbook.com/img/covers/book/9176/2015/75414.jpg,Химия;Экология и охрана окружающей среды,
30094450,Органическая химия: практикум в 2 ч. Часть 2,,,,"Гаркушенко А.К., Сагитуллина Г.П., Фисюк А.С.",2015,,Омский государственный университет им. Ф.М. Достоевского,,78,0,Russian,,,,978-5-7779-1841-3,,,,,,,,,,75415,0,,,,,,,1,1035869,pdf,34eabae383dcd047bf96b0fb8152b01e,,,,0,2000-01-01 01:00:00,2017-04-19 18:56:54,https://e.lanbook.com/img/covers/book/9176/2015/75415.jpg,Химия;Органическая химия,
30094451,Химия металлов: учебное пособие,,,,Голованова О.А.,2015,,Омский государственный университет им. Ф.М. Достоевского,,552,0,Russian,,,,978-5-7779-1875-8,,,,,,,,,,75416,0,,,,,,,1,4464968,pdf,ac378facc227767475544806e5cb88dd,,,,0,2000-01-01 01:00:00,2017-04-19 18:56:54,https://e.lanbook.com/img/covers/book/9176/2015/75416.jpg,Химия;Общая и неорганическая химия,
30094452,Аналитическая химия и физико-химические методы анализа: учебное пособие,,,,"Власова И.В., Усова С.В.",2014,,Омский государственный университет им. Ф.М. Достоевского,,111,0,Russian,,,,978-5-7779-1763-8,,,,,,,,,,75417,0,,,,,,,1,1271753,pdf,99e2f9db6ae6dc17d3ce273c27e1bd2a,,,,0,2000-01-01 01:00:00,2017-04-19 18:56:54,https://e.lanbook.com/img/covers/book/9176/2014/75417.jpg,Химия;Аналитическая химия,
30094453,Высокомолекулярные соединения: практикум: в 2 ч. Ч. 2,,,,Глиздинская Л.В.,2014,,Омский государственный университет им. Ф.М. Достоевского,,48,0,Russian,,,,978-5-7779-1744-7,,,,,,,,,,75418,0,,,,,,,1,706877,pdf,cf3eaa634ff0d7774a1ac9b70f4ceada,,,,0,2000-01-01 01:00:00,2017-04-19 18:56:54,https://e.lanbook.com/img/covers/book/9176/2014/75418.jpg,Химия;Физическая и коллоидная химия,
30094454,Высокомолекулярные соединения: практикум: в 2 ч. Ч. 1,,,,Глиздинская Л.В.;Под ред. Фисюка А.С.,2012,,Омский государственный университет им. Ф.М. Достоевского,,56,0,Russian,,,,978-5-7779-1407-1,,,,,,,,,,75419,0,,,,,,,1,1148091,pdf,f5ec7e94a53995f34907660bd32c3a83,,,,0,2000-01-01 01:00:00,2017-04-19 18:56:54,https://e.lanbook.com/img/covers/book/9176/2012/75419.jpg,Химия;Физическая и коллоидная химия,
30094455,Общая химия: учебное пособие,,,,Голованова О.А.,2014,,Омский государственный университет им. Ф.М. Достоевского,,164,0,Russian,,,,978-5-7779-1755-3,,,,,,,,,,75420,0,,,,,,,1,5146874,pdf,13be786a6fb9b2ef9741d993e196a6e1,,,,0,2000-01-01 01:00:00,2017-04-19 18:56:54,https://e.lanbook.com/img/covers/book/9176/2014/75420.jpg,Химия;Общая и неорганическая химия,
30094456,Технология переработки нефти: учебно-методическое пособие,,,,"Носенко В.Н., Корольков В.В.",2014,,Омский государственный университет им. Ф.М. Достоевского,,76,0,Russian,,,,978-5-7779-1729-4,,,,,,,,,,75421,0,,,,,,,1,1318704,pdf,6c383d0f6216b79d9bebd7b3cab24013,,,,0,2000-01-01 01:00:00,2017-04-19 18:56:54,https://e.lanbook.com/img/covers/book/9176/2014/75421.jpg,Химия;Химическая технология,
30094457,Кристаллография и кристаллохимия: практикум для студентов химического факультета,,,,"Адеева Л.Н., Диденко Т.А.",2013,,Омский государственный университет им. Ф.М. Достоевского,,44,0,Russian,,,,978-5-7779-1575-7,,,,,,,,,,75422,0,,,,,,,1,5680649,pdf,983bc62d492fb343de770c5c6a75946d,,,,0,2000-01-01 01:00:00,2017-04-19 18:56:54,https://e.lanbook.com/img/covers/book/9176/2013/75422.jpg,Химия;Общая и неорганическая химия,
30094458,Органическая химия: практикум: в 2 ч. Ч. 1,,,,"Гаркушенко А.К., Сагитуллина Г.П.",2014,,Омский государственный университет им. Ф.М. Достоевского,,96,0,Russian,,,,978-5-7779-1681-5,,,,,,,,,,75423,0,,,,,,,1,1659660,pdf,55a26b3d595a768cad72cc66fdb2b16f,,,,0,2000-01-01 01:00:00,2017-04-19 18:56:54,https://e.lanbook.com/img/covers/book/9176/2014/75423.jpg,Химия;Органическая химия,
30094459,Поиск информации при проведении исследований в области аналитической химии (работа с литературой): учебно-методическое пособие,,,,"Усова С.В., Вершинин В.Я.",2014,,Омский государственный университет им. Ф.М. Достоевского,,48,0,Russian,,,,978-5-7779-1764-5,,,,,,,,,,75424,0,,,,,,,1,5886217,pdf,0e3dc4021b31d93cd5c8ba32a5b8f692,,,,0,2000-01-01 01:00:00,2017-04-19 18:56:54,https://e.lanbook.com/img/covers/book/9176/2014/75424.jpg,Химия;Аналитическая химия,
30094460,Процессы и аппараты химической технологии: практикум: в 2 ч. Ч. 2,,,,"Дюсембаева А.В., Носенко В.Н.",2014,,Омский государственный университет им. Ф.М. Достоевского,,52,0,Russian,,,,978-5-7779-1727-0,,,,,,,,,,75425,0,,,,,,,1,1915197,pdf,e869ee2fe11ced399828f699ad19178c,,,,0,2000-01-01 01:00:00,2017-04-19 18:56:54,https://e.lanbook.com/img/covers/book/9176/2014/75425.jpg,Химия;Химическая технология,
30094461,Педагогика аудиовизульного творчества в социально-культурной сфере: монография,,,,Хилько Н.Ф.,2008,,Омский государственный университет им. Ф.М. Достоевского,,182,0,Russian,,,,978-5-7779-0897-1,,,,,,,,,,75426,0,,,,,,,1,1745006,pdf,2b03a80bb2fec7242be914571ad68144,,,,0,2000-01-01 01:00:00,2017-04-19 18:56:54,https://e.lanbook.com/img/covers/book/9176/2008/75426.jpg,Психология. Педагогика;Педагогика,
30094462,Психология малой группы: учебно-методическое пособие,,,,Купченко Е.В.,2009,,Омский государственный университет им. Ф.М. Достоевского,,92,0,Russian,,,,978-5-7779-1026-4,,,,,,,,,,75427,0,,,,,,,1,983210,pdf,6ff9c2f7a7e846fc737e314639fac056,,,,0,2000-01-01 01:00:00,2017-04-19 18:56:54,https://e.lanbook.com/img/covers/book/9176/2009/75427.jpg,Психология. Педагогика;Психология,
30094463,Основы семейной психологии: учебно-методическое пособие,,,,"Рассказова И.Н., Маленова А.Ю.",2009,,Омский государственный университет им. Ф.М. Достоевского,,124,0,Russian,,,,978-5-7779-1016-5,,,,,,,,,,75428,0,,,,,,,1,1233660,pdf,8d31a06f3c7b08e9c662321f80d9a254,,,,0,2000-01-01 01:00:00,2017-04-19 18:56:54,https://e.lanbook.com/img/covers/book/9176/2009/75428.jpg,Психология. Педагогика;Социальная психология,
30094464,Жизненные стратегии: монография,,,,"Дементий Л.И., Купченко В.Е.",2010,,Омский государственный университет им. Ф.М. Достоевского,,192,0,Russian,,,,978-5-7779-1158-2,,,,,,,,,,75429,0,,,,,,,1,2508983,pdf,a94de6660f9a829040de028367f29666,,,,0,2000-01-01 01:00:00,2017-04-19 18:56:54,https://e.lanbook.com/img/covers/book/9176/2010/75429.jpg,Психология. Педагогика;Социальная психология,
30094465,Классические и современные методы диагностики самосознания личности: учебно-методическое пособие,,,,Дементий Л.И.,2010,,Омский государственный университет им. Ф.М. Достоевского,,76,0,Russian,,,,978-5-7779-1236-7,,,,,,,,,,75430,0,,,,,,,1,958027,pdf,4fdae64fdaab51c00315ffe6e83ebf9f,,,,0,2000-01-01 01:00:00,2017-04-19 18:56:54,https://e.lanbook.com/img/covers/book/9176/2010/75430.jpg,Психология. Педагогика;Психология,
30094466,Педагогика: учебно-методическое пособие,,,,"Дубенский Ю.П., Костенко О.Е.;Под общ. ред. Дубенского Ю.П.",2010,,Омский государственный университет им. Ф.М. Достоевского,,76,0,Russian,,,,978-5-7779-1179-7,,,,,,,,,,75431,0,,,,,,,1,761274,pdf,49c0ab22c9efd1835230bad5d2d1bef3,,,,0,2000-01-01 01:00:00,2017-04-19 18:56:54,https://e.lanbook.com/img/covers/book/9176/2010/75431.jpg,Психология. Педагогика;Педагогика,
30094467,История социальной психологии: учебно-методическое пособие,,,,"Купченко В.Е., Колодина А.В.",2010,,Омский государственный университет им. Ф.М. Достоевского,,87,0,Russian,,,,978-5-7779-1144-5,,,,,,,,,,75432,0,,,,,,,1,934586,pdf,1bd8c69a0cb8598255db487b23b960f2,,,,0,2000-01-01 01:00:00,2017-04-19 18:56:54,https://e.lanbook.com/img/covers/book/9176/2010/75432.jpg,Психология. Педагогика;Социальная психология,
30094468,Психология развития и возрастная психология: учебно-методическое пособие,,,,Чернобровкина С.В.,2010,,Омский государственный университет им. Ф.М. Достоевского,,128,0,Russian,,,,978-5-7779-1192-6,,,,,,,,,,75433,0,,,,,,,1,1427229,pdf,9e42bdb282887b18046d36a0745cc6ec,,,,0,2000-01-01 01:00:00,2017-04-19 18:56:54,https://e.lanbook.com/img/covers/book/9176/2010/75433.jpg,Психология. Педагогика;Психология,
30094469,"Общая психология: мышление, речь, воображение (в схемах, таблицах, комментариях): учебно-методическое пособие",,,,"Шагарова И.В., Варлашкина Е.А.",2010,,Омский государственный университет им. Ф.М. Достоевского,,72,0,Russian,,,,978-5-7779-1191-9,,,,,,,,,,75434,0,,,,,,,1,752705,pdf,0c6a1d287912c50727d766da4595d795,,,,0,2000-01-01 01:00:00,2017-04-19 18:56:54,https://e.lanbook.com/img/covers/book/9176/2010/75434.jpg,Психология. Педагогика;Психология,
30094470,Образование пожилых людей как ресурс развития региона: монография,,,,"Лемиш В.В., Дубенский Ю.П., Кадневский В.М., Костенко О.Е.;Костенко В.И., Маленов А.А., Маленова А.Ю., Огородникова И.А., Павленко К.В., Сокин А.А., Тимкин С.Л.",2012,,Омский государственный университет им. Ф.М. Достоевского,,272,0,Russian,,,,978-5-7779-1356-2,,,,,,,,,,75435,0,,,,,,,1,2980669,pdf,15ed30f389566b0048d673e9fb8026b6,,,,0,2000-01-01 01:00:00,2017-04-19 18:56:54,https://e.lanbook.com/img/covers/book/9176/2012/75435.jpg,Психология. Педагогика;Педагогика,
30094471,"Психология: введение в профессию (схемы, таблицы и комментарии к ним): учебное пособие",,,,"Маленова А.Ю., Маленов А.А.",2011,,Омский государственный университет им. Ф.М. Достоевского,,68,0,Russian,,,,978-5-7779-1382-1,,,,,,,,,,75436,0,,,,,,,1,983612,pdf,98605c44f0e1a51866ca8cfda8bd93bc,,,,0,2000-01-01 01:00:00,2017-04-19 18:56:54,https://e.lanbook.com/img/covers/book/9176/2011/75436.jpg,Психология. Педагогика;Психология,
30094472,Педагогика и методика кино-фото и видеотворчества: учебное пособие,,,,Хилько Н.Ф.,2012,,Омский государственный университет им. Ф.М. Достоевского,,138,0,Russian,,,,978-5-7779-1411-8,,,,,,,,,,75437,0,,,,,,,1,871042,pdf,5429312a43c9de1accb606e164184b57,,,,0,2000-01-01 01:00:00,2017-04-19 18:56:54,https://e.lanbook.com/img/covers/book/9176/2012/75437.jpg,Психология. Педагогика;Педагогика,
30094473,Хрестоматия по педагогике,,,,Костенко О.Е.,2011,,Омский государственный университет им. Ф.М. Достоевского,,148,0,Russian,,,,978-5-7779-1332-6,,,,,,,,,,75438,0,,,,,,,1,1439149,pdf,9b3050d8aeb1fdc0715ce5728a147d80,,,,0,2000-01-01 01:00:00,2017-04-19 18:56:54,https://e.lanbook.com/img/covers/book/9176/2011/75438.jpg,Психология. Педагогика;Педагогика,
30094474,Экспериментальная психология: учебно-методическое пособие,,,,Шагарова И.В.,2011,,Омский государственный университет им. Ф.М. Достоевского,,112,0,Russian,,,,978-5-7779-1277-0,,,,,,,,,,75439,0,,,,,,,1,1224877,pdf,ab42638d28a0721af4d9c0e9685280ba,,,,0,2000-01-01 01:00:00,2017-04-19 18:56:54,https://e.lanbook.com/img/covers/book/9176/2011/75439.jpg,Психология. Педагогика;Психология,
30094475,Специальная психология. Ч. 1. Психология познавательных процессов в условиях психического дизонтогенеза: учебное пособие,,,,Спатаева М.Х.,2013,,Омский государственный университет им. Ф.М. Достоевского,,188,0,Russian,,,,978-5-7779-1548-1,,,,,,,,,,75440,0,,,,,,,1,23822130,pdf,35992b26653033bc23cad0ed367321e4,,,,0,2000-01-01 01:00:00,2017-04-19 18:56:54,https://e.lanbook.com/img/covers/book/9176/2013/75440.jpg,Психология. Педагогика;Психология,
30094476,Творческий потенциал как фактор социально-психологической адаптации молодежи в меняющихся экономических условиях Омской области: монография,,,,"Грушко Н.В., Чернобровкина С.В.",2013,,Омский государственный университет им. Ф.М. Достоевского,,98,0,Russian,,,,978-5-7779-1537-5,,,,,,,,,,75441,0,,,,,,,1,1233456,pdf,4f2eed6aaa7e02637d314a5da43b973f,,,,0,2000-01-01 01:00:00,2017-04-19 18:56:54,https://e.lanbook.com/img/covers/book/9176/2013/75441.jpg,Психология. Педагогика;Социальная психология,
30094477,Активизация умственной деятельности учащихся: моделирование обучения физике: монография,,,,"Ланкина М.П., Эйсмонт Н.Г., Дубенский Ю.П.",2013,,Омский государственный университет им. Ф.М. Достоевского,,148,0,Russian,,,,978-5-7779-1645-7,,,,,,,,,,75442,0,,,,,,,1,1372790,pdf,9083e8863cf74e3f433280f03b284f89,,,,0,2000-01-01 01:00:00,2017-04-19 18:56:54,https://e.lanbook.com/img/covers/book/9176/2013/75442.jpg,Психология. Педагогика;Педагогическая психология,
30094478,Методологические основы психологии: учебное пособие,,,,"Дементий Л.И., Колодина А.В.",2014,,Омский государственный университет им. Ф.М. Достоевского,,100,0,Russian,,,,978-5-7779-1699-0,,,,,,,,,,75443,0,,,,,,,1,1061382,pdf,7038c62eaed7fb5979c227eea2df901a,,,,0,2000-01-01 01:00:00,2017-04-19 18:56:54,https://e.lanbook.com/img/covers/book/9176/2014/75443.jpg,Психология. Педагогика;Психология,
30094479,Педагогическая практика в образовательных учреждениях: учебное пособие,,,,"Шамшуалеева Е.Ф., Спатаева М.Х., Турманидзе В.Г.",2014,,Омский государственный университет им. Ф.М. Достоевского,,104,0,Russian,,,,978-5-7779-1781-2,,,,,,,,,,75444,0,,,,,,,1,1341128,pdf,a01eb3016a221dede012731ffce21d0c,,,,0,2000-01-01 01:00:00,2017-04-19 18:56:54,https://e.lanbook.com/img/covers/book/9176/2014/75444.jpg,Психология. Педагогика;Педагогика,
30094480,Учебно-методическое обеспечение педагогической практики: учебное пособие,,,,"Спатаева М.Х., Шамшуалеева Е.Ф.",2014,,Омский государственный университет им. Ф.М. Достоевского,,106,0,Russian,,,,978-5-7779-1785-0,,,,,,,,,,75445,0,,,,,,,1,1563469,pdf,04917c43c358af7f5ae3f3fed62254f2,,,,0,2000-01-01 01:00:00,2017-04-19 18:56:54,https://e.lanbook.com/img/covers/book/9176/2014/75445.jpg,Психология. Педагогика;Педагогика,
30094481,"Образование и наука: прошлое, настоящее, будущее (каким оно видится): монография",,,,Попов А.М.,2008,,Омский государственный университет им. Ф.М. Достоевского,,608,0,Russian,,,,978-5-7779-0944-2,,,,,,,,,,75446,0,,,,,,,1,5998053,pdf,857f9860016efcea272bffa1e4e3635c,,,,0,2000-01-01 01:00:00,2017-04-19 18:56:54,https://e.lanbook.com/img/covers/book/9176/2008/75446.jpg,Психология. Педагогика;Педагогика,
30094482,Терроризм: социально-психологическое исследование: монография,,,,Горбунов К.Г.;Науч. ред. Дементий Л.И.,2010,,Омский государственный университет им. Ф.М. Достоевского,,384,0,Russian,,,,978-5-7779-1186-5,,,,,,,,,,75447,0,,,,,,,1,3708351,pdf,1ddd368caad8e8ab2e95844bba505b0a,,,,0,2000-01-01 01:00:00,2017-04-19 18:56:54,https://e.lanbook.com/img/covers/book/9176/2010/75447.jpg,Психология. Педагогика;Социальная психология,
30094483,Основы психологии труда и профессиональной психологии: учебное пособие,,,,"Ефремов Е.Г., Новиков Ю.Т.",2010,,Омский государственный университет им. Ф.М. Достоевского,,352,0,Russian,,,,978-5-7779-1098-1,,,,,,,,,,75448,0,,,,,,,1,3513316,pdf,974841c275ed2611c56c8d33d251dd73,,,,0,2000-01-01 01:00:00,2017-04-19 18:56:54,https://e.lanbook.com/img/covers/book/9176/2010/75448.jpg,Психология. Педагогика;Социальная психология,
30094484,Копинг-поведение: социально-психологическое исследование: монография,,,,"Дементий Л.И., Корнев К.И., Шагарова И.В., Маленова А.Ю.;Под.ред. Дементий Л.И.",2015,,Омский государственный университет им. Ф.М. Достоевского,,236,0,Russian,,,,978-5-7779-1839-0,,,,,,,,,,75449,0,,,,,,,1,1921189,pdf,9df650a0ab3773a91305771b807e0d6f,,,,0,2000-01-01 01:00:00,2017-04-19 18:56:54,https://e.lanbook.com/img/covers/book/9176/2015/75449.jpg,Психология. Педагогика;Социальная психология,
30094485,Психология мотивации: учебное пособие,,,,Гроголева О.Ю.,2015,,Омский государственный университет им. Ф.М. Достоевского,,126,0,Russian,,,,978-5-7779-1893-2,,,,,,,,,,75450,0,,,,,,,1,1239956,pdf,8e42faf2c09115f47db8fb477bcaa0b7,,,,0,2000-01-01 01:00:00,2017-04-19 18:56:54,https://e.lanbook.com/img/covers/book/9176/2015/75450.jpg,Психология. Педагогика;Психология,
30094486,Комплексная система психологической диагностики насилия в современной семье: учебно-методическое пособие,,,,"Дементий Л.И., Колодина А.В.",2015,,Омский государственный университет им. Ф.М. Достоевского,,110,0,Russian,,,,978-5-7779-1913-7,,,,,,,,,,75451,0,,,,,,,1,1145141,pdf,cf5b84267d36ac5e4f4a374254a86c86,,,,0,2000-01-01 01:00:00,2017-04-19 18:56:54,https://e.lanbook.com/img/covers/book/9176/2015/75451.jpg,Психология. Педагогика;Социальная психология,
30094487,Психолого-педагогическая диагностика: учебное пособие,,,,"Спатаева М.Х., Шамшуалеева Е.Ф., Харченко Л.В.",2015,,Омский государственный университет им. Ф.М. Достоевского,,174,0,Russian,,,,978-5-7779-1819-2,,,,,,,,,,75452,0,,,,,,,1,1961858,pdf,53585dece02971c120b0722806f2ab72,,,,0,2000-01-01 01:00:00,2017-04-19 18:56:54,https://e.lanbook.com/img/covers/book/9176/2015/75452.jpg,Психология. Педагогика;Педагогическая психология,
30094488,Компетентностный подход: особенности реализации в физическом и техническом образовании: монография,,,,"Ланкина М.П., Эйсмонт Н.Г.",2015,,Омский государственный университет им. Ф.М. Достоевского,,148,0,Russian,,,,978-5-7779-1928-1,,,,,,,,,,75453,0,,,,,,,1,1368422,pdf,5ea8ee662ba2e3641c0a91ce142b3ac7,,,,0,2000-01-01 01:00:00,2017-04-19 18:56:54,https://e.lanbook.com/img/covers/book/9176/2015/75453.jpg,Психология. Педагогика;Педагогика,
30094489,Развитие социальных идеалов подростков с пограничными состояниями средствами театральной педагогики: монография,,,,Князькина Н.Х.,2015,,Омский государственный университет им. Ф.М. Достоевского,,236,0,Russian,,,,978-5-7779-1807-9,,,,,,,,,,75454,0,,,,,,,1,2568991,pdf,6a7302af95efe09f5c19b0b218c74948,,,,0,2000-01-01 01:00:00,2017-04-19 18:56:54,https://e.lanbook.com/img/covers/book/9176/2015/75454.jpg,Психология. Педагогика;Педагогика,
30094490,"Оценка функционального состояния студентов, отнесенных по состоянию здоровья к специальным медицинским группам. Дневник самонаблюдения: учебное пособие",,,,"Лунина Н.В., Харченко Л.В., Синельникова Т.В., Турманидзе В.Г.",2016,2-е,Омский государственный университет им. Ф.М. Достоевского,,72,0,Russian,,,,978-5-7779-1961-8,,,,,,,,,,75455,0,,,,,,,1,937199,pdf,7efe5d754b8e7927066bcf10b2040d4a,,,,0,2000-01-01 01:00:00,2017-04-19 18:56:54,https://e.lanbook.com/img/covers/book/9176/2016/75455.jpg,Физкультура и Спорт,
30094491,Самостоятельные занятия физкультурой при нарушениях опорно-двигательного аппарата: учебное пособие,,,,Сергиевич А.А.,2015,2-е,Омский государственный университет им. Ф.М. Достоевского,,84,0,Russian,,,,978-5-7779-1941-0,,,,,,,,,,75456,0,,,,,,,1,1597617,pdf,fe3656866de0829e888450c69bf98d1e,,,,0,2000-01-01 01:00:00,2017-04-19 18:56:54,https://e.lanbook.com/img/covers/book/9176/2015/75456.jpg,Физкультура и Спорт,
30094492,"Подготовка юных футболистов, ее особенности и специфика: учебно-методическое пособие",,,,"Сиренко Ю.И., Турманидзе В.Г., Негодаев Д.А.",2015,,Омский государственный университет им. Ф.М. Достоевского,,60,0,Russian,,,,978-5-7779-1864-2,,,,,,,,,,75457,0,,,,,,,1,575012,pdf,b36c0370683668a5e96ea6cc9de762de,,,,0,2000-01-01 01:00:00,2017-04-19 18:56:54,https://e.lanbook.com/img/covers/book/9176/2015/75457.jpg,Физкультура и Спорт,
30094493,Подготовка студентов к сдаче нормативных требований: учебное пособие,,,,"Майоркина И.В., Сергиевич А.А., Бацевич А.Э.",2015,,Омский государственный университет им. Ф.М. Достоевского,,84,0,Russian,,,,978-5-7779-1801-7,,,,,,,,,,75458,0,,,,,,,1,9989559,pdf,218578bbd93c45021165f456d4b36225,,,,0,2000-01-01 01:00:00,2017-04-19 18:56:54,https://e.lanbook.com/img/covers/book/9176/2015/75458.jpg,Физкультура и Спорт,
30094494,Волейбол сидя и баскетбол на колясках как средства реабилитации инвалидов с нарушениями опорно-двигательного аппарата: учебно-методическое пособие,,,,"Иванова Л.М., Ковтун Г.С.",2015,2-е,Омский государственный университет им. Ф.М. Достоевского,,76,0,Russian,,,,978-5-7779-1939-7,,,,,,,,,,75459,0,,,,,,,1,6722638,pdf,083a279eda1f441231179b2f67477328,,,,0,2000-01-01 01:00:00,2017-04-19 18:56:54,https://e.lanbook.com/img/covers/book/9176/2015/75459.jpg,Физкультура и Спорт,
30094495,Методические и биологические основы развития силовых способностей бадминтонистов: учебное пособие,,,,"Турманидзе В.Г., Якименко С.Н., Турманидзе А.В.",2015,2-е,Омский государственный университет им. Ф.М. Достоевского,,140,0,Russian,,,,978-5-7779-1942-7,,,,,,,,,,75460,0,,,,,,,1,54247516,pdf,95c810ad1cce598a73a6218e2ed1bd18,,,,0,2000-01-01 01:00:00,2017-04-19 18:56:54,https://e.lanbook.com/img/covers/book/9176/2015/75460.jpg,Физкультура и Спорт,
30094496,Стратегия подготовки спортсменов в пауэрлифтинге: монография,,,,"Спатаева М.Х., Замчий Т.П.",2013,,Омский государственный университет им. Ф.М. Достоевского,,112,0,Russian,,,,978-5-7779-1542-9,,,,,,,,,,75461,0,,,,,,,1,3700379,pdf,9065e92b17131d283861b512aebe09a2,,,,0,2000-01-01 01:00:00,2017-04-19 18:56:54,https://e.lanbook.com/img/covers/book/9176/2013/75461.jpg,Физкультура и Спорт,
30094497,Обучение бадминтону на этапе начальной подготовки в общеобразовательных учреждениях для обучающихся с различным уровнем физического здоровья: учебное пособие,,,,"Турманидзе В.Г., Турманидзе А.В.",2013,,Омский государственный университет им. Ф.М. Достоевского,,192,0,Russian,,,,978-5-7779-1602-0,,,,,,,,,,75462,0,,,,,,,1,31321597,pdf,cfd1e66c69621dd5e9b91b7a10ee0461,,,,0,2000-01-01 01:00:00,2017-04-19 18:56:54,https://e.lanbook.com/img/covers/book/9176/2013/75462.jpg,Физкультура и Спорт,
30094498,50 упражнений с использованием фитбола: практикум для самостоятельной работы,,,,"Иванова Л.М., Ковтун Г.С., Майоркина И.В.",2012,,Омский государственный университет им. Ф.М. Достоевского,,48,0,Russian,,,,978-5-7779-1430-9,,,,,,,,,,75463,0,,,,,,,1,16223183,pdf,0f6b1a4dc928f4767e7f9c760d23ef78,,,,0,2000-01-01 01:00:00,2017-04-19 18:56:54,https://e.lanbook.com/img/covers/book/9176/2012/75463.jpg,Физкультура и Спорт,
30094499,Оптимизация психофизиологического состояния спортсменов влиянием бета-стимулирующего тренинга на организм: монография,,,,"Лунина Н.А., Калинина И.Н.",2012,,Омский государственный университет им. Ф.М. Достоевского,,150,0,Russian,,,,978-5-7779-1423-1,,,,,,,,,,75464,0,,,,,,,1,5876793,pdf,846b61e53f0e42be46ef5755e9498c5e,,,,0,2000-01-01 01:00:00,2017-04-19 18:56:54,https://e.lanbook.com/img/covers/book/9176/2012/75464.jpg,Медицина;Спортивная медицина,
30094500,Методика комплексного применения физических средств реабилитации после холецистэктомии: учебное пособие,,,,"Полуструев А.В., Кукличева Т.Е., Турманидзе В.Г.",2015,,Омский государственный университет им. Ф.М. Достоевского,,60,0,Russian,,,,978-5-7779-1882-6,,,,,,,,,,75465,0,,,,,,,1,722833,pdf,51fd15b7ddbe200a78c70c210d09121a,,,,0,2000-01-01 01:00:00,2017-04-19 18:56:54,https://e.lanbook.com/img/covers/book/9176/2015/75465.jpg,Медицина;Диагностика; профилактика; реабилитация,
30094501,Физические средства восстановления в бадминтоне: монография,,,,"Турманидзе В.Г., Полуструев А.В., Турманидзе А.В.",2015,,Омский государственный университет им. Ф.М. Достоевского,,152,0,Russian,,,,978-5-7779-1851-2,,,,,,,,,,75466,0,,,,,,,1,1182478,pdf,8cc61ee936d142e58c48e4d13868ae1f,,,,0,2000-01-01 01:00:00,2017-04-19 18:56:54,https://e.lanbook.com/img/covers/book/9176/2015/75466.jpg,Медицина;Спортивная медицина,
30094502,Методика физической реабилитации детей с перинатальным пораженим центральной нервной системы: учебное пособие,,,,"Полуструев А.В., Тихонов С.В., Калинина И.Н., Турманидзе В.Г.",2015,,Омский государственный университет им. Ф.М. Достоевского,,92,0,Russian,,,,978-5-7779-1858-1,,,,,,,,,,75467,0,,,,,,,1,1393056,pdf,de4c27d9fc910dcc4f836298d2350142,,,,0,2000-01-01 01:00:00,2017-04-19 18:56:54,https://e.lanbook.com/img/covers/book/9176/2015/75467.jpg,Медицина;Диагностика; профилактика; реабилитация,
30094503,Менеджмент в хореографии: курс лекций: в 2 ч. Часть 1,,,,Тимошенко Е.В.,2015,,Омский государственный университет им. Ф.М. Достоевского,,210,0,Russian,,,,978-5-7779-1809-3,,,,,,,,,,75468,0,,,,,,,1,1384211,pdf,219fe30b40b7f4b4c6ab19a203b0ed3f,,,,0,2000-01-01 01:00:00,2017-04-19 18:56:54,https://e.lanbook.com/img/covers/book/9176/2015/75468.jpg,Балет. Танец. Хореография,
30094504,Формирование эстетической культуры подростков в условиях самодеятельного хореографического коллектива: монография,,,,Марченко С.Е.,2014,,Омский государственный университет им. Ф.М. Достоевского,,180,0,Russian,,,,978-5-7779-1754-6,,,,,,,,,,75469,0,,,,,,,1,1216098,pdf,038d069bdc9fcc1088b652f2e1f9ffa0,,,,0,2000-01-01 01:00:00,2017-04-19 18:56:54,https://e.lanbook.com/img/covers/book/9176/2014/75469.jpg,Балет. Танец. Хореография,
30094505,Пластическое воспитание. Танец: учебное пособие,,,,Лапшина А.М.,2015,,Омский государственный университет им. Ф.М. Достоевского,,104,0,Russian,,,,978-5-7779-1827-7,,,,,,,,,,75470,0,,,,,,,1,1027864,pdf,b911836cde00ffd5c8a4115dfbec57e9,,,,0,2000-01-01 01:00:00,2017-04-19 18:56:54,https://e.lanbook.com/img/covers/book/9176/2015/75470.jpg,Балет. Танец. Хореография,
30094506,Белорусский танец: учебно-методическое пособие,,,,Даренская Н.В.,2011,,Омский государственный университет им. Ф.М. Достоевского,,92,0,Russian,,,,978-5-7779-1391-3,,,,,,,,,,75471,0,,,,,,,1,14400117,pdf,66be4295e38823b7289be61243be9125,,,,0,2000-01-01 01:00:00,2017-04-19 18:56:54,,Балет. Танец. Хореография,
30094507,Традиционная танцевальная культура Омского Прииртышья конца XIX - первой половины XX в.: учебное пособие,,,,Николаева Л.Я.,2012,,Омский государственный университет им. Ф.М. Достоевского,,180,0,Russian,,,,978-5-7779-1477-4,,,,,,,,,,75472,0,,,,,,,1,3666225,pdf,fed7d7912ce87a73a6faadbb471f5361,,,,0,2000-01-01 01:00:00,2017-04-19 18:56:54,https://e.lanbook.com/img/covers/book/9176/2012/75472.jpg,Балет. Танец. Хореография,
30094508,Вопросы музыкальной педагогики: учебное пособие,,,,Гаврилова Е.Н.,2014,,Омский государственный университет им. Ф.М. Достоевского,,164,0,Russian,,,,978-5-7779-1684-6,,,,,,,,,,75473,0,,,,,,,1,1082889,pdf,987b2648b4092042388c97d728842467,,,,0,2000-01-01 01:00:00,2017-04-19 18:56:54,https://e.lanbook.com/img/covers/book/9176/2014/75473.jpg,Музыка и театр;Музыкальная педагогика,
30094509,Музыка в театре: учебное пособие: в 2 ч. Часть 1,,,,Чупахина Т.И.,2015,,Омский государственный университет им. Ф.М. Достоевского,,104,0,Russian,,,,978-5-7779-1925-0,,,,,,,,,,75474,0,,,,,,,1,1084464,pdf,2e4a059aa8d0fb042868bb5605b957e9,,,,0,2000-01-01 01:00:00,2017-04-19 18:56:54,https://e.lanbook.com/img/covers/book/9176/2015/75474.jpg,Музыка и театр;Теория музыки,
30094510,Очерки по истории музыкальной культуры: стилевой аспект: учебное пособие: в 3 ч. Ч. 2,,,,Комарова Е.Э.,2015,,Омский государственный университет им. Ф.М. Достоевского,,104,0,Russian,,,,978-5-7779-1874-1,,,,,,,,,,75475,0,,,,,,,1,745583,pdf,cdc359d928fcec2929c937376482a226,,,,0,2000-01-01 01:00:00,2017-04-19 18:56:54,https://e.lanbook.com/img/covers/book/9176/2015/75475.jpg,Музыка и театр;История музыки,
30094511,Мастерство актера: обучение в театральной школе: учебное пособие,,,,Яркова Е.Н.,2015,,Омский государственный университет им. Ф.М. Достоевского,,144,0,Russian,,,,978-5-7779-1806-2,,,,,,,,,,75476,0,,,,,,,1,1515326,pdf,5e518ded51f4b120280c7fecdb49e027,,,,0,2000-01-01 01:00:00,2017-04-19 18:56:54,https://e.lanbook.com/img/covers/book/9176/2015/75476.jpg,Музыка и театр;Театр,
30094512,Метод и система в творчестве К.С. Станиславского: учебное пособие,,,,Яркова Е.Н.,2015,,Омский государственный университет им. Ф.М. Достоевского,,320,0,Russian,,,,978-5-7779-1821-5,,,,,,,,,,75477,0,,,,,,,1,3090569,pdf,f0ff6625fa5b7c1210226fcd802588ad,,,,0,2000-01-01 01:00:00,2017-04-19 18:56:54,https://e.lanbook.com/img/covers/book/9176/2015/75477.jpg,Музыка и театр;Русские классики,
30094513,Концертные произведения эпохи барокко для трехструнной домры: учебно-методическое пособие,,,,Подшивалова Е.А.,2015,,Омский государственный университет им. Ф.М. Достоевского,,88,0,Russian,,,,979-0-706426-01-3,,,,,,,,,,75478,0,,,,,,,1,9431878,pdf,375529cff04bbed4a6535fe47540f7d3,,,,0,2000-01-01 01:00:00,2017-04-19 18:56:54,https://e.lanbook.com/img/covers/book/9176/2015/75478.jpg,Музыка и театр;Музыкальные произведения. Ноты,
30094514,Актуальные проблемы исполнительства на мехо-духовых гармониках: учебное пособие для студентов-инструменталистов вузов культуры и искусства,,,,"Чупахина Т.И., Чупахин С.А.",2014,,Омский государственный университет им. Ф.М. Достоевского,,220,0,Russian,,,,978-5-7779-1711-9,,,,,,,,,,75479,0,,,,,,,1,54583355,pdf,6108daad292acdac96a173d70a625ea3,,,,0,2000-01-01 01:00:00,2017-04-19 18:56:54,https://e.lanbook.com/img/covers/book/9176/2014/75479.jpg,Музыка и театр;Теория музыки,
30094515,Сборник вокальных произведений для начинающих артистов музыкального театра,,,,Трусова И.Б.,2014,,Омский государственный университет им. Ф.М. Достоевского,,110,0,Russian,,,,979-0-706426-00-6,,,,,,,,,,75480,0,,,,,,,1,1597820,pdf,f8f1bc8835f477ae6b763ed01f06948a,,,,0,2000-01-01 01:00:00,2017-04-19 18:56:54,https://e.lanbook.com/img/covers/book/9176/2014/75480.jpg,Музыка и театр;Музыкальные произведения. Ноты,
30094516,Метод К.С. Станиславского: физическое действие в работе актера: учебное пособие,,,,Яркова Е.Н.,2014,,Омский государственный университет им. Ф.М. Достоевского,,176,0,Russian,,,,978-5-7779-1709-6,,,,,,,,,,75481,0,,,,,,,1,1828066,pdf,f27505a3a4128d80526aa1ca23b0c279,,,,0,2000-01-01 01:00:00,2017-04-19 18:56:54,https://e.lanbook.com/img/covers/book/9176/2014/75481.jpg,Музыка и театр;Театр,
30094517,Телесная практика в творчестве актера: учебное пособие,,,,Яркова Е.Н.,2014,,Омский государственный университет им. Ф.М. Достоевского,,72,0,Russian,,,,978-5-7779-1708-9,,,,,,,,,,75482,0,,,,,,,1,829267,pdf,f323199482babf80c3d95ef165e40267,,,,0,2000-01-01 01:00:00,2017-04-19 18:56:54,https://e.lanbook.com/img/covers/book/9176/2014/75482.jpg,Музыка и театр;Театр,
30094518,Работа над развитием певческих навыков при подготовке актеров музыкального театра: учебно-методическое пособие,,,,Трусова И.Б.,2013,,Омский государственный университет им. Ф.М. Достоевского,,52,0,Russian,,,,978-5-7779-1662-4,,,,,,,,,,75483,0,,,,,,,1,1535108,pdf,ae9b03a68677f4d36ac4cdbdfe578598,,,,0,2000-01-01 01:00:00,2017-04-19 18:56:54,https://e.lanbook.com/img/covers/book/9176/2013/75483.jpg,Музыка и театр;Вокал,
30094519,"Основы речевой подготовки студентов специальности \Актерское мастерство\"": учебное пособие""",,,,Чекмарева Л.П.,2013,,Омский государственный университет им. Ф.М. Достоевского,,188,0,Russian,,,,978-5-7779-1660-0,,,,,,,,,,75484,0,,,,,,,1,18936024,pdf,4fe374f0844a7815143484783428a9d1,,,,0,2000-01-01 01:00:00,2017-04-19 18:56:54,https://e.lanbook.com/img/covers/book/9176/2013/75484.jpg,Музыка и театр;Театр,
30094520,Методика преподавания музыкально-теоретических дисциплин: учебное пособие,,,,"Фаттахова Л.Р., Комарова Е.Э.",2013,,Омский государственный университет им. Ф.М. Достоевского,,99,0,Russian,,,,,,,,,,,,,,75485,0,,,,,,,1,1128337,pdf,c99b7c9b9350377126e94a8452bb9752,,,,0,2000-01-01 01:00:00,2017-04-19 18:56:54,https://e.lanbook.com/img/covers/book/9176/2013/75485.jpg,Музыка и театр;Музыкальная педагогика,
30094521,От техники речи - к вокалу: учебно-методическое пособие,,,,Эрбес В.А.,2013,,Омский государственный университет им. Ф.М. Достоевского,,104,0,Russian,,,,978-5-7779-1568-9,,,,,,,,,,75486,0,,,,,,,1,83572650,pdf,4d2c00676c9f7b1a459530eb64dba217,,,,0,2000-01-01 01:00:00,2017-04-19 18:56:54,https://e.lanbook.com/img/covers/book/9176/2013/75486.jpg,Музыка и театр;Вокал,
30094522,Сценарное мастерство. Теория и практика создания киносценария: учебное пособие,,,,Павлов А.Ю.,2012,,Омский государственный университет им. Ф.М. Достоевского,,184,0,Russian,,,,978-5-7779-1523-8,,,,,,,,,,75487,0,,,,,,,1,1774001,pdf,468122df94640a8f59687de6963130c1,,,,0,2000-01-01 01:00:00,2017-04-19 18:56:54,https://e.lanbook.com/img/covers/book/9176/2012/75487.jpg,Музыка и театр;Театр,
30094523,Стратегический менеджмент: учебное пособие,,,,Попович А.М.,2016,,Омский государственный университет им. Ф.М. Достоевского,,320,0,Russian,,,,978-5-7779-1916-8,,,,,,,,,,75488,0,,,,,,,1,2803596,pdf,d6716f011c9a545bbbf0f88cbfa16170,,,,0,2000-01-01 01:00:00,2017-04-19 18:56:54,https://e.lanbook.com/img/covers/book/9176/2016/75488.jpg,Экономика и менеджмент;Стратегический менеджмент,
30094524,Менеджмент: учебное пособие,,,,Ультан С.И.,2016,,Омский государственный университет им. Ф.М. Достоевского,,412,0,Russian,,,,978-5-7779-1936-6,,,,,,,,,,75489,0,,,,,,,1,4439173,pdf,15345732d972a53a2923d761831ff765,,,,0,2000-01-01 01:00:00,2017-04-19 18:56:54,https://e.lanbook.com/img/covers/book/9176/2016/75489.jpg,Экономика и менеджмент;Менеджмент,
30094525,Теория отраслевых рынков: учебное пособие,,,,Верховец О.А.,2016,,Омский государственный университет им. Ф.М. Достоевского,,58,0,Russian,,,,978-5-7779-1960-1,,,,,,,,,,75490,0,,,,,,,1,751758,pdf,45194e3c863ae5be14b04e6182f36309,,,,0,2000-01-01 01:00:00,2017-04-19 18:56:54,https://e.lanbook.com/img/covers/book/9176/2016/75490.jpg,Экономика и менеджмент;Маркетинг,
30094526,Производственный менеджмент: учебно-методическое пособи,,,,Кужева С.Н.;Родина Л.А. (науч. ред.),2016,,Омский государственный университет им. Ф.М. Достоевского,,192,0,Russian,,,,978-5-7779-1963-2,,,,,,,,,,75491,0,,,,,,,1,1401406,pdf,71e4e2db758a8e0922331f391464451c,,,,0,2000-01-01 01:00:00,2017-04-19 18:56:54,https://e.lanbook.com/img/covers/book/9176/2016/75491.jpg,Экономика и менеджмент;Производственный менеджмент,
30094527,Социально-экономическая статистика: практикум,,,,Медведева М.А.,2016,,Омский государственный университет им. Ф.М. Достоевского,,88,0,Russian,,,,978-5-7779-1969-4,,,,,,,,,,75492,0,,,,,,,1,637153,pdf,bca3949018daf38e082153a57b89f317,,,,0,2000-01-01 01:00:00,2017-04-19 18:56:54,https://e.lanbook.com/img/covers/book/9176/2016/75492.jpg,Экономика и менеджмент;Статистика,
30094528,Россия в современном мире: поиск новой стратегии социально-экономического развития: монография,,,,"Авдеева О.А., Верховец О.А., Дусь Ю.П., Галак Е.Я.;Авторы: Гимадиева Л.Р., Горемыкина Д.В. , Дворная А.Н., Дмитриев К.Л., Дусь Е.А., Михальцов С.А., Позолотина Г.Н., Сергазинов, Углирж М.Ю., Ультан С.И., Хоботова С.Н., Щербаков В.С. Отв. ред. Авдеева О.А.",2016,,Омский государственный университет им. Ф.М. Достоевского,,474,0,Russian,,,,978-5-7779-1945-8,,,,,,,,,,75493,0,,,,,,,1,9720628,pdf,10fe9e1569ffac538c5f233d380cb5ed,,,,0,2000-01-01 01:00:00,2017-04-19 18:56:54,https://e.lanbook.com/img/covers/book/9176/2016/75493.jpg,Экономика и менеджмент;Экономика России,
30094529,Российская цивилизация в поисках иного пути: монография,,,,Стебляк В.В.,2016,,Омский государственный университет им. Ф.М. Достоевского,,214,0,Russian,,,,978-5-7779-1953-3,,,,,,,,,,75494,0,,,,,,,1,1177446,pdf,651fd70f00ab7d1207e6f5dbd10b57f4,,,,0,2000-01-01 01:00:00,2017-04-19 18:56:54,https://e.lanbook.com/img/covers/book/9176/2016/75494.jpg,Социально-гуманитарные науки;Культурология и искусство,
30094530,Антропология игры и детства: учебное пособие,,,,"Блинова А.Н., Чернова И.В.",2016,,Омский государственный университет им. Ф.М. Достоевского,,132,0,Russian,,,,978-5-7779-1957-1,,,,,,,,,,75495,0,,,,,,,1,1315658,pdf,0c6fea0afe6c228e006a6ff1a481f1c4,,,,0,2000-01-01 01:00:00,2017-04-19 18:56:54,https://e.lanbook.com/img/covers/book/9176/2016/75495.jpg,Социально-гуманитарные науки;Социология,
30094531,Историческая библиография в структуре провинциальной исторической науки (1920-е гг. на материалах Сибири): монография,,,,Бернгардт Т.В.;Корзун В.П. (науч. ред.),2016,,Омский государственный университет им. Ф.М. Достоевского,,300,0,Russian,,,,978-5-7779-1932-8,,,,,,,,,,75496,0,,,,,,,1,9141361,pdf,adedb5a2da2123daa2d2b9591b72f3d1,,,,0,2000-01-01 01:00:00,2017-04-19 18:56:54,https://e.lanbook.com/img/covers/book/9176/2016/75496.jpg,Социально-гуманитарные науки;История,
30094532,Новейшая история стран Европы и Северной Америки (1918–1945 гг.): учебное пособие: в 2 ч. Часть 2,,,,Фоменко С.В.,2016,,Омский государственный университет им. Ф.М. Достоевского,,403,0,Russian,,,,978-5-7779-1952-6,,,,,,,,,,75497,0,,,,,,,1,2262147,pdf,a122f6de6d1d35cd72f32f5999305e1f,,,,0,2000-01-01 01:00:00,2017-04-19 18:56:54,https://e.lanbook.com/img/covers/book/9176/2016/75497.jpg,Социально-гуманитарные науки;История,
30094533,Дискурс российских спортивных СМИ: монография,,,,Малышева Е.Г.,2016,,Омский государственный университет им. Ф.М. Достоевского,,272,0,Russian,,,,978-5-7779-1958-8,,,,,,,,,,75498,0,,,,,,,1,1983718,pdf,8cd8d02fcfa4a952a1db9a78b44a5e3e,,,,0,2000-01-01 01:00:00,2017-04-19 18:56:54,https://e.lanbook.com/img/covers/book/9176/2016/75498.jpg,Языкознание и литературоведение;Речь. Язык. Общение,
30094534,Основы теории первого иностранного языка (английский): учебно-методическое пособие,,,,"Воскресенская Е.Г., Гацура Н.И., Моисеев М.В.",2016,,Омский государственный университет им. Ф.М. Достоевского,,208,0,Russian,,,,978-5-7779-1956-4,,,,,,,,,,75499,0,,,,,,,1,1209469,pdf,fc907e200b6a4784a6232f137fb89595,,,,0,2000-01-01 01:00:00,2017-04-19 18:56:54,https://e.lanbook.com/img/covers/book/9176/2016/75499.jpg,Языкознание и литературоведение;Иностранный язык,
30094535,Системы управления вооружением истребителей: Основы интеллекта многофункционального самолета,,,,"Баханов Л.Е., Давыдов А.Н., Корниенко В.Н., Слатин В.В.;под редакцией Е.А. Федосова",2005,,"Издательство \Машиностроение\""""",,400,0,Russian,,,,5-217-03316-9,,,,,,,,,,755,0,,,,,,,1,4092731,pdf,170b1f482c99edc1a138cc3b5a878d01,,,,0,2000-01-01 01:00:00,2017-04-19 18:56:54,https://e.lanbook.com/img/covers/book/1026/2005/755.jpg,Инженерно-технические науки;Машиностроение,
30094536,Психология отклоняющегося поведения: учебное пособие,,,,Липунова О.В.,2016,2-е,"Издательство \ФЛИНТА\""""",,377,0,Russian,,,,978-5-9765-2647-1,,,,,,,,,,75500,0,,,,,,,1,3308121,pdf,e0ca8fdf17a543fb5ad5c3365252bc2d,,,,0,2000-01-01 01:00:00,2017-04-19 18:56:54,https://e.lanbook.com/img/covers/book/1850/2016/75500.jpg,Психология. Педагогика;Психология,
30094537,Пенитенциарная психология: учебное пособие,,,,Липунова О.В.,2016,2-е,"Издательство \ФЛИНТА\""""",,224,0,Russian,,,,978-5-9765-2648-8,,,,,,,,,,75501,0,,,,,,,1,1677976,pdf,bf95e2640d81ad9bda9fc6385523f588,,,,0,2000-01-01 01:00:00,2017-04-19 18:56:54,https://e.lanbook.com/img/covers/book/1850/2016/75501.jpg,Психология. Педагогика;Психология,
30094538,Россия и Армения: историко-литературный диалог и специфика национального: учебное пособие,,,,"Голикова Л.П., Шаройко М.В.",2016,,"Издательство \ФЛИНТА\""""",,138,0,Russian,,,,978-5-9765-2398-2,,,,,,,,,,75503,0,,,,,,,1,920180,pdf,a7b2e327970890ad40ef83b326879279,,,,0,2000-01-01 01:00:00,2017-04-19 18:56:54,https://e.lanbook.com/img/covers/book/1850/2016/75503.jpg,Социально-гуманитарные науки;История,
30094539,Сборник задач и упражнений по общей химии,,,,"Блинов Л.Н., Перфилова И.Л., Соколова Т.В.",2016,1-е изд.,"Издательство \Лань\""""",,188,0,Russian,,,,978-5-8114-2039-1,,,,,,,,,,75504,0,,,,,,,1,2289302,pdf,63595d6b0b7df26fb95fb826371a926d,,,,0,2000-01-01 01:00:00,2017-04-19 18:56:54,https://e.lanbook.com/img/covers/book/905/2016/75504.jpg,Химия;Общая и неорганическая химия,
30094540,Электрофизические и электрохимические процессы обработки материалов,,,,Волков Ю.С.,2016,1-е изд.,"Издательство \Лань\""""",,396,0,Russian,,,,978-5-8114-2174-9,,,,,,,,,,75505,0,,,,,,,1,30213407,pdf,6e7d1c23adcf18b1f2bf076b5aaad25f,,,,0,2000-01-01 01:00:00,2017-04-19 18:56:54,https://e.lanbook.com/img/covers/book/905/2016/75505.jpg,Инженерно-технические науки;Электроника и радиотехника,
30094541,Системный анализ информационных комплексов,,,,Волкова В.Н.,2016,"2-е изд., стер.","Издательство \Лань\""""",,336,0,Russian,,,,978-5-8114-2291-3,,,,,,,,,,75506,0,,,,,,,1,5255038,pdf,7e8077530fe9225b68a60cc163f9aef4,,,,0,2000-01-01 01:00:00,2017-04-19 18:56:54,https://e.lanbook.com/img/covers/book/905/2016/75506.jpg,Информатика,
30094542,Английский язык для аграрных вузов,,,,Волкова С.А.,2016,1-е изд.,"Издательство \Лань\""""",,256,0,Russian,,,,978-5-8114-2059-9,,,,,,,,,,75507,0,,,,,,,1,827997,pdf,cf9b45777d989b4e42afcbe60d573fab,,,,0,2000-01-01 01:00:00,2017-04-19 18:56:54,https://e.lanbook.com/img/covers/book/905/2016/75507.jpg,Ветеринария и сельское хозяйство;Зоотехния,
30094543,"Универсальные программы, таблицы, графики и рекомендации для расчёта распределения осреднённых скоростей в продольно-однородных турбулентных потоках для всех зон сопротивления",,,,"Высоцкий Л.И., Высоцкий И.С., Бабкин И.А.",2016,1-е изд.,"Издательство \Лань\""""",,444,0,Russian,,,,978-5-8114-2169-5,,,,,,,,,,75508,0,,,,,,,1,2698407,pdf,17e10b5181e71727bda5bca941fbc804,,,,0,2000-01-01 01:00:00,2017-04-19 18:56:54,,Инженерно-технические науки;Архитектура и строительство,
30094544,Электротехническое материаловедение,,,,"Дудкин А.Н., Ким В.С.",2016,"3-е изд., стер.","Издательство \Лань\""""",,200,0,Russian,,,,978-5-8114-2275-3,,,,,,,,,,75509,0,,,,,,,1,1236419,pdf,6388af0e20da7883f3d7b583322244ce,,,,0,2000-01-01 01:00:00,2017-04-19 18:56:54,https://e.lanbook.com/img/covers/book/905/2016/75509.jpg,Инженерно-технические науки;Электроника и радиотехника,
30094545,"Лекарственные средства, применяемые в ветеринарном акушерстве, гинекологии, андрологии и биотехнике размножения животных",,,,"Дюльгер Г.П., Храмцов В.В., Сибилева Ю.Г., Кемешов Ж.О.;Ющенко И.Е., Дюльгер П.Г., Седлецкая Е.С.",2016,1-е изд.,"Издательство \Лань\""""",,272,0,Russian,,,,978-5-8114-2152-7,,,,,,,,,,75510,0,,,,,,,1,1396283,pdf,69859dd4e43020905eb3082d96297a76,,,,0,2000-01-01 01:00:00,2017-04-19 18:56:54,,Ветеринария и сельское хозяйство;Ветеринария,
30094546,Технологические основы монолитного бетона. Зимнее бетонирование,,,,"Колчеданцев Л.М., Васин А.П., Осипенкова И.Г., Ступакова О.Г.;Под ред. Л. М. Колчеданцева",2016,1-е изд.,"Издательство \Лань\""""",,280,0,Russian,,,,978-5-8114-2182-4,,,,,,,,,,75511,0,,,,,,,1,35685613,pdf,de5cf8b131af5eee3797dbc289847c47,,,,0,2000-01-01 01:00:00,2017-04-19 18:56:54,https://e.lanbook.com/img/covers/book/905/2016/75511.jpg,Инженерно-технические науки;Архитектура и строительство,
30094547,Энергосбережение в низковольтных электрических сетях при несимметричной нагрузке,,,,"Косоухов Ф.Д., Васильев Н.В., Борошнин А.Л., Филиппов А.О.;Криштопа Н.Ю., Кузнецова Е.С., Под общей ред. Ф. Д. Косоухова",2016,1-е изд.,"Издательство \Лань\""""",,280,0,Russian,,,,978-5-8114-2119-0,,,,,,,,,,75512,0,,,,,,,1,7184444,pdf,01ada785d685957459b421010791e20d,,,,0,2000-01-01 01:00:00,2017-04-19 18:56:54,https://e.lanbook.com/img/covers/book/905/2016/75512.jpg,Инженерно-технические науки;Электротехника,
30094548,Гауссов свет,,,,Марченко О.М.,2016,1-е изд.,"Издательство \Лань\""""",,208,0,Russian,,,,978-5-8114-2044-5,,,,,,,,,,75513,0,,,,,,,1,2719653,pdf,f51906d1d5d215ca9e0ad69a587a7cac,,,,0,2000-01-01 01:00:00,2017-04-19 18:56:54,https://e.lanbook.com/img/covers/book/905/2016/75513.jpg,Физика;Оптика,
30094549,Органическое животноводство,,,,Насатуев Б.Д.,2016,"2-е изд., доп.","Издательство \Лань\""""",,192,0,Russian,,,,978-5-8114-2151-0,,,,,,,,,,75514,0,,,,,,,1,8688777,pdf,dee95e6bae2cc4ec7b8dbee13a979866,,,,0,2000-01-01 01:00:00,2017-04-19 18:56:54,https://e.lanbook.com/img/covers/book/905/2016/75514.jpg,Ветеринария и сельское хозяйство;Зоотехния,
30094550,Основы информационной безопасности,,,,Нестеров С.А.,2016,"2-е изд., стер.","Издательство \Лань\""""",,324,0,Russian,,,,978-5-8114-2290-6,,,,,,,,,,75515,0,,,,,,,1,7068412,pdf,1184795da66d881425654a865d7706f4,,,,0,2000-01-01 01:00:00,2017-04-19 18:56:54,https://e.lanbook.com/img/covers/book/905/2016/75515.jpg,Информатика,
30094551,Теория автоматического управления. Задачи и решения,,,,Певзнер Л.Д.,2016,1-е изд.,"Издательство \Лань\""""",,604,0,Russian,,,,978-5-8114-2161-9,,,,,,,,,,75516,0,,,,,,,1,6178394,pdf,60578b651306ee9cc5c8d9f5be9ea4c5,,,,0,2000-01-01 01:00:00,2017-04-19 18:56:54,https://e.lanbook.com/img/covers/book/905/2016/75516.jpg,Информатика,
30094552,Конструкции из дерева и пластмасс. Деревянные конструкции,,,,"Семенов К.В., Кононова М.Ю.",2016,"2-е изд., стер.","Издательство \Лань\""""",,136,0,Russian,,,,978-5-8114-2285-2,,,,,,,,,,75517,0,,,,,,,1,6352498,pdf,4de68b45b7ab26e1c3ce5e16cfed5d0f,,,,0,2000-01-01 01:00:00,2017-04-19 18:56:54,https://e.lanbook.com/img/covers/book/905/2016/75517.jpg,Инженерно-технические науки;Архитектура и строительство,
30094553,Метрические пространства,,,,"Сибиряков Г.В., Мартынов Ю.А.",2016,"2-е изд., испр.","Издательство \Лань\""""",,184,0,Russian,,,,978-5-8114-2160-2,,,,,,,,,,75518,0,,,,,,,1,1466342,pdf,8da3edb2048838408cda71769d27a7a8,,,,0,2000-01-01 01:00:00,2017-04-19 18:56:54,https://e.lanbook.com/img/covers/book/905/2016/75518.jpg,Математический анализ;Математика,
30094554,Введение в химию,,,,Стась Н.Ф.,2016,1-е изд.,"Издательство \Лань\""""",,140,0,Russian,,,,978-5-8114-2273-9,,,,,,,,,,75519,0,,,,,,,1,4459392,pdf,2efbab9cf73989b506d63fa7114205e8,,,,0,2000-01-01 01:00:00,2017-04-19 18:56:54,,Химия;Общая и неорганическая химия,
30094555,"Задачи, упражнения и вопросы по общей химии",,,,"Стась Н.Ф., Лисецкий В.Н.",2016,"4-е изд., стер.","Издательство \Лань\""""",,108,0,Russian,,,,978-5-8114-2282-1,,,,,,,,,,75520,0,,,,,,,1,532206,pdf,e4da0b1fa14ceb80275fabd5b4ff8de2,,,,0,2000-01-01 01:00:00,2017-04-19 18:56:54,,Химия;Общая и неорганическая химия,
30094556,Решение задач по общей химии,,,,"Стась Н.Ф., Коршунов А.В.",2016,"3-е изд., стер.","Издательство \Лань\""""",,168,0,Russian,,,,978-5-8114-2274-6,,,,,,,,,,75521,0,,,,,,,1,1325753,pdf,3ed6712e2353c8f60e4fb31ad5166305,,,,0,2000-01-01 01:00:00,2017-04-19 18:56:54,,Химия;Общая и неорганическая химия,
30094557,Перенапряжения и молниезащита,,,,"Титков В.В., Халилов Ф.Х.",2016,"2-е изд., стер.","Издательство \Лань\""""",,224,0,Russian,,,,978-5-8114-2286-9,,,,,,,,,,75522,0,,,,,,,1,3555071,pdf,13f39de900019f96c2df890f89597e02,,,,0,2000-01-01 01:00:00,2017-04-19 18:56:54,https://e.lanbook.com/img/covers/book/905/2016/75522.jpg,Инженерно-технические науки,
30094558,Когерентные оптические сети,,,,Фокин В.Г.,2016,1-е изд.,"Издательство \Лань\""""",,440,0,Russian,,,,978-5-8114-2105-3,,,,,,,,,,75523,0,,,,,,,1,21224193,pdf,829e5558bbc8d3572d63a7a2a6dd7ade,,,,0,2000-01-01 01:00:00,2017-04-19 18:56:54,https://e.lanbook.com/img/covers/book/905/2016/75523.jpg,Инженерно-технические науки;Электроника и радиотехника,
30094559,Регулируемый асинхронный электропривод,,,,"Фролов Ю.М., Шелякин В.П.",2016,1-е изд.,"Издательство \Лань\""""",,464,0,Russian,,,,978-5-8114-2177-0,,,,,,,,,,75524,0,,,,,,,1,8634680,pdf,f9bbfa179af402f959b1ef21a8ad2598,,,,0,2000-01-01 01:00:00,2017-04-19 18:56:54,https://e.lanbook.com/img/covers/book/905/2016/75524.jpg,Инженерно-технические науки;Электротехника,
30094560,Товарное осетроводство,,,,"Хрусталев Е.И., Курапова Т.М., Бубунец Э.В., Жигин А.В.;Хрисанфов В.Е.",2016,1-е изд.,"Издательство \Лань\""""",,300,0,Russian,,,,978-5-8114-2202-9,,,,,,,,,,75525,0,,,,,,,1,18604464,pdf,93fa936040114ff8666fa08e57326f6f,,,,0,2000-01-01 01:00:00,2017-04-19 18:56:54,https://e.lanbook.com/img/covers/book/905/2016/75525.jpg,Ветеринария и сельское хозяйство;Зоотехния,
30094561,Методы оптимальных решений,,,,Шелехова Л.В.,2016,1-е изд.,"Издательство \Лань\""""",,304,0,Russian,,,,978-5-8114-2165-7,,,,,,,,,,75526,0,,,,,,,1,6326109,pdf,1cd1364a9c37d9cb91b0205a04a9332f,,,,0,2000-01-01 01:00:00,2017-04-19 18:56:54,,Прикладная математика;Математика,
30094562,Практикум по кролиководству,,,,"Шумилина Н.Н., Калугин Ю.А., Балакирев Н.А.",2016,"2-е изд., перераб.","Издательство \Лань\""""",,272,0,Russian,,,,978-5-8114-2130-5,,,,,,,,,,75527,0,,,,,,,1,45385062,pdf,13b49de560b11f375030900790b42756,,,,0,2000-01-01 01:00:00,2017-04-19 18:56:54,https://e.lanbook.com/img/covers/book/905/2016/75527.jpg,Ветеринария и сельское хозяйство;Зоотехния,
30094563,Автоматизация координатных измерений в машиностроении,,,,"Зубарев Ю.М., Косаревский С.В.",2016,"2-е изд., перераб. и доп.","Издательство \Лань\""""",,160,0,Russian,,,,978-5-8114-1757-5,,,,,,,,,,75529,0,,,,,,,1,2923734,pdf,1769ed5b248ae1a6b091b52fc1b7f63b,,,,0,2000-01-01 01:00:00,2017-04-19 18:56:54,https://e.lanbook.com/img/covers/book/905/2016/75529.jpg,Инженерно-технические науки;Транспортно-технологические машины и комплексы,
30094564,Товарный менеджмент и экспертиза жировых товаров,,,,"Рудаков О.Б., Лесникова Э.П., Семенова И.Н., Полянский К.К.",2016,1-е изд.,"Издательство \Лань\""""",,304,0,Russian,,,,978-5-8114-1954-8,,,,,,,,,,75530,0,,,,,,,1,4659012,pdf,2811b5fae72365caf683c284e3786e8f,,,,0,2000-01-01 01:00:00,2017-04-19 18:56:54,https://e.lanbook.com/img/covers/book/905/2016/75530.jpg,Технологии пищевых производств;Методы исследования свойств сырья и продуктов питания,
30094565,"Молекулярная физика в жизни, технике и природе",,,,Сытин В.Г.,2016,1-е изд.,"Издательство \Лань\""""",,624,0,Russian,,,,978-5-8114-1890-9,,,,,,,,,,75531,0,,,,,,,1,7200351,pdf,0fe2065118501bd0517694305559d688,,,,0,2000-01-01 01:00:00,2017-04-19 18:56:54,https://e.lanbook.com/img/covers/book/905/2016/75531.jpg,Физика;Термодинамика и статистическая физика,
30094566,Развитие певца и его голоса,,,,Аспелунд Д.Л.,2016,"2-е изд., стер.","Издательство \Лань\"""," \""Планета музыки\""""",,180,0,Russian,,,,978-5-8114-2199-2,,,,,,,,,,75532,0,,,,,,,1,28084681,pdf,afafb23f82b29463df4914cf356ca54d,,,,0,2000-01-01 01:00:00,2017-04-19 18:56:54,https://e.lanbook.com/img/covers/book/2689/2016/75532.jpg,Музыка и театр;Вокал
30094567,Линейная перспектива в искусстве и зрительном восприятии реального пространства,,,,Бакушинский А.В.,2016,1-е изд.,"Издательство \Лань\"""," \""Планета музыки\""""",,64,0,Russian,,,,978-5-8114-2137-4,,,,,,,,,,75533,0,,,,,,,1,736627,pdf,71561d6e9e5b7b7f7d83c2dd4b8dc3a3,,,,0,2000-01-01 01:00:00,2017-04-19 18:56:54,https://e.lanbook.com/img/covers/book/2689/2016/75533.jpg,Искусствоведение;Архитектура; живопись; графика
30094568,Актёрский тренинг. Драма. Импровизация. Дилемма. Мастер-класс.,,,,Кипнис М.,2016,1-е изд.,"Издательство \Лань\"""," \""Планета музыки\""""",,320,0,Russian,,,,978-5-8114-2211-1,,,,,,,,,,75535,0,,,,,,,1,1313247,pdf,5d69f4363685961a111dabc9388c971d,,,,0,2000-01-01 01:00:00,2017-04-19 18:56:54,https://e.lanbook.com/img/covers/book/2689/2016/75535.jpg,Музыка и театр;Театр
30094569,"Сольфеджио для одного, двух и трех голосов",,,,Ладухин Н.М.,2016,"2-е изд., испр.","Издательство \Лань\"""," \""Планета музыки\""""",,108,0,Russian,,,,978-5-8114-2084-1,,,,,,,,,,75536,0,,,,,,,1,4440950,pdf,ec32be3f432923af9c2659a41c63c78b,,,,0,2000-01-01 01:00:00,2017-04-19 18:56:54,,Музыка и театр;Теория музыки
30094570,60 сольфеджио на два голоса,,,,Ладухин Н.М.,2016,"2-е изд., испр.","Издательство \Лань\"""," \""Планета музыки\""""",,36,0,Russian,,,,978-5-8114-2085-8,,,,,,,,,,75537,0,,,,,,,1,1842723,pdf,60f24a91a418bf439fc382520c408861,,,,0,2000-01-01 01:00:00,2017-04-19 18:56:54,,Музыка и театр;Теория музыки
30094571,"Правильное дыхание, речь и пение",,,,Лобанова О.Г.,2016,"2-е изд, стер.","Издательство \Лань\"""," \""Планета музыки\""""",,140,0,Russian,,,,978-5-8114-2143-5,,,,,,,,,,75538,0,,,,,,,1,16073215,pdf,a6660670aafb8909c126e07202bea6cf,,,,0,2000-01-01 01:00:00,2017-04-19 18:56:54,,Музыка и театр;Вокал
30094572,Дыхание в хореографии,,,,Лукьянова Е.А.,2016,"2-е изд., стер.","Издательство \Лань\"""," \""Планета музыки\""""",,184,0,Russian,,,,978-5-8114-2197-8,,,,,,,,,,75539,0,,,,,,,1,14828251,pdf,fcb52cc4ac48fbd224e684d1b0e54755,,,,0,2000-01-01 01:00:00,2017-04-19 18:56:54,,Балет. Танец. Хореография
30094573,12 пьес для эстрадно-джазового рояля. Piano Airways,,,,Михайлин Д.А.,2016,1-е изд.,"Издательство \Лань\"""," \""Планета музыки\""""",,56,0,Russian,,,,978-5-8114-2212-8,,,,,,,,,,75540,0,,,,,,,1,5196056,pdf,c7c8892df3f25d5af71f0315d9fe5dea,,,,0,2000-01-01 01:00:00,2017-04-19 18:56:54,,Музыка и театр
30094574,Практическая орфоэпия,,,,Оссовская М.П.,2016,"2-е изд., испр. и доп.","Издательство \Лань\"""," \""Планета музыки\""""",,124,0,Russian,,,,978-5-8114-2004-9,,,,,,,,,,75541,0,,,,,,,1,859362,pdf,4a3b6164052d7d667738287346995488,,,,0,2000-01-01 01:00:00,2017-04-19 18:56:55,https://e.lanbook.com/img/covers/book/2689/2016/75541.jpg,Музыка и театр;Театр
30094575,Музыкальная культура Европы и России. XIX век,,,,Самсонова Т.П.,2016,1-е изд.,"Издательство \Лань\"""," \""Планета музыки\""""",,400,0,Russian,,,,978-5-8114-2142-8,,,,,,,,,,75543,0,,,,,,,1,6343523,pdf,a3a30d8aabc8dde0c53fb8a199d290b6,,,,0,2000-01-01 01:00:00,2017-04-19 18:56:55,,Музыка и театр;История музыки
30094576,Русский народный орнамент,,,,Стасов В.В.,2016,"3-е изд, испр.","Издательство \Лань\"""," \""Планета музыки\""""",,160,0,Russian,,,,978-5-8114-2213-5,,,,,,,,,,75545,0,,,,,,,1,126993212,pdf,ab6bf16885a6ecabff0bc335410047da,,,,0,2000-01-01 01:00:00,2017-04-19 18:56:55,https://e.lanbook.com/img/covers/book/2689/2016/75545.jpg,Искусствоведение;Архитектура; живопись; графика
30094577,Упражнения в образовании схем ладового ритма,,,,Яворский Б.Л.,2016,"3-е изд., испр.","Издательство \Лань\"""," \""Планета музыки\""""",,80,0,Russian,,,,978-5-8114-2214-2,,,,,,,,,,75546,0,,,,,,,1,3764129,pdf,0d517596c30f8e973334b2fe6d5a3405,,,,0,2000-01-01 01:00:00,2017-04-19 18:56:55,https://e.lanbook.com/img/covers/book/2689/2016/75546.jpg,Музыка и театр;Теория музыки
30094578,Современная импровизация. Практический курс для фортепиано,,,,Столяр Р.С.,2016,"2-е изд., стер.","Издательство \Лань\"""," \""Планета музыки\""""",,160,0,Russian,,,,978-5-8114-1077-4,,,,,,,,,,75549,0,,,,,,,1,1370972,pdf,7d6f99a55e75e5c5f75846bb5112dba7,,,,0,2000-01-01 01:00:00,2017-04-19 18:56:55,https://e.lanbook.com/img/covers/book/2689/2016/75549.jpg,Музыка и театр;Самоучители
30094579,Формирование семейных ценностей у детей старшего дошкольного возраста. ФГОС дошкольного образования: Методическое пособие,,,,"Даусон А.Д., Утемов В.В.",2016,,Межрегиональный центр инновационных технологий в образовании,,40,0,Russian,,,,978-5-906642-31-8,,,,,,,,,,75550,0,,,,,,,1,1979681,pdf,63d9768503e67c482be13bcfd900cdfc,,,,0,2000-01-01 01:00:00,2017-04-19 18:56:55,https://e.lanbook.com/img/covers/book/18153/2016/75550.jpg,Психология. Педагогика;Педагогика,
30094580,Радуга творческих идей: Ситуации эвристической олимпиады младших школьников «Совёнок» 2012–2015 годов и их возможные решения: Учебно-методическое пособие,,,,"Горев П.М., Утемов В.В.",2016,,Межрегиональный центр инновационных технологий в образовании,,240,0,Russian,,,,978-5-906642-29-5,,,,,,,,,,75551,0,,,,,,,1,6811872,pdf,96c53d9b488b08f0a90326aba041360a,,,,0,2000-01-01 01:00:00,2017-04-19 18:56:55,https://e.lanbook.com/img/covers/book/18153/2016/75551.jpg,Психология. Педагогика;Педагогика,
30094581,Удовлетворенность граждан качеством административных государственных и муниципальных услуг: результаты мониторинга 2014 года: в 2 ч. Ч. 1,,,,"Южаков В.Н., Добролюбова Е.И., Покида А.Н., Зыбуновская Н.В.",2015,,"Издательский дом \Дело\"" РАНХиГС""",,290,0,Russian,,,,978-5-7749-1095-3,,,,,,,,,,75553,0,,,,,,,1,3150876,pdf,e659eb4811df33d07620256b02b56495,,,,0,2000-01-01 01:00:00,2017-04-19 18:56:55,https://e.lanbook.com/img/covers/book/32466/2015/75553.jpg,Экономика и менеджмент;Государственное и муниципальное управление,
30094582,Удовлетворенность граждан качеством административных государственных и муниципальных услуг: результаты мониторинга 2014 года: в 2 ч. Ч. 2: Приложения,,,,"Южаков В.Н., Добролюбова Е.И., Покида А.Н., Зыбуновская Н.В.",2015,,"Издательский дом \Дело\"" РАНХиГС""",,328,0,Russian,,,,978-5-7749-1096-0,,,,,,,,,,75554,0,,,,,,,1,2343132,pdf,67ea5eac02c5f7d9feb09ea86dcee69e,,,,0,2000-01-01 01:00:00,2017-04-19 18:56:55,https://e.lanbook.com/img/covers/book/32466/2015/75554.jpg,Экономика и менеджмент;Государственное и муниципальное управление,
30094583,Практика и перспективы развития мер материального стимулирования государственных гражданских служащих: монография,,,,"Южаков В.Н., Добролюбова Е.И., Александров О.В., Татаринова Л.Н.;Масленникова Е.В.",2016,,"Издательский дом \Дело\"" РАНХиГС""",,224,0,Russian,,,,978-5-7749-1127-1,,,,,,,,,,75555,0,,,,,,,1,3494218,pdf,9ccccc32554395ec75dc1d973d9f1497,,,,0,2000-01-01 01:00:00,2017-04-19 18:56:55,https://e.lanbook.com/img/covers/book/32466/2016/75555.jpg,Экономика и менеджмент;Государственное и муниципальное управление,
30094584,Особенности и направления совершенствования организационно-правовой модели реализации непосредственной муниципальной демократии в РФ: учебное пособие,,,,"Трыканова С.А., Холопов В.А.",2016,,"Издательство \ФЛИНТА\""""",,326,0,Russian,,,,978-5-9765-2684-6,,,,,,,,,,75556,0,,,,,,,1,2816931,pdf,e04e2234e0a807fffeaa6773c31b71a5,,,,0,2000-01-01 01:00:00,2017-04-19 18:56:55,https://e.lanbook.com/img/covers/book/1850/2016/75556.jpg,Социально-гуманитарные науки;Политология и обществознание,
30094585,Поддержка экспорта высокотехнологичной продукции и развитие инновационного сектора России,,,,"Макаров А.И., Пахомов А.А., Бирюкова О.В.",2014,,"Издательский дом \Дело\"" РАНХиГС""",,214,0,Russian,,,,978-5-7749-0930-8,,,,,,,,,,75557,0,,,,,,,1,1518020,pdf,7777079ef5000acaef1d23812fef644a,,,,0,2000-01-01 01:00:00,2017-04-19 18:56:55,https://e.lanbook.com/img/covers/book/32466/2014/75557.jpg,Экономика и менеджмент;Экономика России,
30094586,Meet The Famous Composers. Part 1. Учебно-методическое пособие по английскому языку,,,,"Борисова Е.Н., Ростовцева П.П.",2015,,"Издательство \Согласие\""""",,88,0,Russian,,,,978-5-906709-25-7,,,,,,,,,,75577,0,,,,,,,1,2043731,pdf,4620dbfa9fef878ed6f57c19dae72232,,,,0,2000-01-01 01:00:00,2017-04-19 18:56:55,https://e.lanbook.com/img/covers/book/33188/2015/75577.jpg,Языкознание и литературоведение;Иностранный язык,
30094587,Mustermin.ru. Изучаем музыкальные термины. Учебное пособие для иностранных студентов,,,,"Рякина О.Р., Березовский С.Б., Доброскокина Т.А.",2015,,"Издательство \Согласие\""""",,80,0,Russian,,,,978-5-906709-33-2,,,,,,,,,,75578,0,,,,,,,1,454650,pdf,3a805f7874ab1832243cff5bd430fde4,,,,0,2000-01-01 01:00:00,2017-04-19 18:56:55,https://e.lanbook.com/img/covers/book/33188/2015/75578.jpg,Музыка и театр;Музыкальная педагогика,
30094588,Введение в межкультурную коммуникацию. Учебно-методическое пособие,,,,Борисова Е.Н.,2015,,"Издательство \Согласие\""""",,96,0,Russian,,,,978-5-906709-28-8,,,,,,,,,,75579,0,,,,,,,1,29033536,pdf,a62165c42246d6b7c3044c29a169d26b,,,,0,2000-01-01 01:00:00,2017-04-19 18:56:55,https://e.lanbook.com/img/covers/book/33188/2015/75579.jpg,Языкознание и литературоведение;Иностранный язык,
30094589,"Готовимся к профессиональному общению. О русской музыке, Гнесиных, Гнесинке, гнесинцах. Учебное пособие для иностранных студентов",,,,"Березовский С.Б., Глазкова Т.В., Рякина О.Р., Фролова О.В.",2015,,"Издательство \Согласие\""""",,144,0,Russian,,,,978-5-906709-29-5,,,,,,,,,,75580,0,,,,,,,1,2877667,pdf,0343386b9fa0673f732a0853c2eca756,,,,0,2000-01-01 01:00:00,2017-04-19 18:56:55,https://e.lanbook.com/img/covers/book/33188/2015/75580.jpg,Музыка и театр;Музыкальная педагогика,
30094590,Градостроительная живопись и Казимир Малевич,,,,Грибер Ю.А.,2014,,"Издательство \Согласие\""""",,160,0,Russian,,,,978-5-906709-08-0,,,,,,,,,,75581,0,,,,,,,1,10844960,pdf,15dc9ed9174a2fca08668a3cd2588a12,,,,0,2000-01-01 01:00:00,2017-04-19 18:56:55,https://e.lanbook.com/img/covers/book/33188/2014/75581.jpg,Искусствоведение;Архитектура; живопись; графика,
30094591,Избранное,,,,Курочкин В.С.,2015,,"Издательство \Согласие\""""",,544,0,Russian,,,,978-5-906709-24-0,,,,,,,,,,75582,0,,,,,,,1,2764366,pdf,4b6866b3acdade38aaebabc1a208eca5,,,,0,2000-01-01 01:00:00,2017-04-19 18:56:55,https://e.lanbook.com/img/covers/book/33188/2015/75582.jpg,Языкознание и литературоведение;Литературоведение,
30094592,Избранные работы по культурологии. Культура и империя,,,,Хренов Н.А.,2014,,"Издательство \Согласие\""""",,528,0,Russian,,,,978-5-906709-01-1,,,,,,,,,,75583,0,,,,,,,1,6591142,pdf,821d403039de10e0854ac06d09d31b28,,,,0,2000-01-01 01:00:00,2017-04-19 18:56:55,https://e.lanbook.com/img/covers/book/33188/2014/75583.jpg,Социально-гуманитарные науки;Культурология и искусство,
30094593,Избранные работы по теории культуры,,,,Флиер А.Я.,2014,,"Издательство \Согласие\""""",,560,0,Russian,,,,978–5-906709–03-5,,,,,,,,,,75584,0,,,,,,,1,2706317,pdf,3fcdc3d4224d3b69d656ee86fe83c901,,,,0,2000-01-01 01:00:00,2017-04-19 18:56:55,https://e.lanbook.com/img/covers/book/33188/2014/75584.jpg,Социально-гуманитарные науки;Культурология и искусство,
30094594,Избранные работы по теории культуры. Культура и смысл,,,,Пелипенко А.А.,2014,,"Издательство \Согласие\""""",,728,0,Russian,,,,978-5-906709-02-8,,,,,,,,,,75585,0,,,,,,,1,3381296,pdf,0cbb6342bdffd8e53dc9d0e4adef47b2,,,,0,2000-01-01 01:00:00,2017-04-19 18:56:55,https://e.lanbook.com/img/covers/book/33188/2014/75585.jpg,Социально-гуманитарные науки;Культурология и искусство,
30094595,Избранные работы по философии культуры,,,,Шапинская Е.Н.,2014,,"Издательство \Согласие\""""",,456,0,Russian,,,,978–5-906709–04-2,,,,,,,,,,75586,0,,,,,,,1,2061145,pdf,b42fbc77212f8b6972645dc590643516,,,,0,2000-01-01 01:00:00,2017-04-19 18:56:55,https://e.lanbook.com/img/covers/book/33188/2014/75586.jpg,Социально-гуманитарные науки;Культурология и искусство,
30094596,Избранные работы по философии культуры. Культурный капитал. Русская культура и социальные практики современной России,,,,Жукова О.А.,2014,,"Издательство \Согласие\""""",,536,0,Russian,,,,978-5-906709-06-6,,,,,,,,,,75587,0,,,,,,,1,2855969,pdf,dbb74a3c3fda8a3967dde8304639248a,,,,0,2000-01-01 01:00:00,2017-04-19 18:56:55,https://e.lanbook.com/img/covers/book/33188/2014/75587.jpg,Социально-гуманитарные науки;Культурология и искусство,
30094597,Искусство в исторической динамике культуры,,,,Хренов Н.А.,2015,,"Издательство \Согласие\""""",,752,0,Russian,,,,978-5-906709-34-9,,,,,,,,,,75588,0,,,,,,,1,3912204,pdf,656beb4742dcd3657a920759e8babb07,,,,0,2000-01-01 01:00:00,2017-04-19 18:56:55,https://e.lanbook.com/img/covers/book/33188/2015/75588.jpg,Социально-гуманитарные науки;Культурология и искусство,
30094598,История. Культура. Повседневность. Западная Европа: от Античности до XX века,,,,Козьякова М.И.,2013,,"Издательство \Согласие\""""",,528,0,Russian,,,,978-5-86884-147-7,,,,,,,,,,75589,0,,,,,,,1,1695564,pdf,99b9073b9f33fbf7cb320a59f96c2666,,,,0,2000-01-01 01:00:00,2017-04-19 18:56:55,https://e.lanbook.com/img/covers/book/33188/2013/75589.jpg,Социально-гуманитарные науки;Культурология и искусство,
30094599,Культурология для культурологов,,,,Флиер А.Я.,2015,,"Издательство \Согласие\""""",,672,0,Russian,,,,978-5-906709-30-1,,,,,,,,,,75590,0,,,,,,,1,1636167,pdf,e63dc9d33e2fad7600e7352a20952699,,,,0,2000-01-01 01:00:00,2017-04-19 18:56:55,https://e.lanbook.com/img/covers/book/33188/2015/75590.jpg,Социально-гуманитарные науки;Культурология и искусство,
30094600,Методика преподавания эстрадного пения. Экспресс-курс,,,,Поляков А.С.,2015,,"Издательство \Согласие\""""",,248,0,Russian,,,,978-5-906709-36-3,,,,,,,,,,75591,0,,,,,,,1,3272612,pdf,636ca214577233b84c14a8c10e404e51,,,,0,2000-01-01 01:00:00,2017-04-19 18:56:55,https://e.lanbook.com/img/covers/book/33188/2015/75591.jpg,Музыка и театр;Вокал,
30094601,Профессиональное общение музыкантов. Диалог. Учебно-методическое пособие по культуре речи для обучения студентов-музыкантов русскому языку как иностранному,,,,"Борисова Е.Н., Глазкова Т.В.",2015,,"Издательство \Согласие\""""",,80,0,Russian,,,,978-5-906709-09-7,,,,,,,,,,75592,0,,,,,,,1,2265434,pdf,69d0d67d9df658fd3ac520a00a241ed3,,,,0,2000-01-01 01:00:00,2017-04-19 18:56:55,https://e.lanbook.com/img/covers/book/33188/2015/75592.jpg,Музыка и театр;Музыкальная педагогика,
30094602,Собрание сочинений в десяти томах. Том восьмой. Прощеное воскресенье,,,,Михальский В.В.,2015,,"Издательство \Согласие\""""",,264,0,Russian,,,,978-5-906709-18-9,,,,,,,,,,75593,0,,,,,,,1,821253,pdf,50c41d1cc050d2a3403d534fc256a97f,,,,0,2000-01-01 01:00:00,2017-04-19 18:56:55,https://e.lanbook.com/img/covers/book/33188/2015/75593.jpg,Языкознание и литературоведение;Литературоведение,
30094603,Собрание сочинений в десяти томах. Том второй. Семнадцать левых сапог. Роман,,,,Михальский В.В.,2015,,"Издательство \Согласие\""""",,320,0,Russian,,,,978-5-906709-12-7,,,,,,,,,,75594,0,,,,,,,1,969739,pdf,19b9fcf0a938a12301625f931cc97958,,,,0,2000-01-01 01:00:00,2017-04-19 18:56:55,https://e.lanbook.com/img/covers/book/33188/2015/75594.jpg,Языкознание и литературоведение;Литературоведение,
30094604,Собрание сочинений в десяти томах. Том девятый. Ave Maria,,,,Михальский В.В.,2015,,"Издательство \Согласие\""""",,408,0,Russian,,,,978-5-906709-19-6,,,,,,,,,,75595,0,,,,,,,1,1201862,pdf,67ff1bd89dd1d6a18fa1f59fd7aa0bc0,,,,0,2000-01-01 01:00:00,2017-04-19 18:56:55,https://e.lanbook.com/img/covers/book/33188/2015/75595.jpg,Языкознание и литературоведение;Литературоведение,
30094605,Собрание сочинений в десяти томах. Том десятый. «Адам — первый человек» (кавказская повесть). Первая книга рассказов. Рассказы. Статьи,,,,Михальский В.В.,2015,,"Издательство \Согласие\""""",,464,0,Russian,,,,978-5-906709-20-2,,,,,,,,,,75596,0,,,,,,,1,2116647,pdf,2c4ab5482e00733366526f370947e117,,,,0,2000-01-01 01:00:00,2017-04-19 18:56:55,https://e.lanbook.com/img/covers/book/33188/2015/75596.jpg,Языкознание и литературоведение;Литературоведение,
30094606,Собрание сочинений в десяти томах. Том первый. Повести и рассказы,,,,Михальский В.В.,2015,,"Издательство \Согласие\""""",,426,0,Russian,,,,978-5-906709-11-0,,,,,,,,,,75597,0,,,,,,,1,1524785,pdf,0735558a77573566c973ea85cd8dc249,,,,0,2000-01-01 01:00:00,2017-04-19 18:56:55,https://e.lanbook.com/img/covers/book/33188/2015/75597.jpg,Языкознание и литературоведение;Литературоведение,
30094607,Собрание сочинений в десяти томах. Том пятый. Одинокому везде пустыня,,,,Михальский В.В.,2015,,"Издательство \Согласие\""""",,280,0,Russian,,,,978-5-906709-15-8,,,,,,,,,,75598,0,,,,,,,1,903304,pdf,0ef4143e76e4faba25abb2096fb82da6,,,,0,2000-01-01 01:00:00,2017-04-19 18:56:55,https://e.lanbook.com/img/covers/book/33188/2015/75598.jpg,Языкознание и литературоведение;Литературоведение,
30094608,Собрание сочинений в десяти томах. Том седьмой. Храм согласия,,,,Михальский В.В.,2015,,"Издательство \Согласие\""""",,296,0,Russian,,,,978-5-9066709-17-2,,,,,,,,,,75599,0,,,,,,,1,906712,pdf,fca7beb752a627a557d2e5d8d89648b0,,,,0,2000-01-01 01:00:00,2017-04-19 18:56:55,https://e.lanbook.com/img/covers/book/33188/2015/75599.jpg,Языкознание и литературоведение;Литературоведение,
30094609,Выплавка стали в кислых электропечах,,,,Сойфер В.М.,2009,,"Издательство \Машиностроение\""""",,480,0,Russian,,,,978-5-217-03450-5,,,,,,,,,,756,0,,,,,,,1,45899061,pdf,9d80aef0a837c117d4867e1aeee16602,,,,0,2000-01-01 01:00:00,2017-04-19 18:56:55,https://e.lanbook.com/img/covers/book/1026/2009/756.jpg,Инженерно-технические науки;Машиностроение,
30094610,Собрание сочинений в десяти томах. Том третий. Тайные милости. Роман,,,,Михальский В.В.,2015,,"Издательство \Согласие\""""",,344,0,Russian,,,,978-5-906709-13-4,,,,,,,,,,75600,0,,,,,,,1,1053930,pdf,a368a9209de35965f37ceff238740345,,,,0,2000-01-01 01:00:00,2017-04-19 18:56:55,https://e.lanbook.com/img/covers/book/33188/2015/75600.jpg,Языкознание и литературоведение;Литературоведение,
30094611,Собрание сочинений в десяти томах. Том четвертый. Весна в Карфагене. Роман,,,,Михальский В.В.,2015,,"Издательство \Согласие\""""",,338,0,Russian,,,,978-5-906709-14-1,,,,,,,,,,75601,0,,,,,,,1,1193973,pdf,bc9a27279b45a167bd40ee86c898e895,,,,0,2000-01-01 01:00:00,2017-04-19 18:56:55,https://e.lanbook.com/img/covers/book/33188/2015/75601.jpg,Языкознание и литературоведение;Литературоведение,
30094612,Собрание сочинений в десяти томах. Том шестой. Для радости нужны двое,,,,Михальский В.В.,2015,,"Издательство \Согласие\""""",,248,0,Russian,,,,978-5-906709-16-5,,,,,,,,,,75602,0,,,,,,,1,763066,pdf,05c188894865d05795aaf0d9c0658a53,,,,0,2000-01-01 01:00:00,2017-04-19 18:56:55,https://e.lanbook.com/img/covers/book/33188/2015/75602.jpg,Языкознание и литературоведение;Литературоведение,
30094613,Стили речи: учебное пособие для бакалавров,,,,Глазкова Т.В.,2015,,"Издательство \Согласие\""""",,64,0,Russian,,,,978-5-906709-27-1,,,,,,,,,,75603,0,,,,,,,1,250746,pdf,b797e3c171359cc293f0f87ac84c7486,,,,0,2000-01-01 01:00:00,2017-04-19 18:56:55,https://e.lanbook.com/img/covers/book/33188/2015/75603.jpg,Языкознание и литературоведение;Речь. Язык. Общение,
30094614,Цветовое поле города в истории европейской культуры,,,,Грибер Ю.А.,2012,,"Издательство \Согласие\""""",,304,0,Russian,,,,978-5-86884-149-1,,,,,,,,,,75604,0,,,,,,,1,1047517,pdf,8b08254749380026ba3d659c830f974b,,,,0,2000-01-01 01:00:00,2017-04-19 18:56:55,https://e.lanbook.com/img/covers/book/33188/2012/75604.jpg,Социально-гуманитарные науки;Культурология и искусство,
30094615,Читаем мировую классику. Пигмалион (по Д. Б. Шоу). Учебное пособие по практической лексикологии,,,,"Березовский С.Б., Рякина О.Р.",2015,,"Издательство \Согласие\""""",,88,0,Russian,,,,978-5-906709-26-4,,,,,,,,,,75605,0,,,,,,,1,441313,pdf,d356b5518e15f0a103bdee50bf98a55d,,,,0,2000-01-01 01:00:00,2017-04-19 18:56:55,https://e.lanbook.com/img/covers/book/33188/2015/75605.jpg,Языкознание и литературоведение;Литературоведение,
30094616,Применение современных молекулярно-биологических методов для поиска и клонирования полноразмерных нуклеотидных последовательностей к ДНК: учебное пособие для вузов,,,,"Ребриков Д.В., Коростин Д.О., Ушаков В.Л., Барсова Е.В.;Лукьянов С.А.",2011,,Национальный исследовательский ядерный университет «Московский инженерно-физический институт»,,88,0,Russian,,,,978-5-7262-1481-8,,,,,,,,,,75704,0,,,,,,,1,1914198,pdf,a063f954748370a14316aa96d041118e,,,,0,2000-01-01 01:00:00,2017-04-19 18:56:55,,Биология,
30094617,Системы контроля и управления доступом: лабораторный практикум: учебное пособие для вузов,,,,"Бадиков А.В., Бондарев П.В.",2010,,Национальный исследовательский ядерный университет «Московский инженерно-физический институт»,,128,0,Russian,,,,978-5-7262-1261-6,,,,,,,,,,75705,0,,,,,,,1,2000797,pdf,c2f00c0d74c54b4bc979663b49a5a2d5,,,,0,2000-01-01 01:00:00,2017-04-19 18:56:55,,Инженерно-технические науки;Автоматизированные системы и информатика,
30094618,Датчики и детекторы физико-энергетических установок: учебное пособие для вузов,,,,"Королев С.А., Михеев В.П.",2011,,Национальный исследовательский ядерный университет «Московский инженерно-физический институт»,,232,0,Russian,,,,978-5-7262-1547-1,,,,,,,,,,75706,0,,,,,,,1,4399863,pdf,83cc0741cd626509956369bee8c2d441,,,,0,2000-01-01 01:00:00,2017-04-19 18:56:55,,Инженерно-технические науки;Автоматика и управление в технических системах,
30094619,Надежность и техническая диагностика систем: учебное пособие для вузов,,,,Березкин Е.Ф.,2012,,Национальный исследовательский ядерный университет «Московский инженерно-физический институт»,,244,0,Russian,,,,978-5-7262-1765-9,,,,,,,,,,75707,0,,,,,,,1,2632507,pdf,c761dbd26bb192b36f81e70230bcacaa,,,,0,2000-01-01 01:00:00,2017-04-19 18:56:55,,Инженерно-технические науки;Автоматика и управление в технических системах,
30094620,Автоматизированные системы контроля радиационной обстановки окружающей среды: учебное пособие для вузов,,,,Елохин А.П.,2012,,Национальный исследовательский ядерный университет «Московский инженерно-физический институт»,,316,0,Russian,,,,978-5-7262-1716-1,,,,,,,,,,75708,0,,,,,,,1,5341239,pdf,9b308715cdcc05bcf7e8cdf823a7722d,,,,0,2000-01-01 01:00:00,2017-04-19 18:56:55,,Инженерно-технические науки;Автоматика и управление в технических системах,
30094621,Нелинейные системы автоматического управления. Метод гармонического баланса. Инженерно-физические основы: учебное пособие для вузов,,,,Журомский В.М.,2012,,Национальный исследовательский ядерный университет «Московский инженерно-физический институт»,,56,0,Russian,,,,978-5-7262-1665-2,,,,,,,,,,75709,0,,,,,,,1,3276846,pdf,39f4eb1d91b4b59803c03fb6663ed0b4,,,,0,2000-01-01 01:00:00,2017-04-19 18:56:55,,Инженерно-технические науки;Автоматика и управление в технических системах,
30094622,"Теоретические основы специальности \Элементная база автоматических систем\"": лабораторный практикум""",,,,Михеев В.П.,2012,,Национальный исследовательский ядерный университет «Московский инженерно-физический институт»,,68,0,Russian,,,,978-5-7262-1774-1,,,,,,,,,,75710,0,,,,,,,1,2490593,pdf,8d50b540fd36b72d19546746c90d976d,,,,0,2000-01-01 01:00:00,2017-04-19 18:56:55,,Инженерно-технические науки;Автоматика и управление в технических системах,
30094623,"Лабораторный практикум \Теория автоматического управления. Методы исследования нелинейных систем\"": учебное пособие для вузов""",,,,"Шапкарин А.В., Кулло И.Г.",2012,,Национальный исследовательский ядерный университет «Московский инженерно-физический институт»,,92,0,Russian,,,,978-5-7262-1778-9,,,,,,,,,,75711,0,,,,,,,1,908886,pdf,ca56d914068d71800a74fa9dd3bf028f,,,,0,2000-01-01 01:00:00,2017-04-19 18:56:55,,Инженерно-технические науки;Автоматика и управление в технических системах,
30094624,Аналого-цифровые и цифроаналоговые преобразователи: лабораторный практикум,,,,"Белопольский В.М., Немчинов В.М.",2010,"2-е, с изм. и доп.",Национальный исследовательский ядерный университет «Московский инженерно-физический институт»,,76,0,Russian,,,,978-5-7262-1244-9,,,,,,,,,,75712,0,,,,,,,1,2285031,pdf,400dda7ed569b5be53f5fbc6ff10fed1,,,,0,2000-01-01 01:00:00,2017-04-19 18:56:55,,Инженерно-технические науки;Автоматика и управление в технических системах,
30094625,Системы реального времени: технические и программные средства: учебное пособие для вузов,,,,Древс Ю.Г.,2010,,Национальный исследовательский ядерный университет «Московский инженерно-физический институт»,,320,0,Russian,,,,978-5-7262-1310-1,,,,,,,,,,75713,0,,,,,,,1,17702292,pdf,94fc6a5aecd8f7e2edf149e956741cfd,,,,0,2000-01-01 01:00:00,2017-04-19 18:56:55,,Инженерно-технические науки;Автоматика и управление в технических системах,
30094626,Изучение универсального метода проектирования систем инженерно-технической защиты объектов: учебное пособие для вузов,,,,"Мосолов А.С., Беляева Е.А., Бадиков А.В.",2010,,Национальный исследовательский ядерный университет «Московский инженерно-физический институт»,,84,0,Russian,,,,978-5-7262-1238-8,,,,,,,,,,75714,0,,,,,,,1,1290740,pdf,27c720ab7dac3e1ee8935cc0d7a4472c,,,,0,2000-01-01 01:00:00,2017-04-19 18:56:55,,Инженерно-технические науки;Автоматика и управление в технических системах,
30094627,Основы проектирования станочных приспособлений: теория и задачи: учебное пособие для вузов,,,,"Шишкин В.П., Закураев В.В., Беляев А.Е.;Под редакцией А.Е. Беляева",2010,,Национальный исследовательский ядерный университет «Московский инженерно-физический институт»,,288,0,Russian,,,,978-5-7262-1268-5,,,,,,,,,,75715,0,,,,,,,1,8455798,pdf,b4954ca9a0a544513fc915b4d02359a7,,,,0,2000-01-01 01:00:00,2017-04-19 18:56:55,,Инженерно-технические науки;Машиностроение,
30094628,Прогрессивные технологии изготовления деталей из антифрикционных материалов: учебное пособиие для вузов,,,,"Гацков В.С., Гацков С.В.",2011,,Национальный исследовательский ядерный университет «Московский инженерно-физический институт»,,152,0,Russian,,,,978-7262-1399-6,,,,,,,,,,75716,0,,,,,,,1,3426183,pdf,6c4eed5bb6f5e21b61171ac82716e023,,,,0,2000-01-01 01:00:00,2017-04-19 18:56:55,,Инженерно-технические науки;Машиностроение,
30094629,Размерный анализ технологических процессов: практикум,,,,Ашихмин В.Н.,2010,,Национальный исследовательский ядерный университет «Московский инженерно-физический институт»,,60,0,Russian,,,,978-5-7262-1237-1,,,,,,,,,,75717,0,,,,,,,1,1273671,pdf,45c5b96d008eb863536483f0a0a05910,,,,0,2000-01-01 01:00:00,2017-04-19 18:56:55,,Инженерно-технические науки;Машиностроение,
30094630,Вакуумная индукционная плавка: учебное пособие,,,,Шульга А.В.,2010,,Национальный исследовательский ядерный университет «Московский инженерно-физический институт»,,64,0,Russian,,,,978-5-7262-1352-1,,,,,,,,,,75718,0,,,,,,,1,3931710,pdf,b6497879e331e768b5969628c75a290c,,,,0,2000-01-01 01:00:00,2017-04-19 18:56:55,,Инженерно-технические науки;Металлургия,
30094631,Технологические процессы в машиностроении: конспект лекций: учебное пособие для вузов,,,,Ермолаев В.А.,2011,,Национальный исследовательский ядерный университет «Московский инженерно-физический институт»,,264,0,Russian,,,,978-5-7262-1397-2,,,,,,,,,,75719,0,,,,,,,1,7622772,pdf,06c29027480851ab2a867f9cf6cebd4a,,,,0,2000-01-01 01:00:00,2017-04-19 18:56:55,,Инженерно-технические науки;Металлургия,
30094632,Получение и обработка металлов и соединений: учебно-методическое пособие для вузов,,,,Шульга А.В.,2011,,Национальный исследовательский ядерный университет «Московский инженерно-физический институт»,,64,0,Russian,,,,978-5-7262-1540-2,,,,,,,,,,75720,0,,,,,,,1,668386,pdf,72f12839ecef6544163a7e4de0f36e09,,,,0,2000-01-01 01:00:00,2017-04-19 18:56:55,,Инженерно-технические науки;Металлургия,
30094633,Основы расчета судовых ЯЭУ: учебное пособие для вузов,,,,"Деев В.И., Щукин Н.В., Черезов А.Л.;Под общей редакцией профессора Деева В.И.",2012,,Национальный исследовательский ядерный университет «Московский инженерно-физический институт»,,256,0,Russian,,,,978-5-7262-1598-3,,,,,,,,,,75722,0,,,,,,,1,5575670,pdf,3964654c4897fc13586f4823cb87394a,,,,0,2000-01-01 01:00:00,2017-04-19 18:56:55,,Инженерно-технические науки;Транспортно-технологические машины и комплексы,
30094634,Физика микроэлектронных структур: лабораторный практикум,,,,"Беляков В.В., Першенков В.С., Улимов В.Н., Швецов-Шиловский И.Н.",2010,"3-е изд., перераб. и доп.",Национальный исследовательский ядерный университет «Московский инженерно-физический институт»,,64,0,Russian,,,,978-5-7262-1307-1,,,,,,,,,,75723,0,,,,,,,1,952576,pdf,69255b2f4db2b0c0d26e361be52214dd,,,,0,2000-01-01 01:00:00,2017-04-19 18:56:55,,Инженерно-технические науки;Электроника и радиотехника,
30094635,Комплексы для инспекции элементного состава грузов на основе линейных ускорителей электронов: учебное пособие для вузов,,,,"Завадцев А.А., Завадцев Д.А., Каминский В.И., Куцаев С.В.;Собенин Н.П.",2011,,Национальный исследовательский ядерный университет «Московский инженерно-физический институт»,,148,0,Russian,,,,978-5-7262-1471-9,,,,,,,,,,75724,0,,,,,,,1,4066611,pdf,536bcabc12cf31b0ab5e9174ed0533fa,,,,0,2000-01-01 01:00:00,2017-04-19 18:56:55,,Инженерно-технические науки;Электроника и радиотехника,
30094636,Мультипакторный разряд в сверхвысокочастотных узлах и элементах ускорителей заряженных частиц: учебное пособие для вузов,,,,"Гусарова М.А., Каминский В.И., Лалаян М.В., Собенин Н.П.",2011,,Национальный исследовательский ядерный университет «Московский инженерно-физический институт»,,124,0,Russian,,,,978-5-7262-1554-9,,,,,,,,,,75725,0,,,,,,,1,4766336,pdf,6df0224125741c4106eff885cb69fc73,,,,0,2000-01-01 01:00:00,2017-04-19 18:56:55,,Инженерно-технические науки;Электроника и радиотехника,
30094637,Моделирование технологии и параметров кремниевых наноразмерных транзисторных структур: учебное пособие для вузов,,,,"Воронов Ю.А., Касков С.Ю., Мочалкина О.Р.",2012,,Национальный исследовательский ядерный университет «Московский инженерно-физический институт»,,80,0,Russian,,,,978-5-7262-1730-7,,,,,,,,,,75726,0,,,,,,,1,2763162,pdf,1584660beb2012cffd6b53b35c67afc1,,,,0,2000-01-01 01:00:00,2017-04-19 18:56:55,,Инженерно-технические науки;Электроника и радиотехника,
30094638,"Современная электронная элементная база в приборах и системах физики высоких энергий, космофизики и медицины: учебное пособие для вузов",,,,"Гляненко А.С., Логинов В.А.",2012,,Национальный исследовательский ядерный университет «Московский инженерно-физический институт»,,240,0,Russian,,,,978-5-7262-1699-7,,,,,,,,,,75727,0,,,,,,,1,4207675,pdf,19fdb28a7693fb6f822c0ad106e3b34e,,,,0,2000-01-01 01:00:00,2017-04-19 18:56:55,,Инженерно-технические науки;Электроника и радиотехника,
30094639,"Лабораторный практикум по курсу \Материалы и элементы электронной техники\"": Учебно-методическое пособие для вузов. Ч.1""",,,,"Ратушный В.И., Смолин А.Ю., Литвин Н.В., Капустина Н.В.",2012,,Национальный исследовательский ядерный университет «Московский инженерно-физический институт»,,44,0,Russian,,,,978-5-7262-1590-7,,,,,,,,,,75728,0,,,,,,,1,1184339,pdf,67a8d4a0ecbe83bdb7156e4a3f17c2fc,,,,0,2000-01-01 01:00:00,2017-04-19 18:56:55,,Инженерно-технические науки;Электроника и радиотехника,
30094640,Лабораторный практикум по курсу \Метрология," стандартизация и сертификация\"": учебно-методическое пособие для вузов""",,,,"Ратушный В.И., Смолин А.Ю., Литвин Н.В., Капустина Н.В.;Кочубей Е.Н.",2012,,Национальный исследовательский ядерный университет «Московский инженерно-физический институт»,,68,0,Russian,,,,978-5-7262-1591-4,,,,,,,,,,75729,0,,,,,,,1,996202,pdf,8f178ddf47d4ba73525718feb4e830e0,,,,0,2000-01-01 01:00:00,2017-04-19 18:56:55,,Инженерно-технические науки;Электроника и радиотехника
30094641,Основная элементная база электронных устройств: учебное пособие для вузов,,,,Масленников В.В.,2012,,Национальный исследовательский ядерный университет «Московский инженерно-физический институт»,,136,0,Russian,,,,978-5-7262-1678-2,,,,,,,,,,75730,0,,,,,,,1,1249473,pdf,f2d8c8844ead46de5971a577de8121b8,,,,0,2000-01-01 01:00:00,2017-04-19 18:56:55,,Инженерно-технические науки;Электроника и радиотехника,
30094642,Методы получения эпитаксиальных гетерокомпозиций: учебное пособие для вузов,,,,"Ратушный В.И., Ермолаева Н.В., Смолин А.Ю.",2012,,Национальный исследовательский ядерный университет «Московский инженерно-физический институт»,,200,0,Russian,,,,978-5-7262-1589-1,,,,,,,,,,75731,0,,,,,,,1,3337850,pdf,107b4c53701244fdaf690c46bbbade00,,,,0,2000-01-01 01:00:00,2017-04-19 18:56:55,,Инженерно-технические науки;Электроника и радиотехника,
30094643,Радиационные эффекты в наногетеростуктурных СВЧ -приборах и интегральных схемах: учебное пособие,,,,"Барбашов В.М., Громов Д.В.",2013,,Национальный исследовательский ядерный университет «Московский инженерно-физический институт»,,124,0,Russian,,,,978-5-7262-1872-4,,,,,,,,,,75732,0,,,,,,,1,5506155,pdf,edcd461474635391c82562de84367d03,,,,0,2000-01-01 01:00:00,2017-04-19 18:56:55,,Инженерно-технические науки;Электроника и радиотехника,
30094644,Фотопреобразователи солнечной энергии: учебное пособие для вузов,,,,"Ермолаева Н.В., Смолин А.Ю., Литвин Н.В.",2013,,Национальный исследовательский ядерный университет «Московский инженерно-физический институт»,,228,0,Russian,,,,978-5-7262-1722-2,,,,,,,,,,75733,0,,,,,,,1,5360335,pdf,0cbeb82ef671aac91796add7d6eee37b,,,,0,2000-01-01 01:00:00,2017-04-19 18:56:55,,Инженерно-технические науки;Электроника и радиотехника,
30094645,Выходные каскады импульсных усилителей: учебное пособие,,,,"Королёв В.А., Зубаков А.В.",2013,,Национальный исследовательский ядерный университет «Московский инженерно-физический институт»,,76,0,Russian,,,,978-5-7262-1748-2,,,,,,,,,,75734,0,,,,,,,1,1963810,pdf,6b2e35b0bac095efff00e140c15c9b21,,,,0,2000-01-01 01:00:00,2017-04-19 18:56:55,,Инженерно-технические науки;Электроника и радиотехника,
30094646,Базовые каскады электронных схем: учебное пособие,,,,Осипов А.К.,2009,,Национальный исследовательский ядерный университет «Московский инженерно-физический институт»,,84,0,Russian,,,,978-5-7262-1187-9,,,,,,,,,,75735,0,,,,,,,1,2266167,pdf,451d56317df8e3f35d4c78a80d0356ec,,,,0,2000-01-01 01:00:00,2017-04-19 18:56:55,,Инженерно-технические науки;Электроника и радиотехника,
30094647,"Коллайдеры. Назначение, проблемы, перспективы развития: учебное пособие для вузов",,,,Сомов С.В.,2009,,Национальный исследовательский ядерный университет «Московский инженерно-физический институт»,,80,0,Russian,,,,,,,,,,,,,,75736,0,,,,,,,1,2368259,pdf,3ac0cb2be993d37ae27e40ade200a93b,,,,0,2000-01-01 01:00:00,2017-04-19 18:56:55,,Инженерно-технические науки;Электроника и радиотехника,
30094648,Методические указания к выполнению курсового проекта по проектированию топологии биполярных ИМС,,,,"Белова Г.Ф., Попов В.Д.",2008,,Национальный исследовательский ядерный университет «Московский инженерно-физический институт»,,24,0,Russian,,,,,,,,,,,,,,75737,0,,,,,,,1,2430074,pdf,91bec9935aad5f766044f3ea1cd266f8,,,,0,2000-01-01 01:00:00,2017-04-19 18:56:55,,Инженерно-технические науки;Электроника и радиотехника,
30094649,Основы ядерной электроники. Ч.1,,,,Гаврилов Л.Е.,2010,,Национальный исследовательский ядерный университет «Московский инженерно-физический институт»,,164,0,Russian,,,,978-5-7262-1351-4,,,,,,,,,,75738,0,,,,,,,1,5575532,pdf,42ed37594e83af507e268f961b842e61,,,,0,2000-01-01 01:00:00,2017-04-19 18:56:55,,Инженерно-технические науки;Электроника и радиотехника,
30094650,Оборудование для работы с ускоренными пучками: учебное пособие для вузов,,,,"Гаврилов Н.М., Сомов С.В.",2010,,Национальный исследовательский ядерный университет «Московский инженерно-физический институт»,,224,0,Russian,,,,978-5-7262-1196-1,,,,,,,,,,75739,0,,,,,,,1,4783315,pdf,b9bedfb11b63a06c4bc6048481ba1f94,,,,0,2000-01-01 01:00:00,2017-04-19 18:56:55,,Инженерно-технические науки;Электроника и радиотехника,
30094651,Цифровая обработка сигналов: учебное пособие для вузов,,,,Гетманов В.Г.,2010,2-е,Национальный исследовательский ядерный университет «Московский инженерно-физический институт»,,232,0,Russian,,,,978-5-7262-1304-0,,,,,,,,,,75740,0,,,,,,,1,6606686,pdf,31d103eacdbfe18c43cafe4896ccc7d8,,,,0,2000-01-01 01:00:00,2017-04-19 18:56:55,,Инженерно-технические науки;Электроника и радиотехника,
30094652,"Лабораторный практикум по курсу \Датчики на основе микро- и нанотехнологий\"": учебное пособие""",,,,"Подлепецкий Б.И., Гуменюк С.В., Никифорова М.Ю., Самотаев Н.Н.",2010,,Национальный исследовательский ядерный университет «Московский инженерно-физический институт»,,56,0,Russian,,,,978-5-7262-1356-9,,,,,,,,,,75741,0,,,,,,,1,978375,pdf,bb6216e070de5cbec1c5c174d3b19ce2,,,,0,2000-01-01 01:00:00,2017-04-19 18:56:55,,Инженерно-технические науки;Электроника и радиотехника,
30094653,Физические основы лазерной технологии: учебное пособие для вузов,,,,"Менушенков А.П., Неволин В.Н., Петровский В.Н.",2010,,Национальный исследовательский ядерный университет «Московский инженерно-физический институт»,,212,0,Russian,,,,978-5-7262-1252-4,,,,,,,,,,75742,0,,,,,,,1,2141382,pdf,f7dac1c3da5482a78f52df3d4c24f1fb,,,,0,2000-01-01 01:00:00,2017-04-19 18:56:55,,Инженерно-технические науки;Электроника и радиотехника,
30094654,"Схемотехника интегральных схем ТТЛ, ТТЛШ и КМОП: учебное пособие для вузов",,,,Никитин В.А.,2010,,Национальный исследовательский ядерный университет «Московский инженерно-физический институт»,,64,0,Russian,,,,978-5-7262-1236-4,,,,,,,,,,75743,0,,,,,,,1,2020563,pdf,c5096ba5f233c66977d1cbe4b93cae82,,,,0,2000-01-01 01:00:00,2017-04-19 18:56:55,,Инженерно-технические науки;Электроника и радиотехника,
30094655,Эксплуатация АЭС: учебное пособие для вузов. Ч.1: Работа АЭС в энергосистемах. Ч.2: Обращение с радиоактивными отходами,,,,Баклушин Р.П.,2011,,Национальный исследовательский ядерный университет «Московский инженерно-физический институт»,,304,0,Russian,,,,978-5-7262-1441-2,,,,,,,,,,75744,0,,,,,,,1,4932648,pdf,8f8dd7fdf7b3fe696a9e3e990c65c00f,,,,0,2000-01-01 01:00:00,2017-04-19 18:56:55,,Инженерно-технические науки;Электротехника,
30094656,"Введение в лабораторный практикум \Линейные электрические цепи\"": учебно-методическое пособие для вузов""",,,,"Гаркуша О.В., Коротеев В.И., Павловский В.А.",2011,,Национальный исследовательский ядерный университет «Московский инженерно-физический институт»,,80,0,Russian,,,,978-5-7262-1556-3,,,,,,,,,,75745,0,,,,,,,1,2906169,pdf,13ed90a126a03e80336c877a24cbac31,,,,0,2000-01-01 01:00:00,2017-04-19 18:56:55,,Инженерно-технические науки;Электротехника,
30094657,"Лабораторный практикум по курсу \Электротехника\"": учебно-методическое пособие для вузов""",,,,"Коротеев В.И., Львов Е.И., Масленников С.П., Новожилов А.Е.;Рыжков В.М., Суханова Л.А., Филатов А.Н., Хлестков Ю.А., Шилов В.К., Школьников Э.Я.",2011,,Национальный исследовательский ядерный университет «Московский инженерно-физический институт»,,68,0,Russian,,,,978-5-7262-1555-6,,,,,,,,,,75746,0,,,,,,,1,743796,pdf,5da6d2280cb3467a351b13233c6544ce,,,,0,2000-01-01 01:00:00,2017-04-19 18:56:55,,Инженерно-технические науки;Электротехника,
30094658,Насосное оборудование АЭС: учебное пособие для вузов,,,,"Шелегов А.С., Лескин С.Т., Слободчук В.И.",2011,,Национальный исследовательский ядерный университет «Московский инженерно-физический институт»,,348,0,Russian,,,,975-5-7262-1499-3,,,,,,,,,,75747,0,,,,,,,1,9691827,pdf,07b07310eb8a193672bd33c0a3b6052d,,,,0,2000-01-01 01:00:00,2017-04-19 18:56:55,,Инженерно-технические науки;Электротехника,
30094659,Линейные электрические цепи переменного тока: учебное пособие для вузов. Ч.3,,,,"Варламов Н.В., Филатов А.Н., Школьников Э.Я.",2012,,Национальный исследовательский ядерный университет «Московский инженерно-физический институт»,,60,0,Russian,,,,978-5-7262-1633-1,,,,,,,,,,75748,0,,,,,,,1,1284653,pdf,0a3857dc33155b8296966d639eae8b19,,,,0,2000-01-01 01:00:00,2017-04-19 18:56:55,,Инженерно-технические науки;Электротехника,
30094660,"Лабораторный практикум по курсу \Электротехника и электроника\""""",,,,"Воронов А.Б., Сухова М.А., Мигунова Е.М., Поплавская Д.В.",2012,,Национальный исследовательский ядерный университет «Московский инженерно-физический институт»,,240,0,Russian,,,,978-5-7262-1596-9,,,,,,,,,,75749,0,,,,,,,1,5635028,pdf,788a33458acd15a762cea19040a5f1e6,,,,0,2000-01-01 01:00:00,2017-04-19 18:56:55,,Инженерно-технические науки;Электротехника,
30094661,"Электромагнитная совместимость: учебно-практическое пособие к проведению практических занятий по курсу \Электромагнитная совместимость в электроэнергетике\""""",,,,"Молошная Е.С., Фоменко О.В.",2012,,Национальный исследовательский ядерный университет «Московский инженерно-физический институт»,,32,0,Russian,,,,978-5-7262-1721-5,,,,,,,,,,75750,0,,,,,,,1,979611,pdf,f1c5a2a600d428111ea1295526139901,,,,0,2000-01-01 01:00:00,2017-04-19 18:56:55,,Инженерно-технические науки;Электротехника,
30094662,Электротехника и электроника: основы микроэлектроники: лабораторный практикум,,,,"Короткова Н.А., Осипов А.К.",2010,,Национальный исследовательский ядерный университет «Московский инженерно-физический институт»,,60,0,Russian,,,,978-5-7262-1289-0,,,,,,,,,,75751,0,,,,,,,1,1337248,pdf,5268fd2b3543151f3bf96f6f05e6aa1e,,,,0,2000-01-01 01:00:00,2017-04-19 18:56:55,,Инженерно-технические науки;Электротехника,
30094663,Водно-химический режим АЭС с реакторами ВВЭР-1000 и РБМК-1000: учебное пособие для вузов,,,,Рощектаев Б.М.,2010,,Национальный исследовательский ядерный университет «Московский инженерно-физический институт»,,132,0,Russian,,,,978-5-7262-1373-6,,,,,,,,,,75752,0,,,,,,,1,1321814,pdf,e65d9f49d259402dde75e58392d86814,,,,0,2000-01-01 01:00:00,2017-04-19 18:56:55,,Инженерно-технические науки;Электротехника,
30094664,Управление операционным риском АЭС: учебное пособие,,,,"Сазыкин Б.В., Краев А.Г., Климов В.П.",2010,,Национальный исследовательский ядерный университет «Московский инженерно-физический институт»,,144,0,Russian,,,,978-5-7262-1336-1,,,,,,,,,,75753,0,,,,,,,1,1817108,pdf,9ff8832fa30043f7ce492b30ca7734e7,,,,0,2000-01-01 01:00:00,2017-04-19 18:56:55,,Инженерно-технические науки;Электротехника,
30094665,"Практикум по курсу \Техника СВЧ\"": учебное пособие для вузов""",,,,"Собенин Н.П., Лалаян М.В., Гусарова М.А.",2010,,Национальный исследовательский ядерный университет «Московский инженерно-физический институт»,,128,0,Russian,,,,978-5-7262-1358-3,,,,,,,,,,75754,0,,,,,,,1,2906102,pdf,cfefd16abc09d4ea9850d267c3df3da6,,,,0,2000-01-01 01:00:00,2017-04-19 18:56:55,,Инженерно-технические науки;Электротехника,
30094666,Теория электрических цепей. Сборник качественных задач: учебное пособие,,,,"Варламов Н.В., Гаркуша О.В., Коротеев В.И., Львов Е.И.;Мишукова В.И., Нечаев Н.Н., Новожилов А.Е., Рыжков В.М., Сурков А.С., Суханова Л.А., Хлестков Ю.А., Школьников Э.Я.",2010,,Национальный исследовательский ядерный университет «Московский инженерно-физический институт»,,58,0,Russian,,,,978-5-7262-1326-2,,,,,,,,,,75755,0,,,,,,,1,466750,pdf,129ea7c3f4fdd068988359872b695d38,,,,0,2000-01-01 01:00:00,2017-04-19 18:56:55,,Инженерно-технические науки;Электротехника,
30094667,Технические аспекты ядерного нераспространения: учебное пособие для вузов,,,,"Крючков Э.Ф., Гераскин Н.И., Глебов В.Б., Мурогов В.М.;Шмелев А.Н.",2010,,Национальный исследовательский ядерный университет «Московский инженерно-физический институт»,,224,0,Russian,,,,978-5-7262-1277-7,,,,,,,,,,75756,0,,,,,,,1,2823769,pdf,3e47a8bbf3df368173b76fc34c50637d,,,,0,2000-01-01 01:00:00,2017-04-19 18:56:55,,Инженерно-технические науки;Энергетика,
30094668,Вакуумная техника: лабораторный практикум,,,,"Шатохин В.Л., Шестак В.П.",2010,,Национальный исследовательский ядерный университет «Московский инженерно-физический институт»,,84,0,Russian,,,,978-5-7262-1255-5,,,,,,,,,,75757,0,,,,,,,1,1381667,pdf,7f038e6db6b48dacd8da7bfa785edc4a,,,,0,2000-01-01 01:00:00,2017-04-19 18:56:55,,Инженерно-технические науки;Энергетика,
30094669,Исследование топологии поверхности методом сканирующей атомно-силовой микроскопии: лабораторный практикум: учебное пособие для вузов,,,,"Елманов Г.Н., Логинов Б.А., Севрюков О.Н.",2011,,Национальный исследовательский ядерный университет «Московский инженерно-физический институт»,,64,0,Russian,,,,978-5-7262-1581-5,,,,,,,,,,75758,0,,,,,,,1,1833950,pdf,6bda326a67969db034a9e9c55ceda99b,,,,0,2000-01-01 01:00:00,2017-04-19 18:56:55,,Инженерно-технические науки;Энергетика,
30094670,Тайны разделения изотопов,,,,Жданов В.М.,2011,,Национальный исследовательский ядерный университет «Московский инженерно-физический институт»,,224,0,Russian,,,,5-7262-0495-6,,,,,,,,,,75759,0,,,,,,,1,6811726,pdf,3247d3a9e594c70f63351127e71f7623,,,,0,2000-01-01 01:00:00,2017-04-19 18:56:55,,Инженерно-технические науки;Энергетика,
30094671,Физические особенности и конструкция реактора ВВЭР-1000: учебное пособие для вузов,,,,"Лескин С.Т., Шелегов А.С., Слободчук В.И.",2011,,Национальный исследовательский ядерный университет «Московский инженерно-физический институт»,,116,0,Russian,,,,978-5-7262-1492-4,,,,,,,,,,75760,0,,,,,,,1,3489538,pdf,958aa79f722ae6dc594d959f5251fff0,,,,0,2000-01-01 01:00:00,2017-04-19 18:56:56,,Инженерно-технические науки;Энергетика,
30094672,Методы и приборы измерений ядерных материалов: лабораторный практикум: учебное пособие для вузов,,,,"Бушуев А.В., Кожин А.Ф., Петрова Е.В., Алеева Т.Б.;Зубарев В.Н.",2011,,Национальный исследовательский ядерный университет «Московский инженерно-физический институт»,,156,0,Russian,,,,978-5-7262-1516-7,,,,,,,,,,75761,0,,,,,,,1,2835618,pdf,8e882b0172a3ff1b3b0a9ae94418f8b0,,,,0,2000-01-01 01:00:00,2017-04-19 18:56:56,,Инженерно-технические науки;Энергетика,
30094673,Обеспечение безопасности хранилищ радиоактивных отходов предприятий ядерного топливного цикла: учебное пособие для вузов,,,,"Пронкин Н.С., Шарафутдинов Р.Б., Савандер В.И.",2011,,Национальный исследовательский ядерный университет «Московский инженерно-физический институт»,,232,0,Russian,,,,978-5-7262-1557-0,,,,,,,,,,75762,0,,,,,,,1,4744537,pdf,e6326c2d9dc93f45c1677f442fa37167,,,,0,2000-01-01 01:00:00,2017-04-19 18:56:56,,Инженерно-технические науки;Энергетика,
30094674,Регулирование безопасности обращения с радиоактивными отходами: учебное пособие для вузов,,,,"Пронкин Н.С., Шарафутдинов Р.Б., Гераскин Н.И.",2011,,Национальный исследовательский ядерный университет «Московский инженерно-физический институт»,,264,0,Russian,,,,978-5-7262-1557-0,,,,,,,,,,75763,0,,,,,,,1,2390144,pdf,1bf4baf10b745cffbeff2c919e53fba6,,,,0,2000-01-01 01:00:00,2017-04-19 18:56:56,,Инженерно-технические науки;Энергетика,
30094675,Ресурсы и факторы управления в энергосбережении и экологии: учебное пособие для вузов,,,,"Лисиенко В.Г., Щелоков Я.М., Лаптева А.В., Дюгай П.А.;Лисиенко В.Г.",2011,,Национальный исследовательский ядерный университет «Московский инженерно-физический институт»,,200,0,Russian,,,,978-5-7262-1398-9,,,,,,,,,,75764,0,,,,,,,1,3310217,pdf,5a48f5066cfbabb3037ae896a2581438,,,,0,2000-01-01 01:00:00,2017-04-19 18:56:56,,Инженерно-технические науки;Энергетика,
30094676,Теория каскадов для разделения бинарных и многокомпонентных изотопных смесей: учебное пособие для вузов,,,,"Сулаберидзе Г.А., Палкин В.А., Борисевич В.Д., Борман В.Д.;Тихомиров А.В., Борман В.Д.",2011,,Национальный исследовательский ядерный университет «Московский инженерно-физический институт»,,368,0,Russian,,,,978-5-7262-1527-3,,,,,,,,,,75765,0,,,,,,,1,4664364,pdf,53461aca6878b456aed47b8e5d595500,,,,0,2000-01-01 01:00:00,2017-04-19 18:56:56,,Инженерно-технические науки;Энергетика,
30094677,Физические и конструкционные особенности ядерных энергетических установок с ВВЭР: учебное пособие для вузов,,,,"Выговский С.Б., Семенов А.А., Рябов Н.О., Чернов Е.В.",2011,,Национальный исследовательский ядерный университет «Московский инженерно-физический институт»,,376,0,Russian,,,,978-5-7262-1458-0,,,,,,,,,,75766,0,,,,,,,1,5137612,pdf,d997c5131edc0af546d229305563cd4b,,,,0,2000-01-01 01:00:00,2017-04-19 18:56:56,,Инженерно-технические науки;Энергетика,
30094678,Физические особенности и конструкция реактора РБМК-1000: учебное пособие для вузов,,,,"Шелегов А.С., Лескин С.Т., Слободчук В.И.",2011,,Национальный исследовательский ядерный университет «Московский инженерно-физический институт»,,64,0,Russian,,,,978-5-7262-1488-7,,,,,,,,,,75767,0,,,,,,,1,3295005,pdf,567309c9fd59609d63ae07aa764c2fa8,,,,0,2000-01-01 01:00:00,2017-04-19 18:56:56,,Инженерно-технические науки;Энергетика,
30094679,Ядерно-физические контрольно-измерительные приборы: учебное пособие для вузов,,,,Исаков С.В.,2012,,Национальный исследовательский ядерный университет «Московский инженерно-физический институт»,,60,0,Russian,,,,978-5-7262-1738-3,,,,,,,,,,75768,0,,,,,,,1,456850,pdf,4fa50e85121701be898d5c8af7a1e8b9,,,,0,2000-01-01 01:00:00,2017-04-19 18:56:56,,Инженерно-технические науки;Энергетика,
30094680,Исследовательский ядерный реактор ИРТ МИФИ: Учебное пособие по эксплуатационной практике,,,,Алферов В.П.,2012,,Национальный исследовательский ядерный университет «Московский инженерно-физический институт»,,132,0,Russian,,,,978-5-7262-1745-1,,,,,,,,,,75769,0,,,,,,,1,3983512,pdf,fd2a84d984205a61ac7dfdb81949c308,,,,0,2000-01-01 01:00:00,2017-04-19 18:56:56,,Инженерно-технические науки;Энергетика,
30094681,Кинетика ядерных реакторов. Коэффициенты реактивности. Введение в динамику: учебное пособие для вузов,,,,"Казанский Ю.А., Слекеничс Я.В.",2012,,Национальный исследовательский ядерный университет «Московский инженерно-физический институт»,,300,0,Russian,,,,978-5-7262-1696-6,,,,,,,,,,75770,0,,,,,,,1,19439954,pdf,6bb0a3bed6c756e200116e1d10194fa6,,,,0,2000-01-01 01:00:00,2017-04-19 18:56:56,,Инженерно-технические науки;Энергетика,
30094682,"Лабораторный практикум \Конструкционные материалы ядерных реакторов\"": учебное пособие""",,,,"Целищев А.В., Цвелев В.В., Измалков И.Н., Коньков В.Ф.;Саблин М.Н.",2012,,Национальный исследовательский ядерный университет «Московский инженерно-физический институт»,,48,0,Russian,,,,978-5-7262-1772,,,,,,,,,,75771,0,,,,,,,1,1739718,pdf,59c17f07711fdcf5080898d3db7e7a4c,,,,0,2000-01-01 01:00:00,2017-04-19 18:56:56,,Инженерно-технические науки;Энергетика,
30094683,Контроль распределения энерговыделения в активной зоне ядерного реактора: учебное пособие для вузов,,,,"Постников В.В., Якунин И.С.",2012,,Национальный исследовательский ядерный университет «Московский инженерно-физический институт»,,92,0,Russian,,,,978-5-7262-1758-1,,,,,,,,,,75772,0,,,,,,,1,2869678,pdf,ba71d55c3d515338f420f174898f71c5,,,,0,2000-01-01 01:00:00,2017-04-19 18:56:56,,Инженерно-технические науки;Энергетика,
30094684,Аналитические методы исследования реакторных материалов: учебное пособие для вузов,,,,"Приходько К.Е., Забусов О.О., Гайдученко А.Б.",2012,,Национальный исследовательский ядерный университет «Московский инженерно-физический институт»,,80,0,Russian,,,,978-5-7262-1592-1,,,,,,,,,,75773,0,,,,,,,1,6440783,pdf,5dc917666d689d302e241090b42b0161,,,,0,2000-01-01 01:00:00,2017-04-19 18:56:56,,Инженерно-технические науки;Энергетика,
30094685,Технология и оборудование обезвреживания жидких радиоактивных отходов: учебное пособие,,,,"Сваровский А.Я., Стриханов М.Н., Жиганов А.Н.",2012,,Национальный исследовательский ядерный университет «Московский инженерно-физический институт»,,500,0,Russian,,,,978-5-7262-1719-2,,,,,,,,,,75774,0,,,,,,,1,11566348,pdf,524f8edfcde1ad812de66f3dc40b19e1,,,,0,2000-01-01 01:00:00,2017-04-19 18:56:56,,Инженерно-технические науки;Энергетика,
30094686,Экспериментальная реакторная физика: учебное пособие для вузов,,,,Бушуев А.В.,2008,,Национальный исследовательский ядерный университет «Московский инженерно-физический институт»,,280,0,Russian,,,,978-5-7262-0911-1,,,,,,,,,,75775,0,,,,,,,1,12372545,pdf,6056f42f56b7c0227c83406f2c5ca67f,,,,0,2000-01-01 01:00:00,2017-04-19 18:56:56,,Инженерно-технические науки;Энергетика,
30094687,"Ядерные технологии: история, состояние, перспективы: учебное пособие для вузов",,,,"Андрианов А.А., Воропаев А.И., Коровин Ю.А., Мурогов В.М.;Кочубей Е.Н.",2012,,Национальный исследовательский ядерный университет «Московский инженерно-физический институт»,,180,0,Russian,,,,978-5-7262-1594-5,,,,,,,,,,75776,0,,,,,,,1,10617538,pdf,ea8093e3f366cae760b7cd27b932922f,,,,0,2000-01-01 01:00:00,2017-04-19 18:56:56,,Инженерно-технические науки;Энергетика,
30094688,Безопасность и задачи инженерной поддержки эксплуатации ядерных энергетических установок с ВВЭР: учебное пособие,,,,"Выговский С.Б., Рябов Н.О., Чернов Е.В.",2013,,Национальный исследовательский ядерный университет «Московский инженерно-физический институт»,,304,0,Russian,,,,978-5-7262-1819-9,,,,,,,,,,75777,0,,,,,,,1,14509528,pdf,4ada154da90c4bc0d52d5750b2ff0b96,,,,0,2000-01-01 01:00:00,2017-04-19 18:56:56,,Инженерно-технические науки;Энергетика,
30094689,Физические основы безопасности ядерных реакторов: учебное пособие,,,,Наумов В.И.,2013,2-е,Национальный исследовательский ядерный университет «Московский инженерно-физический институт»,,148,0,Russian,,,,978-5-7262-1861-8,,,,,,,,,,75778,0,,,,,,,1,1470375,pdf,cd83cb2ad2906cb08a9b46f940251573,,,,0,2000-01-01 01:00:00,2017-04-19 18:56:56,,Инженерно-технические науки;Энергетика,
30094690,Физическая теория ядерных реакторов: учебное пособие для вузов. Ч.2. Теория возмущений и медленные нестационарные процессы,,,,"Савандер В.И., Увакин М.А.",2013,,Национальный исследовательский ядерный университет «Московский инженерно-физический институт»,,152,0,Russian,,,,978-5-7262-1718-5,,,,,,,,,,75779,0,,,,,,,1,2149217,pdf,c535106255b8b1fd7e3515d973b37d7f,,,,0,2000-01-01 01:00:00,2017-04-19 18:56:56,,Инженерно-технические науки;Энергетика,
30094691,Введение в теорию переноса и физику защиты от ионизирующих излучений: учебного пособия для вузов,,,,Сахаров В.К.,2013,,Национальный исследовательский ядерный университет «Московский инженерно-физический институт»,,268,0,Russian,,,,978-5-7262-1769-7,,,,,,,,,,75780,0,,,,,,,1,3709293,pdf,36777675125e28fdb4324fa7579848da,,,,0,2000-01-01 01:00:00,2017-04-19 18:56:56,,Инженерно-технические науки;Энергетика,
30094692,"Лабораторный практикум \Физическая теория ядерных реакторов\"": учебное пособие для вузов""",,,,"Увакин М.А., Савандер В.И.",2013,,Национальный исследовательский ядерный университет «Московский инженерно-физический институт»,,56,0,Russian,,,,978-5-7262-1729-1,,,,,,,,,,75781,0,,,,,,,1,1015638,pdf,8e600db9fe5dc65f67606a4e9aadce24,,,,0,2000-01-01 01:00:00,2017-04-19 18:56:56,,Инженерно-технические науки;Энергетика,
30094693,Технологические процессы производства тепловой и электрической энергии на АЭС: учебное пособие для вузов,,,,"Якубенко И.А., Пинчук М.Э.",2013,,Национальный исследовательский ядерный университет «Московский инженерно-физический институт»,,288,0,Russian,,,,978-5-7262-1766-6,,,,,,,,,,75782,0,,,,,,,1,24179982,pdf,c39294a78646d08dd3adbe96631e903e,,,,0,2000-01-01 01:00:00,2017-04-19 18:56:56,,Инженерно-технические науки;Энергетика,
30094694,Обращенные к плазме элементы ТЯР: лабораторный практикум,,,,"Беграмбеков Л.Б., Бурлака В.И., Гаспарян Ю.М., Визгалов И.В.;Захаров А.М., Курнаев В.А., Песков В.В., Писарев А.А., Русинов А.А., Шигин П.А.",2008,,Национальный исследовательский ядерный университет «Московский инженерно-физический институт»,,120,0,Russian,,,,978-5-7262-0958-6,,,,,,,,,,75783,0,,,,,,,1,5855739,pdf,c9e20af49b298ceffd366a063382446e,,,,0,2000-01-01 01:00:00,2017-04-19 18:56:56,,Инженерно-технические науки;Энергетика,
30094695,Теплообмен в ядерных энергетических установках: сборник задач: учебное пособие для вузов,,,,"Архипов В.В., Деев В.И., Корсун А.С., Похвалов Ю.Е.;Деев В.И.",2010,,Национальный исследовательский ядерный университет «Московский инженерно-физический институт»,,128,0,Russian,,,,978-5-7262-1287-6,,,,,,,,,,75784,0,,,,,,,1,2514426,pdf,690910e3bb95135fb62f9300f2073131,,,,0,2000-01-01 01:00:00,2017-04-19 18:56:56,,Инженерно-технические науки;Энергетика,
30094696,Бухгалтерская финансовая отчетность: учебное пособие для вузов,,,,"Кувяткина Н.Н., Санжаров А.А.",2012,,Национальный исследовательский ядерный университет «Московский инженерно-физический институт»,,56,0,Russian,,,,978-5-7262-1800-7,,,,,,,,,,75785,0,,,,,,,1,644875,pdf,0870bca62d0c45f0ea837ad0428581ea,,,,0,2000-01-01 01:00:00,2017-04-19 18:56:56,,Экономика и менеджмент;Бухгалтерский учет; анализ и аудит,
30094697,Бухгалтерский учет и аудит внешнеэкономической деятельности: учебное пособие для вузов,,,,"Кувяткина Н.Н., Леонов П.Ю.",2012,,Национальный исследовательский ядерный университет «Московский инженерно-физический институт»,,88,0,Russian,,,,978-5-7262-1799-4,,,,,,,,,,75786,0,,,,,,,1,900939,pdf,8856029d753bae6c4de3ab7cb7d80180,,,,0,2000-01-01 01:00:00,2017-04-19 18:56:56,,Экономика и менеджмент;Бухгалтерский учет; анализ и аудит,
30094698,Международные стандарты учета и отчетности: учебное пособие для вузов,,,,"Кувяткина Н.Н., Леонов П.Ю.",2012,,Национальный исследовательский ядерный университет «Московский инженерно-физический институт»,,92,0,Russian,,,,978-5-7262-1798-7,,,,,,,,,,75787,0,,,,,,,1,1360080,pdf,77f1895931b8e265dea9198dbd4ae094,,,,0,2000-01-01 01:00:00,2017-04-19 18:56:56,,Экономика и менеджмент;Бухгалтерский учет; анализ и аудит,
30094699,Учет на предприятиях малого бизнеса: учебное пособие для вузов,,,,"Кувяткина Н.Н., Санжаров А.А.",2012,,Национальный исследовательский ядерный университет «Московский инженерно-физический институт»,,108,0,Russian,,,,978-5-7262-1801-4,,,,,,,,,,75788,0,,,,,,,1,826107,pdf,1404496984a7033eb0607278ae73525a,,,,0,2000-01-01 01:00:00,2017-04-19 18:56:56,,Экономика и менеджмент;Бухгалтерский учет; анализ и аудит,
30094700,Сетевые атаки на открытые системы на примере Интранета: учебное пособие для вузов,,,,Милославская Н.Г.,2012,,Национальный исследовательский ядерный университет «Московский инженерно-физический институт»,,64,0,Russian,,,,978-5-7262-1691-1,,,,,,,,,,75789,0,,,,,,,1,1045445,pdf,678aa611ca592409c3c7fa6a230a12b0,,,,0,2000-01-01 01:00:00,2017-04-19 18:56:56,,Информатика;Интернет. Сетевые технологии,
30094701,Операционная система Android: учебное пособие для вузов,,,,"Дмитриев М.А., Зуйков А.В., Кузин А.А., Минин П.Е.;Рапетов А.М., Самойлов А.С., Фроимсон М.И., Халявин В.Б., Шевченко Д.В., Жуков И.Ю.",2012,,Национальный исследовательский ядерный университет «Московский инженерно-физический институт»,,64,0,Russian,,,,978-5-7262-1780-2,,,,,,,,,,75790,0,,,,,,,1,2535101,pdf,9612dc3a4c1dd3041be0a2ef02e4c722,,,,0,2000-01-01 01:00:00,2017-04-19 18:56:56,,Информатика;Операционные системы,
30094702,Информационные технологии: свободно распространяемые программные средства OpenOffice.org Calc и Google: лабораторный практикум: учебное пособие для вузов,,,,"Клецова Т.В., Прохоров И.В.",2011,,Национальный исследовательский ядерный университет «Московский инженерно-физический институт»,,156,0,Russian,,,,978-5-7262-1599-0,,,,,,,,,,75791,0,,,,,,,1,6798152,pdf,e88e0c8fec96ab6f0a2726605b9c5c2b,,,,0,2000-01-01 01:00:00,2017-04-19 18:56:56,,Информатика;Программирование,
30094703,Разрушающие программные воздействия: учебно-методическое пособие для вузов,,,,"Вавренюк А.Б., Васильев Н.П., Вельмякина Е.В., Гуров Д.В.;Иванов М.А., Матвейчиков И.В., Мацук Н.А., Михайлов Д.М., Шустова Л.И., Иванов М.А.",2011,,Национальный исследовательский ядерный университет «Московский инженерно-физический институт»,,328,0,Russian,,,,978-5-7262-1503-7,,,,,,,,,,75792,0,,,,,,,1,3228903,pdf,1271f68b39c0c7311fe894191b9a9e6f,,,,0,2000-01-01 01:00:00,2017-04-19 18:56:56,,Информатика;Программирование,
30094704,Информационные технологии в бухгалтерском учете: методические рекомендации и сквозная задача по изучению программы 1C: предприятие - бухгалтерия предприятия (типовая конфигурация),,,,"Сорокина Л.Н., Кукса В.А.",2011,,Национальный исследовательский ядерный университет «Московский инженерно-физический институт»,,52,0,Russian,,,,978-5-7262-1495-5,,,,,,,,,,75793,0,,,,,,,1,631512,pdf,f58d3b2f58471e183db11f0973fc4ff7,,,,0,2000-01-01 01:00:00,2017-04-19 18:56:56,,Информатика;Программирование,
30094705,Профессиональный пакет прикладных программ: методические рекомендации и сквозная задача по изучению программы 1C: предприятие - бухгалтерия предприятия (типовая конфигурация),,,,"Сорокина Л.Н., Кукса В.А.",2011,,Национальный исследовательский ядерный университет «Московский инженерно-физический институт»,,44,0,Russian,,,,978-5-7262-1494-8,,,,,,,,,,75794,0,,,,,,,1,527600,pdf,f384b089cc823a2b46ae933bf3c11864,,,,0,2000-01-01 01:00:00,2017-04-19 18:56:56,,Информатика;Программирование,
30094706,Основы современного веб-программирования: учебное пособие для вузов,,,,Филиппов С.А.,2011,,Национальный исследовательский ядерный университет «Московский инженерно-физический институт»,,160,0,Russian,,,,978-5-7262-1402-3,,,,,,,,,,75795,0,,,,,,,1,1865269,pdf,2e26f23660ab3d42c087e9daa9c3ab2f,,,,0,2000-01-01 01:00:00,2017-04-19 18:56:56,,Информатика;Программирование,
30094707,Информатика: учебное пособие. Ч.1. Элементы программирования на языке Cu,,,,Шереметьев А.И.,2011,,Национальный исследовательский ядерный университет «Московский инженерно-физический институт»,,127,0,Russian,,,,978-5-7262-1378-1,,,,,,,,,,75796,0,,,,,,,1,1139244,pdf,096e460aae91c1262dd2f3e09d983c51,,,,0,2000-01-01 01:00:00,2017-04-19 18:56:56,,Информатика;Программирование,
30094708,"Лабораторный практикум \Проектирование цифровых устройств на программируемых логических интегральных схемах: (виртуальная микроэлектроника)""",,,,"Петропавловский В.П., Микульский С.Г., Сарксян К.А.",2012,,Национальный исследовательский ядерный университет «Московский инженерно-физический институт»,,104,0,Russian,,,,978-5-7262-1717-8,,,,,,,,,,75797,0,,,,,,,1,2246612,pdf,3574b94f8568af8f35e3272418c1918d,,,,0,2000-01-01 01:00:00,2017-04-19 18:56:56,,Информатика;САПР,
30094709,"Практикум по интерфейсам последовательной передачи данных: стандарты, программирование, моделирование: учебное пособие для вузов",,,,"Сафоненко В.А., Просандеев А.В., Смирнов М.Г.",2012,,Национальный исследовательский ядерный университет «Московский инженерно-физический институт»,,184,0,Russian,,,,978-5-7262-1709-3,,,,,,,,,,75798,0,,,,,,,1,2293346,pdf,68088a724cab82e4fa7a5e3c314170a7,,,,0,2000-01-01 01:00:00,2017-04-19 18:56:56,,Информатика;Программирование,
30094710,Основы программирования на параллельном СИ для МРР-систем: лабораторный практикум: учебное электронное издание,,,,"Вавренюк А.Б., Макаров В.В., Чепин Е.В.",2008,,Национальный исследовательский ядерный университет «Московский инженерно-физический институт»,,76,0,Russian,,,,978-5-7262-0944-9,,,,,,,,,,75799,0,,,,,,,1,628209,pdf,67e528f08ba80110a636fe75902a1b94,,,,0,2000-01-01 01:00:00,2017-04-19 18:56:56,,Информатика;Программирование,
30094711,Справочник токаря-универсала,,,,"Безъязычный В.Ф., Моисеев В.Г., Белецкий Д.Г., Шеметов М.Г.;под ред. М.Г. Шеметова и В.Ф. Безъязычного",2007,"2-е изд., перераб. и доп.","Издательство \Машиностроение\""""",,576,0,Russian,,,,978-5-217-03393-5,,,,,,,,,,758,0,,,,,,,1,40396658,pdf,48329f8f272eeb9d0db2af81b0148770,,,,0,2000-01-01 01:00:00,2017-04-19 18:56:56,https://e.lanbook.com/img/covers/book/1026/2007/758.jpg,Инженерно-технические науки;Машиностроение,
30094712,Программирование в системе моделирования GPSS: учебное пособие,,,,"Бычков С.П., Храмов А.А.",2010,,Национальный исследовательский ядерный университет «Московский инженерно-физический институт»,,60,0,Russian,,,,978-5-7262-1298-2,,,,,,,,,,75800,0,,,,,,,1,513565,pdf,2884b9f0762f446a4434f9ee01c44c4d,,,,0,2000-01-01 01:00:00,2017-04-19 18:56:56,,Информатика;Программирование,
30094713,"Проектирование Windows-приложений на языке Visual Basic.NET (2005,2008): учебно-методическое пособие",,,,"Волченков Н.Г., Троицкий А.К.",2010,,Национальный исследовательский ядерный университет «Московский инженерно-физический институт»,,96,0,Russian,,,,978-5-7262-1248-7,,,,,,,,,,75801,0,,,,,,,1,1732685,pdf,90c65b72756c8e16e47f9dd498a8211c,,,,0,2000-01-01 01:00:00,2017-04-19 18:56:56,,Информатика;Программирование,
30094714,Основы программирования в примерах на языке PASCAL: учебное пособие,,,,Демидов Д.В.,2010,,Национальный исследовательский ядерный университет «Московский инженерно-физический институт»,,172,0,Russian,,,,978-5-7262-1303-3,,,,,,,,,,75802,0,,,,,,,1,1280171,pdf,db1ba879cf1d14aaa2281e20d93b8d23,,,,0,2000-01-01 01:00:00,2017-04-19 18:56:56,,Информатика;Программирование,
30094715,UNIX: основы командного интерфейса и программирования (в примерах и задачах): учебное пособие для вузов,,,,"Забродин Л.Д., Макаров В.В., Вавренюк А.Б.",2010,,Национальный исследовательский ядерный университет «Московский инженерно-физический институт»,,204,0,Russian,,,,978-5-7262-1253-1,,,,,,,,,,75803,0,,,,,,,1,1617570,pdf,cea76e17018156aff77240ba6f23794f,,,,0,2000-01-01 01:00:00,2017-04-19 18:56:56,,Информатика;Программирование,
30094716,Современная информатика: учебное пособие для вузов,,,,"Аверьянов Г.П., Дмитриева В.В.",2011,,Национальный исследовательский ядерный университет «Московский инженерно-физический институт»,,436,0,Russian,,,,978-5-7262-1421-4,,,,,,,,,,75804,0,,,,,,,1,7243453,pdf,f5a99d96df17d9ed574bd8a5a02738ec,,,,0,2000-01-01 01:00:00,2017-04-19 18:56:56,,Информатика;Информационные технологии,
30094717,Применение методов Data Mining для поддержки процессов управления IT-услугами: учебное пособие,,,,Зайцев К.С.,2009,,Национальный исследовательский ядерный университет «Московский инженерно-физический институт»,,96,0,Russian,,,,978-5-7262-1150-3,,,,,,,,,,75805,0,,,,,,,1,2295353,pdf,135fbc3b2e4980884b4e784322293d73,,,,0,2000-01-01 01:00:00,2017-04-19 18:56:56,,Информатика;Администрирование,
30094718,Информационные технологии: электронные таблицы и поисковые системы: лабораторный практикум: учебное пособие для вузов,,,,"Клецова Т.В., Прохоров И.В.",2011,,Национальный исследовательский ядерный университет «Московский инженерно-физический институт»,,148,0,Russian,,,,978-5-7262-1575-4,,,,,,,,,,75806,0,,,,,,,1,9850726,pdf,a8a4293b46ebd78229bc405d3aaa72eb,,,,0,2000-01-01 01:00:00,2017-04-19 18:56:56,,Информатика;Информатизация бизнеса,
30094719,Синтез цифровых управляющих автоматов: учебное пособие для вузов,,,,Крушный В.В.,2011,,Национальный исследовательский ядерный университет «Московский инженерно-физический институт»,,164,0,Russian,,,,978-5-7262-1521-1,,,,,,,,,,75807,0,,,,,,,1,4432156,pdf,aa90970e1a66272ab1184f2fa618edfa,,,,0,2000-01-01 01:00:00,2017-04-19 18:56:56,,Информатика;Аппаратное обеспечение,
30094720,Технология построения динамических интеллектуальных систем: учебное пособие для вузов,,,,"Рыбина Г.В., Паронджанов С.С.",2011,,Национальный исследовательский ядерный университет «Московский инженерно-физический институт»,,240,0,Russian,,,,978-5-7262-1565-5,,,,,,,,,,75808,0,,,,,,,1,3672156,pdf,40f24939eb5f40cfeea6d0279d7bc4a0,,,,0,2000-01-01 01:00:00,2017-04-19 18:56:56,,Информатика;Виртуальные приборы,
30094721,Базы данных: учебное пособие для вузов,,,,Шнырёв С.Л.,2011,,Национальный исследовательский ядерный университет «Московский инженерно-физический институт»,,224,0,Russian,,,,978-5-7262-1483-2,,,,,,,,,,75809,0,,,,,,,1,26381648,pdf,b2949fb35cfe2bc97c46602daad29021,,,,0,2000-01-01 01:00:00,2017-04-19 18:56:56,,Информатика;Прикладные программы,
30094722,Криптографические методы защиты информации в компьютерных системах и сетях: учебное пособие для вузов,,,,"Иванов М.А., Чугунков И.В.;Под редакцией Иванова М.А.",2012,,Национальный исследовательский ядерный университет «Московский инженерно-физический институт»,,400,0,Russian,,,,978-5-7262-1676-8,,,,,,,,,,75810,0,,,,,,,1,3577676,pdf,dc5641d90284dfad59c8c8528ebfadc4,,,,0,2000-01-01 01:00:00,2017-04-19 18:56:56,,Информатика;Защита информации,
30094723,"Лабораторный практикум по курсу \Основы вычислительной техники\"": учебное пособие для вузов""",,,,"Капустина Н.В., Литвин Н.В.",2012,,Национальный исследовательский ядерный университет «Московский инженерно-физический институт»,,64,0,Russian,,,,978-5-7262-1595-2,,,,,,,,,,75811,0,,,,,,,1,1058484,pdf,95b3f832b69dc61291666aff9cda072b,,,,0,2000-01-01 01:00:00,2017-04-19 18:56:56,,Информатика;Компьютерная графика,
30094724,"Лабораторный практикум \Применение современных Open-Source технологий при создании корпоративных систем\"": учебное пособие для вузов""",,,,"Королев А.С., Нигматуллина К.В.",2012,,Национальный исследовательский ядерный университет «Московский инженерно-физический институт»,,48,0,Russian,,,,978-5-7262-1779-6,,,,,,,,,,75812,0,,,,,,,1,1608955,pdf,01bc00d5c2265cb31bd129a4b8fb6494,,,,0,2000-01-01 01:00:00,2017-04-19 18:56:56,,Информатика;САПР,
30094725,Схемотехника ЭВМ: сборник задач: учебное пособие для вузов,,,,"Дмитриев Н.А., Ёхин М.Н., Иванов М.А., Ковригин Б.Н.;Новиков Г.Г., Тышкевич В.Г., Ядыкин И.М.",2012,,Национальный исследовательский ядерный университет «Московский инженерно-физический институт»,,240,0,Russian,,,,978-5-7262-1776-5,,,,,,,,,,75813,0,,,,,,,1,6428481,pdf,6d1bed19b41d596654ea71caa68cc07a,,,,0,2000-01-01 01:00:00,2017-04-19 18:56:56,,Информатика;Аппаратное обеспечение,
30094726,Теория автоматов: лабораторный практикум,,,,"Дмитриев Н.А., Дюмин А.А., Ёхин М.Н., Ковригин Б.Н.;Тышкевич В.Г., Шустова Л.И., Ядыкин И.М., Ковригин Б.Н.",2012,,Национальный исследовательский ядерный университет «Московский инженерно-физический институт»,,192,0,Russian,,,,978-5-7262-1781-9,,,,,,,,,,75814,0,,,,,,,1,2738393,pdf,3257a191a14c8626fb8a37c24a3f2081,,,,0,2000-01-01 01:00:00,2017-04-19 18:56:56,,Информатика;САПР,
30094727,Микроконтроллеры и их применение в электронной аппаратуре: учебное пособие,,,,"Шагурин И.И., Мокрецов М.О.",2013,,Национальный исследовательский ядерный университет «Московский инженерно-физический институт»,,160,0,Russian,,,,978-5-7262-1827-4,,,,,,,,,,75815,0,,,,,,,1,1997145,pdf,674616de54ecbae41dc8319fc7138a43,,,,0,2000-01-01 01:00:00,2017-04-19 18:56:56,,Информатика;Аппаратное обеспечение,
30094728,Измерительный комплекс на основе персонального компьютера и измерительных модулей: лабораторная работа,,,,"Пашенцев В.Н., Струков Ю.Н.",2009,,Национальный исследовательский ядерный университет «Московский инженерно-физический институт»,,48,0,Russian,,,,978-5-7262-1099-5,,,,,,,,,,75816,0,,,,,,,1,1540154,pdf,ee7a167abc01e46c2fbcef27fdb139ab,,,,0,2000-01-01 01:00:00,2017-04-19 18:56:56,,Информатика;Аппаратное обеспечение,
30094729,Информатика: сборник домашних заданий,,,,Шереметьев А.И.,2009,,Национальный исследовательский ядерный университет «Московский инженерно-физический институт»,,56,0,Russian,,,,978-5-7262-1144-2,,,,,,,,,,75817,0,,,,,,,1,934876,pdf,947b2d8ba649403d867186aeb2c28bed,,,,0,2000-01-01 01:00:00,2017-04-19 18:56:56,,Информатика;Программирование,
30094730,Основы теории информации и кодирования: учебное пособие для вузов,,,,Березкин Е.Ф.,2010,,Национальный исследовательский ядерный университет «Московский инженерно-физический институт»,,312,0,Russian,,,,978-5-7262-1294-4,,,,,,,,,,75818,0,,,,,,,1,2955434,pdf,d9ca976b45d6cdf9c6082e9e302fdbf0,,,,0,2000-01-01 01:00:00,2017-04-19 18:56:56,,Информатика;Математические программы,
30094731,"Методическое пособие по выполнению лабораторных работ в СУБД D3 по курсу \Проектирование баз данных\""""",,,,"Болотская Т.М., Щукин Б.А.",2010,,Национальный исследовательский ядерный университет «Московский инженерно-физический институт»,,48,0,Russian,,,,978-5-7262-1312-5,,,,,,,,,,75819,0,,,,,,,1,632460,pdf,ac61600777600e3809cda8cb67ca9ca9,,,,0,2000-01-01 01:00:00,2017-04-19 18:56:56,,Информатика;Прикладные программы,
30094732,"Методическое пособие по использованию кодов обработки при выполнении лабораторных работ в СУБД D3 по курсу \Проектирование баз данных\""""",,,,"Болотская Т.М., Щукин Б.А.",2010,,Национальный исследовательский ядерный университет «Московский инженерно-физический институт»,,28,0,Russian,,,,978-5-7262-1309-5,,,,,,,,,,75820,0,,,,,,,1,410826,pdf,712648cfa800b9849728741ddbeddc21,,,,0,2000-01-01 01:00:00,2017-04-19 18:56:56,,Информатика;Прикладные программы,
30094733,Проектирование микропроцессорных систем: лабораторный практикум,,,,"Гуров В.В., Егорова И.А., Тышкевич В.Г.",2010,,Национальный исследовательский ядерный университет «Московский инженерно-физический институт»,,64,0,Russian,,,,978-5-7262-1232-6,,,,,,,,,,75821,0,,,,,,,1,2525057,pdf,1f8cb25bec173029da4f878ba78f3be3,,,,0,2000-01-01 01:00:00,2017-04-19 18:56:56,,Информатика;Аппаратное обеспечение,
30094734,Создание баз данных: учебное пособие,,,,Кудрявцев К.Я.,2010,,Национальный исследовательский ядерный университет «Московский инженерно-физический институт»,,155,0,Russian,,,,978-5-7262-1302-6,,,,,,,,,,75822,0,,,,,,,1,2475611,pdf,8ab1ddfb24856fd372ee498dc5da703c,,,,0,2000-01-01 01:00:00,2017-04-19 18:56:56,,Информатика;Прикладные программы,
30094735,Основы теории информации и кодирования: Лабораторный практикум: учебно-методическое пособие,,,,Березкин Е.Ф.,2009,"2-е изд., перераб. и доп.",Национальный исследовательский ядерный университет «Московский инженерно-физический институт»,,84,0,Russian,,,,978-5-7262-1120-6,,,,,,,,,,75823,0,,,,,,,1,862661,pdf,3d91269511d1ef2ffdeff559c468d001,,,,0,2000-01-01 01:00:00,2017-04-19 18:56:56,,Информатика;Математические программы,
30094736,Взаимосвязь открытых систем (основы теории и практики): учебное пособие,,,,"Никифоров А.Ю., Русаков В.А.",2010,,Национальный исследовательский ядерный университет «Московский инженерно-физический институт»,,108,0,Russian,,,,978-5-7262-1324-8,,,,,,,,,,75824,0,,,,,,,1,888564,pdf,060b3c243241e6b270531c21147382c9,,,,0,2000-01-01 01:00:00,2017-04-19 18:56:56,,Информатика;Информационные технологии,
30094737,Зачет по аналитической геометрии. 1 семестр,,,,"Гришин С.А., Мустяца С.В., Петрова М.А., Садекова Е.Х.",2009,,Национальный исследовательский ядерный университет «Московский инженерно-физический институт»,,36,0,Russian,,,,,,,,,,,,,,75825,0,,,,,,,1,741820,pdf,3191b80811e4b6423b71d911d657632e,,,,0,2000-01-01 01:00:00,2017-04-19 18:56:56,,Геометрия;Математика,
30094738,"Лабораторный практикум по курсу \Численные методы\"": учебное пособие""",,,,Трухачев А.А.,2010,,Национальный исследовательский ядерный университет «Московский инженерно-физический институт»,,88,0,Russian,,,,978-5-7262-1344-6,,,,,,,,,,75826,0,,,,,,,1,529746,pdf,8c1ca8bf2e9c7063dd9bff5e09c8d3cb,,,,0,2000-01-01 01:00:00,2017-04-19 18:56:56,,Методы вычислительной математики;Математика,
30094739,Методика решения математических задач: учебно-методическое пособие для вузов,,,,"Башуров В.В., Комлева И.А.",2011,,Национальный исследовательский ядерный университет «Московский инженерно-физический институт»,,140,0,Russian,,,,978-5-7262-1306-4,,,,,,,,,,75827,0,,,,,,,1,1529239,pdf,54afb6e533dbc8933c0cf9701c9f91a4,,,,0,2000-01-01 01:00:00,2017-04-19 18:56:56,,Высшая математика;Математика,
30094740,Зачет по линейной алгебре. 2 семестр,,,,"Гришин С.А., Мустяца С.В., Петрова М.А., Садекова Е.Х.",2009,,Национальный исследовательский ядерный университет «Московский инженерно-физический институт»,,36,0,Russian,,,,,,,,,,,,,,75828,0,,,,,,,1,1721519,pdf,4b44c2b27d181b300edec232f90174a0,,,,0,2000-01-01 01:00:00,2017-04-19 18:56:56,,Высшая математика;Математика,
30094741,Зачет по математическому анализу. 1 семестр,,,,"Гришин С.А., Мустяца С.В., Петрова М.А., Садекова Е.Х.",2009,,Национальный исследовательский ядерный университет «Московский инженерно-физический институт»,,36,0,Russian,,,,,,,,,,,,,,75829,0,,,,,,,1,345400,pdf,21dbb3c566827390087267815fae5768,,,,0,2000-01-01 01:00:00,2017-04-19 18:56:56,,Математический анализ;Математика,
30094742,Курс лекций по обыкновенным дифференциальным уравнениям: учебное пособие для вузов,,,,"Бухарова Т.И., Камынин В.Л., Костин А.Б., Ткаченко Д.С.",2011,,Национальный исследовательский ядерный университет «Московский инженерно-физический институт»,,228,0,Russian,,,,978-5-7262-1400-9,,,,,,,,,,75830,0,,,,,,,1,2444234,pdf,ce9bb88c30b4b950b4848a84d569a0aa,,,,0,2000-01-01 01:00:00,2017-04-19 18:56:56,,Дифференциальные уравнения и теория устойчивости;Математика,
30094743,Основы теории множеств и теории отображений: учебное пособие для вузов,,,,Медведева М.В.,2011,,Национальный исследовательский ядерный университет «Московский инженерно-физический институт»,,52,0,Russian,,,,978-5-7262-1465-8,,,,,,,,,,75831,0,,,,,,,1,930849,pdf,027b55524324f9dc62ca1722940c2990,,,,0,2000-01-01 01:00:00,2017-04-19 18:56:56,,Функциональный анализ;Математика,
30094744,Основы теории вероятностей: учебное пособие для вузов,,,,Мишулина О.А.,2011,,Национальный исследовательский ядерный университет «Московский инженерно-физический институт»,,196,0,Russian,,,,978-5-7262-1473-3,,,,,,,,,,75832,0,,,,,,,1,3483740,pdf,704170c15304db47a5d64ae8f4623402,,,,0,2000-01-01 01:00:00,2017-04-19 18:56:56,,Теория вероятностей и математическая статистика;Математика,
30094745,Нелинейное программирование в современных задачах оптимизации: учебное пособие для вузов,,,,"Бородакий Ю.В., Загребаев А.М., Крицына Н.А., Кульбичев Ю.П.;Шумилов Ю.Ю.",2011,,Национальный исследовательский ядерный университет «Московский инженерно-физический институт»,,244,0,Russian,,,,978-5-7262-1451-1,,,,,,,,,,75833,0,,,,,,,1,2953601,pdf,876184d398b21c6fcdb05f7ae5cce29a,,,,0,2000-01-01 01:00:00,2017-04-19 18:56:56,,Дискретная математика и математическая логика;Математика,
30094746,Избранные главы математики в примерах и задачах: Учебное пособие,,,,Кнопова С.М.,2009,,Национальный исследовательский ядерный университет «Московский инженерно-физический институт»,,68,0,Russian,,,,978-5-7262-1138-1,,,,,,,,,,75834,0,,,,,,,1,1056684,pdf,74ffef30bf06a4fe8af1436435ad8782,,,,0,2000-01-01 01:00:00,2017-04-19 18:56:56,,Высшая математика;Математика,
30094747,Метод Монте-Карло: учебное пособие для вузов,,,,Савёлова Т.И.,2011,,Национальный исследовательский ядерный университет «Московский инженерно-физический институт»,,152,0,Russian,,,,978-5-7262-1546-4,,,,,,,,,,75835,0,,,,,,,1,2455737,pdf,f08887455a4540cd3fc48713c0b74a23,,,,0,2000-01-01 01:00:00,2017-04-19 18:56:56,,Теория вероятностей и математическая статистика;Математика,
30094748,Нечеткие модели дискретной математики: учебное пособие для вузов,,,,"Тихомирова А.Н., Клейменова М.Г.",2011,,Национальный исследовательский ядерный университет «Московский инженерно-физический институт»,,108,0,Russian,,,,978-5-7262-1493-1,,,,,,,,,,75836,0,,,,,,,1,751427,pdf,25520e1248b04c4e53df33ffdee157a7,,,,0,2000-01-01 01:00:00,2017-04-19 18:56:56,,Дискретная математика и математическая логика;Математика,
30094749,Практикум по теории алгоритмов: учебное пособие для вузов,,,,"Тихомирова А.Н., Сафоненко Н.В.",2011,,Национальный исследовательский ядерный университет «Московский инженерно-физический институт»,,132,0,Russian,,,,978-5-7262-1468-9,,,,,,,,,,75837,0,,,,,,,1,1234104,pdf,0d898c756449dbe9654bbef6f012c462,,,,0,2000-01-01 01:00:00,2017-04-19 18:56:56,,Дискретная математика и математическая логика;Математика,
30094750,Начала математического анализа. Числа и множества чисел. Последовательности и их пределы. Пределы и непрерывность функций. Дифференциальное исчисление функций одной переменной: учебное пособие для вузов,,,,Шведенко С.В.,2011,,Национальный исследовательский ядерный университет «Московский инженерно-физический институт»,,324,0,Russian,,,,978-5-7262-1476-4,,,,,,,,,,75838,0,,,,,,,1,3317545,pdf,9682f3f4d7565cabcf657e79da74c545,,,,0,2000-01-01 01:00:00,2017-04-19 18:56:56,,Математический анализ;Математика,
30094751,Надежность тестов: учебно-методическое пособие,,,,Белобородов В.Н.,2012,,Национальный исследовательский ядерный университет «Московский инженерно-физический институт»,,36,0,Russian,,,,978-5-7262-1683-6,,,,,,,,,,75839,0,,,,,,,1,461272,pdf,88e31080a97442e2f93a83c1d2a19a62,,,,0,2000-01-01 01:00:00,2017-04-19 18:56:56,,Теория вероятностей и математическая статистика;Математика,
30094752,Сборник домашних заданий по уравнениям математической физики: учебно-методическое пособие для вузов,,,,"Гусева И.Л., Шерстюкова О.В.",2012,,Национальный исследовательский ядерный университет «Московский инженерно-физический институт»,,44,0,Russian,,,,978-5-7262-1659-1,,,,,,,,,,75842,0,,,,,,,1,464621,pdf,01e2c2b667d56ec4830771171ef4a7bb,,,,0,2000-01-01 01:00:00,2017-04-19 18:56:56,,Математика;Математическая физика,
30094753,"Задачник по курсу \Математическая лингвистика и теория автоматов\"": учебное пособие для вузов""",,,,"Короткова М.А., Трифонова Е.Е.",2012,,Национальный исследовательский ядерный университет «Московский инженерно-физический институт»,,92,0,Russian,,,,978-5-7262-1702-4,,,,,,,,,,75843,0,,,,,,,1,1700975,pdf,2afe329e0b350700475ecfe9bd094100,,,,0,2000-01-01 01:00:00,2017-04-19 18:56:56,,Дискретная математика и математическая логика;Математика,
30094754,Моделирование физических процессов с использованием пакета comsol Multiphysics: учебное пособие для вузов,,,,"Красников Г.Е., Нагорнов О.В., Старостин Н.В.",2012,,Национальный исследовательский ядерный университет «Московский инженерно-физический институт»,,184,0,Russian,,,,978-5-7262-1688-1,,,,,,,,,,75844,0,,,,,,,1,12989145,pdf,11c972a732fea3d4bf529810887b0fba,,,,0,2000-01-01 01:00:00,2017-04-19 18:56:56,,Прикладная математика;Математика,
30094755,Решение задач в частных производных в среде MAXIMA: компьютерный практикум: учебное пособие для вузов,,,,Лавренюк С.Ю.,2012,,Национальный исследовательский ядерный университет «Московский инженерно-физический институт»,,68,0,Russian,,,,978-5-7262-1693-5,,,,,,,,,,75845,0,,,,,,,1,1337617,pdf,66e64411e671006f5f2abe45ce1d23cd,,,,0,2000-01-01 01:00:00,2017-04-19 18:56:56,,Дифференциальные уравнения и теория устойчивости;Математика,
30094756,"Избранные разделы курса \Векторный анализ\"" (теория и примеры)""",,,,"Логинов А.С., Мирошин Н.В., Селиванова С.Г.",2009,,Национальный исследовательский ядерный университет «Московский инженерно-физический институт»,,96,0,Russian,,,,978-5-7262-1118-3,,,,,,,,,,75846,0,,,,,,,1,1147409,pdf,9ceb1996dfdd10e001eeda42e84dc4f2,,,,0,2000-01-01 01:00:00,2017-04-19 18:56:56,,Математический анализ;Математика,
30094757,Анализ данных: учебное пособие для вузов,,,,"Низаметдинов Ш.У., Румянцев В.П.",2012,,Национальный исследовательский ядерный университет «Московский инженерно-физический институт»,,288,0,Russian,,,,978-5-7262-1687-4,,,,,,,,,,75847,0,,,,,,,1,3643750,pdf,773a7dde513036b19c4c704de69db5d0,,,,0,2000-01-01 01:00:00,2017-04-19 18:56:56,,Прикладная математика;Математика,
30094758,Оптимизация распределения энерговыделения в активной зоне ядерного реактора: учебное пособие для вузов,,,,"Постников В.В., Якунин И.С.",2012,,Национальный исследовательский ядерный университет «Московский инженерно-физический институт»,,48,0,Russian,,,,978-5-7262-1747-5,,,,,,,,,,75848,0,,,,,,,1,788942,pdf,d44b60b26cec7fef56760a1b4bdea203,,,,0,2000-01-01 01:00:00,2017-04-19 18:56:56,,Прикладная математика;Математика,
30094759,Методы решения некорректных задач текстурного анализа и их приложения: учебное пособие для вузов,,,,"Савёлова Т.И., Иванова Т.М., Сыпченко М.В.",2012,,Национальный исследовательский ядерный университет «Московский инженерно-физический институт»,,286,0,Russian,,,,978-5-7262-1740-6,,,,,,,,,,75849,0,,,,,,,1,6040197,pdf,08ac3b11481eb4309339e9db3680b9bb,,,,0,2000-01-01 01:00:00,2017-04-19 18:56:56,,Математический анализ;Математика,
30094760,Векторная алгебра: учебно-методическое пособие,,,,"Сандаков Е.Б., Гордеев Ю.Н.",2012,,Национальный исследовательский ядерный университет «Московский инженерно-физический институт»,,36,0,Russian,,,,978-5-7262-1741-3,,,,,,,,,,75850,0,,,,,,,1,1215546,pdf,32288ecf82e846fac5a40c4103c6fa49,,,,0,2000-01-01 01:00:00,2017-04-19 18:56:56,,Геометрия;Математика,
30094761,Методы решения задач по теме \Интегральные уравнения," краевые и спектральные задачи\"": учебно-методическое пособие""",,,,"Сандаков Е.Б., Гордеев Ю.Н., Простокишин В.М.",2012,,Национальный исследовательский ядерный университет «Московский инженерно-физический институт»,,64,0,Russian,,,,978-5-7262-1734-5,,,,,,,,,,75851,0,,,,,,,1,1166666,pdf,c73807965a78e3a915016b389fa2c45f,,,,0,2000-01-01 01:00:00,2017-04-19 18:56:56,,Дифференциальные уравнения и теория устойчивости;Математика
30094762,Аналитическая геометрия: учебно-методическое пособие для вечернего факультета,,,,Михайлов Л.Е.,2009,,Национальный исследовательский ядерный университет «Московский инженерно-физический институт»,,80,0,Russian,,,,978-5-7262-1111-4,,,,,,,,,,75852,0,,,,,,,1,1319385,pdf,d91a92cf6845a84862368a69e712d254,,,,0,2000-01-01 01:00:00,2017-04-19 18:56:56,,Геометрия;Математика,
30094763,"Методы и средства оценки качества генераторов псевдослучайных последовательностей, ориентированных на решение задач защиты информации: учебное пособие для вузов",,,,Чугунков И.В.,2012,,Национальный исследовательский ядерный университет «Московский инженерно-физический институт»,,236,0,Russian,,,,978-5-7262-1690-4,,,,,,,,,,75853,0,,,,,,,1,2650636,pdf,d821ff7a84c399ea7bf0e83cfa732c22,,,,0,2000-01-01 01:00:00,2017-04-19 18:56:56,,Прикладная математика;Математика,
30094764,"Интегралы, зависящие от параметра: учебно-методическое пособие",,,,"Баскаков А.В., Сумин Е.В.",2013,,Национальный исследовательский ядерный университет «Московский инженерно-физический институт»,,52,0,Russian,,,,978-5-7262-1838-0,,,,,,,,,,75854,0,,,,,,,1,444288,pdf,6c133f0efc77b4c62657f5da8f5602fa,,,,0,2000-01-01 01:00:00,2017-04-19 18:56:56,,Математический анализ;Математика,
30094765,Методы оптимизации и оптимального управления: учебное пособие для вузов,,,,"Власов В.А., Толоконский А.О.",2013,,Национальный исследовательский ядерный университет «Московский инженерно-физический институт»,,88,0,Russian,,,,978-5-7262-1806-9,,,,,,,,,,75855,0,,,,,,,1,823830,pdf,9cd9fcf0a325c483b94e3ae6c3ddd915,,,,0,2000-01-01 01:00:00,2017-04-19 18:56:56,,Прикладная математика;Математика,
30094766,Приведение кривых и поверхностей второго порядка к каноническому виду: учебно-методическое пособие,,,,"Сандаков Е.Б., Трифоненков В.П., Смоленцев М.В.",2009,,Национальный исследовательский ядерный университет «Московский инженерно-физический институт»,,32,0,Russian,,,,978-5-7262-1134-3,,,,,,,,,,75856,0,,,,,,,1,1370117,pdf,4151deb345be9312f45b0a50e74dcf3a,,,,0,2000-01-01 01:00:00,2017-04-19 18:56:56,,Математический анализ;Математика,
30094767,Сборник домашних заданий по теории функций комплексного переменного,,,,"Сандаков Е.Б., Селиванова С.Г.",2009,,Национальный исследовательский ядерный университет «Московский инженерно-физический институт»,,40,0,Russian,,,,978-5-7262-1133-6,,,,,,,,,,75857,0,,,,,,,1,326859,pdf,deb9b3078d55d504a9c0232ccf59a386,,,,0,2000-01-01 01:00:00,2017-04-19 18:56:56,,Функциональный анализ;Математика,
30094768,Информационные технологии принятия решений в условиях конфликта: учебное пособие для вузов: в 2 ч. Ч.2. Оптимальное поведение и психоэмоциональное состояние,,,,"Алюшин М.В., Колобашкина Л.В.",2010,,Национальный исследовательский ядерный университет «Московский инженерно-физический институт»,,160,0,Russian,,,,978-5-7262-1270-8,,,,,,,,,,75858,0,,,,,,,1,13442180,pdf,8c01bbcddb903e7793aa85fd59dd3cbf,,,,0,2000-01-01 01:00:00,2017-04-19 18:56:56,,Методы вычислительной математики;Математика,
30094769,Вейвлет-анализ в примерах: учебное пособие для вузов,,,,"Нагорнов О.В., Никитаев В.Г., Простокишин В.М., Тюфлин С.А.;Проничев А.Н., Бухарова Т.И., Чистов К.С., Кашафутдинов Р.З., Хоркин В.А.",2010,,Национальный исследовательский ядерный университет «Московский инженерно-физический институт»,,120,0,Russian,,,,978-5-7262-1387-3,,,,,,,,,,75859,0,,,,,,,1,3278399,pdf,265f5333a69e169c719c66c24ac00e58,,,,0,2000-01-01 01:00:00,2017-04-19 18:56:56,,Прикладная математика;Математика,
30094770,Дискретная математика для информатиков и экономистов: учебное пособие для вузов,,,,"Гусева А.И., Тихомирова А.Н.",2010,,Национальный исследовательский ядерный университет «Московский инженерно-физический институт»,,280,0,Russian,,,,978-5-7262-1224-1,,,,,,,,,,75860,0,,,,,,,1,3461385,pdf,db85e09b521c3ed1f1c6a70fb73c1448,,,,0,2000-01-01 01:00:00,2017-04-19 18:56:56,,Дискретная математика и математическая логика;Математика,
30094771,Дискретная математика: учебное пособие. Ч.1. Основные алгебраические структуры,,,,Иванов А.Н.,2010,,Национальный исследовательский ядерный университет «Московский инженерно-физический институт»,,188,0,Russian,,,,978-5-7262-1197-8,,,,,,,,,,75861,0,,,,,,,1,2242478,pdf,d46d5565c4c0d29b3dccc6933c3a6919,,,,0,2000-01-01 01:00:00,2017-04-19 18:56:56,,Дискретная математика и математическая логика;Математика,
30094772,Интегральные и дифференциальные операторы и обобщенные функции: учебно-методическое пособие для вузов,,,,"Мирошин Н.В., Логинов А.С., Гордеев Ю.Н., Простокишин В.М.",2010,,Национальный исследовательский ядерный университет «Московский инженерно-физический институт»,,168,0,Russian,,,,978-5-7262-1317-0,,,,,,,,,,75862,0,,,,,,,1,1590414,pdf,dc6d3128ec9d0a5704bfe3243449ef97,,,,0,2000-01-01 01:00:00,2017-04-19 18:56:56,,Математический анализ;Математика,
30094773,Программирование численных методов линейной алгебры: учебно-методическое пособие,,,,Козин Р.Г.,2010,,Национальный исследовательский ядерный университет «Московский инженерно-физический институт»,,128,0,Russian,,,,978-5-7262-1354-5,,,,,,,,,,75863,0,,,,,,,1,1462664,pdf,4122ab7fd48dd99d120682130e197cd1,,,,0,2000-01-01 01:00:00,2017-04-19 18:56:56,,Методы вычислительной математики;Математика,
30094774,Информационные технологии принятия решений в условиях конфликта: учебное пособие для вузов: в 2 ч. Ч.1. Основы теории игр,,,,"Колобашкина Л.В., Алюшин М.В.",2010,,Национальный исследовательский ядерный университет «Московский инженерно-физический институт»,,164,0,Russian,,,,978-5-7262-1263-0,,,,,,,,,,75864,0,,,,,,,1,11005022,pdf,ec1da311ffd28925c81f6720a764b0f5,,,,0,2000-01-01 01:00:00,2017-04-19 18:56:56,,Методы вычислительной математики;Математика,
30094775,Элементы теории принятия решений (критерии и задачи): учебное пособие для вузов,,,,Кулик С.Д.,2010,,Национальный исследовательский ядерный университет «Московский инженерно-физический институт»,,188,0,Russian,,,,978-5-7262-1221-0,,,,,,,,,,75865,0,,,,,,,1,1979563,pdf,dd007ff9eb3788ec8aa2d92826d7f6cf,,,,0,2000-01-01 01:00:00,2017-04-19 18:56:56,,Теория вероятностей и математическая статистика;Математика,
30094776,Методика решения задач повышенной сложности по теории функций комплексного переменного: учебно-методическое пособие для вузов,,,,"Барменков А.Н., Сандракова Е.В., Шерстюков В.Б., Шерстюкова О.В.",2010,,Национальный исследовательский ядерный университет «Московский инженерно-физический институт»,,100,0,Russian,,,,978-5-7262-1374-3,,,,,,,,,,75866,0,,,,,,,1,2054235,pdf,50c22828141cb27148d8c05e459ffc35,,,,0,2000-01-01 01:00:00,2017-04-19 18:56:56,,Функциональный анализ;Математика,
30094777,Определенный интеграл. Практикум: учебное пособие. Ч.1,,,,Орловский Д.Г.,2010,,Национальный исследовательский ядерный университет «Московский инженерно-физический институт»,,351,0,Russian,,,,978-5-7262-1249-4,,,,,,,,,,75867,0,,,,,,,1,1480563,pdf,ef055e266bb47c5be9d7328ee4e02081,,,,0,2000-01-01 01:00:00,2017-04-19 18:56:56,,Математический анализ;Математика,
30094778,Определенный интеграл. Практикум: учебное пособие. Ч.2,,,,Орловский Д.Г.,2010,,Национальный исследовательский ядерный университет «Московский инженерно-физический институт»,,300,0,Russian,,,,978-5-7262-1250-0,,,,,,,,,,75868,0,,,,,,,1,3045681,pdf,c946a14d09585c7f286fe1d99d340470,,,,0,2000-01-01 01:00:00,2017-04-19 18:56:56,,Математический анализ;Математика,
30094779,Теория вероятностей и математическая статистика: курс лекций. Ч.1,,,,"Постникова Л.П., Сумин Е.В.",2010,,Национальный исследовательский ядерный университет «Московский инженерно-физический институт»,,84,0,Russian,,,,978-5-7262-1347-7,,,,,,,,,,75869,0,,,,,,,1,971993,pdf,3bd786ec96f3b8e8d80592cb2cbec1ab,,,,0,2000-01-01 01:00:00,2017-04-19 18:56:56,,Теория вероятностей и математическая статистика;Математика,
30094780,Теория вероятностей и математическая статистика: курс лекций. Ч.2,,,,"Постникова Л.П., Сумин Е.В.",2010,,Национальный исследовательский ядерный университет «Московский инженерно-физический институт»,,148,0,Russian,,,,978-5-7262-1348-4,,,,,,,,,,75870,0,,,,,,,1,1518083,pdf,5c5ab088401c5fbf8dacbc831a609292,,,,0,2000-01-01 01:00:00,2017-04-19 18:56:56,,Теория вероятностей и математическая статистика;Математика,
30094781,Численные методы. Компьютерный практикум: учебно-методическое пособие для вузов,,,,Ращиков В.И.,2010,,Национальный исследовательский ядерный университет «Московский инженерно-физический институт»,,132,0,Russian,,,,978-5-7262-1223-4,,,,,,,,,,75871,0,,,,,,,1,1214947,pdf,d9cc68fc20e602b0af1d1e41c288c06c,,,,0,2000-01-01 01:00:00,2017-04-19 18:56:56,,Методы вычислительной математики;Математика,
30094782,Томографические измерительные информационные системы: рентгеновская компьютерная томография: учебное пособие,,,,Симонов Е.Н.,2011,,Национальный исследовательский ядерный университет «Московский инженерно-физический институт»,,440,0,Russian,,,,978-5-7262-1520-4,,,,,,,,,,75872,0,,,,,,,1,9313108,pdf,c092be12c66d3ab2495fa4741fabf5f0,,,,0,2000-01-01 01:00:00,2017-04-19 18:56:56,,Медицина;Диагностика; профилактика; реабилитация,
30094783,"Физика ядерной медицины. Ч.2. Позитронно-эмиссионные сканеры, реконструкция изображений в позитронно-эмиссионной томографии, комбинированные системы ПЭТ/КТ и ОФЭКТ/ПЭТ, кинетика радиофармпрепаратов, радионуклидная терапия, внутренняя дозиметрия",,,,"Беляев В.Н., Климанов В.А.",2012,,Национальный исследовательский ядерный университет «Московский инженерно-физический институт»,,248,0,Russian,,,,978-5-7262-1757-4,,,,,,,,,,75873,0,,,,,,,1,4656922,pdf,dc557bb8b94232cf1dafa86077e775ba,,,,0,2000-01-01 01:00:00,2017-04-19 18:56:56,,Медицина;Диагностика; профилактика; реабилитация,
30094784,"Физика ядерной медицины. Ч.1. Физический фундамент ядерной медицины, уст-во и основные хар-ки гамма-камер и коллиматоров ?-излучения, однофотонная эмиссионная томография, реконструкция распределений активности радионуклидов в организме человека",,,,Климанов В.А.,2012,,Национальный исследовательский ядерный университет «Московский инженерно-физический институт»,,308,0,Russian,,,,978-5-7262-1757-4,,,,,,,,,,75874,0,,,,,,,1,8891822,pdf,9c4fe9ed1d21727ead57067903b7c1a7,,,,0,2000-01-01 01:00:00,2017-04-19 18:56:56,,Медицина;Диагностика; профилактика; реабилитация,
30094785,Радиобиологическое и дозиметрическое планирование лучевой и радионуклидной терапии. Ч.1. Радиобиологические основы лучевой терапии. Радиобиологическое и дозиметрическое планирование дистанционной лучевой терапии пучками тормозного и гамма-излучения и элек,,,,Климанов В.А.,2011,,Национальный исследовательский ядерный университет «Московский инженерно-физический институт»,,500,0,Russian,,,,978-5-7262-1490-0,,,,,,,,,,75875,0,,,,,,,1,13332327,pdf,afb285aada983ba69d390a21157755c1,,,,0,2000-01-01 01:00:00,2017-04-19 18:56:57,,Медицина;Онкология,
30094786,"Радиобиологическое и дозиметрическое планирование лучевой и радионуклидной терапии. Ч.2. Лучевая терапия пучками протонов, ионов, нейтронов и пучками с модулированной интенсивностью, стереотаксис, брахитерапия, радионуклидная терапия, оптимизация, гаранти",,,,Климанов В.А.,2011,,Национальный исследовательский ядерный университет «Московский инженерно-физический институт»,,604,0,Russian,,,,978-5-7262-1491-7,,,,,,,,,,75876,0,,,,,,,1,18533183,pdf,addbe5db83610e6056deb0850662dfbd,,,,0,2000-01-01 01:00:00,2017-04-19 18:56:57,,Медицина;Онкология,
30094787,Основы медико-экологической безопасности: учебное пособие для вузов,,,,"Викторов А.А., Гладких В.Д., Ксенофонтов А.И., Смирнов В.В.",2011,,Национальный исследовательский ядерный университет «Московский инженерно-физический институт»,,192,0,Russian,,,,978-5-7262-1408-5,,,,,,,,,,75877,0,,,,,,,1,2073232,pdf,b0312a6d36580559697029a92f632119,,,,0,2000-01-01 01:00:00,2017-04-19 18:56:57,,Медицина;Онкология,
30094788,Что такое ядерная медицина?,,,,Кузьмина Н.Б.,2012,,Национальный исследовательский ядерный университет «Московский инженерно-физический институт»,,32,0,Russian,,,,978-5-7262-1703-1,,,,,,,,,,75878,0,,,,,,,1,1236381,pdf,32adb35eefce07eb370fe1caaaa6aedb,,,,0,2000-01-01 01:00:00,2017-04-19 18:56:57,,Медицина;Онкология,
30094789,Авторские права в интернете: учебное пособие для вузов,,,,"Суслина И.В., Покровский К.К.",2011,,Национальный исследовательский ядерный университет «Московский инженерно-физический институт»,,104,0,Russian,,,,978-5-7262-1502-0,,,,,,,,,,75879,0,,,,,,,1,1271356,pdf,8a127d0c80407931afa2bd08e2243169,,,,0,2000-01-01 01:00:00,2017-04-19 18:56:57,,Право. Юридические науки;Право интеллектуальной собственности,
30094790,Основы правового регулирования в сфере использования атомной энергии (ядерное право): учебное пособие для вузов,,,,Фатьянов А.А.,2011,,Национальный исследовательский ядерный университет «Московский инженерно-физический институт»,,188,0,Russian,,,,978-5-7262-1587-7,,,,,,,,,,75880,0,,,,,,,1,1802583,pdf,6db9b1dbafdc53a92a6722cfeabd1d47,,,,0,2000-01-01 01:00:00,2017-04-19 18:56:57,,Право. Юридические науки;Правоведение,
30094791,Психолого-педагогическое обеспечение образовательного процесса в исследовательском университете: учебное пособие для вузов,,,,"Белехов В.В., Леонова Е.В., Литвиненко Н.С., Седин В.И.;Хавыло А.В., Леонова Е.В.",2011,,Национальный исследовательский ядерный университет «Московский инженерно-физический институт»,,232,0,Russian,,,,978-5-7262-1538-9,,,,,,,,,,75881,0,,,,,,,1,2460737,pdf,aa96a29e01a7b3c7fc1d2eb055aa025b,,,,0,2000-01-01 01:00:00,2017-04-19 18:56:57,,Психология. Педагогика;Педагогика,
30094792,Методы психолого-педагогической оценки: учебное пособие для вузов,,,,Леонова Е.В.,2012,,Национальный исследовательский ядерный университет «Московский инженерно-физический институт»,,424,0,Russian,,,,978-5-7262-1720-8,,,,,,,,,,75882,0,,,,,,,1,3698584,pdf,c86e80281e1a169d2dd3b778f75baf07,,,,0,2000-01-01 01:00:00,2017-04-19 18:56:57,,Психология. Педагогика;Педагогика,
30094793,Научное познание в историко-философском контексте: учебно-методическое пособие для вузов,,,,"Хотеева М.С., Булгакова Я.П., Костецкий С.П., Мартинкус П.П.;Двуреченская Т.А.",2011,,Национальный исследовательский ядерный университет «Московский инженерно-физический институт»,,204,0,Russian,,,,978-5-7262-1558-7,,,,,,,,,,75883,0,,,,,,,1,1392021,pdf,70492c31f39a746dc7782f6e08a4fa4c,,,,0,2000-01-01 01:00:00,2017-04-19 18:56:57,,Социально-гуманитарные науки;Философия,
30094794,"Современные проблемы философии науки: учебно-методическое пособие для аспирантов по курсу \История и философия науки\""""",,,,"Пахомов Б.Я., Миронова Н.Б., Лещев С.В., Наумов С.А.",2011,,Национальный исследовательский ядерный университет «Московский инженерно-физический институт»,,148,0,Russian,,,,978-5-7262-1559-4,,,,,,,,,,75884,0,,,,,,,1,955262,pdf,b47bd5b516deb7666dcd937acda7c07e,,,,0,2000-01-01 01:00:00,2017-04-19 18:56:57,,Социально-гуманитарные науки;Философия,
30094795,Технология наноструктур: учебное пособие для вузов,,,,Антоненко С.В.,2008,,Национальный исследовательский ядерный университет «Московский инженерно-физический институт»,,116,0,Russian,,,,978-5-7262-0947-0,,,,,,,,,,75885,0,,,,,,,1,1952291,pdf,870710b4fdba3ae5d60daad9498d0569,,,,0,2000-01-01 01:00:00,2017-04-19 18:56:57,,Физика;Физика твердого тела,
30094796,Основы материаловедения сверхпроводников на основе соединений А-15: учебное пособие,,,,"Дергунова Е.А., Судьев С.В., Алиев Р.Т.",2009,,Национальный исследовательский ядерный университет «Московский инженерно-физический институт»,,48,0,Russian,,,,978-5-7262-1180-0,,,,,,,,,,75886,0,,,,,,,1,1822102,pdf,1205028e6486d622d6427c3d48ef26f7,,,,0,2000-01-01 01:00:00,2017-04-19 18:56:57,,Физика;Физика твердого тела,
30094797,От пружины до атомного ядра: избранные задачи по физике для 9 класса лицея,,,,"Добродеев Н.А., Самоварщиков Ю.В.",2009,,Национальный исследовательский ядерный университет «Московский инженерно-физический институт»,,32,0,Russian,,,,978-5-7262-1165-7,,,,,,,,,,75887,0,,,,,,,1,565775,pdf,a582638bc18b5c33a3ceace52cd4de4c,,,,0,2000-01-01 01:00:00,2017-04-19 18:56:57,,Физика;Физика (общие курсы),
30094798,Исследование пленок и наноструктур с помощью сканирующего зондового микроскопа: лабораторный практикум: учебное пособие для вузов,,,,Антоненко С.В.,2011,,Национальный исследовательский ядерный университет «Московский инженерно-физический институт»,,96,0,Russian,,,,978-5-7262-1428-3,,,,,,,,,,75888,0,,,,,,,1,5022838,pdf,69f4b20a504c96f935bb16dacdf998c8,,,,0,2000-01-01 01:00:00,2017-04-19 18:56:57,,Физика;Лабораторный практикум,
30094799,Применение ЭВМ в экспериментальных исследованиях: лабораторный практикум. Ч.1,,,,"Бежко М.П., Безотосный И.Ю.",2011,,Национальный исследовательский ядерный университет «Московский инженерно-физический институт»,,76,0,Russian,,,,978-5-7262-1526-6,,,,,,,,,,75889,0,,,,,,,1,2488031,pdf,1e7c93eb529822d827e697d5aac349e4,,,,0,2000-01-01 01:00:00,2017-04-19 18:56:57,,Физика;Физика твердого тела,
30094800,Физическая кинетика атомных процессов в наноструктурах: учебное пособие для вузов,,,,"Борман В.Д., Тронин В.Н., Троян В.И.;Под ред. В.Д. Бормана",2011,,Национальный исследовательский ядерный университет «Московский инженерно-физический институт»,,476,0,Russian,,,,978-5-7262-1667-6,,,,,,,,,,75890,0,,,,,,,1,7956889,pdf,e93204d972a6254b4715e649c8deff54,,,,0,2000-01-01 01:00:00,2017-04-19 18:56:57,,Физика;Физика (общие курсы),
30094801,Введение в физику неупорядоченных конденсированных систем: учебное пособие для вузов,,,,Дегтяренко Н.Н.,2011,,Национальный исследовательский ядерный университет «Московский инженерно-физический институт»,,228,0,Russian,,,,978-5-7262-1509-9,,,,,,,,,,75891,0,,,,,,,1,5366062,pdf,54906b234233c407432a758d4dfff569,,,,0,2000-01-01 01:00:00,2017-04-19 18:56:57,,Физика;Термодинамика и статистическая физика,
30094802,"Свойства дефектов и их ансамблей, радиационная физика твердого тела: учебное пособие для вузов",,,,Дегтяренко Н.Н.,2011,,Национальный исследовательский ядерный университет «Московский инженерно-физический институт»,,200,0,Russian,,,,978-5-7262-1511-2,,,,,,,,,,75892,0,,,,,,,1,6701435,pdf,d83dc87fe187fee3ef93a0024f022fe1,,,,0,2000-01-01 01:00:00,2017-04-19 18:56:57,,Физика;Физика твердого тела,
30094803,Прикладная нейтронная физика: учебное пособие для вузов,,,,"Кадилин В.В., Рябева Е.В., Самосадный В.Т.",2011,,Национальный исследовательский ядерный университет «Московский инженерно-физический институт»,,124,0,Russian,,,,978-5-7262-1515-0,,,,,,,,,,75893,0,,,,,,,1,1793702,pdf,1fdf0534000422804e2a7634bb426ac2,,,,0,2000-01-01 01:00:00,2017-04-19 18:56:57,,Физика;Прикладная физика,
30094804,Колебания и оптика. Атом и атомное ядро: сборник задач для 11 класса: учебное пособие,,,,"Богданов А.А., Горбаченко Г.М., Грушин В.В., Добродеев Н.А.;Елютин С.О.",2011,,Национальный исследовательский ядерный университет «Московский инженерно-физический институт»,,124,0,Russian,,,,978-5-7262-1396-5,,,,,,,,,,75894,0,,,,,,,1,2319460,pdf,55e54cab210a0fc1c011d89585b6044a,,,,0,2000-01-01 01:00:00,2017-04-19 18:56:57,,Физика;Атомная и ядерная физика,
30094805,Конспект лекций по специальной теории относительности (для групп вечернего факультета): учебное пособие для вузов,,,,"Ремизович В.С., Чернов А.С., Муравьев С.Е., Ивлиев С.В.",2011,,Национальный исследовательский ядерный университет «Московский инженерно-физический институт»,,164,0,Russian,,,,978-5-7262-1459-7,,,,,,,,,,75895,0,,,,,,,1,1549345,pdf,3ad00d8ffb878ec30c032ed053f61bcb,,,,0,2000-01-01 01:00:00,2017-04-19 18:56:57,,Физика;Физика (общие курсы),
30094806,Конспект лекций по физике для учащихся профильных физико-математических классов: учебное пособие,,,,"Богданов А.А., Грушин В.В., Добродеев Н.А., Емельянов В.М.;Никитенко В.Р., Самоварщиков Ю.В. Под ред. А.А. Богданова",2011,,Национальный исследовательский ядерный университет «Московский инженерно-физический институт»,,104,0,Russian,,,,978-5-7262-1406-1,,,,,,,,,,75896,0,,,,,,,1,1380831,pdf,63e88713cae4d3baa9fdb2fe19c6e9e3,,,,0,2000-01-01 01:00:00,2017-04-19 18:56:58,,Физика;Физика (общие курсы),
30094807,Инструментальные методы радиационной безопасности: учебное пособие для вузов,,,,"Крамер-Агеев Е.А., Трошин В.С.",2011,,Национальный исследовательский ядерный университет «Московский инженерно-физический институт»,,88,0,Russian,,,,978-5-7262-1435-1,,,,,,,,,,75897,0,,,,,,,1,1173811,pdf,7aa970196854f72c476398ba941b7543,,,,0,2000-01-01 01:00:00,2017-04-19 18:56:58,,Физика;Атомная и ядерная физика,
30094808,Импульсная ионизационная камера: лабораторная работа,,,,"Бондаренко В.Г., Кирсанов М.А., Кушин В.В., Миханчук Н.А.;Покачалов С.Г.",2009,,Национальный исследовательский ядерный университет «Московский инженерно-физический институт»,,24,0,Russian,,,,978-5-7262-1162-6,,,,,,,,,,75898,0,,,,,,,1,398364,pdf,c229e8a7bcfe00dea6ca632fbe07f246,,,,0,2000-01-01 01:00:00,2017-04-19 18:56:58,,Физика;Атомная и ядерная физика,
30094809,"Лабораторный практикум курса общей физики: раздел \Электричество и магнетизм\"": учебное пособие для вузов""",,,,"Аксенова Е.Н., Взоров Н.Н., Долгов А.Н., Земсков Е.Е.;Игнатов В.Н., Калашников Н.П., Липатов К.А., Лысак Ю.Д., Матрончик А.Ю., Мещерин Б.Н., Облизина С.В., Пентегова М.В., Попов В.Д., Потанин Е.П., Ростокин В.И., Семенова Т.А., Соколов В.Б., Федоров В.Ф., Шутов А.В., Федоров В.Ф.",2011,,Национальный исследовательский ядерный университет «Московский инженерно-физический институт»,,236,0,Russian,,,,978-5-7262-1566-2,,,,,,,,,,75899,0,,,,,,,1,32131111,pdf,26cfc78c58bf3e61bde703b5d2c229e5,,,,0,2000-01-01 01:00:00,2017-04-19 18:56:58,,Физика;Электричество и магнетизм,
30094810,Справочник фрезеровщика,,,,"Бердников Л.Н., Безъязычный В.Ф., Крылов В.Н., Большаков Е.М.;под редакцией В.Ф. Безъязычного",2010,,"Издательство \Машиностроение\""""",,272,0,Russian,,,,978-5-94275-524-9,,,,,,,,,,759,0,,,,,,,1,45888210,pdf,af98e8562858755fb26a39af09657b3e,,,,0,2000-01-01 01:00:00,2017-04-19 18:56:58,https://e.lanbook.com/img/covers/book/1026/2010/759.jpg,Инженерно-технические науки;Машиностроение,
30094811,"Лабораторный практикум курса общей физики. Раздел \Упругие волны\"": учебное пособие для вузов""",,,,"Вовченко Е.Д., Иванова Н.А., Игнатов В.Н., Онищенко Э.В.;Потанин Е.П., Самарченко Д.А., Тюлюсов А.Н., Игнатов В.Н., Самарченко Д.А.",2011,,Национальный исследовательский ядерный университет «Московский инженерно-физический институт»,,68,0,Russian,,,,978-5-7262-1562-4,,,,,,,,,,75900,0,,,,,,,1,5756709,pdf,c42d12b76bb9df5a93c5bbeb94c18397,,,,0,2000-01-01 01:00:00,2017-04-19 18:56:58,,Физика;Лабораторный практикум,
30094812,"Лабораторный практикум по курсу общей физики. Раздел \Механика\"": учебное пособие для вузов""",,,,"Плясов А.А., Успенский С.Г., Хангулян Е.В., Иванова Н.А.;Тюлюсов А.Н., Акимов А.Б., Дьякова Ю.А., Швецов-Шиловский Н.И., Бежанов С.Г., Муравьев-Смирнов С.С., Попов В.Д., Маркун Ф.Н., Сурков В.В., Саваторова В.Л., Григорьев Е.Г., Взоров Н.Н., Громов Ю.Н.",2011,,Национальный исследовательский ядерный университет «Московский инженерно-физический институт»,,272,0,Russian,,,,978-5-7262-1580-8,,,,,,,,,,75901,0,,,,,,,1,11269019,pdf,87ef83731612e6a2a4eb740e22802ffa,,,,0,2000-01-01 01:00:00,2017-04-19 18:56:58,,Физика;Лабораторный практикум,
30094813,Механика в задачах: учебно-методическое пособие для вузов,,,,Лисицын С.Г.,2011,,Национальный исследовательский ядерный университет «Московский инженерно-физический институт»,,156,0,Russian,,,,978-5-7262-1520-4,,,,,,,,,,75902,0,,,,,,,1,1809644,pdf,e3ab7f333e011b58b922e5a0204453c9,,,,0,2000-01-01 01:00:00,2017-04-19 18:56:58,,Физика;Механика и теория упругости,
30094814,Введение в физику наноструктур: учебное пособие для вузов,,,,"Маслов М.М., Опенов Л.А.",2011,,Национальный исследовательский ядерный университет «Московский инженерно-физический институт»,,80,0,Russian,,,,978-5-7262-1525-9,,,,,,,,,,75903,0,,,,,,,1,1868595,pdf,689b61f5c4c07d795532e5e91f727078,,,,0,2000-01-01 01:00:00,2017-04-19 18:56:58,,Физика;Физика твердого тела,
30094815,"Методические рекомендации к выполнению курсового проекта по учебной дисциплине \Физическое материаловедение\""""",,,,"Калин Б.А., Чернов И.И.",2009,,Национальный исследовательский ядерный университет «Московский инженерно-физический институт»,,42,0,Russian,,,,978-5-7262-1107-7,,,,,,,,,,75904,0,,,,,,,1,491244,pdf,43a2698454891d89e0f1b435dd031e1e,,,,0,2000-01-01 01:00:00,2017-04-19 18:56:58,,Физика;Атомная и ядерная физика,
30094816,Прямое преобразование ядерной энергии в световое и лазерное излучение: учебное пособие для вузов,,,,Миськевич А.И.,2011,,Национальный исследовательский ядерный университет «Московский инженерно-физический институт»,,164,0,Russian,,,,978-5-7262-1549-5,,,,,,,,,,75905,0,,,,,,,1,4773894,pdf,6349003585be7726cb3c834a04466c43,,,,0,2000-01-01 01:00:00,2017-04-19 18:56:58,,Физика;Атомная и ядерная физика,
30094817,Введение в теорию горячей плазмы: учебное пособие для вузов. Ч.1,,,,Морозов Д.Х.,2011,,Национальный исследовательский ядерный университет «Московский инженерно-физический институт»,,228,0,Russian,,,,978-5-7262-1632-4,,,,,,,,,,75906,0,,,,,,,1,1923483,pdf,c10c5530d91f32058cea2c988f9f15bf,,,,0,2000-01-01 01:00:00,2017-04-19 18:56:58,,Физика;Электричество и магнетизм,
30094818,Нестационарные процессы переноса и рекомбинации носителей заряда в тонких слоях органических материалов: учебное пособие для вузов,,,,Никитенко В.Р.,2011,,Национальный исследовательский ядерный университет «Московский инженерно-физический институт»,,316,0,Russian,,,,978-5-7262-1563-1,,,,,,,,,,75907,0,,,,,,,1,3790623,pdf,92a24383a8254d18a9da4640fffcad7c,,,,0,2000-01-01 01:00:00,2017-04-19 18:56:58,,Физика;Атомная и ядерная физика,
30094819,"Сборник задач и заданий с ответами, решениями и комментариями: учебно-методическое пособие для вузов",,,,Лапшинский В.А.,2011,,Национальный исследовательский ядерный университет «Московский инженерно-физический институт»,,108,0,Russian,,,,978-5-7262-1479-5,,,,,,,,,,75908,0,,,,,,,1,5955788,pdf,0345d21deeae5a2ba9b1bf745d544aa5,,,,0,2000-01-01 01:00:00,2017-04-19 18:56:58,,Физика;Атомная и ядерная физика,
30094820,Повторительный цикл по физике: сборник задач для 11 класса: учебное пособие,,,,"Грушин В.В., Добродеев Н.А., Елютин С.О., Муравьев С.Е.",2011,,Национальный исследовательский ядерный университет «Московский инженерно-физический институт»,,96,0,Russian,,,,978-5-7262-1513-6,,,,,,,,,,75909,0,,,,,,,1,2536148,pdf,550a40e3421faa6449f1afa517672c70,,,,0,2000-01-01 01:00:00,2017-04-19 18:56:58,,Физика;Физика (общие курсы),
30094821,Аналитические методы расчета световых полей в неупорядоченных средах с крупномасштабными рассеивающими средами: учебное пособие для вузов,,,,"Ремизович В.С., Кузовлев А.И.",2011,,Национальный исследовательский ядерный университет «Московский инженерно-физический институт»,,368,0,Russian,,,,978-5-7262-1518-1,,,,,,,,,,75910,0,,,,,,,1,2574859,pdf,a325843f11e629876ecbfafdd9ccb6fa,,,,0,2000-01-01 01:00:00,2017-04-19 18:56:58,,Физика;Квантовая механика,
30094822,"Лабораторный практикум \Измерительные приборы\""""",,,,Воронов С.А.,2009,,Национальный исследовательский ядерный университет «Московский инженерно-физический институт»,,88,0,Russian,,,,978-5-7262-1131-2,,,,,,,,,,75911,0,,,,,,,1,1595306,pdf,04145c91c4eff18f244ba6c69c1bafe4,,,,0,2000-01-01 01:00:00,2017-04-19 18:56:58,,Физика;Лабораторный практикум,
30094823,САПР в электрофизике: учебное пособие для вузов. Ч.1. Основы автоматизации проектирования,,,,"Аверьянов Г.П., Будкин В.А., Воронцов В.А., Дмитриева В.В.",2011,,Национальный исследовательский ядерный университет «Московский инженерно-физический институт»,,164,0,Russian,,,,978-5-7262-1611-9,,,,,,,,,,75912,0,,,,,,,1,2323098,pdf,4c530fbfc7b3f0b5da1a30efda3e0d36,,,,0,2000-01-01 01:00:00,2017-04-19 18:56:58,,Физика;Электроника и радиотехника,
30094824,Задачи прикладной теории упругости: учебное пособие для вузов,,,,Сапунов В.Т.,2011,,Национальный исследовательский ядерный университет «Московский инженерно-физический институт»,,208,0,Russian,,,,978-5-7262-1474-0,,,,,,,,,,75913,0,,,,,,,1,1869315,pdf,fa06d427a404f514b4a2f58b574a2937,,,,0,2000-01-01 01:00:00,2017-04-19 18:56:58,,Физика;Прикладная физика,
30094825,"Теория пластичности. Плоская задача. Экстремальные принципы и энергетические методы решения. Законы, уравнения и задачи циклической пластичности: учебное пособие для вузов",,,,Сапунов В.Т.,2011,,Национальный исследовательский ядерный университет «Московский инженерно-физический институт»,,124,0,Russian,,,,978-5-7262-1427-6,,,,,,,,,,75914,0,,,,,,,1,1615832,pdf,0cc185fae0c8e6b72e0cbf423d3619a7,,,,0,2000-01-01 01:00:00,2017-04-19 18:56:58,,Физика;Прикладная и строительная механика,
30094826,"Сборник задач по теории переноса, дозиметрии и защите от ионизирующих излучений: учебное пособие для вузов",,,,"Званцев А.А., Климанов В.А., Ксенофонтов А.И., Могиленец Н.Н.;Панин М.П., Смирнов В.В., Климанов В.А.",2011,,Национальный исследовательский ядерный университет «Московский инженерно-физический институт»,,196,0,Russian,,,,978-5-7262-1487-0,,,,,,,,,,75915,0,,,,,,,1,2688774,pdf,6376f72d2f1a41a827ed9d833666c1ce,,,,0,2000-01-01 01:00:00,2017-04-19 18:56:58,,Физика;Атомная и ядерная физика,
30094827,"Лабораторный практикум \Колебания и волны\""""",,,,Шилов В.А.,2009,,Национальный исследовательский ядерный университет «Московский инженерно-физический институт»,,60,0,Russian,,,,978-5-7262-1117-6,,,,,,,,,,75916,0,,,,,,,1,704302,pdf,afad8026943272d790f9ac4c3badb1ab,,,,0,2000-01-01 01:00:00,2017-04-19 18:56:58,,Физика;Лабораторный практикум,
30094828,Характеристики радионуклидов для градуировки гамма-спектрометров: учебное пособие для вузов,,,,Трошин В.С.,2011,,Национальный исследовательский ядерный университет «Московский инженерно-физический институт»,,104,0,Russian,,,,978-5-7262-1514-3,,,,,,,,,,75917,0,,,,,,,1,1208601,pdf,28c23e2eff87fda17256e02511101e51,,,,0,2000-01-01 01:00:00,2017-04-19 18:56:58,,Физика;Атомная и ядерная физика,
30094829,Технология тонких пленок: учебное пособие для вузов,,,,Антоненко С.В.,2008,,Национальный исследовательский ядерный университет «Московский инженерно-физический институт»,,104,0,Russian,,,,978-5-7262-1036-0,,,,,,,,,,75918,0,,,,,,,1,1678413,pdf,eedaaca4761f5c8d00f3b539a597af05,,,,0,2000-01-01 01:00:00,2017-04-19 18:56:58,,Физика;Физика твердого тела,
30094830,"Лабораторный практикум \Механика\""""",,,,"Безус В.А., Горбачева Н.В., Шакалис О.А., Сперанская Н.Б.;Сурков В.В., Сахаров Д.И., Ромченко И.С., Морозов Д.А., Плясов А.А., Воронов С.А., Кребс А.Б., Бакаев Д.С., Нерсесов Э.А., Попов В.Д., Зверев С.А., Воронов С.А.",2009,,Национальный исследовательский ядерный университет «Московский инженерно-физический институт»,,88,0,Russian,,,,978-5-7262-1115-2,,,,,,,,,,75919,0,,,,,,,1,1338982,pdf,c83acad7ec16d1d91e07fc5b04fc6225,,,,0,2000-01-01 01:00:00,2017-04-19 18:56:58,,Физика;Лабораторный практикум,
30094831,Bi-ВТСП: структура и сверхпроводимость: учебное пособие для вузов,,,,Шамрай В.Ф.,2011,,Национальный исследовательский ядерный университет «Московский инженерно-физический институт»,,64,0,Russian,,,,978-5-7262-1552-5,,,,,,,,,,75920,0,,,,,,,1,4699923,pdf,8a6954c584b2a0060d20b2d4fb11f02f,,,,0,2000-01-01 01:00:00,2017-04-19 18:56:58,,Физика;Электричество и магнетизм,
30094832,"Лабораторный практикум \Молекулярная физика и термодинамика\""""",,,,Шилов В.А.,2009,,Национальный исследовательский ядерный университет «Московский инженерно-физический институт»,,88,0,Russian,,,,978-5-7262-1116-9,,,,,,,,,,75921,0,,,,,,,1,795747,pdf,e9f0df5d17ec068ed21caae65bb0570d,,,,0,2000-01-01 01:00:00,2017-04-19 18:56:58,,Физика;Лабораторный практикум,
30094833,Экспериментальная физика: лабораторный практикум,,,,"Елютин С.О., Окороков В.А., Грушин В.В., Григорьев Ф.В.;Морева Е.В., Матятина А.Н.",2011,,Национальный исследовательский ядерный университет «Московский инженерно-физический институт»,,148,0,Russian,,,,978-5-7262-1560-0,,,,,,,,,,75922,0,,,,,,,1,4852282,pdf,bc70046378c9623c0ed863d98713d81a,,,,0,2000-01-01 01:00:00,2017-04-19 18:56:58,,Физика;Лабораторный практикум,
30094834,Практикум по физической кристаллографии: учебное пособие для вузов,,,,"Яльцев В.Н., Скрытный В.И.",2011,,Национальный исследовательский ядерный университет «Московский инженерно-физический институт»,,88,0,Russian,,,,978-5-7262-1553-2,,,,,,,,,,75923,0,,,,,,,1,2212108,pdf,72ac797e91904b112ed807d8c3733dce,,,,0,2000-01-01 01:00:00,2017-04-19 18:56:58,,Физика;Электричество и магнетизм,
30094835,Нейтронные методы в физике конденсированного состояния: учебное пособие для вузов,,,,"Алексеев П.А., Менушенков А.П.",2012,,Национальный исследовательский ядерный университет «Московский инженерно-физический институт»,,164,0,Russian,,,,978-5-7262-1666-9,,,,,,,,,,75924,0,,,,,,,1,3970813,pdf,46ce59b847bdcf68232613e82a938336,,,,0,2000-01-01 01:00:00,2017-04-19 18:56:58,,Физика;Физика твердого тела,
30094836,"Лекции по курсу \Теория переноса нейтрона\"": учебное пособие для вузов""",,,,Баранник А.А.,2012,,Национальный исследовательский ядерный университет «Московский инженерно-физический институт»,,164,0,Russian,,,,978-5-7262-1726-0,,,,,,,,,,75925,0,,,,,,,1,2179932,pdf,b1e004f9b251231a88a8188e5809c724,,,,0,2000-01-01 01:00:00,2017-04-19 18:56:58,,Физика;Атомная и ядерная физика,
30094837,"Лабораторный практикум \Оптика\"". Ч.1""",,,,Самарченко Д.А.,2009,,Национальный исследовательский ядерный университет «Московский инженерно-физический институт»,,96,0,Russian,,,,978-5-7262-1109-1,,,,,,,,,,75926,0,,,,,,,1,1547680,pdf,079e107daddc70adf788fd40b251821b,,,,0,2000-01-01 01:00:00,2017-04-19 18:56:58,,Физика;Лабораторный практикум,
30094838,Введение в физику мезоскопических систем: учебное пособие для вузов,,,,"Валеев В.Г., Маныкин Э.А.",2012,,Национальный исследовательский ядерный университет «Московский инженерно-физический институт»,,160,0,Russian,,,,978-5-7262-1593-8,,,,,,,,,,75927,0,,,,,,,1,4113708,pdf,f0bd6e4c5f09e738396abc0a19055e6e,,,,0,2000-01-01 01:00:00,2017-04-19 18:56:58,,Физика;Атомная и ядерная физика,
30094839,Методы механических испытаний и механические свойства материалов: учебное пособие для вузов,,,,Гольцев В.Ю.,2012,,Национальный исследовательский ядерный университет «Московский инженерно-физический институт»,,228,0,Russian,,,,978-5-7262-1704-8,,,,,,,,,,75928,0,,,,,,,1,7074431,pdf,6722c07667d16df49db0fb054b121ce3,,,,0,2000-01-01 01:00:00,2017-04-19 18:56:58,,Физика;Механика и теория упругости,
30094840,Газоразрядные детекторы элементарных частиц: учебное пособие для вузов,,,,Григорьев В.А.,2012,,Национальный исследовательский ядерный университет «Московский инженерно-физический институт»,,112,0,Russian,,,,978-5-7262-1697-3,,,,,,,,,,75929,0,,,,,,,1,1967269,pdf,ea790ef3e1bd53a406d699ea39e95ec4,,,,0,2000-01-01 01:00:00,2017-04-19 18:56:58,,Физика;Атомная и ядерная физика,
30094841,Расчет переноса нейтронов методом Монте-Карло по программе MCU: учебное пособие для вузов,,,,"Гуревич М.И., Шкаровский Д.А.",2012,,Национальный исследовательский ядерный университет «Московский инженерно-физический институт»,,156,0,Russian,,,,978-5-7262-1762-8,,,,,,,,,,75930,0,,,,,,,1,2916844,pdf,563dfc6c023a4807122d53987343b9a2,,,,0,2000-01-01 01:00:00,2017-04-19 18:56:58,,Физика;Атомная и ядерная физика,
30094842,"Лабораторный практикум \Оптика\"". Ч.2""",,,,Самарченко Д.А.,2009,,Национальный исследовательский ядерный университет «Московский инженерно-физический институт»,,72,0,Russian,,,,978-5-7262-1109-1,,,,,,,,,,75931,0,,,,,,,1,905841,pdf,aeea1c071cf0a13773cf0e56a45ce2e6,,,,0,2000-01-01 01:00:00,2017-04-19 18:56:58,,Физика;Лабораторный практикум,
30094843,Телескопические полупроводниковые детекторы для ускорительных экспериментов: учебное пособие для вузов,,,,"Гуров Ю.Б., Чернышев Б.А.",2012,,Национальный исследовательский ядерный университет «Московский инженерно-физический институт»,,96,0,Russian,,,,978-5-7362-1588-4,,,,,,,,,,75932,0,,,,,,,1,2165800,pdf,d107f71ebf38896ecfb554a4fb99e0e4,,,,0,2000-01-01 01:00:00,2017-04-19 18:56:58,,Физика;Атомная и ядерная физика,
30094844,Введение в физику и моделирование фотонных кристаллов: учебное пособие для вузов,,,,"Дегтяренко Н.Н., Каргин Н.И.",2012,,Национальный исследовательский ядерный университет «Московский инженерно-физический институт»,,148,0,Russian,,,,978-5-7262-1802-1,,,,,,,,,,75933,0,,,,,,,1,11779494,pdf,b2b6aca94fdf06d273618f88ff01151c,,,,0,2000-01-01 01:00:00,2017-04-19 18:56:58,,Физика;Оптика,
30094845,Нейтронные исследования конденсированных сред: учебное пособие для вузов,,,,"Джепаров Ф.С., Львов Д.В.",2012,,Национальный исследовательский ядерный университет «Московский инженерно-физический институт»,,188,0,Russian,,,,978-5-7262-1760-4,,,,,,,,,,75934,0,,,,,,,1,2718993,pdf,17ea41d2a872325c48a22ef2eea447bb,,,,0,2000-01-01 01:00:00,2017-04-19 18:56:58,,Физика;Атомная и ядерная физика,
30094846,"Сборник задач к выполнению индивидуальных заданий для студентов заочной формы обучения технических направлений подготовки по курсу \Общая физика\"": учебное пособие для вузов""",,,,"Ермолаева Н.В., Смолин А.Ю.",2012,,Национальный исследовательский ядерный университет «Московский инженерно-физический институт»,,192,0,Russian,,,,978-5-7262-1727-7,,,,,,,,,,75935,0,,,,,,,1,2336587,pdf,e615707f5a64ad164bd775e575705184,,,,0,2000-01-01 01:00:00,2017-04-19 18:56:58,,Физика;Атомная и ядерная физика,
30094847,Теория и моделирование структуры и характеристик точечных дефектов в твердых телах: учебное пособие для вузов,,,,"Ершова И.В., Назаров А.В.",2012,,Национальный исследовательский ядерный университет «Московский инженерно-физический институт»,,80,0,Russian,,,,978-5-7262-1692-8,,,,,,,,,,75936,0,,,,,,,1,1794476,pdf,67a7cc81f6cd101cd6b043316895e7fe,,,,0,2000-01-01 01:00:00,2017-04-19 18:56:58,,Физика;Атомная и ядерная физика,
30094848,"Лабораторный практикум \Оптика\"". Ч.3""",,,,Самарченко Д.А.,2009,,Национальный исследовательский ядерный университет «Московский инженерно-физический институт»,,120,0,Russian,,,,978-5-7262-1109-1,,,,,,,,,,75937,0,,,,,,,1,1508719,pdf,52ba1bca1719d6459dd9537bb39b6c67,,,,0,2000-01-01 01:00:00,2017-04-19 18:56:58,,Физика;Лабораторный практикум,
30094849,"Руководство к решению задач по физике \Основы квантовой физики. Строение вещества. Атомная и ядерная физика\"": учебное пособие для вузов""",,,,Калашников Н.П.,2012,,Национальный исследовательский ядерный университет «Московский инженерно-физический институт»,,252,0,Russian,,,,978-5-7262-1661-4,,,,,,,,,,75938,0,,,,,,,1,2377580,pdf,7712d1dba7dd9bb56462c849f96f4477,,,,0,2000-01-01 01:00:00,2017-04-19 18:56:58,,Физика;Атомная и ядерная физика,
30094850,Руководство по технической термодинамике с примерами и задачами: учебное пособие для вузов,,,,"Круглов А.Б., Радовский И.С., Харитонов В.С.",2012,,Национальный исследовательский ядерный университет «Московский инженерно-физический институт»,,156,0,Russian,,,,978-5-7262-1694-2,,,,,,,,,,75939,0,,,,,,,1,1686577,pdf,16b039d88d0ef335c03041cbd923739e,,,,0,2000-01-01 01:00:00,2017-04-19 18:56:58,,Физика;Термодинамика и статистическая физика,
30094851,"Лабораторный практикум \Электрические и магнитные свойства вещества. Движение частиц в электромагнитном поле\""""",,,,Федоров В.Ф.,2009,,Национальный исследовательский ядерный университет «Московский инженерно-физический институт»,,76,0,Russian,,,,978-5-7262-1125-1,,,,,,,,,,75940,0,,,,,,,1,1716070,pdf,2fb9a41e1baf5943044f33553a60bd72,,,,0,2000-01-01 01:00:00,2017-04-19 18:56:58,,Физика;Электричество и магнетизм,
30094852,"Лабораторный практикум \Атомная физика\""""",,,,"Дубовик В.М., Киврина Н.К., Клячин Н.А., Мещерин Б.Н.;Мозгов К.С., Облизина С.В., Плясов А.А., Попов В.Д., Рубин С.Г., Серебрякова Е.М., Сурков В.В., Сурков В.В.",2012,3-е,Национальный исследовательский ядерный университет «Московский инженерно-физический институт»,,116,0,Russian,,,,978-5-7262-1813-7,,,,,,,,,,75941,0,,,,,,,1,1677024,pdf,fce9a2951d0e8f97a3c580f218c730ed,,,,0,2000-01-01 01:00:00,2017-04-19 18:56:58,,Физика;Атомная и ядерная физика,
30094853,"Лабораторный практикум курса общей физики. Раздел \Атомная физика\"": учебное пособие для вузов""",,,,"Белова И.В., Елкин С.В., Клячин Н.А., Матрончик А.Ю.;Мозгов К.С., Пентегова М.В., Облизина С.В., Серебрякова Е.М., Сурков В.В., Швецов-Шиловский Н.И., Сурков В.В.",2012,,Национальный исследовательский ядерный университет «Московский инженерно-физический институт»,,104,0,Russian,,,,978-5-7262-1675-1,,,,,,,,,,75942,0,,,,,,,1,4564976,pdf,95a3355701f24f2d8e5a905585287957,,,,0,2000-01-01 01:00:00,2017-04-19 18:56:58,,Физика;Лабораторный практикум,
30094854,"Лабораторный практикум курса общей физики. Раздел \Волновая оптика\"": учебное пособие""",,,,"Белобородов В.Н., Дубовик В.М., Земсков Е.Е., Игнатов В.Н.;Кошелкин А.В., Липатов К.С., Мозгов К.С., Облизина С.В., Онищенко Э.В., Попов В.Д., Самарченко Д.А., Серебрякова Е.М., Синченко А.А., Успенский С.Г., Хангулян Е.В., Цупко О.Ю., Швецов-Шиловский Н.И., Шутов А.В., Игнатов В.Н., Самарченко Д.А.",2012,,Национальный исследовательский ядерный университет «Московский инженерно-физический институт»,,216,0,Russian,,,,978-5-7262-1681-2,,,,,,,,,,75943,0,,,,,,,1,11647907,pdf,96f97e20efe4096e7ac42928709d3da4,,,,0,2000-01-01 01:00:00,2017-04-19 18:56:58,,Физика;Лабораторный практикум,
30094855,"Лабораторный практикум курса общей физики. Раздел \Спектры атомов и молекул\"": учебное пособие для вузов""",,,,"Иванова Н.А., Киврина Н.К., Клячин Н.А., Маркун Ф.Н.;Матрончик А.Ю., Мещерин Б.Н., Мозгов К.С., Плясов А.А., Попов В.Д., Серебрякова Е.М., Сурков В.В., Швецов-Шиловский Н.И., Шмыкова А.В., Сурков В.В.",2012,,Национальный исследовательский ядерный университет «Московский инженерно-физический институт»,,112,0,Russian,,,,978-5-7262-1674-4,,,,,,,,,,75944,0,,,,,,,1,2828401,pdf,fae0561c69fb94220b0467d70a72c309,,,,0,2000-01-01 01:00:00,2017-04-19 18:56:58,,Физика;Лабораторный практикум,
30094856,"Лабораторный практикум \Электроизмерительные приборы. Электромагнитные колебания и переменный ток\""""",,,,"Аксенова Е.Н., Федоров В.Ф.",2009,,Национальный исследовательский ядерный университет «Московский инженерно-физический институт»,,64,0,Russian,,,,978-5-7262-1114-5,,,,,,,,,,75945,0,,,,,,,1,780268,pdf,6a71fdccf7d2f17705aac283a5f514d7,,,,0,2000-01-01 01:00:00,2017-04-19 18:56:58,,Физика;Лабораторный практикум,
30094857,"Лабораторный практикум курса общей физики. Разделы \Колебания и волны\"""," \""Молекулярная физика\"": учебное пособие для вузов""",,,,"Белова И.В., Воронова Н.С., Гервидс В.И., Иванова Н.А.;Муравьев-Смирнов С.С., Плясов А.А., Романов А.И., Сперанская Н.Б., Тюлюсов А.Н., Хангулян Е.В., Шилов В.А., Щербачев О.В., Шилов В.А.",2012,,Национальный исследовательский ядерный университет «Московский инженерно-физический институт»,,200,0,Russian,,,,978-5-7262-1663-8,,,,,,,,,,75946,0,,,,,,,1,6921891,pdf,ff51a52ff4c1f1c0a4c79d1a7e03b66b,,,,0,2000-01-01 01:00:00,2017-04-19 18:56:58,,Физика;Лабораторный практикум
30094858,"Лабораторный практикум \Материаловедение сверхпроводников\"": учебное пособие для вузов""",,,,"Дергунова Е.А., Алиев Р.Т., Губкин И.Н., Коновалов П.В.;Никуленков Е.В., Поликарпова М.В., Сергеев В.В.",2012,,Национальный исследовательский ядерный университет «Московский инженерно-физический институт»,,64,0,Russian,,,,978-5-7262-1744-4,,,,,,,,,,75947,0,,,,,,,1,3224018,pdf,54f60a9c2799858b77234207005001d4,,,,0,2000-01-01 01:00:00,2017-04-19 18:56:58,,Физика;Лабораторный практикум,
30094859,"Лабораторный практикум \Спектры атомов и молекул\""""",,,,"Иванова Н.А., Киврина Н.К., Клячин Н.А., Маркун Ф.Н.;Матрончик А.Ю., Мозгов К.С., Облизина С.В., Плясов А.А., Попов В.Д., Серебрякова Е.М., Сурков В.В., Шмыкова А.В., Сурков В.В.",2012,3-е,Национальный исследовательский ядерный университет «Московский инженерно-физический институт»,,124,0,Russian,,,,978-5-7262-1821-2,,,,,,,,,,75948,0,,,,,,,1,2104623,pdf,e0e1d095572aaa45303846464fbc2301,,,,0,2000-01-01 01:00:00,2017-04-19 18:56:58,,Физика;Лабораторный практикум,
30094860,"Лабораторный практикум \Термодесорбция и абсолютный метод определения содержания водорода в металлических гидридах\"": учебное пособие для вузов""",,,,"Баранов В.Г., Бурлакова М.А., Тенишев А.В., Чернов А.В.",2012,,Национальный исследовательский ядерный университет «Московский инженерно-физический институт»,,40,0,Russian,,,,978-5-7262-1736-9,,,,,,,,,,75949,0,,,,,,,1,1102713,pdf,fc6b08ca9b7a398804b83446cc5b2469,,,,0,2000-01-01 01:00:00,2017-04-19 18:56:58,,Физика;Лабораторный практикум,
30094861,Эффект Фарадея в магнитных плёнках: лабораторный практикум по курсу физики конденсированного состояния: учебное пособие для вузов,,,,Маврицкий О.Б.,2012,,Национальный исследовательский ядерный университет «Московский инженерно-физический институт»,,72,0,Russian,,,,978-5-7262-1660-7,,,,,,,,,,75950,0,,,,,,,1,2364075,pdf,66fa58714fa1188c77478517aa8e916c,,,,0,2000-01-01 01:00:00,2017-04-19 18:56:58,,Физика;Лабораторный практикум,
30094862,Механические свойства материалов при высокоскоростной деформации: лабораторный практикум,,,,"Лошманов Л.П., Федотов П.В., Костюхина А.В., Астахов М.М.",2012,,Национальный исследовательский ядерный университет «Московский инженерно-физический институт»,,48,0,Russian,,,,978-5-7262-1767-3,,,,,,,,,,75951,0,,,,,,,1,629392,pdf,dfe122524bac5f0ef1407741c9ea9dfb,,,,0,2000-01-01 01:00:00,2017-04-19 18:56:58,,Физика;Лабораторный практикум,
30094863,"Лабораторный практикум \Специальные вопросы материаловедения\"": учебное пособие для вузов""",,,,"Михеев Е.Н., Лысиков А.В., Новиков В.В.",2012,,Национальный исследовательский ядерный университет «Московский инженерно-физический институт»,,36,0,Russian,,,,978-5-7262-1771-0,,,,,,,,,,75952,0,,,,,,,1,672964,pdf,1d9d6ea9d9b43cba1ab1fa6d268ac4b2,,,,0,2000-01-01 01:00:00,2017-04-19 18:56:58,,Физика;Лабораторный практикум,
30094864,Динамика: учебное пособие по теоретической механике,,,,Нарыжный В.А.,2012,,Национальный исследовательский ядерный университет «Московский инженерно-физический институт»,,168,0,Russian,,,,978-5-7262-1728-4,,,,,,,,,,75953,0,,,,,,,1,3299382,pdf,657d2829367f0d94241f886883178e90,,,,0,2000-01-01 01:00:00,2017-04-19 18:56:58,,Физика;Механика и теория упругости,
30094865,Элементы гидродинамики: учебное пособие для вузов,,,,"Потанин Е.П., Федоров В.Ф.",2012,,Национальный исследовательский ядерный университет «Московский инженерно-физический институт»,,56,0,Russian,,,,978-5-7262-1670-6,,,,,,,,,,75954,0,,,,,,,1,661596,pdf,2fc5fda793d479795e44d54210400647,,,,0,2000-01-01 01:00:00,2017-04-19 18:56:58,,Физика;Прикладная и строительная механика,
30094866,"Процессы получения, структура и свойства сверхпроводников на основе оксидных соединений и MgB2: учебное пособие для вузов",,,,"Раков Д.Н., Дергунова Е.А., Борисов А.В.",2012,,Национальный исследовательский ядерный университет «Московский инженерно-физический институт»,,72,0,Russian,,,,978-5-7262-1743-7,,,,,,,,,,75955,0,,,,,,,1,2283407,pdf,b839d56e460d527f1998a297656b6955,,,,0,2000-01-01 01:00:00,2017-04-19 18:56:58,,Физика;Физика твердого тела,
30094867,Сборник задач по физике конденсированного состояния: учебное пособие для вузов,,,,"Смирнов Е.А., Елманов Г.Н., Исаенкова М.Г.",2012,,Национальный исследовательский ядерный университет «Московский инженерно-физический институт»,,64,0,Russian,,,,978-5-7262-1579-6,,,,,,,,,,75956,0,,,,,,,1,1929090,pdf,09dc0932298ca58472e964d4ccbb523f,,,,0,2000-01-01 01:00:00,2017-04-19 18:56:58,,Физика;Физика твердого тела,
30094868,Релятивистские тороидальные пучки: учебное пособие,,,,"Суханова Л.А., Хлестков Ю.А.",2012,,Национальный исследовательский ядерный университет «Московский инженерно-физический институт»,,88,0,Russian,,,,978-5-7262-1749-9,,,,,,,,,,75957,0,,,,,,,1,1128639,pdf,84e5e6ade12246d5cdb962d6a6dbc2db,,,,0,2000-01-01 01:00:00,2017-04-19 18:56:58,,Физика;Оптика,
30094869,Вакуумная техника. Концепция разреженного газа: учебное пособие для вузов,,,,Шестак В.П.,2012,,Национальный исследовательский ядерный университет «Московский инженерно-физический институт»,,272,0,Russian,,,,978-5-7262-1585-3,,,,,,,,,,75958,0,,,,,,,1,32764961,pdf,d3abb98e90efaf3570909bc47ca3b1dc,,,,0,2000-01-01 01:00:00,2017-04-19 18:56:58,,Физика;Атомная и ядерная физика,
30094870,"Сборник задач по курсу \Физика твердого тела\""""",,,,"Николаев И.Н., Маймистов А.И.",2009,3-е,Национальный исследовательский ядерный университет «Московский инженерно-физический институт»,,60,0,Russian,,,,978-7262-1128-2,,,,,,,,,,75959,0,,,,,,,1,560046,pdf,02b835bfb3cc12e2e82ba2dbf8a5b545,,,,0,2000-01-01 01:00:00,2017-04-19 18:56:58,,Физика;Физика твердого тела,
30094871,Фракталы в фундаментальной физике. Фрактальные свойства множественного образования частиц и топология выборки,,,,"Окороков В.А., Сандракова Е.В.",2009,,Национальный исследовательский ядерный университет «Московский инженерно-физический институт»,,460,0,Russian,,,,978-5-7262-1126-8,,,,,,,,,,75960,0,,,,,,,1,5408327,pdf,5e3d51f441b6fcfee01575daa6c2cd4b,,,,0,2000-01-01 01:00:00,2017-04-19 18:56:58,,Физика;Атомная и ядерная физика,
30094872,Применение киловольтного рентгеновского излучения для планирования и контроля качества лучевой терапии: учебное пособие,,,,"Ратнер Т.Г., Дмитриев А.М.",2013,,Национальный исследовательский ядерный университет «Московский инженерно-физический институт»,,176,0,Russian,,,,978-5-7262-1746-8,,,,,,,,,,75961,0,,,,,,,1,22946122,pdf,f7c5c3f5605d8feade3454580ca5dc59,,,,0,2000-01-01 01:00:00,2017-04-19 18:56:58,,Физика;Прикладная физика,
30094873,Введение в технику физического эксперимента: лабораторный практикум,,,,"Фролов А.С., Моисеева Т.Г., Сысоев А.А.",2009,,Национальный исследовательский ядерный университет «Московский инженерно-физический институт»,,36,0,Russian,,,,978-5-7262-1158-9,,,,,,,,,,75962,0,,,,,,,1,1257368,pdf,6e82fd06816f1047fbd439f5280fd1d9,,,,0,2000-01-01 01:00:00,2017-04-19 18:56:58,,Физика;Лабораторный практикум,
30094874,Автоматизация проектирования: компьютерный практикум: учебное пособие для вузов. Ч.1. Решение задач электрофизики в системе MATLAB,,,,"Аверьянов Г.П., Будкин В.А., Дмитриева В.В.",2010,,Национальный исследовательский ядерный университет «Московский инженерно-физический институт»,,112,0,Russian,,,,978-5-7262-1189-3,,,,,,,,,,75963,0,,,,,,,1,1537544,pdf,aa6e4e032f0c656115a097d38a530bfa,,,,0,2000-01-01 01:00:00,2017-04-19 18:56:58,,Физика;Лабораторный практикум,
30094875,Высокотемпературная сверхпроводимость. Тлеющий разряд. Электромагнитные явления: лабораторный практикум,,,,"Аксенова Е.Н., Синченко А.А., Рубин С.Г., Терекиди А.Г.;Хмелинин А.Б., Гервидс В.И., Долгов А.Н., Липатов К.А., Попов В.Д., Федоров В.Ф., Потанин Е.П., Светозаров В.В., Федоров В.Ф.",2010,3-е,Национальный исследовательский ядерный университет «Московский инженерно-физический институт»,,52,0,Russian,,,,978-5-7262-1288-3,,,,,,,,,,75964,0,,,,,,,1,609914,pdf,d47f9e2468197e9c0dd95f7b66b208a9,,,,0,2000-01-01 01:00:00,2017-04-19 18:56:58,,Физика;Электричество и магнетизм,
30094876,Флюоресцентная диагностика в стоматологии: учебное пособие,,,,"Гончуков С.А., Сухинина А.В.",2010,,Национальный исследовательский ядерный университет «Московский инженерно-физический институт»,,32,0,Russian,,,,978-5-7262-1332-3,,,,,,,,,,75965,0,,,,,,,1,1914056,pdf,2d7970785f553d51b2dcc5fed8927c71,,,,0,2000-01-01 01:00:00,2017-04-19 18:56:58,,Физика;Прикладная физика,
30094877,Спектроскопия сверхтяжелых изотопов водорода: учебное пособие для вузов,,,,"Гуров Ю.Б., Чернышев Б.А.",2010,,Национальный исследовательский ядерный университет «Московский инженерно-физический институт»,,60,0,Russian,,,,978-5-7262-1231-9,,,,,,,,,,75966,0,,,,,,,1,1223366,pdf,9d72e4d652bbfa98798a348f1effb55d,,,,0,2000-01-01 01:00:00,2017-04-19 18:56:58,,Физика;Атомная и ядерная физика,
30094878,"Методы и средства измерений, испытаний и контроля: учебное пособие для вузов",,,,Демина Л.Н.,2010,,Национальный исследовательский ядерный университет «Московский инженерно-физический институт»,,292,0,Russian,,,,978-5-7262-1290-6,,,,,,,,,,75967,0,,,,,,,1,5002769,pdf,d3339695299ee05b40de607cd7cff415,,,,0,2000-01-01 01:00:00,2017-04-19 18:56:58,,Физика;Прикладная и строительная механика,
30094879,Оптические методы детектирования долгоживущих изотопов йода: монография,,,,"Киреев С.В., Шнырёв С.Л.",2010,,Национальный исследовательский ядерный университет «Московский инженерно-физический институт»,,284,0,Russian,,,,978-5-7262-1285-2,,,,,,,,,,75968,0,,,,,,,1,19609276,pdf,56f6a1095bf76806d1ab167dbdef2db1,,,,0,2000-01-01 01:00:00,2017-04-19 18:56:58,,Физика;Атомная и ядерная физика,
30094880,Методы оценки погрешностей результатов прямых и косвенных измерений в лабораториях физического практикума: Учебно-методическое пособие,,,,"Аксенова Е.Н., Гасников Н.К., Калашников Н.П.",2009,,Национальный исследовательский ядерный университет «Московский инженерно-физический институт»,,24,0,Russian,,,,978-5-7262-1140-4,,,,,,,,,,75969,0,,,,,,,1,1559203,pdf,832c7228b1fa1ba1ebba7bc2a0520528,,,,0,2000-01-01 01:00:00,2017-04-19 18:56:58,,Физика;Электричество и магнетизм,
30094881,Сборник задач по квантовой электродинамике: учебное пособие для вузов,,,,"Ломоносова Т.А., Никитин Ю.П.",2010,,Национальный исследовательский ядерный университет «Московский инженерно-физический институт»,,208,0,Russian,,,,978-5-7262-1121-3,,,,,,,,,,75970,0,,,,,,,1,1839068,pdf,3fb4e157bb4cf7f824d8998ce23c73e1,,,,0,2000-01-01 01:00:00,2017-04-19 18:56:58,,Физика;Атомная и ядерная физика,
30094882,Основы материаловедения NbTi сверхпроводников. Применение сверхпроводников: учебное пособие,,,,"Дергунова Е.А., Потанина Л.В., Губкин И.Н.",2009,,Национальный исследовательский ядерный университет «Московский инженерно-физический институт»,,48,0,Russian,,,,978-5-7262-1181-0,,,,,,,,,,75971,0,,,,,,,1,1185617,pdf,a6abdaedb3a064d9bf24385488396443,,,,0,2000-01-01 01:00:00,2017-04-19 18:56:58,,Физика;Прикладная и строительная механика,
30094883,Введение в теорию распространения света в случайных средах: учебное пособие для вузов. Ч.1. Определение основных оптических характеристик распространения светового излучения. Уравнение переноса,,,,"Ремизович В.С., Кузовлев А.И.",2010,,Национальный исследовательский ядерный университет «Московский инженерно-физический институт»,,244,0,Russian,,,,978-5-7262-1259-3,,,,,,,,,,75972,0,,,,,,,1,2340930,pdf,468a10593d3fa4625ab62b0d9e967219,,,,0,2000-01-01 01:00:00,2017-04-19 18:56:58,,Физика;Оптика,
30094884,Введение в теорию распространения света в случайных средах: учебное пособие для вузов. Ч.2. Вычисление интенсивности света в модельных средах,,,,"Ремизович В.С., Кузовлев А.И.",2010,,Национальный исследовательский ядерный университет «Московский инженерно-физический институт»,,276,0,Russian,,,,978-5-7262-1271-5,,,,,,,,,,75973,0,,,,,,,1,3852147,pdf,90117e808292896266a198df3fcc54eb,,,,0,2000-01-01 01:00:00,2017-04-19 18:56:58,,Физика;Оптика,
30094885,Инструментальные методы в химическом анализе: учебное пособие. Ч.1,,,,"Шилина А.С., Эпштейн Н.Б.",2012,,Национальный исследовательский ядерный университет «Московский инженерно-физический институт»,,80,0,Russian,,,,978-5-7262-1723-9,,,,,,,,,,75974,0,,,,,,,1,1196291,pdf,80dab8b0368f3d1afbf7dbaf7796d89e,,,,0,2000-01-01 01:00:00,2017-04-19 18:56:58,,Химия;Аналитическая химия,
30094886,Оптические спектроскопические методы анализа: лабораторный практикум: учебное пособие для вузов,,,,"Ларичева Т.Е., Мерков С.М., Соколова Ю.Д.",2010,,Национальный исследовательский ядерный университет «Московский инженерно-физический институт»,,68,0,Russian,,,,978-5-7262-1239-5,,,,,,,,,,75975,0,,,,,,,1,1139687,pdf,3ceb2cb3b11453e11c9a13f9a09d6104,,,,0,2000-01-01 01:00:00,2017-04-19 18:56:58,,Химия;Аналитическая химия,
30094887,Уран: учебное пособие для вузов,,,,Тананаев И.Г.,2011,,Национальный исследовательский ядерный университет «Московский инженерно-физический институт»,,92,0,Russian,,,,978-5-7262-1401-6,,,,,,,,,,75976,0,,,,,,,1,1575146,pdf,baf578f1aebb96647098d0ac72cda3e6,,,,0,2000-01-01 01:00:00,2017-04-19 18:56:58,,Химия;Общая и неорганическая химия,
30094888,Общая химия: лабораторный практикум: учебное пособие для вузов,,,,"Ананьева Е.А., Вальков А.В., Глаголева М.А., Гурова И.В.;Жукова Т.В., Звончевская М.Ф., Кучук Ж.С., Липанова Н.В., Месяц Е.А., Миндлина Т.Б., Петров В.И., Сорока И.В., Хмелевская Н.Д., Ананьева Е.А.",2010,,Национальный исследовательский ядерный университет «Московский инженерно-физический институт»,,220,0,Russian,,,,978-5-7262-1284-5,,,,,,,,,,75977,0,,,,,,,1,2111140,pdf,191251bcd2c74386ced8ca11ee149f3f,,,,0,2000-01-01 01:00:00,2017-04-19 18:56:58,,Химия;Общая и неорганическая химия,
30094889,Введение в самосборку ансамблей наночастиц: учебное пособие для вузов,,,,Лебедев-Степанов П.В.,2012,,Национальный исследовательский ядерный университет «Московский инженерно-физический институт»,,184,0,Russian,,,,978-5-7262-1754-3,,,,,,,,,,75978,0,,,,,,,1,3549977,pdf,19fc5a1263b9650318a34318e40447e5,,,,0,2000-01-01 01:00:00,2017-04-19 18:56:58,,Химия;Физическая и коллоидная химия,
30094890,Физические основы радиохимии: учебное пособие для вузов,,,,"Медведев В.П., Очкин А.В., Семенов М.А.",2011,,Национальный исследовательский ядерный университет «Московский инженерно-физический институт»,,188,0,Russian,,,,978-5-7262-1524-2,,,,,,,,,,75979,0,,,,,,,1,5124242,pdf,8617ad59d9b6e3a2ea44e88b897377db,,,,0,2000-01-01 01:00:00,2017-04-19 18:56:58,,Химия;Химическая технология,
30094891,История и философия химии: учебное пособие для вузов,,,,Канке В.А.,2011,,Национальный исследовательский ядерный университет «Московский инженерно-физический институт»,,232,0,Russian,,,,,,,,,,,,,,75980,0,,,,,,,1,2544345,pdf,82e8078e0e4cd763e909b66f745d325a,,,,0,2000-01-01 01:00:00,2017-04-19 18:56:58,,Химия;Общая и неорганическая химия,
30094892,Безопасность жизнедеятельности: учебное пособие для вузов,,,,"Крамер-Агеев Е.А., Леденев И.К., Морозова Н.И., Званцев А.А.;Могиленец Н.Н., Хайретдинов С.И.",2011,,Национальный исследовательский ядерный университет «Московский инженерно-физический институт»,,172,0,Russian,,,,978-5-7262-1484-9,,,,,,,,,,75981,0,,,,,,,1,1756634,pdf,6debc3d295779af16c05871b10e7baab,,,,0,2000-01-01 01:00:00,2017-04-19 18:56:58,,Экология,
30094893,Сборник тестовых заданий по экологии: учебное пособие для вузов,,,,"Весна Е.Б., Демин В.М., Ксенофонтов А.И.",2012,,Национальный исследовательский ядерный университет «Московский инженерно-физический институт»,,208,0,Russian,,,,978-5-7262-1680-5,,,,,,,,,,75982,0,,,,,,,1,1621915,pdf,7c4e65efac087b685fda40a2b6196669,,,,0,2000-01-01 01:00:00,2017-04-19 18:56:58,,Экология,
30094894,Статистическая оценка данных экологического мониторинга с применением EXCEL: учебное пособие для вузов,,,,"Игнатенко Г.К., Сдельникова И.А.",2010,,Национальный исследовательский ядерный университет «Московский инженерно-физический институт»,,124,0,Russian,,,,978-5-7262-1240-1,,,,,,,,,,75984,0,,,,,,,1,2250112,pdf,6c24a4919b06bdcf68131747f08a064c,,,,0,2000-01-01 01:00:00,2017-04-19 18:56:58,,Экология,
30094895,Материаловедческие проблемы экологии в области ядерной энергетики: учебное пособие для вузов,,,,"Калин Б.А., Польский В.И., Якушин В.Л., Чернов И.И.",2010,,Национальный исследовательский ядерный университет «Московский инженерно-физический институт»,,184,0,Russian,,,,978-5-7262-0942-5,,,,,,,,,,75985,0,,,,,,,1,3517823,pdf,2e51608a1b1f3c75e5952a0f852ecf46,,,,0,2000-01-01 01:00:00,2017-04-19 18:56:58,,Экология,
30094896,Математические модели и методы в логистике: учебное пособие для вузов,,,,"Тихомирова А.Н., Сидоренко Е.В.",2010,,Национальный исследовательский ядерный университет «Московский инженерно-физический институт»,,320,0,Russian,,,,978-5-7262-1386-6,,,,,,,,,,75986,0,,,,,,,1,2625401,pdf,2fe4e0fcc25e5b21cffc4b32b741695a,,,,0,2000-01-01 01:00:00,2017-04-19 18:56:58,,Экономика и менеджмент;Логистика,
30094897,Управленческий анализ в отраслях: учебное пособие для вузов,,,,Бочкарева Т.Н.,2013,,Национальный исследовательский ядерный университет «Московский инженерно-физический институт»,,136,0,Russian,,,,978-5-7262-1803-8,,,,,,,,,,75987,0,,,,,,,1,713515,pdf,1b7bf264d3eddd4802fe63c03f42a817,,,,0,2000-01-01 01:00:00,2017-04-19 18:56:58,,Экономика и менеджмент;Менеджмент,
30094898,Основы противодействия инсайдерским угрозам: учебное пособие для вузов,,,,Журин С.И.,2013,,Национальный исследовательский ядерный университет «Московский инженерно-физический институт»,,264,0,Russian,,,,978-5-7262-1750-5,,,,,,,,,,75988,0,,,,,,,1,2300366,pdf,60b460f1e20a02487a85072ae2bb839c,,,,0,2000-01-01 01:00:00,2017-04-19 18:56:58,,Экономика и менеджмент;Менеджмент,
30094899,Основы организации труда: учебное пособие,,,,"Васнева Н.Н., Васнев С.А.",2010,,Национальный исследовательский ядерный университет «Московский инженерно-физический институт»,,312,0,Russian,,,,978-5-7662-1316-3,,,,,,,,,,75989,0,,,,,,,1,2061267,pdf,ce8b75bf481cff53f872873ec994cebc,,,,0,2000-01-01 01:00:00,2017-04-19 18:56:58,,Экономика и менеджмент;Управление персоналом,
30094900,"Лабораторный практикум по курсу \Прогнозирование финансовых рынков\"": учебное пособие для вузов""",,,,"Коровкина Л.Н., Старченко Н.В.",2011,,Национальный исследовательский ядерный университет «Московский инженерно-физический институт»,,60,0,Russian,,,,978-5-7262-1467-2,,,,,,,,,,75990,0,,,,,,,1,1631040,pdf,df304eda9c308e336d7a12f33195e68f,,,,0,2000-01-01 01:00:00,2017-04-19 18:56:58,,Экономика и менеджмент;Финансовый менеджмент,
30094901,Краткосрочная и долгосрочная финансовая политика: учебно-методическое пособие,,,,"Когденко В.Г., Быковников И.Л.",2010,,Национальный исследовательский ядерный университет «Московский инженерно-физический институт»,,236,0,Russian,,,,978-5-7262-1202-9,,,,,,,,,,75991,0,,,,,,,1,1865952,pdf,7172ce2d3c3abe24d84bb32ab509784d,,,,0,2000-01-01 01:00:00,2017-04-19 18:56:58,,Экономика и менеджмент;Финансовый менеджмент,
30094902,Improve your english: учебное пособие для аспирантов,,,,"Кондратьева И.И., Коробова Е.Е., Некрасова Н.А., Озолина Т.А.;Чучкина Л.Г., Штрунова В.С.",2011,,Национальный исследовательский ядерный университет «Московский инженерно-физический институт»,,136,0,Russian,,,,978-5-7262-1607-2,,,,,,,,,,75992,0,,,,,,,1,1260870,pdf,393e16194b6ce8ea3a1c0c6f23aa4635,,,,0,2000-01-01 01:00:00,2017-04-19 18:56:58,,Языкознание и литературоведение;Иностранный язык,
30094903,Introduction to nuclear english: учебное пособие для вузов,,,,Аврамова Е.А.,2011,,Национальный исследовательский ядерный университет «Московский инженерно-физический институт»,,88,0,Russian,,,,978-5-7262-1561-7,,,,,,,,,,75993,0,,,,,,,1,1234380,pdf,1f6159b2dc75790519cf96b83d87345e,,,,0,2000-01-01 01:00:00,2017-04-19 18:56:58,,Языкознание и литературоведение;Иностранный язык,
30094904,"Numerals, numbers and figures in professional environment: учебнометодическое пособие для вузов",,,,"Банкова О.К., Некрасова Н.А.",2011,,Национальный исследовательский ядерный университет «Московский инженерно-физический институт»,,96,0,Russian,,,,978-5-7262-1583-9,,,,,,,,,,75994,0,,,,,,,1,1062827,pdf,d923e9105c0f141ca5c069aa7fb87948,,,,0,2000-01-01 01:00:00,2017-04-19 18:56:58,,Языкознание и литературоведение;Иностранный язык,
30094905,Computer science: учебно-методическое пособие для аспирантов,,,,Гвоздева Е.А.,2011,,Национальный исследовательский ядерный университет «Московский инженерно-физический институт»,,52,0,Russian,,,,978-5-7262-1601-0,,,,,,,,,,75995,0,,,,,,,1,482591,pdf,dd9267fa5cd52f09e1204ad6130026c1,,,,0,2000-01-01 01:00:00,2017-04-19 18:56:58,,Языкознание и литературоведение;Иностранный язык,
30094906,Physics for advanced students: учебное пособие для вузов,,,,Гвоздева Е.А.,2011,,Национальный исследовательский ядерный университет «Московский инженерно-физический институт»,,164,0,Russian,,,,978-5-7262-1612-6,,,,,,,,,,75996,0,,,,,,,1,952512,pdf,1388ce35b716c046f0d1112325aaacba,,,,0,2000-01-01 01:00:00,2017-04-19 18:56:58,,Языкознание и литературоведение;Иностранный язык,
30094907,The cosmos: учебно-методическое пособие для аспирантов,,,,Гвоздева Е.А.,2011,,Национальный исследовательский ядерный университет «Московский инженерно-физический институт»,,52,0,Russian,,,,978-5-7262-1602-7,,,,,,,,,,75997,0,,,,,,,1,451614,pdf,0626c478ef93926af405b380f3fa9b44,,,,0,2000-01-01 01:00:00,2017-04-19 18:56:59,,Языкознание и литературоведение;Иностранный язык,
30094908,Сборник текстов для подготовки аспирантов-физиков к сдаче кандидатского экзамена,,,,Журавлева В.И.,2011,,Национальный исследовательский ядерный университет «Московский инженерно-физический институт»,,48,0,Russian,,,,978-5-7262-1608-9,,,,,,,,,,75998,0,,,,,,,1,422948,pdf,831174dc2fc69f986674f4ee1075f320,,,,0,2000-01-01 01:00:00,2017-04-19 18:56:59,,Языкознание и литературоведение;Иностранный язык,
30094909,Сборник текстов для подготовки аспирантов-экономистов к кандидатскому экзамену,,,,Журавлева В.И.,2011,,Национальный исследовательский ядерный университет «Московский инженерно-физический институт»,,40,0,Russian,,,,978-5-7262-1609-6,,,,,,,,,,75999,0,,,,,,,1,385267,pdf,9753dd5802fdac86e072758f6000cac7,,,,0,2000-01-01 01:00:00,2017-04-19 18:56:59,,Языкознание и литературоведение;Иностранный язык,
30094910,Физика и оптимизация резания материалов,,,,Старков В.К.,2009,,"Издательство \Машиностроение\""""",,640,0,Russian,,,,978-5-94275-460-0,,,,,,,,,,760,0,,,,,,,1,31067791,pdf,026d69a7de0e11dd3936f8852fee55da,,,,0,2000-01-01 01:00:00,2017-04-19 18:56:59,https://e.lanbook.com/img/covers/book/1026/2009/760.jpg,Инженерно-технические науки;Машиностроение,
30094911,Тренажер для студентов-физиков: видо-временная система английского глагола: практическое руководство по обучению переводу с английского языка на русский: учебно-методическое пособие для вузов,,,,"Захаров А.А., Ползунова М.В.",2011,,Национальный исследовательский ядерный университет «Московский инженерно-физический институт»,,168,0,Russian,,,,978-7262-1523-5,,,,,,,,,,76000,0,,,,,,,1,1555360,pdf,44e3eea6a9fb1b08770e42b54ae43e46,,,,0,2000-01-01 01:00:00,2017-04-19 18:56:59,,Языкознание и литературоведение;Иностранный язык,
30094912,Тренажер для студентов-химиков: видо-временная система английского глагола: учебно-методическое пособие для вузов,,,,"Захаров А.А., Ползунова М.В.",2011,,Национальный исследовательский ядерный университет «Московский инженерно-физический институт»,,124,0,Russian,,,,978-7262-1523-5,,,,,,,,,,76001,0,,,,,,,1,1457920,pdf,a5b2e5f10ee4e889e9ba71ebafde6eef,,,,0,2000-01-01 01:00:00,2017-04-19 18:56:59,,Языкознание и литературоведение;Иностранный язык,
30094913,Практическое пособие для аспирантов по переводу научно-технической литературы,,,,Клочкова О.Ф.,2011,,Национальный исследовательский ядерный университет «Московский инженерно-физический институт»,,128,0,Russian,,,,978-5-7262-1606-5,,,,,,,,,,76002,0,,,,,,,1,704221,pdf,a28b9df72b180fce6af80013a0241a38,,,,0,2000-01-01 01:00:00,2017-04-19 18:56:59,,Языкознание и литературоведение;Иностранный язык,
30094914,A way to successful reading comprehension: учебно-методическое пособие для аспирантов,,,,"Кондратьева И.И., Некрасова Н.А.",2011,,Национальный исследовательский ядерный университет «Московский инженерно-физический институт»,,84,0,Russian,,,,978-5-7262-1605-8,,,,,,,,,,76003,0,,,,,,,1,659109,pdf,9cfadd113ff4b87dd847c83d321d7184,,,,0,2000-01-01 01:00:00,2017-04-19 18:56:59,,Языкознание и литературоведение;Иностранный язык,
30094915,Методическое пособие для подготовки аспирантов к кандидатскому минимуму по немецкому языку,,,,"Прокурова Л.П., Яковлева Н.Ю.",2011,,Национальный исследовательский ядерный университет «Московский инженерно-физический институт»,,32,0,Russian,,,,978-5-7262-1603-4,,,,,,,,,,76004,0,,,,,,,1,480568,pdf,663a8490f643100dfe3cfe19a0708eca,,,,0,2000-01-01 01:00:00,2017-04-19 18:56:59,,Языкознание и литературоведение;Иностранный язык,
30094916,Испанский язык. Специального курс для факультета ИМО: учебно-методическое пособие по испанскому языку,,,,"Синявский А.А., Горюнова А.Е.",2011,,Национальный исследовательский ядерный университет «Московский инженерно-физический институт»,,172,0,Russian,,,,978-5-7262-1508-2,,,,,,,,,,76005,0,,,,,,,1,1102728,pdf,4667c9aeb24e0bafd31e3c84844fc678,,,,0,2000-01-01 01:00:00,2017-04-19 18:56:59,,Языкознание и литературоведение;Иностранный язык,
30094917,Практический курс английского языка для студентов-международников и специалистов в области наукоемких технологий. Уровень - бакалавриат. 2 год обучения: учебное пособие для вузов. Ч.1,,,,"Солнцева К.В., Кудинова Н.Л.",2011,,Национальный исследовательский ядерный университет «Московский инженерно-физический институт»,,264,0,Russian,,,,978-5-7262-1505-1,,,,,,,,,,76006,0,,,,,,,1,34611116,pdf,bf94620041f5fed8099b7c88d282b3bf,,,,0,2000-01-01 01:00:00,2017-04-19 18:56:59,,Языкознание и литературоведение;Иностранный язык,
30094918,Практический курс английского языка для студентов-международников и специалистов в области наукоемких технологий. Уровень - бакалавриат. 2 год обучения: учебное пособие для вузов. Ч.2,,,,"Солнцева К.В., Кудинова Н.Л.",2011,,Национальный исследовательский ядерный университет «Московский инженерно-физический институт»,,210,0,Russian,,,,978-5-7262-1505-1,,,,,,,,,,76007,0,,,,,,,1,33324840,pdf,27108d34004fc8563d42ea54c708268b,,,,0,2000-01-01 01:00:00,2017-04-19 18:56:59,,Языкознание и литературоведение;Иностранный язык,
30094919,How to make a presentation: учебное пособие для аспирантов,,,,"Чучкина Л.Г., Штрунова В.С.",2011,,Национальный исследовательский ядерный университет «Московский инженерно-физический институт»,,48,0,Russian,,,,978-5-7262-1604-1,,,,,,,,,,76008,0,,,,,,,1,510101,pdf,a6f0754ba342f89c28ad625d3306fe4f,,,,0,2000-01-01 01:00:00,2017-04-19 18:56:59,,Языкознание и литературоведение;Иностранный язык,
30094920,Innovation technologies: учебное пособие для вузов,,,,"Чучкина Л.Г., Штрунова В.С.",2011,,Национальный исследовательский ядерный университет «Московский инженерно-физический институт»,,172,0,Russian,,,,978-5-7262-1613-3,,,,,,,,,,76009,0,,,,,,,1,2097658,pdf,8d27fbcd65ff3ac89bc65888fecbcae1,,,,0,2000-01-01 01:00:00,2017-04-19 18:56:59,,Языкознание и литературоведение;Иностранный язык,
30094921,Наиболее употребительные идиоматические выражения в научной литературе: пособие для вузов,,,,Шушунова Е.В.,2011,,Национальный исследовательский ядерный университет «Московский инженерно-физический институт»,,68,0,Russian,,,,978-5-7262-1610-2,,,,,,,,,,76010,0,,,,,,,1,506372,pdf,c6deb42471f581cc0b68b1da7ee0b426,,,,0,2000-01-01 01:00:00,2017-04-19 18:56:59,,Языкознание и литературоведение;Иностранный язык,
30094922,Nuclear english for university students: учебное пособие,,,,Аврамова Е.А.,2013,,Национальный исследовательский ядерный университет «Московский инженерно-физический институт»,,88,0,Russian,,,,978-5-7262-1733-8,,,,,,,,,,76011,0,,,,,,,1,1299140,pdf,64d6692faf59a430f522ea620de9ea29,,,,0,2000-01-01 01:00:00,2017-04-19 18:56:59,,Языкознание и литературоведение;Иностранный язык,
30094923,"The importance of being earnest by Oscar Wilde. Книга для чтения с упражнениями , иллюстрациями и заданиями в картинках. Уровень - бакалавриат. II год обучения: учебное пособие",,,,Солнцева К.В.,2013,,Национальный исследовательский ядерный университет «Московский инженерно-физический институт»,,184,0,Russian,,,,978-5-7262-1715-4,,,,,,,,,,76012,0,,,,,,,1,12400943,pdf,9a6cdbd12ce31a781395c82dc1ee45c8,,,,0,2000-01-01 01:00:00,2017-04-19 18:56:59,,Языкознание и литературоведение;Иностранный язык,
30094924,Arms control and disarmament: учебное пособие,,,,Цывкунова Е.А.,2013,,Национальный исследовательский ядерный университет «Московский инженерно-физический институт»,,48,0,Russian,,,,978-5-7262-1742-0,,,,,,,,,,76013,0,,,,,,,1,2263094,pdf,17090eb7e8e459bf91dd8b8d5942f983,,,,0,2000-01-01 01:00:00,2017-04-19 18:56:59,,Языкознание и литературоведение;Иностранный язык,
30094925,Nuclear reactor types (learn to read by reading): учебное пособие для вузов,,,,"Воробьева И.А., Смирнова С.Н.",2010,,Национальный исследовательский ядерный университет «Московский инженерно-физический институт»,,268,0,Russian,,,,978-2-7262-1282-1,,,,,,,,,,76014,0,,,,,,,1,2105777,pdf,4cb9c7c265127ea4bad20b4f7c30ed37,,,,0,2000-01-01 01:00:00,2017-04-19 18:56:59,,Языкознание и литературоведение;Иностранный язык,
30094926,Праздники и традиции в Германии: учебно-методическое пособие на немецком языке,,,,Захарова Т.Н.,2010,,Национальный исследовательский ядерный университет «Московский инженерно-физический институт»,,24,0,Russian,,,,978-5-7262-1315-6,,,,,,,,,,76015,0,,,,,,,1,500400,pdf,f18142db93e5668eab6efd77ab7661b0,,,,0,2000-01-01 01:00:00,2017-04-19 18:56:59,,Языкознание и литературоведение;Иностранный язык,
30094927,English grammar guide for technical students: учебное пособие по английскому языку для вузов,,,,Смирнова С.Н.,2010,,Национальный исследовательский ядерный университет «Московский инженерно-физический институт»,,84,0,Russian,,,,978-5-7262-1247-0,,,,,,,,,,76016,0,,,,,,,1,651724,pdf,7bb70cc60821a5a3c514af6991467dc6,,,,0,2000-01-01 01:00:00,2017-04-19 18:56:59,,Языкознание и литературоведение;Иностранный язык,
30094928,Практикум по грамматике английского языка: учебное пособие,,,,Солнцева К.В.,2010,,Национальный исследовательский ядерный университет «Московский инженерно-физический институт»,,128,0,Russian,,,,978-5-7262-1318-7,,,,,,,,,,76017,0,,,,,,,1,4698974,pdf,bbbac65ff1d8596ef13ef89b17d5ce5b,,,,0,2000-01-01 01:00:00,2017-04-19 18:56:59,,Языкознание и литературоведение;Иностранный язык,
30094929,Сборник упражнений по культуре речи (нормативный аспект) для студентов технических специальностей,,,,Арбатская О.А.,2012,,Национальный исследовательский ядерный университет «Московский инженерно-физический институт»,,96,0,Russian,,,,978-5-7262-1751-2,,,,,,,,,,76018,0,,,,,,,1,933954,pdf,9a19fa0d7dbeb63cab9e913c2e9ed3a8,,,,0,2000-01-01 01:00:00,2017-04-19 18:56:59,,Языкознание и литературоведение;Речь. Язык. Общение,
30094930,Особенности преподавания общеобразовательных дисциплин студентам-вьетнамцам на предвузовском этапе обучения: методические рекомендации для преподавателей-предметников,,,,Соловьева Е.В.,2011,,Национальный исследовательский ядерный университет «Московский инженерно-физический институт»,,40,0,Russian,,,,978-5-7262-1497-9,,,,,,,,,,76019,0,,,,,,,1,501894,pdf,457b56e06a374cc320a7c475c621faae,,,,0,2000-01-01 01:00:00,2017-04-19 18:56:59,,Языкознание и литературоведение;Русский как иностранный,
30094931,Учебное пособие по фонетике русского языка для студентов-вьетнамцев: упражнения для начального этапа (вводно-фонетический курс)),,,,Соловьева Е.В.,2011,,Национальный исследовательский ядерный университет «Московский инженерно-физический институт»,,48,0,Russian,,,,978-5-7262-1501-3,,,,,,,,,,76020,0,,,,,,,1,442894,pdf,b58350e489e50db50e447ae92b4ca82c,,,,0,2000-01-01 01:00:00,2017-04-19 18:56:59,,Языкознание и литературоведение;Русский как иностранный,
30094932,"Защитная обработка древесины: методические указания по самостоятельному изучению дисциплины для студентов, обучающихся по направлению подготовки 35.03.02 «Технология лесозаготовительных и деревоперерабатывающих производств»",,,,сост. А.М. Артеменков,2016,,Санкт-Петербургский государственный лесотехнический университет,,24,0,Russian,,,,,,,,,,,,,,76021,0,,,,,,,1,349121,pdf,56e4303b952c312682a8ffecff9d0011,,,,0,2000-01-01 01:00:00,2017-04-19 18:56:59,,Лесное хозяйство и лесоинженерное дело,
30094933,Методы и средства научных исследований: методические указания по выполнению практической работы для студентов направления подготовки 35.03.02 «Технология лесозаготовительных и деревоперерабатывающих производств»,,,,"сост.: А.Б. Чубов, Е.Г. Кузнецова",2016,,Санкт-Петербургский государственный лесотехнический университет,,32,0,Russian,,,,,,,,,,,,,,76022,0,,,,,,,1,373819,pdf,738bf30e26ea9ecad9fb3a5fba37e602,,,,0,2000-01-01 01:00:00,2017-04-19 18:56:59,,Лесное хозяйство и лесоинженерное дело,
30094934,"Производство строительных изделий из древесины: методические указания по дисциплине, задание на практическую (контрольную) работу и указания по ее выполнению для подготовки бакалавров по направлению 35.03.02 «Технология лесозаготовительных и деревообрабат",,,,"сост.: А.Б. Чубов, Е.Г. Соколова",2016,,Санкт-Петербургский государственный лесотехнический университет,,28,0,Russian,,,,,,,,,,,,,,76023,0,,,,,,,1,366552,pdf,9d6d3aa950d560278fedd263484911b9,,,,0,2000-01-01 01:00:00,2017-04-19 18:56:59,,Лесное хозяйство и лесоинженерное дело,
30094935,Экономика производства. Эффективность использования производственных факторов: учебное пособие по решению задач для студентов направлений подготовки 38.03.01 «Экономика» и 38.03.02 «Менеджмент»,,,,"Дикая З.А., Полянская О.А.",2016,,Санкт-Петербургский государственный лесотехнический университет,,128,0,Russian,,,,978-5-9239-0850-3,,,,,,,,,,76024,0,,,,,,,1,1044429,pdf,55a32d6557946518e14fe1d0b720c3d2,,,,0,2000-01-01 01:00:00,2017-04-19 18:56:59,,Экономика и менеджмент;Производственный менеджмент,
30094936,Проблемы современного лесоводства: учебное пособие для магистров направления подготовки 35.04.01 «Лесное дело»,,,,Добровольский А.А.,2016,,Санкт-Петербургский государственный лесотехнический университет,,36,0,Russian,,,,978-5-9239-0837-4,,,,,,,,,,76025,0,,,,,,,1,522387,pdf,af8663e8d3891fb8f08f497e7a94696a,,,,0,2000-01-01 01:00:00,2017-04-19 18:56:59,,Лесное хозяйство и лесоинженерное дело,
30094937,Бухгалтерский учет в бюджетных учреждениях лесного сектора: учебное пособие для студентов направления подготовки 38.03.01 «Экономика» (профиль – «Бухгалтерский учет и аудит»),,,,Мальцева В.В.,2016,,Санкт-Петербургский государственный лесотехнический университет,,80,0,Russian,,,,978-5-9239-0843-5,,,,,,,,,,76027,0,,,,,,,1,802639,pdf,ad4dfc54dcdbaeedac3dbf6d02ca0a27,,,,0,2000-01-01 01:00:00,2017-04-19 18:56:59,,Лесное хозяйство и лесоинженерное дело,
30094938,Техногенные опасности и риски: учебное пособие для бакалавров направления подготовки 05.03.06 «Экология и природопользование»,,,,Русак О.Н.,2016,,Санкт-Петербургский государственный лесотехнический университет,,36,0,Russian,,,,978-5-9239-0848-0,,,,,,,,,,76028,0,,,,,,,1,479808,pdf,e82740db317d919019f1409609221d47,,,,0,2000-01-01 01:00:00,2017-04-19 18:56:59,,Экология,
30094939,"Общая и неорганическая химия. Медь, цинк и их соединения: методические указания к выполнению лабораторных работ по дисциплине «Химия d- элементов» для студентов направления подготовки 18.03.02 и по дисциплине «Общая и неорганическая химия» направления под",,,,"сост. Е.В. Школьников, Д.Л. Байдаков",2016,,Санкт-Петербургский государственный лесотехнический университет,,24,0,Russian,,,,,,,,,,,,,,76029,0,,,,,,,1,523509,pdf,050222265f590a04528c19fddb2ea0cf,,,,0,2000-01-01 01:00:00,2017-04-19 18:56:59,,Химия;Общая и неорганическая химия,
30094940,Лесоводство: учебное пособие для студентов направления подготовки 09.03.02 «Информационные системы и технологии»,,,,"Смирнов А.П., Смирнов А.А.",2016,,Санкт-Петербургский государственный лесотехнический университет,,120,0,Russian,,,,978-5-9239-0845-9,,,,,,,,,,76032,0,,,,,,,1,5922635,pdf,3ea660f436a2ef0546632e8f23ec4210,,,,0,2000-01-01 01:00:00,2017-04-19 18:56:59,,Лесное хозяйство и лесоинженерное дело,
30094941,Введение в лесное дело: учебное пособие для студентов направления подготовки 35.03.01 «Лесное дело»,,,,Смирнов А.А.,2016,,Санкт-Петербургский государственный лесотехнический университет,,32,0,Russian,,,,978-5-9239-0844-2,,,,,,,,,,76033,0,,,,,,,1,3976349,pdf,43102af9477ab3ae5b281fc0a919c226,,,,0,2000-01-01 01:00:00,2017-04-19 18:56:59,,Лесное хозяйство и лесоинженерное дело,
30094942,Оптимальное управление технологическими процессами: учебное пособие по курсовому проектированию для магистров направления подготовки 35.04.02 «Технология лесозаготовительных и деревообрабатывающих производств»,,,,"Тихонов И.И., Базаров С.М., Ильюшенко Д.А.",2016,,Санкт-Петербургский государственный лесотехнический университет,,48,0,Russian,,,,978-5-9239-0822-0,,,,,,,,,,76034,0,,,,,,,1,1206810,pdf,71ab20c842a67b7e61e666e06064a129,,,,0,2000-01-01 01:00:00,2017-04-19 18:56:59,,Лесное хозяйство и лесоинженерное дело,
30094943,Производственный менеджмент. Основы организации и управления производством: учебное пособие,,,,"Захаренкова И.А., Иготти И.Н., Беспалова В.В.",2016,,Санкт-Петербургский государственный лесотехнический университет,,24,0,Russian,,,,978-5-9239-0849-7,,,,,,,,,,76035,0,,,,,,,1,359423,pdf,ae67df52f535e0ebf546a08abb1415a9,,,,0,2000-01-01 01:00:00,2017-04-19 18:56:59,,Экономика и менеджмент;Производственный менеджмент,
30094944,Анодные процессы электрохимической и химической обработки металлов,,,,"Мирзоев Р.А., Давыдов А.Д.",2016,"2-е изд., стер.","Издательство \Лань\""""",,384,0,Russian,,,,978-5-8114-2288-3,,,,,,,,,,76036,0,,,,,,,1,11161407,pdf,35ee96453f40783ceaae7223188bc5d5,,,,0,2000-01-01 01:00:00,2017-04-19 18:56:59,https://e.lanbook.com/img/covers/book/905/2016/76036.jpg,Инженерно-технические науки;Машиностроение,
30094945,Теория и технология прокатного производства,,,,"Рудской А.И., Лунев В.А.",2016,1-е изд.,"Издательство \Лань\""""",,528,0,Russian,,,,978-5-8114-2287-6,,,,,,,,,,76037,0,,,,,,,1,8374112,pdf,6c88e155f55f10b33414372c6952000c,,,,0,2000-01-01 01:00:00,2017-04-19 18:56:59,https://e.lanbook.com/img/covers/book/905/2016/76037.jpg,Инженерно-технические науки;Машиностроение,
30094946,Вибронагруженность операторов валочно-пакетирующих машин при разборе завалов леса после ветровала,,,,"Александров В.А., Бучникова Н.Б.",2016,,Санкт-Петербургский государственный лесотехнический университет,,140,0,Russian,,,,978-5-7422-4184-3,,,,,,,,,,76039,0,,,,,,,1,4362825,pdf,2f4e01d38a3997fcb2f13b7f6e4bfb84,,,,0,2000-01-01 01:00:00,2017-04-19 18:56:59,,Лесное хозяйство и лесоинженерное дело,
30094947,Повышение эффективности лесосечных работ на основе системного анализа технологической скорости производственных процессов,,,,Соловьев А.Н.,2016,,Санкт-Петербургский государственный лесотехнический университет,,108,0,Russian,,,,978-5-9239-0851-0,,,,,,,,,,76040,0,,,,,,,1,1051195,pdf,fe1dba450e8e75debb23c4eba1b4b709,,,,0,2000-01-01 01:00:00,2017-04-19 18:56:59,,Лесное хозяйство и лесоинженерное дело,
30094948,Технологические процессы и оборудование лесного хозяйства: учебное пособие по курсовому проектированию,,,,"Спиридонов С.В., Козьмин С.Ф.",2016,,Санкт-Петербургский государственный лесотехнический университет,,48,0,Russian,,,,978-5-9239-0836-7,,,,,,,,,,76041,0,,,,,,,1,3061849,pdf,9ad2dbb01d686b8f912a122af2606d7d,,,,0,2000-01-01 01:00:00,2017-04-19 18:56:59,,Лесное хозяйство и лесоинженерное дело,
30094949,Основы технологии машиностроения: методические указания по выполнению лабораторных работ,,,,"Сост.: А.В. Трофимов, Г.Д. Богомас, В.А. Марков, А.А. Кокошинский",2016,,Санкт-Петербургский государственный лесотехнический университет,,52,0,Russian,,,,,,,,,,,,,,76042,0,,,,,,,1,3370209,pdf,d1ff5482adb3545e452afa785f329ccf,,,,0,2000-01-01 01:00:00,2017-04-19 18:56:59,,Инженерно-технические науки;Машиностроение,
30094950,"Основы комплексной переработки древесного сырья: учебное пособие для студентов, обучающихся по направлению подготовки 35.04.02 «Технология лесозаготовительных и деревоперерабатывающих производств»",,,,"Варанкина Г.С., Чубинский А.Н.",2016,,Санкт-Петербургский государственный лесотехнический университет,,56,0,Russian,,,,978-5-9239-0838-1,,,,,,,,,,76043,0,,,,,,,1,1816133,pdf,642092c9dc8f526d8a8191c1633ecce9,,,,0,2000-01-01 01:00:00,2017-04-19 18:56:59,,Лесное хозяйство и лесоинженерное дело,
30094951,"Дендрометрия: методические указания по выполнению контрольной работы и контрольные задания для студентов заочного отделения, обучающихся по направлению 35.03.10 «Ландшафтная архитектура»",,,,"Сост.: С.В. Вавилов, Л.С. Ветров, И.В. Никифорчин, М.О. Гурьянов, А.А. Михайлова",2016,,Санкт-Петербургский государственный лесотехнический университет,,76,0,Russian,,,,,,,,,,,,,,76044,0,,,,,,,1,2337739,pdf,a53ea40ba6d732503961c3c9e638dc17,,,,0,2000-01-01 01:00:00,2017-04-19 18:56:59,,Лесное хозяйство и лесоинженерное дело,
30094952,Проектирование подъемно-транспортных установок: Учебное пособие,,,,"Степыгин В.И., Чертов Е.Д., Елфимов С.А.",2005,,"Издательство \Машиностроение\""""",,288,0,Russian,,,,5-217-03274-Х,,,,,,,,,,761,0,,,,,,,1,30543372,pdf,62d291e6ca522829297e37762ac0a0df,,,,0,2000-01-01 01:00:00,2017-04-19 18:56:59,https://e.lanbook.com/img/covers/book/1026/2005/761.jpg,Инженерно-технические науки;Машиностроение,
30094953,"Товароведение и экспертиза мяса птицы, яиц и продуктов их переработки. Качество и безопасность",,,,"Мотовилов О.К., Позняковский В.М., Мотовилов К.Я., Тихонова Н.В.;Под общей ред. В.М. Позняковского",2016,"4-е изд., испр. и доп.","Издательство \Лань\""""",,320,0,Russian,,,,978-5-8114-1740-7,,,,,,,,,,76152,0,,,,,,,1,3777581,pdf,82075c5e67fc7f4e87087d51b2432132,,,,0,2000-01-01 01:00:00,2017-04-19 18:56:59,https://e.lanbook.com/img/covers/book/905/2016/76152.jpg,Технологии пищевых производств;Продукты питания животного происхождения,
30094954,Космическая электроника. В 2-х книгах. Книга 2,,,,"Белоус А.И., Солодуха В.А., Шведов С.В.",2015,,"Издательство \Техносфера\""""",,488,0,Russian,,,,978-5-94836-402-5,,,,,,,,,,76153,0,,,,,,,1,40103205,pdf,1d8cac20ecddb6fbe755c9f479efcf09,,,,0,2000-01-01 01:00:00,2017-04-19 18:56:59,https://e.lanbook.com/img/covers/book/4924/2015/76153.jpg,Инженерно-технические науки;Электроника и радиотехника,
30094955,Космическая электроника. В 2-х книгах. Книга 1,,,,"Белоус А.И., Солодуха В.А., Шведов С.В.",2015,,"Издательство \Техносфера\""""",,696,0,Russian,,,,978-5-94836-398-1,,,,,,,,,,76155,0,,,,,,,1,43091762,pdf,bfc2474be2081a0ff6f636a41140ada6,,,,0,2000-01-01 01:00:00,2017-04-19 18:56:59,https://e.lanbook.com/img/covers/book/4924/2015/76155.jpg,Инженерно-технические науки;Электроника и радиотехника,
30094956,Нанотехнологии в электронике. Выпуск 2,,,,Под редакцией чл.-корр. РАН Чаплыгина Ю.А.,2013,,"Издательство \Техносфера\""""",,688,0,Russian,,,,978-5-94836-353-0,,,,,,,,,,76156,0,,,,,,,1,13878238,pdf,89a74628456b95b34846d716d0736090,,,,0,2000-01-01 01:00:00,2017-04-19 18:56:59,https://e.lanbook.com/img/covers/book/4924/2013/76156.jpg,Инженерно-технические науки;Электроника и радиотехника,
30094957,Математика – это просто 2.0. Думай математически,,,,"Мэйсон Дж., Бёртон Л., Стэйси К.",2015,,"Издательство \Техносфера\""""",,352,0,Russian,,,,978-5-94836-401-8,,,,,,,,,,76157,0,,,,,,,1,5443565,pdf,6ff8689cd579f64dcdb5fca99e5ff3bc,,,,0,2000-01-01 01:00:00,2017-04-19 18:56:59,https://e.lanbook.com/img/covers/book/4924/2015/76157.jpg,Математика;Математика для школьников,
30094958,Управление техническим уровнем высокоинтегрированных электронных систем (научно-технологические проблемы и аспекты развития),,,,"Комаров А.С., Крапухин Д.В., Шульгин Е.И.;Под редакцией д.т.н., профессора Мальцева П.П.",2014,,"Издательство \Техносфера\""""",,240,0,Russian,,,,978-5-94836-397-4,,,,,,,,,,76158,0,,,,,,,1,2270251,pdf,815aa8b5833d84aaf578e3f8bd3cf8a0,,,,0,2000-01-01 01:00:00,2017-04-19 18:56:59,https://e.lanbook.com/img/covers/book/4924/2014/76158.jpg,Инженерно-технические науки;Электроника и радиотехника,
30094959,Малые беспилотные летательные аппараты: теория и практика,,,,"Рэндал У. Биард, Тимоти У. МакЛэйн",2015,,"Издательство \Техносфера\""""",,312,0,Russian,,,,978-5-94836-393-6,,,,,,,,,,76159,0,,,,,,,1,7365542,pdf,d6f147717fba559e06d4f1d9af39346f,,,,0,2000-01-01 01:00:00,2017-04-19 18:56:59,https://e.lanbook.com/img/covers/book/4924/2015/76159.jpg,Инженерно-технические науки;Авиационная и ракетно-космическая техника,
30094960,Очерки истории российской электроники. Выпуск 6. Александр Иванович Шокин. Портрет на фоне эпохи,,,,Шокин А.А.,2014,,"Издательство \Техносфера\""""",,696,0,Russian,,,,978-5-94836-378-3,,,,,,,,,,76160,0,,,,,,,1,92759244,pdf,45552bfbd2670d27020ba0ac22a9fb4f,,,,0,2000-01-01 01:00:00,2017-04-19 18:56:59,https://e.lanbook.com/img/covers/book/4924/2014/76160.jpg,Инженерно-технические науки;Электроника и радиотехника,
30094961,"Пушкин А.С. (Жизнь и творчество поэта с сентября 1829 года по май 1831 года. Возвращение в Москву после путешествия в Арзрум. Болдинская осень. Венчание поэта и Н. Гончаровой. Переезд молодой семьи из Москвы в Санкт- Петербург, ставший для поэта роковым.)",,,,Веробьян Б.С.,2014,,"Издательство \Техносфера\""""",,148,0,Russian,,,,978-5-94836-391-2,,,,,,,,,,76161,0,,,,,,,1,30175071,pdf,031102fcbd1ec922e250dcd0970a2e78,,,,0,2000-01-01 01:00:00,2017-04-19 18:56:59,https://e.lanbook.com/img/covers/book/4924/2014/76161.jpg,Языкознание и литературоведение;Русская литература и литературоведение,
30094962,Абразивная обработка: справочник,,,,"Стратиевский И.Х., Юрьев В.Г., Зубарев Ю.М.",2010,,"Издательство \Машиностроение\""""",,352,0,Russian,,,,978-5-94275-522-5,,,,,,,,,,762,0,,,,,,,1,3989413,pdf,ade31e6767fa9f69f618a41a86eea8d1,,,,0,2000-01-01 01:00:00,2017-04-19 18:56:59,https://e.lanbook.com/img/covers/book/1026/2010/762.jpg,Инженерно-технические науки;Машиностроение,
30094963,Управление транзисторными преобразователями электроэнергии,,,,"Мелешин В.И., Овчинников Д.А.",2011,,"Издательство \Техносфера\""""",,576,0,Russian,,,,978-5-94836-260-1,,,,,,,,,,76206,0,,,,,,,1,12580728,pdf,8815b1d6b2e5a0da1e71524d876626d5,,,,0,2000-01-01 01:00:00,2017-04-19 18:56:59,https://e.lanbook.com/img/covers/book/4924/2011/76206.jpg,Инженерно-технические науки;Энергетика,
30094964,Китайские антропонимы: монография,,,,Хамаева Е.А.,2015,,Евразийский лингвистический институт - филиал Московского государственного лингвистического университета в г.Иркутске,,308,0,Russian,,,,978-5-88267-431-0,,,,,,,,,,76207,0,,,,,,,1,2745682,pdf,86ac9a95c12aa2ad795d0166df0331dd,,,,0,2000-01-01 01:00:00,2017-04-19 18:56:59,https://e.lanbook.com/img/covers/book/11967/2015/76207.jpg,Языкознание и литературоведение;Иностранный язык,
30094965,Экономическое мышление: учебное пособие,,,,"Хорев А.И., Овчинникова Т.И., Кобелева С.В.",2015,,Воронежский государственный университет инженерных технологий,,167,0,Russian,,,,978-5-00032-098-3,,,,,,,,,,76230,0,,,,,,,1,2075843,pdf,a6659303325743f747c5f47d51b71cca,,,,0,2000-01-01 01:00:00,2017-04-19 18:56:59,,Экономика и менеджмент;Экономическая теория,
30094966,Учимся говорить по-русски: лексико-грамматический комментарий (для вьетнамских студентов): учебное пособие,,,,"Иванова Н.В., Милованова Л.Е., Стекольникова Н.В., Нгуен Тхи Май Чинь;Хо Тхи Нгок Ань",2015,,Воронежский государственный университет инженерных технологий,,88,0,Russian,,,,978-5-00032-096-9,,,,,,,,,,76232,0,,,,,,,1,448974,pdf,48d4d2e41ad5306ba70da15913941184,,,,0,2000-01-01 01:00:00,2017-04-19 18:56:59,https://e.lanbook.com/img/covers/book/7284/2015/76232.jpg,Языкознание и литературоведение;Русский как иностранный,
30094967,Учимся говорить по-русски. Базовый уровень. Практикум: учебное пособие,,,,"Иванова Н.В., Милованова Л.Е., Стекольникова Н.В.",2015,,Воронежский государственный университет инженерных технологий,,108,0,Russian,,,,978-5-00032-100-3,,,,,,,,,,76233,0,,,,,,,1,903252,pdf,5f85a4bfa1d201e68b4ab1240fefbfae,,,,0,2000-01-01 01:00:00,2017-04-19 18:56:59,https://e.lanbook.com/img/covers/book/7284/2015/76233.jpg,Языкознание и литературоведение;Русский как иностранный,
30094968,Русско-вьетнамский словарь: учебное пособие,,,,"Иванова Н.В., Нгуен Тхань Доан, Чан Тиен Ранг",2015,,Воронежский государственный университет инженерных технологий,,60,0,Russian,,,,978-5-00032-094-5,,,,,,,,,,76234,0,,,,,,,1,452567,pdf,8e6d5688458193025fbf5caff114ee6b,,,,0,2000-01-01 01:00:00,2017-04-19 18:56:59,https://e.lanbook.com/img/covers/book/7284/2015/76234.jpg,Языкознание и литературоведение;Иностранный язык,
30094969,Тара и упаковка в производстве продуктов животного происхождения. Лабораторный практикум: учебное пособие,,,,"Голубева Л.В., Долматова О.И., Сторублевцев С.А.",2015,,Воронежский государственный университет инженерных технологий,,51,0,Russian,,,,978-5-00032-139-3,,,,,,,,,,76235,0,,,,,,,1,857301,pdf,679596c66a3f1b8e60f9dad1dc5694c1,,,,0,2000-01-01 01:00:00,2017-04-19 18:56:59,,Технологии пищевых производств;Продукты питания животного происхождения,
30094970,Безопасность систем баз данных: учебное пособие,,,,"Скрыпников А.В., Родин С.В., Перминов Г.В., Чернышова Е.В.",2015,,Воронежский государственный университет инженерных технологий,,139,0,Russian,,,,978-5-00032-122-5,,,,,,,,,,76236,0,,,,,,,1,922388,pdf,4c57e0ae730196dcde99222d34f76870,,,,0,2000-01-01 01:00:00,2017-04-19 18:56:59,,Информатика;Информационные технологии,
30094971,Учимся говорить по-русски. I сертификационный уровень. Общее владение. Практикум,,,,"Ядрихинская Е.А., Милованова Л.Е., Будник И.А., Стекольникова Н.В.",2015,,Воронежский государственный университет инженерных технологий,,63,0,Russian,,,,978-5-00032-131-7,,,,,,,,,,76237,0,,,,,,,1,360714,pdf,df976a732c580ea0600eabed089f13e7,,,,0,2000-01-01 01:00:00,2017-04-19 18:56:59,,Языкознание и литературоведение;Русский как иностранный,
30094972,Система русского языка (в переводе на английский язык): учебное пособие,,,,"Ядрихинская Е.А., Ерилова Н.К., Вязовская В.В., Коваленко Н.А.",2015,,Воронежский государственный университет инженерных технологий,,212,0,Russian,,,,978-5-00032-136-2,,,,,,,,,,76238,0,,,,,,,1,1282192,pdf,43170ff3767d83e85b80e0da9b0f2f95,,,,0,2000-01-01 01:00:00,2017-04-19 18:56:59,,Языкознание и литературоведение;Русский как иностранный,
30094973,Путешествие по странам мира (для студентов-иностранцев): учебное пособие,,,,"Ядрихинская Е.А., Адигезалова И.В., Будник И.А., Миненкова Н.В.",2015,,Воронежский государственный университет инженерных технологий,,155,0,Russian,,,,978-5-00032-132-4,,,,,,,,,,76239,0,,,,,,,1,1233046,pdf,501bd7b8b2e4d14642f266740b1a8a37,,,,0,2000-01-01 01:00:00,2017-04-19 18:56:59,,Языкознание и литературоведение;Русский как иностранный,
30094974,Введение в профессиональную деятельность: учебное пособие,,,,"Кудряшов В.С., Алексеев М.В., Иванов А.В., Гайдин А.А.",2015,,Воронежский государственный университет инженерных технологий,,155,0,Russian,,,,978-5-00032-143-0,,,,,,,,,,76240,0,,,,,,,1,3237248,pdf,675b0fe551f63e948666f5b80e6a963e,,,,0,2000-01-01 01:00:00,2017-04-19 18:56:59,https://e.lanbook.com/img/covers/book/7284/2015/76240.jpg,Инженерно-технические науки;Автоматика и управление в технических системах,
30094975,Технология разработки стандартов и нормативной документации. Практикум: учебное пособие,,,,"Попов Г.В., Клейменова Н.Л., Пегина А.Н., Орловцева О.А.",2015,,Воронежский государственный университет инженерных технологий,,52,0,Russian,,,,978-5-00032-104-1,,,,,,,,,,76243,0,,,,,,,1,495958,pdf,a25bf0fe18f3b0fe21b36d9fe5e4a955,,,,0,2000-01-01 01:00:00,2017-04-19 18:56:59,,Инженерно-технические науки;Метрология; стандартизация и сертификация,
30094976,Технология масла (теория и практика): учебное пособие,,,,"Пономарев А.Н., Мельникова Е.И., Голубева Л.В., Долматова О.И.",2015,,Воронежский государственный университет инженерных технологий,,80,0,Russian,,,,978-5-00032-141-6,,,,,,,,,,76244,0,,,,,,,1,911980,pdf,b9b4e82c730d9e1046666b10d0645dd6,,,,0,2000-01-01 01:00:00,2017-04-19 18:56:59,,Технологии пищевых производств;Продукты питания животного происхождения,
30094977,Статистические методы контроля и управления качеством: Курсовое проектирование: учебное пособие,,,,"Назина Л.И., Попов Г.В., Кульнева Н.Г.",2015,,Воронежский государственный университет инженерных технологий,,52,0,Russian,,,,978-5-00032-137-9,,,,,,,,,,76245,0,,,,,,,1,406508,pdf,63b9bf30618338296958bcfc4f2f76f1,,,,0,2000-01-01 01:00:00,2017-04-19 18:56:59,,Экономика и менеджмент;Управление качеством,
30094978,Квантовые и оптические процессы в твердых телах: теория и практика: учебное пособие,,,,"Безрядин Н.Н., Линник А.В., Сыноров Ю.В., Титов С.А.;Прокопова Т.В., Болдырева Я.А., Рожкова Т.А.",2015,,Воронежский государственный университет инженерных технологий,,150,0,Russian,,,,978-5-00032-108-9,,,,,,,,,,76246,0,,,,,,,1,1493506,pdf,8c3f70ec83b0210e51d99a5494542bd1,,,,0,2000-01-01 01:00:00,2017-04-19 18:56:59,,Инженерно-технические науки;Электроника и радиотехника,
30094979,Методы и средства измерений и контроля. Лабораторный практикум: учебное пособие,,,,"Попов Г.В., Клейменова Н.Л., Косенко И.С., Жашков А.А.",2015,,Воронежский государственный университет инженерных технологий,,75,0,Russian,,,,978-5-00032-150-8,,,,,,,,,,76252,0,,,,,,,1,815982,pdf,4eca6e39d9c86c5d48be863195347c7c,,,,0,2000-01-01 01:00:00,2017-04-19 18:56:59,,Инженерно-технические науки;Метрология; стандартизация и сертификация,
30094980,Немецкий язык: пищевые машины и технологическое оборудование: учебное пособие,,,,"Попова М.В., Хрячкова Л.А., Полозова С.В.",2015,2-е,Воронежский государственный университет инженерных технологий,,148,0,Russian,,,,978-5-00032-144-7,,,,,,,,,,76253,0,,,,,,,1,617071,pdf,cc53c2109391d47ffda792c8236eaf57,,,,0,2000-01-01 01:00:00,2017-04-19 18:56:59,,Технологии пищевых производств;Процессы и аппараты пищевых производств,
30094981,Технология подготовки сырья для неорганического производства. Лабораторный практикум: учебное пособие,,,,"Нифталиев С.И., Перегудов Ю.С., Козадерова О.А., Малявина Ю.М.",2015,,Воронежский государственный университет инженерных технологий,,67,0,Russian,,,,978-5-00032-154-6,,,,,,,,,,76255,0,,,,,,,1,1165211,pdf,6e245271a51fdd69baea25c6bc7b40f9,,,,0,2000-01-01 01:00:00,2017-04-19 18:56:59,,Химия;Общая и неорганическая химия,
30094982,Русский язык в песнях (для студентов-иностранцев): учебное пособие,,,,"Иванова Н.В., Дао Фыонг Тхао, Нгуен Бао Тьау, Нгуен Тхи Тыонг Ви;Ндреманиназафу Р.У. Альфредо, Раламбу Ж. К. Дамьен, Сафидималаза Тсилува Георгес, Кампуш Мессиаш Де Жезуш Аугушту",2016,,Воронежский государственный университет инженерных технологий,,75,0,Russian,,,,978-5-00032-158-4,,,,,,,,,,76256,0,,,,,,,1,325292,pdf,218eadee8c9a8b72b0b0010e98c6f0cf,,,,0,2000-01-01 01:00:00,2017-04-19 18:56:59,https://e.lanbook.com/img/covers/book/7284/2016/76256.jpg,Языкознание и литературоведение;Русский как иностранный,
30094983,Научный стиль речи: тренировочные тесты и тексты (для студентов-иностранцев): учебное пособие,,,,Иванова Н.В.,2016,,Воронежский государственный университет инженерных технологий,,52,0,Russian,,,,978-5-00032-160-7,,,,,,,,,,76257,0,,,,,,,1,254336,pdf,5d844f1ae5056770f108753cc8aff467,,,,0,2000-01-01 01:00:00,2017-04-19 18:56:59,https://e.lanbook.com/img/covers/book/7284/2016/76257.jpg,Языкознание и литературоведение;Русский как иностранный,
30094984,Имитационное моделирование систем: учебное пособие,,,,"Черняева С.Н., Денисенко В.В.",2016,,Воронежский государственный университет инженерных технологий,,94,0,Russian,,,,978-5-00032-180-5,,,,,,,,,,76259,0,,,,,,,1,636875,pdf,0dfee216ff05ae524b8dcc5f0ced7c30,,,,0,2000-01-01 01:00:00,2017-04-19 18:56:59,,Информатика;Прикладные программы,
30094985,Разработка прикладных решений для информационной системы 1с: предприятие 8.2: учебное пособие,,,,"Гладких Т.В., Воронова Е.В.",2016,,Воронежский государственный университет инженерных технологий,,56,0,Russian,,,,978-5-00032-182-9,,,,,,,,,,76260,0,,,,,,,1,824412,pdf,531b5f4e37f80303c48066df896b7492,,,,0,2000-01-01 01:00:00,2017-04-19 18:56:59,,Информатика;Прикладные программы,
30094986,Органическая химия (Для студентов-иностранцев). В 2 ч. Ч. 1.: учебное пособие,,,,Данилов В.Н.,2016,,Воронежский государственный университет инженерных технологий,,100,0,Russian,,,,978-5-00032-186-7,,,,,,,,,,76261,0,,,,,,,1,1413918,pdf,8e6f196451c93f5f6f71c8199b4599d7,,,,0,2000-01-01 01:00:00,2017-04-19 18:56:59,,Химия;Органическая химия,
30094987,Немецкий язык: современные проблемы экологии (бакалавриат): учебное пособие,,,,"Чигирин Е.А., Бобкова Н.С., Сихарулидзе Д.Х.",2016,,Воронежский государственный университет инженерных технологий,,100,0,Russian,,,,978-5-00032-188-1,,,,,,,,,,76262,0,,,,,,,1,524500,pdf,071d89b1b64267aa58fdd01723c4b859,,,,0,2000-01-01 01:00:00,2017-04-19 18:56:59,,Языкознание и литературоведение;Иностранный язык,
30094988,Топливные системы современных судовых дизелей,,,,Белоусов Е.В.,2016,"2-е изд., испр. и доп.","Издательство \Лань\""""",,256,0,Russian,,,,978-5-8114-2040-7,,,,,,,,,,76263,0,,,,,,,1,21056371,pdf,f3a69189d09774481a69db15cce1f68f,,,,0,2000-01-01 01:00:00,2017-04-19 18:56:59,https://e.lanbook.com/img/covers/book/905/2016/76263.jpg,Инженерно-технические науки;Транспортно-технологические машины и комплексы,
30094989,"Современные почвообрабатывающие машины: регулировка, настройка и эксплуатация",,,,"Валиев А.Р., Зиганшин Б.Г., Мухамадьяров Ф.Ф., Яхин С.М.;Халиуллин Д.Т., Файзрахманов И.И., Под редакцией А.Р. Валиева",2016,"2-е изд., испр.","Издательство \Лань\""""",,208,0,Russian,,,,978-5-8114-2170-1,,,,,,,,,,76264,0,,,,,,,1,15319277,pdf,bfbac7815de73f77d7e14a1760a81356,,,,0,2000-01-01 01:00:00,2017-04-19 18:56:59,https://e.lanbook.com/img/covers/book/905/2016/76264.jpg,Инженерно-технические науки;Транспортно-технологические машины и комплексы,
30094990,Основы астрофизики,,,,Гусейханов М.К.,2016,"2-е изд., испр.","Издательство \Лань\""""",,208,0,Russian,,,,978-5-8114-2176-3,,,,,,,,,,76265,0,,,,,,,1,3051674,pdf,bc7eeab2f4e6f40f996a01cfc68f5128,,,,0,2000-01-01 01:00:00,2017-04-19 18:56:59,https://e.lanbook.com/img/covers/book/905/2016/76265.jpg,Физика,
30094991,Экологическая безопасность в техносфере,,,,"Дмитренко В.П., Сотникова Е.В., Кривошеин Д.А.",2016,1-е изд.,"Издательство \Лань\""""",,524,0,Russian,,,,978-5-8114-2099-5,,,,,,,,,,76266,0,,,,,,,1,7844278,pdf,4f009ec56631a96b8665edc084e3fd65,,,,0,2000-01-01 01:00:00,2017-04-19 18:56:59,,Инженерно-технические науки;БЖД; охрана окружающей среды,
30094992,"Технологическое оборудование: хлебопекарное, макаронное и кондитерское",,,,"Драгилев А.И., Хромеенков В.М., Чернов М.Е.",2016,"3-е изд., стер.","Издательство \Лань\""""",,432,0,Russian,,,,978-5-8114-2242-5,,,,,,,,,,76267,0,,,,,,,1,46337753,pdf,21ed5ae9fa44aa50f86b702596b99187,,,,0,2000-01-01 01:00:00,2017-04-19 18:56:59,https://e.lanbook.com/img/covers/book/905/2016/76267.jpg,Технологии пищевых производств;Процессы и аппараты пищевых производств,
30094993,Технология цельномолочных продуктов и мороженого,,,,"Забодалова Л.А., Евстигнеева Т.Н.",2016,"2-е изд., перераб. и доп.","Издательство \Лань\""""",,352,0,Russian,,,,978-5-8114-2109-1,,,,,,,,,,76268,0,,,,,,,1,13495096,pdf,ae2804f00613ee54cd18297bd1bcb9f6,,,,0,2000-01-01 01:00:00,2017-04-19 18:56:59,,Технологии пищевых производств;Продукты питания животного происхождения,
30094994,Методология и методика региональных исследований в инженерной геологии,,,,Захаров М.С.,2016,1-е изд.,"Издательство \Лань\""""",,96,0,Russian,,,,978-5-8114-2196-1,,,,,,,,,,76269,0,,,,,,,1,7231447,pdf,01ee1c71efa8929642eb157d2d17e598,,,,0,2000-01-01 01:00:00,2017-04-19 18:56:59,https://e.lanbook.com/img/covers/book/905/2016/76269.jpg,Инженерно-технические науки;Архитектура и строительство,
30094995,"Машины для заготовки кормов: регулировка, настройка и эксплуатация",,,,"Зиганшин Б.Г., Дмитриев А.В., Валиев А.Р., Яхин С.М.;Халиуллин Д.Т., Кашапов И.И., Лукманов Р. Р., Семушкин Н.И., Под ред. Б.Г. Зиганшина",2016,"2-е изд., испр.","Издательство \Лань\""""",,200,0,Russian,,,,978-5-8114-2171-8,,,,,,,,,,76270,0,,,,,,,1,96875219,pdf,90508ea1305f63bd256b60fd9d3feede,,,,0,2000-01-01 01:00:00,2017-04-19 18:56:59,https://e.lanbook.com/img/covers/book/905/2016/76270.jpg,Инженерно-технические науки;Транспортно-технологические машины и комплексы,
30094996,"Лабораторный практикум: электродуговая, контактная сварка и контроль качества сварных соединений",,,,Зорин Е.Е.,2016,1-е изд.,"Издательство \Лань\""""",,160,0,Russian,,,,978-5-8114-2155-8,,,,,,,,,,76271,0,,,,,,,1,7227917,pdf,a7d8ced4d69186355b0626ea841cebbb,,,,0,2000-01-01 01:00:00,2017-04-19 18:56:59,https://e.lanbook.com/img/covers/book/905/2016/76271.jpg,Инженерно-технические науки;Машиностроение,
30094997,Гидравлика и гидравлические машины. Лабораторный практикум,,,,"Кожевникова Н.Г., Ещин А.В., Шевкун Н.А., Драный А.В.;Шевкун В.А., Цымбал А.А., Бекишев Б.Т.",2016,1-е изд.,"Издательство \Лань\""""",,352,0,Russian,,,,978-5-8114-2157-2,,,,,,,,,,76272,0,,,,,,,1,9386725,pdf,47b2d002fb41581c559a85e754f50066,,,,0,2000-01-01 01:00:00,2017-04-19 18:56:59,https://e.lanbook.com/img/covers/book/905/2016/76272.jpg,Инженерно-технические науки;Архитектура и строительство,
30094998,Строительная механика,,,,"Кузьмин Л.Ю., Сергиенко В.Н.",2016,"2-е изд., испр. и доп.","Издательство \Лань\""""",,296,0,Russian,,,,978-5-8114-2117-6,,,,,,,,,,76273,0,,,,,,,1,6428346,pdf,a5e6feb520fde8820e70275a36b17274,,,,0,2000-01-01 01:00:00,2017-04-19 18:56:59,,Инженерно-технические науки;Сопротивление материалов и строительная механика,
30094999,Основы цифровой обработки сигналов,,,,Магазинникова А.Л.,2016,"2-е изд., испр.","Издательство \Лань\""""",,132,0,Russian,,,,978-5-8114-2175-6,,,,,,,,,,76274,0,,,,,,,1,743857,pdf,577d2346e817379c64eb4b9e8ee741be,,,,0,2000-01-01 01:00:00,2017-04-19 18:56:59,https://e.lanbook.com/img/covers/book/905/2016/76274.jpg,Информатика;Виртуальные приборы,
30095000,Методы почвенных исследований,,,,Мамонтов В.Г.,2016,1-е изд.,"Издательство \Лань\""""",,260,0,Russian,,,,978-5-8114-2146-6,,,,,,,,,,76275,0,,,,,,,1,22195586,pdf,fcb51b0792f5064f2dd9dd6301b5a778,,,,0,2000-01-01 01:00:00,2017-04-19 18:56:59,https://e.lanbook.com/img/covers/book/905/2016/76275.jpg,Ветеринария и сельское хозяйство;Агрономия и агроинженерия,
30095001,Математическое моделирование радиотехнических систем,,,,Монаков А.А.,2016,1-е изд.,"Издательство \Лань\""""",,148,0,Russian,,,,978-5-8114-2188-6,,,,,,,,,,76276,0,,,,,,,1,1235342,pdf,dcd407261abf52ef6689654470bc8854,,,,0,2000-01-01 01:00:00,2017-04-19 18:56:59,https://e.lanbook.com/img/covers/book/905/2016/76276.jpg,Информатика;Виртуальные приборы,
30095002,"Подготовка и защита бакалаврской работы, магистерской диссертации, дипломного проекта",,,,Новиков Ю.Н.,2016,1-е изд.,"Издательство \Лань\""""",,32,0,Russian,,,,978-5-8114-2267-8,,,,,,,,,,76277,0,,,,,,,1,852009,pdf,b163f5fda21aacc22c131ff4e9cabd47,,,,0,2000-01-01 01:00:00,2017-04-19 18:56:59,https://e.lanbook.com/img/covers/book/905/2016/76277.jpg,Инженерно-технические науки;Машиностроение,
30095003,"Кузов современного автомобиля: материалы, проектирование и производство",,,,"Пачурин Г.В., Кудрявцев С.М., Соловьев Д.В., Наумов В.И.;Под общей редакцией Г. В. Пачурина",2016,"3-е изд., перераб. и доп.","Издательство \Лань\""""",,316,0,Russian,,,,978-5-8114-2154-1,,,,,,,,,,76278,0,,,,,,,1,19513504,pdf,a4f05ee9b9633f7d8ca94334aecda777,,,,0,2000-01-01 01:00:00,2017-04-19 18:56:59,https://e.lanbook.com/img/covers/book/905/2016/76278.jpg,Инженерно-технические науки;Транспортно-технологические машины и комплексы,
30095004,Экологическая оценка возобновляемых источников энергии,,,,"Пачурин Г.В., Соснина Е.Н., Маслеева О.В., Крюков Е.В.;Под общей ред. Г. В. Пачурина",2016,1-е изд.,"Издательство \Лань\""""",,236,0,Russian,,,,978-5-8114-2218-0,,,,,,,,,,76279,0,,,,,,,1,5480833,pdf,3573b83ad58136227df5fc02b5367beb,,,,0,2000-01-01 01:00:00,2017-04-19 18:56:59,https://e.lanbook.com/img/covers/book/905/2016/76279.jpg,Инженерно-технические науки;БЖД; охрана окружающей среды,
30095005,Электронные системы управления автотракторных двигателей,,,,"Поливаев О.И., Костиков О.М., Ведринский О.С.",2016,1-е изд.,"Издательство \Лань\""""",,200,0,Russian,,,,978-5-8114-2219-7,,,,,,,,,,76280,0,,,,,,,1,25365251,pdf,17c2749b63d3955480986ce13ce5ce75,,,,0,2000-01-01 01:00:00,2017-04-19 18:56:59,https://e.lanbook.com/img/covers/book/905/2016/76280.jpg,Инженерно-технические науки;Транспортно-технологические машины и комплексы,
30095006,Математика в социогуманитарной сфере,,,,Попов В.А.,2016,"2-е изд., испр.","Издательство \Лань\""""",,164,0,Russian,,,,978-5-8114-2205-0,,,,,,,,,,76281,0,,,,,,,1,82874520,pdf,c5970f6b03db87accd946c9b201ffee1,,,,0,2000-01-01 01:00:00,2017-04-19 18:56:59,https://e.lanbook.com/img/covers/book/905/2016/76281.jpg,Высшая математика;Математика,
30095007,Теоретические основы электротехники: краткий курс,,,,Потапов Л.А.,2016,1-е изд.,"Издательство \Лань\""""",,376,0,Russian,,,,978-5-8114-2089-6,,,,,,,,,,76282,0,,,,,,,1,3843015,pdf,85b2f1c3fb2f4a3bec8100561dfc11d9,,,,0,2000-01-01 01:00:00,2017-04-19 18:56:59,https://e.lanbook.com/img/covers/book/905/2016/76282.jpg,Инженерно-технические науки;Электротехника,
30095008,Мицеллообразование в растворах поверхностно-активных веществ,,,,"Русанов А.И., Щёкин А.К.",2016,"2-е изд., доп.","Издательство \Лань\""""",,612,0,Russian,,,,978-5-8114-2126-8,,,,,,,,,,76283,0,,,,,,,1,4514029,pdf,034fad986703786c389f2d4092616fd2,,,,0,2000-01-01 01:00:00,2017-04-19 18:56:59,https://e.lanbook.com/img/covers/book/905/2016/76283.jpg,Химия;Физическая и коллоидная химия,
30095009,Атлас. Патология и дифференциальная диагностика факторных болезней молодняка сельскохозяйственных животных,,,,Салимов В.А.,2016,"2-е изд., перераб.","Издательство \Лань\""""",,384,0,Russian,,,,978-5-8114-2060-5,,,,,,,,,,76284,0,,,,,,,1,34228844,pdf,aaeff301cebf01da25ef3568392902cf,,,,0,2000-01-01 01:00:00,2017-04-19 18:56:59,https://e.lanbook.com/img/covers/book/905/2016/76284.jpg,Ветеринария и сельское хозяйство;Ветеринария,
30095010,Молекулярная симметрия в неорганической и координационной химии,,,,"Сизова О.В., Иванова Н.В., Ванин А.А.",2016,"2-е изд., перераб. и доп.","Издательство \Лань\""""",,276,0,Russian,,,,978-5-8114-2173-2,,,,,,,,,,76285,0,,,,,,,1,4845742,pdf,3b36c68699aaaee763735af53c581d76,,,,0,2000-01-01 01:00:00,2017-04-19 18:56:59,https://e.lanbook.com/img/covers/book/905/2016/76285.jpg,Химия;Общая и неорганическая химия,
30095011,Организационно-технологическое проектирование участков и цехов,,,,"Смирнов А.М., Сосенушкин Е.Н.",2016,1-е изд.,"Издательство \Лань\""""",,228,0,Russian,,,,978-5-8114-2201-2,,,,,,,,,,76286,0,,,,,,,1,21020662,pdf,657007e1b5f86fae167d539436c309f2,,,,0,2000-01-01 01:00:00,2017-04-19 18:56:59,https://e.lanbook.com/img/covers/book/905/2016/76286.jpg,Инженерно-технические науки;Машиностроение,
30095012,Практическое руководство по мясному скотоводству,,,,"Смирнова М.Ф., Сафронов С.Л., Смирнова В.В.",2016,1-е изд.,"Издательство \Лань\""""",,320,0,Russian,,,,978-5-8114-2167-1,,,,,,,,,,76287,0,,,,,,,1,24620372,pdf,d2e0752d1b9d497a34345f6e9f62747c,,,,0,2000-01-01 01:00:00,2017-04-19 18:56:59,https://e.lanbook.com/img/covers/book/905/2016/76287.jpg,Ветеринария и сельское хозяйство;Зоотехния,
30095013,Наносистемы в строительном материаловедении,,,,"Строкова В.В., Жерновский И.В., Череватова А.В.",2016,"2-е изд., испр.","Издательство \Лань\""""",,236,0,Russian,,,,978-5-8114-2034-6,,,,,,,,,,76288,0,,,,,,,1,65767404,pdf,cb220436a0d785124cd97ab3ba64f075,,,,0,2000-01-01 01:00:00,2017-04-19 18:56:59,https://e.lanbook.com/img/covers/book/905/2016/76288.jpg,Инженерно-технические науки;Сопротивление материалов и строительная механика,
30095014,Оптимизация и принятие решений в агроинженерных задачах,,,,"Федоренко И.Я., Морозова С.В.",2016,"2-е изд., перераб. и доп.","Издательство \Лань\""""",,288,0,Russian,,,,978-5-8114-2131-2,,,,,,,,,,76289,0,,,,,,,1,3564119,pdf,dcfc71be06e3bb02b340027ba408e85d,,,,0,2000-01-01 01:00:00,2017-04-19 18:56:59,https://e.lanbook.com/img/covers/book/905/2016/76289.jpg,Прикладная математика;Математика,
30095015,Основы общей ветеринарной хирургии,,,,Шакуров М.Ш.,2016,"2-е изд., стер.","Издательство \Лань\""""",,252,0,Russian,,,,978-5-8114-1204-4,,,,,,,,,,76290,0,,,,,,,1,1677668,pdf,29f92ae9a259f46700ea6b70cbbf73c1,,,,0,2000-01-01 01:00:00,2017-04-19 18:56:59,https://e.lanbook.com/img/covers/book/905/2016/76290.jpg,Ветеринария и сельское хозяйство;Ветеринария,
30095016,Сборник русских народных песен,,,,Балакирев М.А.,2016,"2-е изд., испр.","Издательство \Лань\"""," \""Планета музыки\""""",,80,0,Russian,,,,978-5-8114-2082-7,,,,,,,,,,76292,0,,,,,,,1,3861805,pdf,10c2b9d57a92b839fc4a841db7da34e7,,,,0,2000-01-01 01:00:00,2017-04-19 18:56:59,https://e.lanbook.com/img/covers/book/2689/2016/76292.jpg,Музыка и театр;Теория музыки
30095017,"Художество. Опыт анализа понятий, определяющих искусство живописи",,,,Васнецов А.М.,2016,"2-е изд., испр.","Издательство \Лань\"""," \""Планета музыки\""""",,96,0,Russian,,,,978-5-8114-2181-7,,,,,,,,,,76293,0,,,,,,,1,453740,pdf,35ffbbeb5999c0317335bdca637c5c28,,,,0,2000-01-01 01:00:00,2017-04-19 18:57:00,https://e.lanbook.com/img/covers/book/2689/2016/76293.jpg,Искусствоведение;Архитектура; живопись; графика
30095018,Пианист-виртуоз в 60 упражнениях,,,,Ганон Ш.Л.,2016,"2-е изд., испр.","Издательство \Лань\"""," \""Планета музыки\""""",,88,0,Russian,,,,978-5-8114-2231-9,,,,,,,,,,76294,0,,,,,,,1,17768206,pdf,3338ef96eaf4256a26d1ea4f8b728018,,,,0,2000-01-01 01:00:00,2017-04-19 18:57:00,https://e.lanbook.com/img/covers/book/2689/2016/76294.jpg,Музыка и театр;Теория музыки
30095019,Учебник сольфеджио,,,,Драгомиров П.Н.,2016,"2-е изд., стер.","Издательство \Лань\"""," \""Планета музыки\""""",,64,0,Russian,,,,978-5-8114-2080-3,,,,,,,,,,76295,0,,,,,,,1,6574981,pdf,13914b6bf2355a140bcf6b0c9eb88d79,,,,0,2000-01-01 01:00:00,2017-04-19 18:57:00,,Музыка и театр;Теория музыки
30095020,Научные основы постановки голоса,,,,Заседателев Ф.Ф.,2016,"2-е изд., испр.","Издательство \Лань\"""," \""Планета музыки\""""",,112,0,Russian,,,,978-5-8114-2179-4,,,,,,,,,,76296,0,,,,,,,1,592808,pdf,800f1e849f031914f067b8f08c593eb2,,,,0,2000-01-01 01:00:00,2017-04-19 18:57:00,https://e.lanbook.com/img/covers/book/2689/2016/76296.jpg,Музыка и театр;Вокал
30095021,Мастерство актера и режиссера,,,,Захава Б.Е.,2016,"7-е изд., стер.","Издательство \Лань\"""," \""Планета музыки\""""",,432,0,Russian,,,,978-5-8114-1575-5,,,,,,,,,,76297,0,,,,,,,1,53938359,pdf,d5bc5a71ec9cfe61a88b31976adf30b3,,,,0,2000-01-01 01:00:00,2017-04-19 18:57:00,https://e.lanbook.com/img/covers/book/2689/2016/76297.jpg,Музыка и театр;Театр
30095022,Методика преподавания музыкальной литературы в детской музыкальной школе,,,,Лагутин А.И.,2016,"3-е изд., стер.","Издательство \Лань\"""," \""Планета музыки\""""",,176,0,Russian,,,,978-5-8114-2210-4,,,,,,,,,,76298,0,,,,,,,1,15678080,pdf,c659c2864fe25a14d2abdc5b033068d7,,,,0,2000-01-01 01:00:00,2017-04-19 18:57:00,https://e.lanbook.com/img/covers/book/2689/2016/76298.jpg,Музыка и театр;Теория музыки
30095023,1000 диктантов,,,,Ладухин Н.М.,2016,"2-е изд., стер.","Издательство \Лань\"""," \""Планета музыки\""""",,108,0,Russian,,,,978-5-8114-2207-4,,,,,,,,,,76299,0,,,,,,,1,5619209,pdf,b036f37ae1a04f9b74bcba27426532d2,,,,0,2000-01-01 01:00:00,2017-04-19 18:57:00,https://e.lanbook.com/img/covers/book/2689/2016/76299.jpg,Музыка и театр;Теория музыки
30095024,Технологические процессы в машиностроении: учебник для вузов,,,,"Богодухов С.И., Бондаренко Е.В., Схиртладзе А.Г., Сулейманов Р.М.;под общей редакцией Богодухова С.И.",2009,,"Издательство \Машиностроение\""""",,640,0,Russian,,,,978-5-217-03408-6,,,,,,,,,,763,0,,,,,,,1,22747610,pdf,85313c2eef2bce7691ce6ba3fbf04866,,,,0,2000-01-01 01:00:00,2017-04-19 18:57:00,https://e.lanbook.com/img/covers/book/1026/2009/763.jpg,Инженерно-технические науки;Машиностроение,
30095025,Краткий метод пения,,,,Ломакин Г.Я.,2016,"4-е изд., испр.","Издательство \Лань\"""," \""Планета музыки\""""",,64,0,Russian,,,,978-5-8114-2279-1,,,,,,,,,,76300,0,,,,,,,1,4977744,pdf,fea85a79ce6d8bead0acdd87637c3329,,,,0,2000-01-01 01:00:00,2017-04-19 18:57:00,https://e.lanbook.com/img/covers/book/2689/2016/76300.jpg,Музыка и театр;Вокал
30095026,12 мелодий для голоса и фортепиано,,,,Меркаданте С.,2016,1-е изд.,"Издательство \Лань\"""," \""Планета музыки\""""",,80,0,Russian,,,,978-5-8114-2269-2,,,,,,,,,,76301,0,,,,,,,1,6704280,pdf,2da2b69ff8271cfffe9629441de08541,,,,0,2000-01-01 01:00:00,2017-04-19 18:57:00,https://e.lanbook.com/img/covers/book/2689/2016/76301.jpg,Музыка и театр;Вокал
30095027,Основы физиологии и патологии голоса певцов,,,,Работнов Л.Д.,2016,"2-е изд., стер.","Издательство \Лань\"""," \""Планета музыки\""""",,224,0,Russian,,,,978-5-8114-1777-3,,,,,,,,,,76302,0,,,,,,,1,6660174,pdf,16069bed4d9bde17ffd75aa1c928cf54,,,,0,2000-01-01 01:00:00,2017-04-19 18:57:00,https://e.lanbook.com/img/covers/book/2689/2016/76302.jpg,Музыка и театр;Вокал
30095028,Учитель танцев,,,,Рамо П.,2016,1-е изд.,"Издательство \Лань\"""," \""Планета музыки\""""",,224,0,Russian,,,,978-5-8114-2277-7,,,,,,,,,,76303,0,,,,,,,1,120105734,pdf,ffb96082604947b57586ac7f90d00b71,,,,0,2000-01-01 01:00:00,2017-04-19 18:57:00,,Балет. Танец. Хореография
30095029,Майская ночь. Опера в 3-х действиях,,,,Римский-Корсаков Н.А.;(музыка и либретто),2016,"2-е изд., испр.","Издательство \Лань\"""," \""Планета музыки\""""",,88,0,Russian,,,,978-5-8114-2178-7,,,,,,,,,,76304,0,,,,,,,1,763322,pdf,786edc3d30e08bb42c828ed5d124dd17,,,,0,2000-01-01 01:00:00,2017-04-19 18:57:00,,Музыка и театр;Вокал
30095030,"Теория постановки голоса в связи с физиологией органов, воспроизводящих звук",,,,Сонки С.М.,2016,"9-е изд., испр.","Издательство \Лань\"""," \""Планета музыки\""""",,184,0,Russian,,,,978-5-8114-2140-4,,,,,,,,,,76305,0,,,,,,,1,8296969,pdf,d7ce8d8985965e2f655a1cd3e8b4885c,,,,0,2000-01-01 01:00:00,2017-04-19 18:57:00,https://e.lanbook.com/img/covers/book/2689/2016/76305.jpg,Музыка и театр;Вокал
30095031,Джазовая импровизация. Курс для начинающих,,,,Терацуян А.М.,2016,1-е изд.,"Издательство \Лань\"""," \""Планета музыки\""""",,56,0,Russian,,,,978-5-8114-1914-2,,,,,,,,,,76306,0,,,,,,,1,1370312,pdf,e7faebc9bae3cb1aed986dc7af33a95f,,,,0,2000-01-01 01:00:00,2017-04-19 18:57:00,https://e.lanbook.com/img/covers/book/2689/2016/76306.jpg,Музыка и театр;Самоучители
30095032,Отечественная массовая музыка: 1960–1990 гг.,,,,Цукер А.М.,2016,"2-е изд., доп.","Издательство \Лань\"""," \""Планета музыки\""""",,256,0,Russian,,,,978-5-8114-2278-4,,,,,,,,,,76307,0,,,,,,,1,942746,pdf,b199d807ac3d5642b2e7dae1d2d8e356,,,,0,2000-01-01 01:00:00,2017-04-19 18:57:00,https://e.lanbook.com/img/covers/book/2689/2016/76307.jpg,Музыка и театр;История музыки
30095033,Испанская серенада,,,,"Юргенштейн О.О., (музыка), Гонгора-и-Арготе Л., (стихи)",2016,1-е изд.,"Издательство \Лань\"""," \""Планета музыки\""""",,32,0,Russian,,,,978-5-8114-2281-4,,,,,,,,,,76308,0,,,,,,,1,2201701,pdf,f25097e44f65eeff7ebfa8929c5b92a6,,,,0,2000-01-01 01:00:00,2017-04-19 18:57:00,https://e.lanbook.com/img/covers/book/2689/2016/76308.jpg,Музыка и театр;Вокал
30095034,Конструктивные и технологические расчеты в производстве деревянных клеёных конструкций,,,,"Будаев В.А., Колесникова А.А.",2015,,Поволжский государственный технологический университет,,115,0,Russian,,,,978-5-8158-1556-8,,,,,,,,,,76388,0,,,,,,,1,2505810,pdf,eb8d88c03ae05c2ad4418edf787337bf,,,,0,2000-01-01 01:00:00,2017-04-19 18:57:00,https://e.lanbook.com/img/covers/book/12571/2015/76388.jpg,Лесное хозяйство и лесоинженерное дело,
30095035,Рекреационное лесопользование: учебное пособие,,,,Закамский В.А.,2012,,Поволжский государственный технологический университет,,239,0,Russian,,,,978­5­8158­1008­2,,,,,,,,,,76389,0,,,,,,,1,1384430,pdf,e7b06bcdca8fbe77defd8cc30120cbb3,,,,0,2000-01-01 01:00:00,2017-04-19 18:57:00,https://e.lanbook.com/img/covers/book/12571/2012/76389.jpg,Лесное хозяйство и лесоинженерное дело,
30095036,Лесные культуры: учебное пособие. Ч. 1. Сосна кедровая сибирская в Среднем Поволжье,,,,Еремин Н.В.,2014,,Поволжский государственный технологический университет,,144,0,Russian,,,,978-5-8158-1355-7,,,,,,,,,,76390,0,,,,,,,1,5239180,pdf,61c81d52018af275608306da0c9dd60e,,,,0,2000-01-01 01:00:00,2017-04-19 18:57:00,,Лесное хозяйство и лесоинженерное дело,
30095037,Пневматический транспорт измельченной древесины: учебное пособие,,,,Домрачев П.П.,2015,,Поволжский государственный технологический университет,,144,0,Russian,,,,978-5-8158-1551-3,,,,,,,,,,76391,0,,,,,,,1,1910411,pdf,80056823a829ee2d43fa2703c4fa0b1a,,,,0,2000-01-01 01:00:00,2017-04-19 18:57:00,https://e.lanbook.com/img/covers/book/12571/2015/76391.jpg,Лесное хозяйство и лесоинженерное дело,
30095038,Технология и оборудование клеёных материалов: лабораторный практикум,,,,"Колесникова А.А., Кислицына С.Н.",2015,,Поволжский государственный технологический университет,,84,0,Russian,,,,978-5-9282-1273-5,,,,,,,,,,76392,0,,,,,,,1,1094003,pdf,5ba4d8283fc3008f96215c7b402e1c59,,,,0,2000-01-01 01:00:00,2017-04-19 18:57:00,https://e.lanbook.com/img/covers/book/12571/2015/76392.jpg,Лесное хозяйство и лесоинженерное дело,
30095039,Технология и применение полимеров в деревообработке,,,,"Колесникова А.А., Краснова В.Ф.",2015,,Поволжский государственный технологический университет,,68,0,Russian,,,,978-5-8158-1557-5,,,,,,,,,,76393,0,,,,,,,1,1585017,pdf,6477111291d0f45fc45160b7227d9616,,,,0,2000-01-01 01:00:00,2017-04-19 18:57:00,https://e.lanbook.com/img/covers/book/12571/2015/76393.jpg,Лесное хозяйство и лесоинженерное дело,
30095040,Технология лесопильно-деревообрабатывающих производств: лабораторный практикум,,,,"Микрюкова Е.В., Разумов Е.Ю.",2015,,Поволжский государственный технологический университет,,52,0,Russian,,,,978-5-8158-1511-7,,,,,,,,,,76394,0,,,,,,,1,1558798,pdf,e921b820c103933950600510f36a183e,,,,0,2000-01-01 01:00:00,2017-04-19 18:57:00,https://e.lanbook.com/img/covers/book/12571/2015/76394.jpg,Лесное хозяйство и лесоинженерное дело,
30095041,Управление качеством продукции лесозаготовительных и деревообрабатывающих производств,,,,Рукомойников К.П.,2015,,Поволжский государственный технологический университет,,140,0,Russian,,,,978-5-8158-1507-0,,,,,,,,,,76395,0,,,,,,,1,2780507,pdf,f9ec047cd488eb2c057c99269df5f909,,,,0,2000-01-01 01:00:00,2017-04-19 18:57:00,https://e.lanbook.com/img/covers/book/12571/2015/76395.jpg,Лесное хозяйство и лесоинженерное дело,
30095042,Повышение эффективности лесной рекультивации карьеров по добыче песка в Республике Марий Эл: монография,,,,"Нуреева Т.В., Куклина Н.А.",2015,,Поволжский государственный технологический университет,,140,0,Russian,,,,978-5-8158-1584-1,,,,,,,,,,76396,0,,,,,,,1,1731259,pdf,7cc0163677d9277402c18767e9acc6dd,,,,0,2000-01-01 01:00:00,2017-04-19 18:57:00,https://e.lanbook.com/img/covers/book/12571/2015/76396.jpg,Лесное хозяйство и лесоинженерное дело,
30095043,Основы патентно-лицензионной деятельности: учебное пособие,,,,"Шестаков Я.И., Царев Е.М., Анисимов С.Е.",2015,,Поволжский государственный технологический университет,,212,0,Russian,,,,978-5-8158-1571-1,,,,,,,,,,76397,0,,,,,,,1,1427334,pdf,c32ae783a395d61cb901dd2330bd8667,,,,0,2000-01-01 01:00:00,2017-04-19 18:57:00,https://e.lanbook.com/img/covers/book/12571/2015/76397.jpg,Лесное хозяйство и лесоинженерное дело,
30095044,"Основы природопользования: учебное пособие по направлению 05.03.06 (022000.62) \Экология и природопользование\""""",,,,"Иванова Р.Р., Гончаров Е.А.",2015,,Поволжский государственный технологический университет,,220,0,Russian,,,,978-5-8158-1603-9,,,,,,,,,,76398,0,,,,,,,1,1702776,pdf,85758a937db6cc4c331b5e6148b66584,,,,0,2000-01-01 01:00:00,2017-04-19 18:57:00,https://e.lanbook.com/img/covers/book/12571/2015/76398.jpg,Лесное хозяйство и лесоинженерное дело,
30095045,Инновационное развитие северо-восточной территории Самарской области на основе лесного кластера: монография,,,,Черных В.Л.,2015,,Поволжский государственный технологический университет,,176,0,Russian,,,,978-5-8158-1588-9,,,,,,,,,,76399,0,,,,,,,1,3321279,pdf,333d8644139d77811e2225815f1a182c,,,,0,2000-01-01 01:00:00,2017-04-19 18:57:00,https://e.lanbook.com/img/covers/book/12571/2015/76399.jpg,Лесное хозяйство и лесоинженерное дело,
30095046,Управление качеством продукции машиностроения: учебное пособие,,,,"Кане М.М., Суслов А.Г., Горленко О.А., Иванов Б.В.;под общей редакцией Кане М.М.",2010,,"Издательство \Машиностроение\""""",,416,0,Russian,,,,978-5-94275-493-8,,,,,,,,,,764,0,,,,,,,1,4633931,pdf,6fc2d067e29e0e7c697f70e955357968,,,,0,2000-01-01 01:00:00,2017-04-19 18:57:00,https://e.lanbook.com/img/covers/book/1026/2010/764.jpg,Инженерно-технические науки;Машиностроение,
30095047,Продуктивность и товарная структура лесных культур дуба черешчатого Нижнего Поволжья: монография,,,,Черных Д.В.,2015,,Поволжский государственный технологический университет,,180,0,Russian,,,,978-5-8158-1577-3,,,,,,,,,,76400,0,,,,,,,1,4605399,pdf,55fdc88de912ec00d230bacdfa25687e,,,,0,2000-01-01 01:00:00,2017-04-19 18:57:00,https://e.lanbook.com/img/covers/book/12571/2015/76400.jpg,Лесное хозяйство и лесоинженерное дело,
30095048,Основы экологического права: учебно-методическое пособие,,,,Мальков Ю.Г.,2015,,Поволжский государственный технологический университет,,68,0,Russian,,,,978-5-8158-1542-1,,,,,,,,,,76401,0,,,,,,,1,616466,pdf,80b89b1f1c298f3f4fc8b723f6d45000,,,,0,2000-01-01 01:00:00,2017-04-19 18:57:00,https://e.lanbook.com/img/covers/book/12571/2015/76401.jpg,Лесное хозяйство и лесоинженерное дело,
30095049,Логистика в лесном комплексе: учебное пособие,,,,Рукомойников К.П.,2015,,Поволжский государственный технологический университет,,120,0,Russian,,,,978-5-8158-1532-2,,,,,,,,,,76402,0,,,,,,,1,2653599,pdf,5b7935d9dda875d4cef9ab27aa68e34d,,,,0,2000-01-01 01:00:00,2017-04-19 18:57:00,https://e.lanbook.com/img/covers/book/12571/2015/76402.jpg,Лесное хозяйство и лесоинженерное дело,
30095050,Лесопромышленное производство: содержание практик и дипломного проектирования,,,,Ширнин Ю.А.,2015,,Поволжский государственный технологический университет,,116,0,Russian,,,,978-5-8158-1569-8,,,,,,,,,,76403,0,,,,,,,1,1156719,pdf,cff2cabd57b5cc9787a358abe104c601,,,,0,2000-01-01 01:00:00,2017-04-19 18:57:00,https://e.lanbook.com/img/covers/book/12571/2015/76403.jpg,Лесное хозяйство и лесоинженерное дело,
30095051,Психология спортивной деятельности: учебное пособие,,,,Вакарев Е.С.,2016,2-е,"Издательство \ФЛИНТА\""""",,210,0,Russian,,,,978-5-9765-2620-4,,,,,,,,,,76404,0,,,,,,,1,1508605,pdf,94233bbb6c07d1e2759d1cb08d0edac3,,,,0,2000-01-01 01:00:00,2017-04-19 18:57:00,https://e.lanbook.com/img/covers/book/1850/2016/76404.jpg,Психология. Педагогика;Психология,
30095052,Литейные дефекты. Причины образования. Способы предупреждения и исправления: Учебное пособие,,,,"Чернышов Е.А., Евстигнеев А.И., Евлампиев А.А.",2008,,"Издательство \Машиностроение\""""",,282,0,Russian,,,,978-5-217-03413-0,,,,,,,,,,765,0,,,,,,,1,45405762,pdf,2e8107a9779da0b9d59fe2283af2f010,,,,0,2000-01-01 01:00:00,2017-04-19 18:57:00,https://e.lanbook.com/img/covers/book/1026/2008/765.jpg,Инженерно-технические науки;Машиностроение,
30095053,Кодирование и передача речи в цифровых системах подвижной радиосвязи. Учебное пособие для вузов,,,,Рихтер С.Г.,2011,,"Издательство \Горячая линия-Телеком\""""",,304,0,Russian,,,,978-5-9912-0116-2,,,,,,,,,,76502,0,,,,,,,1,6955852,pdf,e4b178c853c717349758ae2c8545eeb3,,,,0,2000-01-01 01:00:00,2017-04-19 18:57:00,https://e.lanbook.com/img/covers/book/6171/2011/76502.jpg,Инженерно-технические науки;Электроника и радиотехника,
30095054,Аудит: практикум,,,,"Азарская М.А., Веркеева Е.В., Леухина Т.Л.",2015,,Поволжский государственный технологический университет,,80,0,Russian,,,,978-5-8158-1537-7,,,,,,,,,,76503,0,,,,,,,1,754138,pdf,c3c831a0722642df966a66a00bd37026,,,,0,2000-01-01 01:00:00,2017-04-19 18:57:00,https://e.lanbook.com/img/covers/book/12571/2015/76503.jpg,Экономика и менеджмент;Бухгалтерский учет; анализ и аудит,
30095055,Планирование и организация эксперимента: учебное пособие,,,,"Боярский М.В., Анисимов Э.А.",2015,,Поволжский государственный технологический университет,,168,0,Russian,,,,978-5-8158-1472-1,,,,,,,,,,76504,0,,,,,,,1,2057012,pdf,bc79103bfa60788e2a0cd6bb427f919f,,,,0,2000-01-01 01:00:00,2017-04-19 18:57:00,https://e.lanbook.com/img/covers/book/12571/2015/76504.jpg,Лесное хозяйство и лесоинженерное дело,
30095056,Основы реконструкции и реставрации. Укрепление памятников архитектуры: учебное пособие,,,,Бородов В.Е.,2015,,Поволжский государственный технологический университет,,180,0,Russian,,,,978-5-8158-1490-5,,,,,,,,,,76505,0,,,,,,,1,3187147,pdf,9f969e84a8b0d6bddcf441f52ea39877,,,,0,2000-01-01 01:00:00,2017-04-19 18:57:00,https://e.lanbook.com/img/covers/book/12571/2015/76505.jpg,Инженерно-технические науки;Архитектура и строительство,
30095057,Английский язык: cборник контрольных работ для студентов I курса направления подготовки 270800.62 «Строительство» (заочной формы обучения),,,,Щеглова Н.Н.,2015,,Поволжский государственный технологический университет,,32,0,Russian,,,,,,,,,,,,,,76507,0,,,,,,,1,476021,pdf,36f74ffbb5177dc39f6be88a215557ca,,,,0,2000-01-01 01:00:00,2017-04-19 18:57:00,https://e.lanbook.com/img/covers/book/12571/2015/76507.jpg,Языкознание и литературоведение;Иностранный язык,
30095058,Бюджетный процесс и бюджетное планирование: учебное пособие,,,,Черкасова Л.А.,2015,,Поволжский государственный технологический университет,,172,0,Russian,,,,978-5-8158-1476-9,,,,,,,,,,76508,0,,,,,,,1,1039887,pdf,1eebf66740350d3c2d2d81999db2dd31,,,,0,2000-01-01 01:00:00,2017-04-19 18:57:00,https://e.lanbook.com/img/covers/book/12571/2015/76508.jpg,Экономика и менеджмент;Финансовый менеджмент,
30095059,Правоведение: учебное пособие,,,,Чернова И.Е.,2015,,Поволжский государственный технологический университет,,284,0,Russian,,,,978-5-8158-1531-5,,,,,,,,,,76509,0,,,,,,,1,1445913,pdf,d9824e7cb6b10ce5a73d97b6280dcfcb,,,,0,2000-01-01 01:00:00,2017-04-19 18:57:00,https://e.lanbook.com/img/covers/book/12571/2015/76509.jpg,Право. Юридические науки;Правоведение,
30095060,Английский язык: сборник текстов и упражнений,,,,Егошина Е.М.,2015,,Поволжский государственный технологический университет,,106,0,Russian,,,,978-5-8158-1494-3,,,,,,,,,,76510,0,,,,,,,1,681941,pdf,dc7c090a919fa08986376786ebd0da96,,,,0,2000-01-01 01:00:00,2017-04-19 18:57:00,https://e.lanbook.com/img/covers/book/12571/2015/76510.jpg,Языкознание и литературоведение;Иностранный язык,
30095061,Моделирование систем управления: практикум,,,,"Глухов Д.О., Петухов И.В.",2015,,Поволжский государственный технологический университет,,84,0,Russian,,,,978-5-8158-1546-9,,,,,,,,,,76511,0,,,,,,,1,1615593,pdf,8cf9bf9616bbda9c66958ab947254943,,,,0,2000-01-01 01:00:00,2017-04-19 18:57:00,https://e.lanbook.com/img/covers/book/12571/2015/76511.jpg,Инженерно-технические науки;Автоматика и управление в технических системах,
30095062,Элементы дискретной математики: учебно-методическое пособие к выполнению расчетно-графической работы,,,,"Костромин Г.Я., Кузьмина О.В.",2015,,Поволжский государственный технологический университет,,56,0,Russian,,,,978-5-8158-1529-2,,,,,,,,,,76513,0,,,,,,,1,1621887,pdf,265192111e56672730ccf4ad079e7abe,,,,0,2000-01-01 01:00:00,2017-04-19 18:57:00,https://e.lanbook.com/img/covers/book/12571/2015/76513.jpg,Дискретная математика и математическая логика;Математика,
30095063,Методы получения дополнительных сведений при анализе протоколов и журналов: методические указания к выполнению лабораторных работ,,,,Кречетов А.А.,2015,,Поволжский государственный технологический университет,,36,0,Russian,,,,,,,,,,,,,,76514,0,,,,,,,1,476556,pdf,4668ddd4359f3da2c9fe861be515bc9b,,,,0,2000-01-01 01:00:00,2017-04-19 18:57:00,https://e.lanbook.com/img/covers/book/12571/2015/76514.jpg,Информатика;Защита информации,
30095064,Экономическая оценка инвестиций: методические указания к выполнению практических работ для студентов направления подготовки 38.03.01 Экономика,,,,Кудрявцев К.А.,2015,,Поволжский государственный технологический университет,,24,0,Russian,,,,,,,,,,,,,,76515,0,,,,,,,1,1153573,pdf,13f297cb672076f32b6a9333dd540802,,,,0,2000-01-01 01:00:00,2017-04-19 18:57:00,https://e.lanbook.com/img/covers/book/12571/2015/76515.jpg,Экономика и менеджмент;Финансовый менеджмент,
30095065,Английский язык: сборник текстов и упражнений,,,,"Лайпанова С.Б., Фирсова С.П.",2015,,Поволжский государственный технологический университет,,60,0,Russian,,,,978-5-8158-1502-5,,,,,,,,,,76516,0,,,,,,,1,522066,pdf,8d18d1c4e6b96191dd8866c242b6ebfb,,,,0,2000-01-01 01:00:00,2017-04-19 18:57:00,https://e.lanbook.com/img/covers/book/12571/2015/76516.jpg,Языкознание и литературоведение;Иностранный язык,
30095066,Общая электроника: лабораторный практикум,,,,"Лаврентьев Б.Ф., Глухов Д.О., Христофоров А.А.",2015,,Поволжский государственный технологический университет,,100,0,Russian,,,,978-5-8158-1468-4,,,,,,,,,,76517,0,,,,,,,1,2420323,pdf,4b2bc5937a9d0a90931333810866fe0e,,,,0,2000-01-01 01:00:00,2017-04-19 18:57:00,https://e.lanbook.com/img/covers/book/12571/2015/76517.jpg,Инженерно-технические науки;Электроника и радиотехника,
30095067,Антураж и стаффаж в курсовом проектировании: учебное пособие,,,,Осокина В.А.,2015,,Поволжский государственный технологический университет,,124,0,Russian,,,,978-5-8158-1485-1,,,,,,,,,,76519,0,,,,,,,1,26356704,pdf,1e7006bfa51f1b76b7bc0077894e26c3,,,,0,2000-01-01 01:00:00,2017-04-19 18:57:00,https://e.lanbook.com/img/covers/book/12571/2015/76519.jpg,Инженерно-технические науки;Архитектура и строительство,
30095068,Философия: учебно-методическое пособие для студентов естественнонаучных специальностей,,,,"Пурынычева Г.М., Загайнова В.И., Билаонова М.Ю., Киселев Н.Н.",2015,,Поволжский государственный технологический университет,,76,0,Russian,,,,978-5-8158-1522-3,,,,,,,,,,76520,0,,,,,,,1,899126,pdf,a99104886f35201be6a81fdc6f39ec06,,,,0,2000-01-01 01:00:00,2017-04-19 18:57:00,https://e.lanbook.com/img/covers/book/12571/2015/76520.jpg,Социально-гуманитарные науки;Философия,
30095069,Стратегическое управление организациями: учебное пособие,,,,"Родионова Е.В., Рида А.Н., Ширшова Л.С.",2015,,Поволжский государственный технологический университет,,272,0,Russian,,,,978-5-8158-1500-1,,,,,,,,,,76521,0,,,,,,,1,2206133,pdf,35f7f5252d7461106474b9abd99e6536,,,,0,2000-01-01 01:00:00,2017-04-19 18:57:00,https://e.lanbook.com/img/covers/book/12571/2015/76521.jpg,Экономика и менеджмент;Стратегический менеджмент,
30095070,Проектирование встраиваемых систем на микроконтроллерах: лабораторный практикум,,,,Роженцов А.А.,2015,,Поволжский государственный технологический университет,,120,0,Russian,,,,978-5-8158-1510-0,,,,,,,,,,76522,0,,,,,,,1,2981761,pdf,1cc564ab0143fd02cbd1af7e3975c6b8,,,,0,2000-01-01 01:00:00,2017-04-19 18:57:00,https://e.lanbook.com/img/covers/book/12571/2015/76522.jpg,Инженерно-технические науки;Электроника и радиотехника,
30095071,Государственное регулирование бизнеса: методические указания к практическим занятиям для студентов направления подготовки 080200.62 «Менеджмент»,,,,Руденко С.А.,2015,,Поволжский государственный технологический университет,,52,0,Russian,,,,,,,,,,,,,,76523,0,,,,,,,1,503536,pdf,909a3621a1ad53ba4dace6cc14c31d3a,,,,0,2000-01-01 01:00:00,2017-04-19 18:57:00,https://e.lanbook.com/img/covers/book/12571/2015/76523.jpg,Экономика и менеджмент;Государственное и муниципальное управление,
30095072,Биоэнергетика и технология композиционных материалов: лабораторный практикум,,,,"Сафин Р.Р., Белякова Е.А., Разумов Е.Ю.",2015,,Поволжский государственный технологический университет,,76,0,Russian,,,,978-5-8158-1516-2,,,,,,,,,,76524,0,,,,,,,1,1709922,pdf,f0fdc78fabf0ab1e0b4ce6a1acefac5c,,,,0,2000-01-01 01:00:00,2017-04-19 18:57:00,https://e.lanbook.com/img/covers/book/12571/2015/76524.jpg,Лесное хозяйство и лесоинженерное дело,
30095073,Современный стратегический анализ: методические указания к выполнению расчетно-графической работы,,,,Сбоева И.А.,2015,,Поволжский государственный технологический университет,,28,0,Russian,,,,,,,,,,,,,,76526,0,,,,,,,1,1323621,pdf,2abdce06976460888b4ebc34e279423b,,,,0,2000-01-01 01:00:00,2017-04-19 18:57:00,https://e.lanbook.com/img/covers/book/12571/2015/76526.jpg,Экономика и менеджмент;Стратегический менеджмент,
30095074,Судебная строительно-техническая экспертиза: методиче-ские указания к выполнению практических занятий для студентов направления 270800 «Строительство»,,,,"Сленьков В.А., Тимченко О.П.",2015,,Поволжский государственный технологический университет,,24,0,Russian,,,,,,,,,,,,,,76528,0,,,,,,,1,322040,pdf,9a92300267ecc6cfb4d55d434a0fd52e,,,,0,2000-01-01 01:00:00,2017-04-19 18:57:00,https://e.lanbook.com/img/covers/book/12571/2015/76528.jpg,Инженерно-технические науки;Архитектура и строительство,
30095075,Современные методы оценки результатов хозяйственной деятельности: методические указания к выполнению курсовой работы,,,,Судакова Н.Ю.,2015,,Поволжский государственный технологический университет,,28,0,Russian,,,,,,,,,,,,,,76529,0,,,,,,,1,355724,pdf,853d084c47b69f4069e684129680236f,,,,0,2000-01-01 01:00:00,2017-04-19 18:57:00,https://e.lanbook.com/img/covers/book/12571/2015/76529.jpg,Экономика и менеджмент;Финансовый менеджмент,
30095076,Философские проблемы информатики: учебно-методическое пособие,,,,"Алексеева И.Ю., Пурынычева Г.М., Сидоркина И.Г.",2014,,Поволжский государственный технологический университет,,120,0,Russian,,,,978-5-8158-1388-5,,,,,,,,,,76530,0,,,,,,,1,1039966,pdf,2d77591b146647b3ac58f113c7448f99,,,,0,2000-01-01 01:00:00,2017-04-19 18:57:00,https://e.lanbook.com/img/covers/book/12571/2014/76530.jpg,Информатика;Информационные технологии,
30095077,Введение в технику эксперимента: лабораторный практикум,,,,"Боярский М.В., Анисимов Э.А.",2014,,Поволжский государственный технологический университет,,88,0,Russian,,,,978-5-8158-1420-2,,,,,,,,,,76531,0,,,,,,,1,1221789,pdf,b1860d5cf5dbb7961324ffbdd5913aea,,,,0,2000-01-01 01:00:00,2017-04-19 18:57:00,https://e.lanbook.com/img/covers/book/12571/2014/76531.jpg,Физика;Лабораторный практикум,
30095078,Основы финансовой математики: курс лекций,,,,Бородина Е.А.,2015,,Поволжский государственный технологический университет,,52,0,Russian,,,,978-5-8158-1581-0,,,,,,,,,,76532,0,,,,,,,1,737099,pdf,21c7068a04c380c7cd75ff54ca34e0d7,,,,0,2000-01-01 01:00:00,2017-04-19 18:57:00,https://e.lanbook.com/img/covers/book/12571/2015/76532.jpg,Экономика и менеджмент;Финансовый менеджмент,
30095079,Биохимия: учебно-методическое пособие для организации самостоятельной работы студентов в соответствии с технологией модульного обучения,,,,"Фоминых В.Л., Тарасенко Е.В., Денисова О.Н.",2014,,Поволжский государственный технологический университет,,144,0,Russian,,,,978-5-8158-1464-6,,,,,,,,,,76533,0,,,,,,,1,1204951,pdf,498b792a2e44df5eca1bf3d7a6e9f7aa,,,,0,2000-01-01 01:00:00,2017-04-19 18:57:00,https://e.lanbook.com/img/covers/book/12571/2014/76533.jpg,Химия;Биологическая химия,
30095080,Государственные и муниципальные финансы: учебное пособие,,,,Гамова Э.М.,2015,,Поволжский государственный технологический университет,,160,0,Russian,,,,978-5-8158-1544-5,,,,,,,,,,76534,0,,,,,,,1,1143656,pdf,b41e71dbfad880b320d834d8d5c81c30,,,,0,2000-01-01 01:00:00,2017-04-19 18:57:00,https://e.lanbook.com/img/covers/book/12571/2015/76534.jpg,Экономика и менеджмент;Государственное и муниципальное управление,
30095081,Делопроизводство: учебное пособие,,,,Грозова О.С.,2015,,Поволжский государственный технологический университет,,124,0,Russian,,,,978-5-8158-1599-5,,,,,,,,,,76536,0,,,,,,,1,1058557,pdf,63d9ca31990c0f25ab6445f63c7d008b,,,,0,2000-01-01 01:00:00,2017-04-19 18:57:00,https://e.lanbook.com/img/covers/book/12571/2015/76536.jpg,Экономика и менеджмент;Делопроизводство и секретарское дело,
30095082,Инновационный менеджмент: практикум,,,,Грозова О.С.,2015,,Поволжский государственный технологический университет,,56,0,Russian,,,,978-5-8158-1626-8,,,,,,,,,,76537,0,,,,,,,1,865888,pdf,b1c1d1ae2808358a9fa1dfb1983a32cb,,,,0,2000-01-01 01:00:00,2017-04-19 18:57:00,https://e.lanbook.com/img/covers/book/12571/2015/76537.jpg,Экономика и менеджмент;Инновационный менеджмент,
30095083,Архитектура предприятия: учебное пособие,,,,Иванов О.Е.,2015,,Поволжский государственный технологический университет,,140,0,Russian,,,,978-5-8158-1567-4,,,,,,,,,,76538,0,,,,,,,1,2088635,pdf,cedc406d2d0c499a5096f608291b3f45,,,,0,2000-01-01 01:00:00,2017-04-19 18:57:00,https://e.lanbook.com/img/covers/book/12571/2015/76538.jpg,Информатика;Дизайн,
30095084,Современные отделочные материалы: учебное пособие,,,,Кононова О.В.,2015,2-е,Поволжский государственный технологический университет,,124,0,Russian,,,,978-5-8158-1499-8,,,,,,,,,,76539,0,,,,,,,1,2112011,pdf,6e1494fe0d45c503ea8d10319e841de0,,,,0,2000-01-01 01:00:00,2017-04-19 18:57:00,https://e.lanbook.com/img/covers/book/12571/2015/76539.jpg,Инженерно-технические науки;Архитектура и строительство,
30095085,Физико-химические основы математического моделирования процесса образования и выгорания сажи в дизельных ДВС: монография,,,,Кожин Д.В.,2015,,Поволжский государственный технологический университет,,176,0,Russian,,,,978-5-8158-1517-9,,,,,,,,,,76540,0,,,,,,,1,5457558,pdf,3ffa0fe93927efdf4079cb4f5538b038,,,,0,2000-01-01 01:00:00,2017-04-19 18:57:00,https://e.lanbook.com/img/covers/book/12571/2015/76540.jpg,Химия;Органическая химия,
30095086,История экономики России: учебное пособие,,,,"Кудрявцев В.А., Егорова М.Ю.",2014,,Поволжский государственный технологический университет,,168,0,Russian,,,,978-5-8158-1418-9,,,,,,,,,,76541,0,,,,,,,1,1913928,pdf,44f73710f77a7c16f469060b58dfd9c9,,,,0,2000-01-01 01:00:00,2017-04-19 18:57:00,https://e.lanbook.com/img/covers/book/12571/2014/76541.jpg,Экономика и менеджмент;Экономика России,
30095087,Gestures across cultures: учебное пособие,,,,Куклина О.Н.,2014,,Поволжский государственный технологический университет,,85,0,Russian,,,,,,,,,,,,,,76542,0,,,,,,,1,2617428,pdf,d34f3af5a8d790cd5b8e07ffa8f5805c,,,,0,2000-01-01 01:00:00,2017-04-19 18:57:00,https://e.lanbook.com/img/covers/book/12571/2014/76542.jpg,Языкознание и литературоведение;Иностранный язык,
30095088,Динамика многослойных трубопроводов из композиционных материалов: монография,,,,"Куликов Ю.А., Коротков А.В.",2015,,Поволжский государственный технологический университет,,280,0,Russian,,,,978-5-8158-1479-0,,,,,,,,,,76543,0,,,,,,,1,5323016,pdf,d5315635f27688a6935bfaae6f5bf86f,,,,0,2000-01-01 01:00:00,2017-04-19 18:57:00,https://e.lanbook.com/img/covers/book/12571/2015/76543.jpg,Инженерно-технические науки;Минералогия и материаловедение,
30095089,Лекции по теоретической механике: учебное пособие,,,,Лоскутов Ю.В.,2015,,Поволжский государственный технологический университет,,180,0,Russian,,,,978-5-8158-1563-6,,,,,,,,,,76544,0,,,,,,,1,8316839,pdf,e45a850a2a34c7f9f508ce41fa087649,,,,0,2000-01-01 01:00:00,2017-04-19 18:57:00,https://e.lanbook.com/img/covers/book/12571/2015/76544.jpg,Теоретическая механика,
30095090,"Подготовка, оформление и процедура защиты магистерской диссертации по направлению 081100.68 «Государственное и муниципальное управление»: учебно-методическое пособие",,,,Маслихина В.Ю.,2014,,Поволжский государственный технологический университет,,68,0,Russian,,,,978-5-8158-1349-6,,,,,,,,,,76545,0,,,,,,,1,1415069,pdf,be3626e8efdce4c47048e7325a5354c6,,,,0,2000-01-01 01:00:00,2017-04-19 18:57:00,https://e.lanbook.com/img/covers/book/12571/2014/76545.jpg,Экономика и менеджмент;Государственное и муниципальное управление,
30095091,"Инженерная этика: лекции, кейсы, тесты",,,,"Медянская Т.В., Богданов А.И.",2014,,Поволжский государственный технологический университет,,160,0,Russian,,,,978-5-8158-1402-8,,,,,,,,,,76546,0,,,,,,,1,2040382,pdf,05db0399d884e1bbdad0682447bc8c1c,,,,0,2000-01-01 01:00:00,2017-04-19 18:57:00,https://e.lanbook.com/img/covers/book/12571/2014/76546.jpg,Инженерно-технические науки;БЖД; охрана окружающей среды,
30095092,Информационные системы бухгалтерского учета: практикум,,,,Мещихина Е.Д.,2015,,Поволжский государственный технологический университет,,240,0,Russian,,,,978-5-8158-1562-9,,,,,,,,,,76547,0,,,,,,,1,4634638,pdf,1b925d4cf724468ca00e98744d6b92be,,,,0,2000-01-01 01:00:00,2017-04-19 18:57:00,https://e.lanbook.com/img/covers/book/12571/2015/76547.jpg,Экономика и менеджмент;Бухгалтерский учет; анализ и аудит,
30095093,Теория автоматов: учебное пособие по курсовому проектированию,,,,Моисеев Н.Г.,2015,,Поволжский государственный технологический университет,,128,0,Russian,,,,978-5-8158-1526-1,,,,,,,,,,76548,0,,,,,,,1,2487787,pdf,45210864b086c9421762ccbc55aeaf1e,,,,0,2000-01-01 01:00:00,2017-04-19 18:57:00,https://e.lanbook.com/img/covers/book/12571/2015/76548.jpg,Инженерно-технические науки;Машиностроение,
30095094,Основы теории трансляции: лабораторный практикум,,,,Морохин Д.В.,2015,,Поволжский государственный технологический университет,,72,0,Russian,,,,978-5-8158-1587-2,,,,,,,,,,76549,0,,,,,,,1,934248,pdf,4d86caa1478bb9ae0b2131e69e7511c2,,,,0,2000-01-01 01:00:00,2017-04-19 18:57:00,https://e.lanbook.com/img/covers/book/12571/2015/76549.jpg,Инженерно-технические науки;Электроника и радиотехника,
30095095,Английский язык: учебное пособие,,,,Морозова Е.Н.,2014,,Поволжский государственный технологический университет,,116,0,Russian,,,,978-5-8158-1415-8,,,,,,,,,,76550,0,,,,,,,1,774364,pdf,18071606802d2461e1d170c12df454c5,,,,0,2000-01-01 01:00:00,2017-04-19 18:57:00,https://e.lanbook.com/img/covers/book/12571/2014/76550.jpg,Языкознание и литературоведение;Иностранный язык,
30095096,Математика. Итоговый контроль знаний студентов технических специальностей: учебное пособие. Часть 2,,,,"Наводнов В.Г., Киселева В.П., Бакланова И.И., Карабанова О.В.",2014,,Поволжский государственный технологический университет,,240,0,Russian,,,,978-5-8158-1152-2,,,,,,,,,,76551,0,,,,,,,1,2869469,pdf,8a992a75fe75ec994a9f334a131b532f,,,,0,2000-01-01 01:00:00,2017-04-19 18:57:00,https://e.lanbook.com/img/covers/book/12571/2014/76551.jpg,Высшая математика;Математика,
30095097,Проектирование маркетинговых исследований: учебное пособие,,,,Наумова Л.М.,2014,,Поволжский государственный технологический университет,,248,0,Russian,,,,978-5-8158-1425-7,,,,,,,,,,76552,0,,,,,,,1,2101053,pdf,aae7755542cc0f3fbf76112a974ac375,,,,0,2000-01-01 01:00:00,2017-04-19 18:57:00,https://e.lanbook.com/img/covers/book/12571/2014/76552.jpg,Экономика и менеджмент;Маркетинг,
30095098,Бухгалтерская (финансовая) отчетность: учебное пособие,,,,"Овечкина О.Н., Моторин А.Л.",2014,,Поволжский государственный технологический университет,,348,0,Russian,,,,978-5-8158-1414-1,,,,,,,,,,76553,0,,,,,,,1,2575356,pdf,13a42b375fa76c4c4968f53a6ae0c9a8,,,,0,2000-01-01 01:00:00,2017-04-19 18:57:00,https://e.lanbook.com/img/covers/book/12571/2014/76553.jpg,Экономика и менеджмент;Бухгалтерский учет; анализ и аудит,
30095099,Пилатес для самостоятельных занятий студентов: учебно-методическое пособие для студентов основных и специальных медицинских групп,,,,"Парсаева И.В., Гафиятова Н.В.",2015,,Поволжский государственный технологический университет,,32,0,Russian,,,,978-5-8158-1486-8,,,,,,,,,,76554,0,,,,,,,1,2417372,pdf,2410b0cf3b2b639ca4923e78486efe87,,,,0,2000-01-01 01:00:00,2017-04-19 18:57:00,https://e.lanbook.com/img/covers/book/12571/2015/76554.jpg,Физкультура и Спорт,
30095100,Английский язык: учебно-методическое пособие,,,,Парулава К.Т.,2014,,Поволжский государственный технологический университет,,104,0,Russian,,,,978-5-8158-1459-2,,,,,,,,,,76555,0,,,,,,,1,838398,pdf,0a3d65bf9fd40cac8ffc9977c78da5e0,,,,0,2000-01-01 01:00:00,2017-04-19 18:57:00,https://e.lanbook.com/img/covers/book/12571/2014/76555.jpg,Языкознание и литературоведение;Иностранный язык,
30095101,Управление информационными ресурсами: учебно-методическое пособие к выполнению расчетно-графической работы,,,,Порядина О.В.,2015,,Поволжский государственный технологический университет,,52,0,Russian,,,,978-5-8158-1536-0,,,,,,,,,,76556,0,,,,,,,1,1818946,pdf,2abaa3f43cc1089b2edca535b592f310,,,,0,2000-01-01 01:00:00,2017-04-19 18:57:00,https://e.lanbook.com/img/covers/book/12571/2015/76556.jpg,Информатика;Информационные технологии,
30095102,Термическая обработка материалов: лабораторный практикум,,,,"Разинская О.И., Алибеков С.Я., Крашенинникова Н.Г., Фетисов Г.П.",2014,,Поволжский государственный технологический университет,,60,0,Russian,,,,978-5-8158-1427-1,,,,,,,,,,76557,0,,,,,,,1,1091343,pdf,62964a0454201486de0d72d01d85767a,,,,0,2000-01-01 01:00:00,2017-04-19 18:57:00,https://e.lanbook.com/img/covers/book/12571/2014/76557.jpg,Инженерно-технические науки;Минералогия и материаловедение,
30095103,Автоматизированные информационно-управляющие системы: учебное пособие,,,,Рябов И.В.,2015,,Поволжский государственный технологический университет,,200,0,Russian,,,,978-5-8158-1594-0,,,,,,,,,,76558,0,,,,,,,1,2767846,pdf,5b5bfdd970c414dbd5decdba6d941047,,,,0,2000-01-01 01:00:00,2017-04-19 18:57:00,https://e.lanbook.com/img/covers/book/12571/2015/76558.,Инженерно-технические науки;Автоматика и управление в технических системах,
30095104,Управление качеством: практикум,,,,"Салдаева Е.Ю., Цветкова Е.М.",2014,,Поволжский государственный технологический университет,,80,0,Russian,,,,978-5-8158-1431-8,,,,,,,,,,76559,0,,,,,,,1,2425159,pdf,abca666c0c1f4619363559853955fe1d,,,,0,2000-01-01 01:00:00,2017-04-19 18:57:00,https://e.lanbook.com/img/covers/book/12571/2014/76559.jpg,Экономика и менеджмент;Управление качеством,
30095105,Основы управления персоналом: учебно-методическое пособие по выполнению курсовой работы,,,,"Самойленко В.Г., Краснова С.В.",2014,,Поволжский государственный технологический университет,,84,0,Russian,,,,978-5-8158-1440-0,,,,,,,,,,76560,0,,,,,,,1,598434,pdf,aff4866979672763906b0afa90f3f96a,,,,0,2000-01-01 01:00:00,2017-04-19 18:57:00,https://e.lanbook.com/img/covers/book/12571/2014/76560.jpg,Экономика и менеджмент;Управление персоналом,
30095106,"Человек и общество в глобализированном мире: метаморфозы, вызовы, перспективы: монография",,,,Шалаев В.П.,2015,,Поволжский государственный технологический университет,,288,0,Russian,,,,978-5-8158-1530-8,,,,,,,,,,76561,0,,,,,,,1,2316387,pdf,1d9512a9ad3ca0597b25d2081668b9ae,,,,0,2000-01-01 01:00:00,2017-04-19 18:57:00,https://e.lanbook.com/img/covers/book/12571/2015/76561.jpg,Социально-гуманитарные науки;Политология и обществознание,
30095107,Основы научных исследований: учебное пособие,,,,Шульмин В.А.,2014,,Поволжский государственный технологический университет,,180,0,Russian,,,,978-5-8158-1343-4,,,,,,,,,,76562,0,,,,,,,1,1432252,pdf,b1cd7eeb0334e9c361dc0e3b2828edde,,,,0,2000-01-01 01:00:00,2017-04-19 18:57:00,https://e.lanbook.com/img/covers/book/12571/2014/76562.jpg,Психология. Педагогика;Педагогика,
30095108,Оценка влияния вступления России во Всемирную торговую организацию на социально-экономическое развитие Республики Марий Эл: монография,,,,"Торопова Е.В., Кошелева Л.В., Родионова Е.В., Смоленникова Л.В.",2015,,Поволжский государственный технологический университет,,183,0,Russian,,,,978-5-8158-1580-3,,,,,,,,,,76563,0,,,,,,,1,1536408,pdf,46514a2f07449f0e94fc630607d087ad,,,,0,2000-01-01 01:00:00,2017-04-19 18:57:00,https://e.lanbook.com/img/covers/book/12571/2015/76563.jpg,Экономика и менеджмент;Внешнеэкономическая деятельность,
30095109,Строительство и реконструкция водохозяйственных сооружений: учебное пособие,,,,Турлов А.Г.,2014,,Поволжский государственный технологический университет,,112,0,Russian,,,,978-5-8158-1391-5,,,,,,,,,,76564,0,,,,,,,1,2946802,pdf,7c5e2f4c418ed7d77233905f2ad7e6b0,,,,0,2000-01-01 01:00:00,2017-04-19 18:57:00,https://e.lanbook.com/img/covers/book/12571/2014/76564.jpg,Инженерно-технические науки;БЖД; охрана окружающей среды,
30095110,Технологии туристско-рекреационного проектирования и освоения территорий: учебно-методическое пособие,,,,Васина С.М.,2014,,Поволжский государственный технологический университет,,72,0,Russian,,,,978-5-8158-1363-2,,,,,,,,,,76565,0,,,,,,,1,578955,pdf,90b1d680978cc7dd4bb49dd004257e70,,,,0,2000-01-01 01:00:00,2017-04-19 18:57:00,https://e.lanbook.com/img/covers/book/12571/2014/76565.jpg,Сервис и туризм,
30095111,Оценка стоимости бизнеса: конспект лекций,,,,Витчукова Е.А.,2015,,Поволжский государственный технологический университет,,104,0,Russian,,,,978-5-8158-1533-9,,,,,,,,,,76566,0,,,,,,,1,811795,pdf,36d3af0d12c51ad03264c6d075c4ba05,,,,0,2000-01-01 01:00:00,2017-04-19 18:57:00,https://e.lanbook.com/img/covers/book/12571/2015/76566.jpg,Экономика и менеджмент;Предпринимательская деятельность,
30095112,Мелиорация лесосплавных путей и гидротехнические сооружения: учебное пособие,,,,Войтко П.Ф.,2015,,Поволжский государственный технологический университет,,208,0,Russian,,,,978-5-8158-1534-6,,,,,,,,,,76567,0,,,,,,,1,7370812,pdf,820497ae0008ebbf07ac41313c58920c,,,,0,2000-01-01 01:00:00,2017-04-19 18:57:00,https://e.lanbook.com/img/covers/book/12571/2015/76567.jpg,Лесное хозяйство и лесоинженерное дело,
30095113,Теоретическая механика: курс лекций,,,,Журавлев Е.А.,2014,,Поволжский государственный технологический университет,,140,0,Russian,,,,978-5-8158-1281-9,,,,,,,,,,76568,0,,,,,,,1,2920305,pdf,70b8ac96da073d1fa377eeefc97d394b,,,,0,2000-01-01 01:00:00,2017-04-19 18:57:00,https://e.lanbook.com/img/covers/book/12571/2014/76568.jpg,Теоретическая механика,
30095114,Цифровое телерадиовещание: учебное пособие,,,,"Евдокимов Е.О., Зуев А.В.",2015,,Поволжский государственный технологический университет,,184,0,Russian,,,,978-5-8158-1595-7,,,,,,,,,,76569,0,,,,,,,1,3341710,pdf,0eb63b1a19d92d1440b89cece5003859,,,,0,2000-01-01 01:00:00,2017-04-19 18:57:00,https://e.lanbook.com/img/covers/book/12571/2015/76569.jpg,Журналистика и медиа-бизнес,
30095115,Макроэкономика: продвинутый уровень: учебное пособие,,,,Зюляев Н.А.,2015,,Поволжский государственный технологический университет,,168,0,Russian,,,,978-5-8158-1561-2,,,,,,,,,,76570,0,,,,,,,1,2965016,pdf,b3fd5725f66e02f5302b7115063c9992,,,,0,2000-01-01 01:00:00,2017-04-19 18:57:00,https://e.lanbook.com/img/covers/book/12571/2015/76570.jpg,Экономика и менеджмент;Макроэкономика,
30095116,Немецкий язык: культура речевого общения: учебное пособие,,,,Агачева С.В.,2013,,Поволжский государственный технологический университет,,148,0,Russian,,,,978-5-8158-1186-7,,,,,,,,,,76571,0,,,,,,,1,1118122,pdf,9b5957d8250a875a51dd34a3871e4363,,,,0,2000-01-01 01:00:00,2017-04-19 18:57:00,https://e.lanbook.com/img/covers/book/12571/2013/76571.jpg,Языкознание и литературоведение;Иностранный язык,
30095117,Теория механизмов и машин: лабораторный практикум,,,,Капустин А.В.,2012,,Поволжский государственный технологический университет,,56,0,Russian,,,,,,,,,,,,,,76572,0,,,,,,,1,1439564,pdf,1d35b2a0b3340640beea7e6d2e8a6708,,,,0,2000-01-01 01:00:00,2017-04-19 18:57:00,https://e.lanbook.com/img/covers/book/12571/2012/76572.jpg,Инженерно-технические науки;Машиностроение,
30095118,Химия: учебное пособие для самостоятельной работы и практических занятий,,,,"Крашенинникова Н.Г., Винокурова Р.И.",2013,,Поволжский государственный технологический университет,,144,0,Russian,,,,978-5-8158-1095-2,,,,,,,,,,76573,0,,,,,,,1,1674986,pdf,fba3255d5933016f9840cafac03df8de,,,,0,2000-01-01 01:00:00,2017-04-19 18:57:00,https://e.lanbook.com/img/covers/book/12571/2013/76573.jpg,Химия;Общая и неорганическая химия,
30095119,Экономика и организация предприятия: учебное пособие,,,,Милкова О.И.,2014,,Поволжский государственный технологический университет,,473,0,Russian,,,,978-5-8158-1323-6,,,,,,,,,,76574,0,,,,,,,1,3093125,pdf,c53caeb0b546839741a4636b651e705e,,,,0,2000-01-01 01:00:00,2017-04-19 18:57:00,https://e.lanbook.com/img/covers/book/12571/2014/76574.,Экономика и менеджмент;Экономика предприятий и организаций,
30095120,Экономика и организация предприятия: учебно-методическое пособие для самостоятельной работы обучающихся,,,,Милкова О.И.,2014,,Поволжский государственный технологический университет,,295,0,Russian,,,,978-5-8158-1320-5,,,,,,,,,,76575,0,,,,,,,1,1351926,pdf,51aada1ba17f4b81ac197a8979e25cd3,,,,0,2000-01-01 01:00:00,2017-04-19 18:57:00,https://e.lanbook.com/img/covers/book/12571/2014/76575.,Экономика и менеджмент;Экономика предприятий и организаций,
30095121,Английский язык: учебно-методическое пособие,,,,Рачеева Е.В.,2013,,Поволжский государственный технологический университет,,68,0,Russian,,,,978-5-8158-1238-3,,,,,,,,,,76576,0,,,,,,,1,535982,pdf,a19dfadc22006959951b87d43f0958a7,,,,0,2000-01-01 01:00:00,2017-04-19 18:57:00,https://e.lanbook.com/img/covers/book/12571/2013/76576.jpg,Языкознание и литературоведение;Иностранный язык,
30095122,Основы электронной коммерции: учебное пособие,,,,"Шулепов В.И., Шакирова Г.Р.",2014,,Поволжский государственный технологический университет,,109,0,Russian,,,,978-5-8158-1327-4,,,,,,,,,,76577,0,,,,,,,1,885778,pdf,dab2607bef4a7aceb38c2057e37470c8,,,,0,2000-01-01 01:00:00,2017-04-19 18:57:00,https://e.lanbook.com/img/covers/book/12571/2014/76577.,Экономика и менеджмент;Предпринимательская деятельность,
30095123,Руководство по выполнению курсового проекта по дисциплине «Проектирование предприятий отрасли» : учеб. Пособие,,,,"Шевцов А.А., Лыткина Л.И., Шенцова Е.С., Дранников А.В.",2011,,Воронежский государственный университет инженерных технологий,,124,0,Russian,,,,978-5-89448-824-0,,,,,,,,,,7658,0,,,,,,,1,2545970,pdf,da1a865ba09dde1103693ef24a7804f6,,,,0,2000-01-01 01:00:00,2017-04-19 18:57:00,,Технологии пищевых производств;Методы исследования свойств сырья и продуктов питания,
30095124,Электромеханика : учеб. пособие. ч. 1,,,,Филимонов С.Г.,2009,,Кузбасский государственный технический университет имени Т.Ф.Горбачева,,323,0,Russian,,,,978-5-89070-675-1,,,,,,,,,,7659,0,,,,,,,1,8943773,pdf,d13b94ed32f608c522ce3cf5a8f9f5e9,,,,0,2000-01-01 01:00:00,2017-04-19 18:57:00,https://e.lanbook.com/img/covers/book/7662/2009/7659.jpg,Инженерно-технические науки;Электротехника,
30095125,Аксаковский сборник,,,,От. ред. Борисова В.В.,2016,,Башкирский государственный педагогический университет им.М. Акмуллы,,128,0,Russian,,,,978-5-87978-933-1,,,,,,,,,,76598,0,,,,,,,1,2080282,pdf,a151739c2ff92c72f33a137c01d62a9d,,,,0,2000-01-01 01:00:00,2017-04-19 18:57:00,,Языкознание и литературоведение;Русская литература и литературоведение,
30095126,Практикум по дисциплине «Образовательное право»,,,,"Биккузина А.Х., Хайруллина Г.Х.",2016,,Башкирский государственный педагогический университет им.М. Акмуллы,,186,0,Russian,,,,978-5-987978-915-7,,,,,,,,,,76599,0,,,,,,,1,920269,pdf,3d2340cf6ae35aba9aeb589b9f90ffa6,,,,0,2000-01-01 01:00:00,2017-04-19 18:57:00,,Право. Юридические науки;Гражданское право и процесс,
30095127,Проектирование сменных многогранных пластин. Методологические принципы,,,,"Васин С.А., Хлудов С.Я.",2006,,"Издательство \Машиностроение\""""",,352,0,Russian,,,,5-217-03302-9,,,,,,,,,,766,0,,,,,,,1,18496297,pdf,b8913be4e9c9d07b916dc24bf9cdbf20,,,,0,2000-01-01 01:00:00,2017-04-19 18:57:00,https://e.lanbook.com/img/covers/book/1026/2006/766.jpg,Инженерно-технические науки;Машиностроение,
30095128,"Метрология, сертификация, стандартизация. Учебное пособие к курсовой работе",,,,"Дегтярева О.Н., Купченко М.В., Останин О.А.",2008,,Кузбасский государственный технический университет имени Т.Ф.Горбачева,,108,0,Russian,,,,978-5-89070-644-7,,,,,,,,,,7660,0,,,,,,,1,2809320,pdf,d4b8dd588074cc88fb765ed0aeb8464a,,,,0,2000-01-01 01:00:00,2017-04-19 18:57:00,https://e.lanbook.com/img/covers/book/7662/2008/7660.jpg,Инженерно-технические науки;Метрология; стандартизация и сертификация,
30095129,Основы хормейстерской подготовки студентов педагогического вуза: учебное пособие,,,,Каримова Л.Н.,2016,,Башкирский государственный педагогический университет им.М. Акмуллы,,108,0,Russian,,,,,,,,,,,,,,76600,0,,,,,,,1,2397762,pdf,8a17d740e61f1956b75fd719a86985c5,,,,0,2000-01-01 01:00:00,2017-04-19 18:57:01,,Музыка и театр;Вокал,
30095130,Семейная политика в монопрофильном городе: монография,,,,Мустаева Ф.А.,2016,,Башкирский государственный педагогический университет им.М. Акмуллы,,197,0,Russian,,,,978-5-87978-910-2,,,,,,,,,,76601,0,,,,,,,1,1406392,pdf,b99fd310962871a6691bea4c3c6ecc7f,,,,0,2000-01-01 01:00:00,2017-04-19 18:57:01,,Психология. Педагогика;Социальная педагогика,
30095131,Методика обучения иностранным языкам и воспитания: учебное пособие,,,,Мустафина Ф.Ш.,2016,2-е,Башкирский государственный педагогический университет им.М. Акмуллы,,294,0,Russian,,,,978-5-87978-900-3,,,,,,,,,,76602,0,,,,,,,1,2340996,pdf,20b406d688cef7cef412bee51c7f5c48,,,,0,2000-01-01 01:00:00,2017-04-19 18:57:01,,Психология. Педагогика;Педагогика,
30095132,Особенности использования современных технологий в изучении лингвистической синергетики (на материале текстов различного типа): коллективная монография,,,,"Сост.: Искандарова С.А., Капишева Т.Ю. Науч. ред.: Гарипов Р.К.",2015,,Башкирский государственный педагогический университет им.М. Акмуллы,,92,0,Russian,,,,978-5-87978-907-2,,,,,,,,,,76603,0,,,,,,,1,1761998,pdf,5a58534c37738475549f7f7a99d60de7,,,,0,2000-01-01 01:00:00,2017-04-19 18:57:01,,Языкознание и литературоведение;Лингвистика,
30095133,"Методы системного анализа, принятия решений и обработки информации в задачах управления промышленной безопасностью трубопроводного транспорта: учебное пособие",,,,Токарев Д.В.,2016,,Башкирский государственный педагогический университет им.М. Акмуллы,,78,0,Russian,,,,,,,,,,,,,,76604,0,,,,,,,1,1203691,pdf,094e2e91befc1c9dee798dd6ed7df02b,,,,0,2000-01-01 01:00:00,2017-04-19 18:57:01,,Инженерно-технические науки;Нефтегазовое дело,
30095134,Лингвокультурное пространство Урала: учебное пособие,,,,Хазимуллина Е.Е.,2016,,Башкирский государственный педагогический университет им.М. Акмуллы,,175,0,Russian,,,,,,,,,,,,,,76605,0,,,,,,,1,2282075,pdf,1fd1a01a1611f257dbbc50c3d82d038b,,,,0,2000-01-01 01:00:00,2017-04-19 18:57:01,,Языкознание и литературоведение;Лингвистика,
30095135,Технология производства функциональных продуктов питания: учебно-методическое пособие,,,,"Венецианский А.С., Мишина О.Ю.",2014,,Волгоградский государственный аграрный университет,,80,0,Russian,,,,,,,,,,,,,,76609,0,,,,,,,1,574442,pdf,9e6bd92aee334eab385dc28f2e46a9d4,,,,0,2000-01-01 01:00:00,2017-04-19 18:57:01,,Технологии пищевых производств;Технология продукции и организации общественного питания,
30095136,Технологическое оборудование по переработке животноводческой продукции. Часть 1 – Мясо: лабораторный практикум,,,,"Русяева Е.Т., Борознин В.А., Родина А.Г.",2015,,Волгоградский государственный аграрный университет,,104,0,Russian,,,,,,,,,,,,,,76610,0,,,,,,,1,2209351,pdf,9d2b9d7244f8b6887244d3b4990a2a12,,,,0,2000-01-01 01:00:00,2017-04-19 18:57:01,,Ветеринария и сельское хозяйство;Зоотехния,
30095137,Дендрология: учебное пособие,,,,"Воронина В.П., Литвинов Е.А.",2015,,Волгоградский государственный аграрный университет,,260,0,Russian,,,,,,,,,,,,,,76611,0,,,,,,,1,22888097,pdf,a0648503ef6dbb0bb3609432c5e49e36,,,,0,2000-01-01 01:00:00,2017-04-19 18:57:01,,Лесное хозяйство и лесоинженерное дело,
30095138,Физика: учебно-методическое пособие. Часть I,,,,"Жаринов Е.М., Ваганов П.М., Матибаев Ш.Т., Шахбазова Я.Э.",2015,,Волгоградский государственный аграрный университет,,148,0,Russian,,,,,,,,,,,,,,76612,0,,,,,,,1,4812375,pdf,f1722fd5fe6aa20f594626597444de2a,,,,0,2000-01-01 01:00:00,2017-04-19 18:57:01,,Физика;Термодинамика и статистическая физика,
30095139,Биологическая и физколлоидная химия: учебно-методическое пособие для студентов направления 36.03.02.62 «Зоотехния»,,,,"Древин В.Е., Спивак М.Е., Комарова В.И.",2015,,Волгоградский государственный аграрный университет,,152,0,Russian,,,,,,,,,,,,,,76613,0,,,,,,,1,3645398,pdf,ee0c4fc7ee31377b176cfd1e20896d28,,,,0,2000-01-01 01:00:00,2017-04-19 18:57:01,,Ветеринария и сельское хозяйство;Зоотехния,
30095140,Учебно-методическое пособие по дисциплине «Экономика энергетики»,,,,"Зеляковский Д.В., Титова В.А.",2015,,Волгоградский государственный аграрный университет,,72,0,Russian,,,,,,,,,,,,,,76614,0,,,,,,,1,1274762,pdf,1af64eedcfbd9bc9b4d5dcbffb387967,,,,0,2000-01-01 01:00:00,2017-04-19 18:57:01,,Экономика и менеджмент;Экономика предприятий и организаций,
30095141,Фитнес-аэробика: учебно-методическое пособие для студентов высших учебных заведений,,,,"Серженко Е.В., Плетцер С.В., Андреенко Т.А., Ткачева Е.Г.",2015,,Волгоградский государственный аграрный университет,,76,0,Russian,,,,,,,,,,,,,,76615,0,,,,,,,1,853418,pdf,1c21d9ab28aceb57657e236279e7b6d4,,,,0,2000-01-01 01:00:00,2017-04-19 18:57:01,,Физкультура и Спорт,
30095142,Анализ финансовой отчетности: учебное пособие,,,,"Мелихова Л.А., Пономарченко И.А.",2015,,Волгоградский государственный аграрный университет,,128,0,Russian,,,,,,,,,,,,,,76616,0,,,,,,,1,3703948,pdf,0dbff26ac3420ac7f342aad53c6022a2,,,,0,2000-01-01 01:00:00,2017-04-19 18:57:01,,Экономика и менеджмент;Финансовый менеджмент,
30095143,Организация производства: учебное пособие,,,,Муртазаева Р.Н.,2015,,Волгоградский государственный аграрный университет,,180,0,Russian,,,,,,,,,,,,,,76617,0,,,,,,,1,1614587,pdf,8d7e433a06daca7abaf22966574d9c58,,,,0,2000-01-01 01:00:00,2017-04-19 18:57:01,,Ветеринария и сельское хозяйство;Экономика и менеджмент АПК,
30095144,Сравнительный менеджмент: учебное пособие,,,,"Досова А.Г., Федотова О.В.",2015,,Волгоградский государственный аграрный университет,,120,0,Russian,,,,,,,,,,,,,,76618,0,,,,,,,1,1189353,pdf,9f2f3c7ff0a4bd596c7c4771ae3ffd34,,,,0,2000-01-01 01:00:00,2017-04-19 18:57:01,,Экономика и менеджмент;Менеджмент,
30095145,"Санитарно-гигиеническая оценка почвы, воды и кормов: практикум по дисциплинам «Зоогигиена», «Гигиена животных»",,,,Коротаева О.С.,2015,,Волгоградский государственный аграрный университет,,180,0,Russian,,,,,,,,,,,,,,76619,0,,,,,,,1,3154001,pdf,216d89ed43bccbcdddde099c28e5bbdb,,,,0,2000-01-01 01:00:00,2017-04-19 18:57:01,,Ветеринария и сельское хозяйство;Ветеринария,
30095146,"Система управления охраной труда в организации: учебно-методическое пособие по дисциплине: «Управление техносферной безопасностью», для бакалавров, обучающихся по направлению: 200301 – «Техносферная безопасность»",,,,"Мартынов И.С., Гузенко Е.Ю., Курганский Ю.Л., Сёмин Д.В.;Абезин Д.А.",2015,,Волгоградский государственный аграрный университет,,80,0,Russian,,,,,,,,,,,,,,76620,0,,,,,,,1,782744,pdf,54698894562486df27d72ce060a98dd1,,,,0,2000-01-01 01:00:00,2017-04-19 18:57:01,,Экология,
30095147,"Организация и управление производством: учебное пособие для студентов, обучающихся по направлению бакалавриата 35.03.06 «Агроинженерия» и 20.03.01 «Техносферная безопасность»",,,,Панов А.А.,2015,,Волгоградский государственный аграрный университет,,156,0,Russian,,,,,,,,,,,,,,76621,0,,,,,,,1,1235885,pdf,a0a41522a4f2d126083985cac0bf519e,,,,0,2000-01-01 01:00:00,2017-04-19 18:57:01,,Ветеринария и сельское хозяйство;Механизация; электрификация и автоматизация сельского хозяйства,
30095148,Физиология и этология животных: учебное пособие,,,,Ряднов А.А.,2015,"2-е, доп.",Волгоградский государственный аграрный университет,,196,0,Russian,,,,,,,,,,,,,,76622,0,,,,,,,1,3641767,pdf,b247371a085a367edb56f8836e3651f3,,,,0,2000-01-01 01:00:00,2017-04-19 18:57:01,,Ветеринария и сельское хозяйство;Ветеринария,
30095149,Физиология животных: учебное пособие,,,,Ряднов А.А.,2015,"2-е, доп.",Волгоградский государственный аграрный университет,,184,0,Russian,,,,,,,,,,,,,,76623,0,,,,,,,1,3341894,pdf,f6674f6106aedcea405708311d27ded7,,,,0,2000-01-01 01:00:00,2017-04-19 18:57:01,,Ветеринария и сельское хозяйство;Зоотехния,
30095150,Ветеринарная фармакология. Токсикология: учебно-методическое пособие,,,,Ряднова Т.А.,2015,"2-е, доп.",Волгоградский государственный аграрный университет,,68,0,Russian,,,,,,,,,,,,,,76624,0,,,,,,,1,3006479,pdf,bd0df95cc631281c3e040301a103c8b5,,,,0,2000-01-01 01:00:00,2017-04-19 18:57:01,,Ветеринария и сельское хозяйство;Ветеринария,
30095151,Токсикология: учебно-методическое пособие,,,,Ряднова Т.А.,2015,"2-е, доп.",Волгоградский государственный аграрный университет,,84,0,Russian,,,,,,,,,,,,,,76625,0,,,,,,,1,1874133,pdf,129a68c6919fcfb53baadbc7548b86d3,,,,0,2000-01-01 01:00:00,2017-04-19 18:57:01,,Ветеринария и сельское хозяйство;Ветеринария,
30095152,"Социальное страхование: учебное пособие для студентов направления «Экономика», «Профессиональное обучение»",,,,Донскова О.А.,2015,,Волгоградский государственный аграрный университет,,100,0,Russian,,,,,,,,,,,,,,76626,0,,,,,,,1,694924,pdf,8f8908714c45ed6a566c9895c20396d1,,,,0,2000-01-01 01:00:00,2017-04-19 18:57:01,,Экономика и менеджмент;Страхование,
30095153,Учебно-методическое пособие по выполнению выпускной квалификационной работы. Направление: 09.03.03 «Прикладная информатика». Квалификация: бакалавр. Профиль: «Прикладная информатика в экономике»,,,,Кочеткова О.В.,2015,,Волгоградский государственный аграрный университет,,80,0,Russian,,,,,,,,,,,,,,76627,0,,,,,,,1,2484831,pdf,f18a3e5c282f95c3bbff116e782a0330,,,,0,2000-01-01 01:00:00,2017-04-19 18:57:01,,Информатика;Прикладные программы,
30095154,"Охрана труда: учебно-методическое пособие по дисциплине «Безопасность жизнедеятельности» для бакалавров, обучающихся по направлениям: «Экономика», «Менеджмент», «Экономическая безопасность»",,,,"Мартынов И.С., Гузенко Е.Ю., Курганский Ю.Л., Сёмин Д.В.",2015,,Волгоградский государственный аграрный университет,,76,0,Russian,,,,,,,,,,,,,,76628,0,,,,,,,1,1900913,pdf,a4f86ab7b39e338bc4abcd69fbccb699,,,,0,2000-01-01 01:00:00,2017-04-19 18:57:01,,Экономика и менеджмент;Управление персоналом,
30095155,Ветеринарная фармакология. Токсикология: учебное пособие,,,,Ряднова Т.А.,2015,"2-е, доп.",Волгоградский государственный аграрный университет,,88,0,Russian,,,,,,,,,,,,,,76629,0,,,,,,,1,959560,pdf,432a606bcdaf4fc65a3c350e2d99e858,,,,0,2000-01-01 01:00:00,2017-04-19 18:57:01,,Ветеринария и сельское хозяйство;Ветеринария,
30095156,Вирусология и биотехнология: учебное пособие,,,,"Фирсов Г.М., Акимова С.А.",2015,"2-е, доп.",Волгоградский государственный аграрный университет,,232,0,Russian,,,,,,,,,,,,,,76630,0,,,,,,,1,4229600,pdf,ac7df640af1abc42cce5b9a2099f8652,,,,0,2000-01-01 01:00:00,2017-04-19 18:57:01,,Ветеринария и сельское хозяйство;Ветеринария,
30095157,"Бухгалтерский учет и финансы в АПК: учебное пособие для студентов бакалавриата по направлению 35.03.04 «Агрономия», 35.03.03 «Агрохимия и агропочвоведение» 35.03.05 «Садоводство»",,,,Чернованова Н.В.,2015,,Волгоградский государственный аграрный университет,,88,0,Russian,,,,,,,,,,,,,,76631,0,,,,,,,1,569671,pdf,27fc9c5e7769f9fae15d2fdd70664540,,,,0,2000-01-01 01:00:00,2017-04-19 18:57:01,,Ветеринария и сельское хозяйство;Экономика и менеджмент АПК,
