30116158,Международное движение капитала в глобальной экономике,,,,Хмелевская Н.Г.,2012,,Московский государственный институт международных отношений университет Министерства иностранных дел Российской Федерации,,74,74,Russian,,,,978-5-9228-0883-5,,,,,,,,,,65810,0,,,,,,,1,5799087,pdf,0f023db31863a12f026ed1f7d2e6bac3,,,,0,2000-01-01 01:00:00,2017-04-19 19:07:37,https://e.lanbook.com/img/covers/book/15590/2012/65810.jpg,Экономика и менеджмент;Мировая экономика,
30116159,Международная макроэкономика: теория и политика,,,,Холопов А.В.,2014,,Московский государственный институт международных отношений университет Министерства иностранных дел Российской Федерации,,135,135,Russian,,,,978-5-9228-1086-9,,,,,,,,,,65811,0,,,,,,,1,2376111,pdf,5bcec9d174d3aeac6b0b4793b2da56f0,,,,0,2000-01-01 01:00:00,2017-04-19 19:07:37,https://e.lanbook.com/img/covers/book/15590/2014/65811.jpg,Экономика и менеджмент;Мировая экономика,
30116160,Английский язык: учебное пособие по переводу и реферированию экономических текстов: для студентов IV курса ф-та МБДА: уровень С1,,,,Хватова Н.И.,2015,3-е,Московский государственный институт международных отношений университет Министерства иностранных дел Российской Федерации,,243,243,Russian,,,,978-5-9228-1217-7,,,,,,,,,,65812,0,,,,,,,1,1778019,pdf,9b89ac98af58f0653e2c5d7633022c6b,,,,0,2000-01-01 01:00:00,2017-04-19 19:07:37,https://e.lanbook.com/img/covers/book/15590/2015/65812.jpg,Языкознание и литературоведение;Иностранный язык,
30116161,Французский язык для юристов. Конституция Французской Республики,,,,Осетрова М.Г.,2013,,Московский государственный институт международных отношений университет Министерства иностранных дел Российской Федерации,,209,210,Russian,,,,978-5-9228-0986-3,,,,,,,,,,65813,0,,,,,,,1,1359355,pdf,ebf0307777d0f6c33106a9f87c9d461e,,,,0,2000-01-01 01:00:00,2017-04-19 19:07:37,https://e.lanbook.com/img/covers/book/15590/2013/65813.jpg,Языкознание и литературоведение;Иностранный язык,
30116162,30 лет с Афганистаном и Ираном. Страноведческие записки,,,,Островенко Е.Д.,2015,,Московский государственный институт международных отношений университет Министерства иностранных дел Российской Федерации,,272,272,Russian,,,,978-5-9228-1139-2,,,,,,,,,,65814,0,,,,,,,1,8409047,pdf,dcdd6a0a76b3f4e78d6b36bb1688b56c,,,,0,2000-01-01 01:00:00,2017-04-19 19:07:37,https://e.lanbook.com/img/covers/book/15590/2015/65814.jpg,Социально-гуманитарные науки;Политология и обществознание,
30116163,Русский язык как иностранный. Сборник упражнений по грамматике,,,,"Панина Е.И., Чичина М.О.",2012,,Московский государственный институт международных отношений университет Министерства иностранных дел Российской Федерации,,78,78,Russian,,,,978-5-9228-0817-0,,,,,,,,,,65815,0,,,,,,,1,386336,pdf,b27e8227cbe422f23c0d1e22d2146854,,,,0,2000-01-01 01:00:00,2017-04-19 19:07:37,,Языкознание и литературоведение;Русский как иностранный,
30116164,Знакомимся с русской культурой,,,,"Панина Е.И., Румянцева О.В., Семизарова К.В.",2015,,Московский государственный институт международных отношений университет Министерства иностранных дел Российской Федерации,,189,189,Russian,,,,978-5-9228-1108-8,,,,,,,,,,65816,0,,,,,,,1,1901435,pdf,9cf8e72e35a27a6b727f923bc2c9e45b,,,,0,2000-01-01 01:00:00,2017-04-19 19:07:37,https://e.lanbook.com/img/covers/book/15590/2015/65816.jpg,Социально-гуманитарные науки;Культурология и искусство,
30116165,Арабский язык: международные отношения: экономический аспект,,,,"Пантюхин Н.Я., Успенская Н.А.",2014,,Московский государственный институт международных отношений университет Министерства иностранных дел Российской Федерации,,339,339,Russian,,,,978-5-9228-1036-4,,,,,,,,,,65817,0,,,,,,,1,36089932,pdf,581dfa5b9aa69e79a7887324262fef49,,,,0,2000-01-01 01:00:00,2017-04-19 19:07:37,https://e.lanbook.com/img/covers/book/15590/2014/65817.jpg,Языкознание и литературоведение;Иностранный язык,
30116166,Арабский язык: речевая практика,,,,Пантюхин Н.Я.,2015,,Московский государственный институт международных отношений университет Министерства иностранных дел Российской Федерации,,249,248,Russian,,,,978-5-9228-1189-7,,,,,,,,,,65818,0,,,,,,,1,34821967,pdf,46a050aaa79845862f2750afca43b586,,,,0,2000-01-01 01:00:00,2017-04-19 19:07:37,https://e.lanbook.com/img/covers/book/15590/2015/65818.jpg,Языкознание и литературоведение;Иностранный язык,
30116167,Основные пути выхода частных инвесторов на фондовый рынок: от брокера до семейного офиса,,,,Парамонова В.Е.,2015,,Московский государственный институт международных отношений университет Министерства иностранных дел Российской Федерации,,133,135,Russian,,,,978-5-9228-1165-1,,,,,,,,,,65819,0,,,,,,,1,3281974,pdf,77533aface92a7184a0b6531f40478de,,,,0,2000-01-01 01:00:00,2017-04-19 19:07:37,https://e.lanbook.com/img/covers/book/15590/2015/65819.jpg,Экономика и менеджмент;Трейдинг и биржевая торговля,
30116168,Учебное пособие по политпереводу для студентов 2 курса факультета политологии,,,,Павликова С.К.,2015,3-е,Московский государственный институт международных отношений университет Министерства иностранных дел Российской Федерации,,115,115,Russian,,,,978-5-9228-1198-9,,,,,,,,,,65821,0,,,,,,,1,964854,pdf,033a6977441e91fcd9af3da3c8e467f4,,,,0,2000-01-01 01:00:00,2017-04-19 19:07:37,https://e.lanbook.com/img/covers/book/15590/2015/65821.jpg,Социально-гуманитарные науки;Политология и обществознание,
30116169,Английский язык: международная политика России на современном этапе = current foreign policy of Russia: учебное пособие. Уровни В1-В2,,,,"Анисимова А.Г., Павлюк М.И.",2014,,Московский государственный институт международных отношений университет Министерства иностранных дел Российской Федерации,,107,107,Russian,,,,978-5-9228-1046-3,,,,,,,,,,65822,0,,,,,,,1,785945,pdf,20a885c64405fa25484060320cc8ee9e,,,,0,2000-01-01 01:00:00,2017-04-19 19:07:37,https://e.lanbook.com/img/covers/book/15590/2014/65822.jpg,Языкознание и литературоведение;Иностранный язык,
30116170,"Международные финансы в глобальной экономике: сборник докладов участников научно-теоретической студенческой конференции (Москва, 26–27 апреля 2012 г.)",,,,Под. ред. Перцевой С.Ю.,2013,,Московский государственный институт международных отношений университет Министерства иностранных дел Российской Федерации,,138,138,Russian,,,,978-5-9228-0967-2,,,,,,,,,,65823,0,,,,,,,1,3841014,pdf,3359ec245dee5983cc8cc99adb58f037,,,,0,2000-01-01 01:00:00,2017-04-19 19:07:37,,Экономика и менеджмент;Мировая экономика,
30116171,Язык суахили: учебно-методический комплекс для 2–3 годов обучения,,,,Петренко Н.Т.,2010,,Московский государственный институт международных отношений университет Министерства иностранных дел Российской Федерации,,386,386,Russian,,,,978-5-9228-0620-6,,,,,,,,,,65824,0,,,,,,,1,1919780,pdf,ec3651266d8d88ee0d1ece48fc5d46c1,,,,0,2000-01-01 01:00:00,2017-04-19 19:07:37,https://e.lanbook.com/img/covers/book/15590/2010/65824.jpg,Языкознание и литературоведение;Иностранный язык,
30116172,Интеллектуальная собственность: учебник: в 2 частях. Часть 1: Промышленные права,,,,Пирогова В.В.,2014,,Московский государственный институт международных отношений университет Министерства иностранных дел Российской Федерации,,248,248,Russian,,,,978-5-9228-1031-9,,,,,,,,,,65825,0,,,,,,,1,1212964,pdf,2aac05e8b17324e77c72f576efc6fcb2,,,,0,2000-01-01 01:00:00,2017-04-19 19:07:37,https://e.lanbook.com/img/covers/book/15590/2014/65825.jpg,Экономика и менеджмент;Инновационный менеджмент,
30116173,Экология и глобализация,,,,Пискулова Н.А.,2010,,Московский государственный институт международных отношений университет Министерства иностранных дел Российской Федерации,,210,210,Russian,,,,978-5-9228-0634-3,,,,,,,,,,65826,0,,,,,,,1,752746,pdf,ce7d93c2a17f25135373518b9e5e8a41,,,,0,2000-01-01 01:00:00,2017-04-19 19:07:37,https://e.lanbook.com/img/covers/book/15590/2010/65826.jpg,Социально-гуманитарные науки;Социология,
30116174,Инвестиционные факторы экономического роста и конкурентоспособности России в мировой экономике: материалы научно-практической конференции,,,,Под общ. ред. Платоновой И.Н.,2013,,Московский государственный институт международных отношений университет Министерства иностранных дел Российской Федерации,,220,220,Russian,,,,978-5-9228-0894-1,,,,,,,,,,65827,0,,,,,,,1,1108920,pdf,be7616e7b8dad07bc2798f74b070d372,,,,0,2000-01-01 01:00:00,2017-04-19 19:07:37,https://e.lanbook.com/img/covers/book/15590/2013/65827.jpg,Экономика и менеджмент;Мировая экономика,
30116175,"ВТО и стратегия России в глобальной экономике: материалы международной научной конференции (Москва, 25 апреля 2012 г.)",,,,Под общ. ред. Платоновой И.Н.,2014,,Московский государственный институт международных отношений университет Министерства иностранных дел Российской Федерации,,178,178,Russian,,,,978-5-9228-1033-3,,,,,,,,,,65828,0,,,,,,,1,1145139,pdf,11da8c74cda296daaacf76b23f70ca77,,,,0,2000-01-01 01:00:00,2017-04-19 19:07:37,https://e.lanbook.com/img/covers/book/15590/2014/65828.jpg,Экономика и менеджмент;Экономика России,
30116176,Третья мировая война против России: введение к исследованию,,,,Подберезкин А.И.,2015,,Московский государственный институт международных отношений университет Министерства иностранных дел Российской Федерации,,169,170,Russian,,,,978-5-9228-1243-6,,,,,,,,,,65829,0,,,,,,,1,15696413,pdf,925866103d40bd9108e044b84ee46c88,,,,0,2000-01-01 01:00:00,2017-04-19 19:07:37,https://e.lanbook.com/img/covers/book/15590/2015/65829.jpg,Социально-гуманитарные науки;Политология и обществознание,
30116177,Сахара: в песках времен,,,,Подцероб А.Б.;Отв. ред. Серегин А.В.,2014,,Московский государственный институт международных отношений университет Министерства иностранных дел Российской Федерации,,376,376,Russian,,,,978-5-9228-1077-7,,,,,,,,,,65830,0,,,,,,,1,2773522,pdf,6ca2b556609cc58fba606db6e157ac84,,,,0,2000-01-01 01:00:00,2017-04-19 19:07:37,https://e.lanbook.com/img/covers/book/15590/2014/65830.jpg,Социально-гуманитарные науки;История,
30116178,Россия и арабский мир,,,,Подцероб А.Б.;Под ред. Егорина А.З.,2015,,Московский государственный институт международных отношений университет Министерства иностранных дел Российской Федерации,,540,539,Russian,,,,978-5-9228-1134-7,,,,,,,,,,65831,0,,,,,,,1,2146767,pdf,87daa9863933eeb94efcc834f4c8e4f8,,,,0,2000-01-01 01:00:00,2017-04-19 19:07:37,https://e.lanbook.com/img/covers/book/15590/2015/65831.jpg,Социально-гуманитарные науки;Политология и обществознание,
30116179,Аналитические доклады. Эволюция фактора Тайваня в отношениях между США и КНР,,,,Полякова Т.В.,2014,,Московский государственный институт международных отношений университет Министерства иностранных дел Российской Федерации,,31,31,Russian,,,,978-5-9228-1094-4,,,,,,,,,,65832,0,,,,,,,1,417835,pdf,52e3b223d6e4dae718e5be22598f5421,,,,0,2000-01-01 01:00:00,2017-04-19 19:07:37,https://e.lanbook.com/img/covers/book/15590/2014/65832.jpg,Социально-гуманитарные науки;Международные отношения и дипломатия,
30116180,Подходы и методы в оценке бизнеса,,,,Тихомиров Д.В.,2014,,Московский государственный институт международных отношений университет Министерства иностранных дел Российской Федерации,,212,212,Russian,,,,978-5-9228-1007-4,,,,,,,,,,65833,0,,,,,,,1,1965933,pdf,ce9b7477686a4f0223801c7d74b6953f,,,,0,2000-01-01 01:00:00,2017-04-19 19:07:37,https://e.lanbook.com/img/covers/book/15590/2014/65833.jpg,Экономика и менеджмент;Предпринимательская деятельность,
30116181,Компьютерная деловая игра «БИЗНЕСС-КУРС: Корпорация Плюс»,,,,Пучкова С.И.,2010,,Московский государственный институт международных отношений университет Министерства иностранных дел Российской Федерации,,115,115,Russian,,,,978-5-9228-0661-9,,,,,,,,,,65834,0,,,,,,,1,2334069,pdf,5e9f1a51ae54146432bfdc34360c6ec3,,,,0,2000-01-01 01:00:00,2017-04-19 19:07:37,https://e.lanbook.com/img/covers/book/15590/2010/65834.jpg,Экономика и менеджмент;Предпринимательская деятельность,
30116182,Финансовый менеджмент,,,,"Пучкова С.И., Шмарова Л.В., Грунина Н.Ю.",2010,,Московский государственный институт международных отношений университет Министерства иностранных дел Российской Федерации,,84,83,Russian,,,,978-5-9228-0659-6,,,,,,,,,,65835,0,,,,,,,1,586077,pdf,4e1edb00a2d04855461321a6b13bc894,,,,0,2000-01-01 01:00:00,2017-04-19 19:07:37,https://e.lanbook.com/img/covers/book/15590/2010/65835.jpg,Экономика и менеджмент;Финансовый менеджмент,
30116183,Финансовая консолидированная отчетность международной компании,,,,Пучкова С.И.,2010,,Московский государственный институт международных отношений университет Министерства иностранных дел Российской Федерации,,45,45,Russian,,,,978-5-9228-0669-5,,,,,,,,,,65836,0,,,,,,,1,380579,pdf,9edb9de238c18cc09828b2831bbec86b,,,,0,2000-01-01 01:00:00,2017-04-19 19:07:37,https://e.lanbook.com/img/covers/book/15590/2010/65836.jpg,Экономика и менеджмент;Макроэкономика,
30116184,Учебное пособие по английскому языку профессии для студентов бакалавриата = A Linguistics Guide tu Economics Уровени В1-В2,,,,Раицкая Л.К.,2015,2-е,Московский государственный институт международных отношений университет Министерства иностранных дел Российской Федерации,,179,180,Russian,,,,978-5-9228-1194-1,,,,,,,,,,65837,0,,,,,,,1,1187420,pdf,b02e64be5e4f386833cc08b044323c37,,,,0,2000-01-01 01:00:00,2017-04-19 19:07:37,https://e.lanbook.com/img/covers/book/15590/2015/65837.jpg,Языкознание и литературоведение;Иностранный язык,
30116185,Законодательный процесс в зарубежных странах,,,,"Лейбо Ю.И., Ракитская И.А., Шашкова А.В., Кремянская Е.А.;Водяницкая Е.А.",2012,,Московский государственный институт международных отношений университет Министерства иностранных дел Российской Федерации,,172,171,Russian,,,,978-5-9228-0834-7,,,,,,,,,,65838,0,,,,,,,1,598985,pdf,c5f75eff668e7013707ab7de1b9abf39,,,,0,2000-01-01 01:00:00,2017-04-19 19:07:37,https://e.lanbook.com/img/covers/book/15590/2012/65838.jpg,Экономика и менеджмент;Государственное и муниципальное управление,
30116186,Транснационализация японского бизнеса,,,,Ребрей С.М.,2015,,Московский государственный институт международных отношений университет Министерства иностранных дел Российской Федерации,,133,134,Russian,,,,978-5-9228-1167-5,,,,,,,,,,65839,0,,,,,,,1,1121899,pdf,9c3faf375850f43f479f7591aa26b0bf,,,,0,2000-01-01 01:00:00,2017-04-19 19:07:37,https://e.lanbook.com/img/covers/book/15590/2015/65839.jpg,Экономика и менеджмент;Мировая экономика,
30116187,Учебно-методическое пособие по курсу «Практикум по международному ценообразованию»: для студентов II курса магистратуры факультета МЭО,,,,Ревенко Л.С.,2010,,Московский государственный институт международных отношений университет Министерства иностранных дел Российской Федерации,,115,116,Russian,,,,978-5-9228-0580-3,,,,,,,,,,65840,0,,,,,,,1,1212826,pdf,4fe90d8b329f1b79798f0d574e3166ac,,,,0,2000-01-01 01:00:00,2017-04-19 19:07:37,https://e.lanbook.com/img/covers/book/15590/2010/65840.jpg,Экономика и менеджмент;Макроэкономика,
30116188,Российские посольства за рубежом. Очерки истории дипломатических отношений,,,,"Под ред. Мелихова И.А., Богучарского Е.М.",2010,,Московский государственный институт международных отношений университет Министерства иностранных дел Российской Федерации,,360,360,Russian,,,,978-5-9228-0638-1,,,,,,,,,,65841,0,,,,,,,1,2008160,pdf,a9be3e28a799c631deffbe20ce0f1718,,,,0,2000-01-01 01:00:00,2017-04-19 19:07:37,https://e.lanbook.com/img/covers/book/15590/2010/65841.jpg,Социально-гуманитарные науки;Международные отношения и дипломатия,
30116189,"Английский язык: учебно-методические материалы для студентов 1 курса \Taking Up English\"". Сборник № 9. Урок 15. Уровень А1""",,,,"Сост. Павлова Н.Н., Шкунаева С.М.",2011,2-е,Московский государственный институт международных отношений университет Министерства иностранных дел Российской Федерации,,33,32,Russian,,,,978-5-9228-0768-5,,,,,,,,,,65842,0,,,,,,,1,14272789,pdf,3caebcd5f25d9a5cd8d79d19385a3403,,,,0,2000-01-01 01:00:00,2017-04-19 19:07:37,https://e.lanbook.com/img/covers/book/15590/2011/65842.jpg,Языкознание и литературоведение;Иностранный язык,
30116190,Cитуационные анализы. Вып. 4: Америка в фокусе российских исследователей: история и современность,,,,Под ред. Шаклеиной Т.А.,2014,,Московский государственный институт международных отношений университет Министерства иностранных дел Российской Федерации,,416,416,Russian,,,,978-5-9228-1092-0,,,,,,,,,,65843,0,,,,,,,1,5222963,pdf,5e947ff0b0f7eab3426da4f0d4be6466,,,,0,2000-01-01 01:00:00,2017-04-19 19:07:37,https://e.lanbook.com/img/covers/book/15590/2014/65843.jpg,Социально-гуманитарные науки;Политология и обществознание,
30116191,Английский язык: учебное пособие для студентов магистратуры ф-та МЭО: по мотивам телевизионного сериала Би-би-си «Dragons’ Den»: уровни В2–С1,,,,Сост. Осипова О.В. и др. Под ред. Шепелёвой И.М.,2010,,Московский государственный институт международных отношений университет Министерства иностранных дел Российской Федерации,,93,94,Russian,,,,978-5-9228-0639-8,,,,,,,,,,65844,0,,,,,,,1,445458,pdf,f26b2156e66e4ef77e37c3cb12479fd7,,,,0,2000-01-01 01:00:00,2017-04-19 19:07:37,https://e.lanbook.com/img/covers/book/15590/2010/65844.jpg,Языкознание и литературоведение;Иностранный язык,
30116192,Договорные отношения в сфере энергетики,,,,Шевченко Л.И.,2015,,Московский государственный институт международных отношений университет Министерства иностранных дел Российской Федерации,,219,219,Russian,,,,978-5-9228-1180-4,,,,,,,,,,65845,0,,,,,,,1,1110874,pdf,b76b5f2820ab2536db5e7ed16898d1a4,,,,0,2000-01-01 01:00:00,2017-04-19 19:07:37,https://e.lanbook.com/img/covers/book/15590/2015/65845.jpg,Экономика и менеджмент;Экономика предприятий и организаций,
30116193,"Жанры, журналисты, творчество",,,,Под общ. ред. Шевцова Н.В.,2015,,Московский государственный институт международных отношений университет Министерства иностранных дел Российской Федерации,,184,184,Russian,,,,978-5-9228-1185-9,,,,,,,,,,65846,0,,,,,,,1,714405,pdf,654f6057d8004678ae9776928169c43a,,,,0,2000-01-01 01:00:00,2017-04-19 19:07:37,https://e.lanbook.com/img/covers/book/15590/2015/65846.jpg,Языкознание и литературоведение;Журналистика,
30116194,Французский язык: Communications Professionnelles = профессиональное общение: учебник по коммерческой корреспонденции: уровни В2–С1,,,,"Шишковская О.В., Попова Г.Ф., Лыжина Т.Л.",2015,,Московский государственный институт международных отношений университет Министерства иностранных дел Российской Федерации,,208,209,Russian,,,,978-5-9228-1168-2,,,,,,,,,,65847,0,,,,,,,1,3177122,pdf,91cd39aba35ba711431390eb02c9e326,,,,0,2000-01-01 01:00:00,2017-04-19 19:07:37,https://e.lanbook.com/img/covers/book/15590/2015/65847.jpg,Языкознание и литературоведение;Иностранный язык,
30116195,Африка южнее Сахары. Тенденции и противоречия развития,,,,Шитов В.Н.,2014,2-е,Московский государственный институт международных отношений университет Министерства иностранных дел Российской Федерации,,95,95,Russian,,,,978-5-9228-1062-3,,,,,,,,,,65848,0,,,,,,,1,680694,pdf,84557f9c5cd5602d5ef1ca3b0f24e045,,,,0,2000-01-01 01:00:00,2017-04-19 19:07:37,https://e.lanbook.com/img/covers/book/15590/2014/65848.jpg,Социально-гуманитарные науки;Политология и обществознание,
30116196,Турецкий язык: учебник: В 4 ч. Ч. 2. В 2 кн. Книга преподавателя,,,,Штанов А.В.,2014,,Московский государственный институт международных отношений университет Министерства иностранных дел Российской Федерации,,336,336,Russian,,,,978-5-9228-1059-3,,,,,,,,,,65849,0,,,,,,,1,2525305,pdf,ab7fbd0a215746af75c23bc0467143a7,,,,0,2000-01-01 01:00:00,2017-04-19 19:07:37,https://e.lanbook.com/img/covers/book/15590/2014/65849.jpg,Языкознание и литературоведение;Иностранный язык,
30116197,Турецкий язык: базовый курс: учебник. В 4 ч. Ч. 1. В 2 кн. Книга преподавателя,,,,Штанов А.В.,2010,,Московский государственный институт международных отношений университет Министерства иностранных дел Российской Федерации,,205,205,Russian,,,,978-5-9228-0599-5,,,,,,,,,,65850,0,,,,,,,1,1580763,pdf,d9761d888bf6160368a8bafabe690b8b,,,,0,2000-01-01 01:00:00,2017-04-19 19:07:37,https://e.lanbook.com/img/covers/book/15590/2010/65850.jpg,Языкознание и литературоведение;Иностранный язык,
30116198,Турецкий язык: базовый курс: учебник. В 4 ч. Ч. 1. В 2 кн. Книга студента,,,,Штанов А.В.,2010,,Московский государственный институт международных отношений университет Министерства иностранных дел Российской Федерации,,541,540,Russian,,,,978-5-9228-0621-3,,,,,,,,,,65851,0,,,,,,,1,5848497,pdf,d86edafd9f42dba0c67873894ab49623,,,,0,2000-01-01 01:00:00,2017-04-19 19:07:37,https://e.lanbook.com/img/covers/book/15590/2010/65851.jpg,Языкознание и литературоведение;Иностранный язык,
30116199,Турецкий язык: учебник: В 4 ч. Ч. 2. В 2 кн. Книга студента,,,,Штанов А.В.,2014,,Московский государственный институт международных отношений университет Министерства иностранных дел Российской Федерации,,787,787,Russian,,,,978-5-9228-1058-6,,,,,,,,,,65852,0,,,,,,,1,182069188,pdf,d6305e2e084c4ee55fb11c8351641442,,,,0,2000-01-01 01:00:00,2017-04-19 19:07:37,https://e.lanbook.com/img/covers/book/15590/2014/65852.jpg,Языкознание и литературоведение;Иностранный язык,
30116200,Поэтесса рассказа (Новеллистика Гады ас-Самман 60–90-е гг. XX в.),,,,Шуйская Н.М.,2013,,Московский государственный институт международных отношений университет Министерства иностранных дел Российской Федерации,,272,271,Russian,,,,978-5-9228-0955-9,,,,,,,,,,65853,0,,,,,,,1,3617782,pdf,bc46ddec03193ee55fb97d2a07bf7b62,,,,0,2000-01-01 01:00:00,2017-04-19 19:07:37,https://e.lanbook.com/img/covers/book/15590/2013/65853.jpg,Языкознание и литературоведение;Литературоведение,
30116201,"Язык хинди: слушай, читай, рассказывай. Учебное пособие по речевой практике. Уровни В1, В2",,,,"Сигорский А.А., Саксена Н.",2013,,Московский государственный институт международных отношений университет Министерства иностранных дел Российской Федерации,,287,287,Russian,,,,978-5-9228-0940-5,,,,,,,,,,65854,0,,,,,,,1,2417052,pdf,410418a6e78c5a0982b8ca2723fd7cfc,,,,0,2000-01-01 01:00:00,2017-04-19 19:07:37,https://e.lanbook.com/img/covers/book/15590/2013/65854.jpg,Языкознание и литературоведение;Иностранный язык,
30116202,Россия в европейском и мировом информационном пространстве: сборник научных трудов. Материалы международной научно-практической конференции,,,,Под ред. д.э.н. профессора Симоновой М.Д.,2014,,Московский государственный институт международных отношений университет Министерства иностранных дел Российской Федерации,,471,473,Russian,,,,978-5-9228-1098-2,,,,,,,,,,65855,0,,,,,,,1,15709394,pdf,c4bf3cd5c0df56ea88d84e4846ce6b51,,,,0,2000-01-01 01:00:00,2017-04-19 19:07:37,https://e.lanbook.com/img/covers/book/15590/2014/65855.jpg,Социально-гуманитарные науки;Политология и обществознание,
30116203,"Английский язык: дополнительные материалы к учебнику Leo Jones \New Progress to Proficiency\"": уровень С1""",,,,"Солодкина К.Р., Сысоева З.Е.",2015,,Московский государственный институт международных отношений университет Министерства иностранных дел Российской Федерации,,82,83,Russian,,,,978-5-9228-1209-2,,,,,,,,,,65856,0,,,,,,,1,889832,pdf,88ffb6f9d172401d5c87e9fb56a98a9a,,,,0,2000-01-01 01:00:00,2017-04-19 19:07:37,https://e.lanbook.com/img/covers/book/15590/2015/65856.jpg,Языкознание и литературоведение;Иностранный язык,
30116204,Воинские звания и знаки различия в вооруженных силах арабских государств,,,,"Епифанов Р.А., Стариков А.В.;Под ред. Марущака И.И.",2014,,Московский государственный институт международных отношений университет Министерства иностранных дел Российской Федерации,,184,185,Russian,,,,978-5-9228-1080-7,,,,,,,,,,65857,0,,,,,,,1,10239794,pdf,b222b8cc39902fc6eeaf80101f369eac,,,,0,2000-01-01 01:00:00,2017-04-19 19:07:37,https://e.lanbook.com/img/covers/book/15590/2014/65857.jpg,Социально-гуманитарные науки;Политология и обществознание,
30116205,"Дополнительные материалы к завершающему курсу профессионального использования деловой лексики \Business Result Advanced\"". Уровень С1""",,,,"Васильева Ю.А., Старостина Н.В.",2014,,Московский государственный институт международных отношений университет Министерства иностранных дел Российской Федерации,,165,165,Russian,,,,978-5-9228-1089-0,,,,,,,,,,65858,0,,,,,,,1,1147784,pdf,5e35e0409abccaab7ce0ae9f08d0447d,,,,0,2000-01-01 01:00:00,2017-04-19 19:07:37,,Языкознание и литературоведение;Иностранный язык,
30116206,Латинская Америка: новые геополитические вызовы,,,,Сударев В.П.,2015,,Московский государственный институт международных отношений университет Министерства иностранных дел Российской Федерации,,292,292,Russian,,,,978-5-9228-1188-0,,,,,,,,,,65859,0,,,,,,,1,4634305,pdf,908c109e0e3db912382bd21d55d9830d,,,,0,2000-01-01 01:00:00,2017-04-19 19:07:37,https://e.lanbook.com/img/covers/book/15590/2015/65859.jpg,Социально-гуманитарные науки;Политология и обществознание,
30116207,Продолжаем изучать английский язык = Go Ahead: учебное пособие. В 2 ч. Ч. 2. Уровень В1,,,,Суринович О.Н.,2014,,Московский государственный институт международных отношений университет Министерства иностранных дел Российской Федерации,,259,260,Russian,,,,978-5-9228-1124-8,,,,,,,,,,65860,0,,,,,,,1,1556771,pdf,517b62455f54281f9da96d8f50d05b58,,,,0,2000-01-01 01:00:00,2017-04-19 19:07:37,https://e.lanbook.com/img/covers/book/15590/2014/65860.jpg,Языкознание и литературоведение;Иностранный язык,
30116208,Русский язык как иностранный. Макроэкономика: сфера профессионального общения: учебное пособие. Уровень В1,,,,Свинцова И.Ю.,2014,,Московский государственный институт международных отношений университет Министерства иностранных дел Российской Федерации,,120,119,Russian,,,,978-5-9228-0933-7,,,,,,,,,,65861,0,,,,,,,1,461622,pdf,a27c683de0f95fefa0bc566c8d7a71cd,,,,0,2000-01-01 01:00:00,2017-04-19 19:07:37,https://e.lanbook.com/img/covers/book/15590/2014/65861.jpg,Языкознание и литературоведение;Русский как иностранный,
30116209,"Мировой рынок и инновационное развитие, пути модернизации российского сектора высоких технологий. Материалы второй межвузовской научно-практической конференции 30 апреля 2010 года",,,,Под ред. Свищева А.В.,2011,,Московский государственный институт международных отношений университет Министерства иностранных дел Российской Федерации,,132,131,Russian,,,,978-5-9228-0610-7,,,,,,,,,,65862,0,,,,,,,1,2125109,pdf,444d1e7efdb4bfed85dbb124a09df1ac,,,,0,2000-01-01 01:00:00,2017-04-19 19:07:37,,Экономика и менеджмент;Мировая экономика,
30116210,Основы статистики: учебное пособие для студентов факультетов неэкономического профиля,,,,"Курникова Е.Л., Тарлецкая Л.В.",2008,,Московский государственный институт международных отношений университет Министерства иностранных дел Российской Федерации,,144,144,Russian,,,,978-5-9228-0329-8,,,,,,,,,,65863,0,,,,,,,1,541334,pdf,c8544be016dfa17b87f7c1b59d39b104,,,,0,2000-01-01 01:00:00,2017-04-19 19:07:37,https://e.lanbook.com/img/covers/book/15590/2008/65863.jpg,Экономика и менеджмент;Статистика,
30116211,Актуальные проблемы международных финансов: сборник научных статей,,,,"Под ред. Миловидова В.Д., Ткачева В.Н.",2013,,Московский государственный институт международных отношений университет Министерства иностранных дел Российской Федерации,,262,261,Russian,,,,978-5-9228-0956-6,,,,,,,,,,65864,0,,,,,,,1,925832,pdf,4a71ae88957c24802759e82c202463c1,,,,0,2000-01-01 01:00:00,2017-04-19 19:07:37,https://e.lanbook.com/img/covers/book/15590/2013/65864.jpg,Экономика и менеджмент;Мировая экономика,
30116212,Влияние государственности на эволюцию политических режимов Грузии и Украины в 1991–2014 годах,,,,Токарев А.А.,2015,,Московский государственный институт международных отношений университет Министерства иностранных дел Российской Федерации,,312,312,Russian,,,,978-5-9228-1184-2,,,,,,,,,,65865,0,,,,,,,1,2336227,pdf,ff675e139ee041ca9d2f22353c9c4d9d,,,,0,2000-01-01 01:00:00,2017-04-19 19:07:37,https://e.lanbook.com/img/covers/book/15590/2015/65865.jpg,Социально-гуманитарные науки;Политология и обществознание,
30116213,Неспокойное соседство. Проблемы Корейского полуострова и вызовы для России: коллективная монография,,,,"Торкунов А.В., Новосельцева Д.А., Неелова Т.А., Тригубенко М.Е.;Авторы: Суслина С.С., Шевелева Ю.В., Дьячков И.В., Леженина Т.В., Иванькова С.Е.; Под ред. д-ра экон. наук, проф. Толорая Г.Д.",2015,,Московский государственный институт международных отношений университет Министерства иностранных дел Российской Федерации,,345,345,Russian,,,,978-5-9228-1166-8,,,,,,,,,,65866,0,,,,,,,1,2432266,pdf,8189d956482bd05e2e83dc1a6b157068,,,,0,2000-01-01 01:00:00,2017-04-19 19:07:37,https://e.lanbook.com/img/covers/book/15590/2015/65866.jpg,Социально-гуманитарные науки;Политология и обществознание,
30116214,Перевод текстов общественно-политического содержания: учебное пособие по английскому языку,,,,Трибунская В.Н.,2015,3-е,Московский государственный институт международных отношений университет Министерства иностранных дел Российской Федерации,,193,193,Russian,,,,978-5-9228-0331-1,,,,,,,,,,65867,0,,,,,,,1,1232143,pdf,0578543019d6992251ba923b6de99c31,,,,0,2000-01-01 01:00:00,2017-04-19 19:07:37,https://e.lanbook.com/img/covers/book/15590/2015/65867.jpg,Языкознание и литературоведение;Иностранный язык,
30116215,Полный курс грамматики хорватского языка с упражнениями и ключами,,,,Тяпко Г.Г.,2013,,Московский государственный институт международных отношений университет Министерства иностранных дел Российской Федерации,,479,479,Russian,,,,978-5-9228-0895-8,,,,,,,,,,65868,0,,,,,,,1,7845094,pdf,aee04d5a53b5bf5d483654d00a05b4ac,,,,0,2000-01-01 01:00:00,2017-04-19 19:07:37,https://e.lanbook.com/img/covers/book/15590/2013/65868.jpg,Языкознание и литературоведение;Иностранный язык,
30116216,"Великобритания и США: язык, образ жизни, политика = Great Britain and the USA: Language, Lifestyles, Politics: учебное пособие. В 2 ч. Ч. 1. Уровень В1",,,,"Гарикова А.И., Попова Е.А., Тюкина Т.А.",2014,,Московский государственный институт международных отношений университет Министерства иностранных дел Российской Федерации,,145,145,Russian,,,,978-5-9228-1133-0,,,,,,,,,,65869,0,,,,,,,1,4254875,pdf,3f56bc321296e57d6b3f3aeb77bd41a3,,,,0,2000-01-01 01:00:00,2017-04-19 19:07:37,https://e.lanbook.com/img/covers/book/15590/2014/65869.jpg,Языкознание и литературоведение;Иностранный язык,
30116217,Вьетнамский язык: общественно-политический перевод: учебное пособие для продолжающих,,,,"Тюменева Е.И., Глазунова С.Е.",2014,,Московский государственный институт международных отношений университет Министерства иностранных дел Российской Федерации,,472,472,Russian,,,,978-5-9228-1088-3,,,,,,,,,,65870,0,,,,,,,1,3694384,pdf,f8af239906bd7e00f6aaa8f34aa8fa14,,,,0,2000-01-01 01:00:00,2017-04-19 19:07:37,https://e.lanbook.com/img/covers/book/15590/2014/65870.jpg,Языкознание и литературоведение;Иностранный язык,
30116218,Управление персоналом в международном бизнесе,,,,Уваров В.В.,2013,,Московский государственный институт международных отношений университет Министерства иностранных дел Российской Федерации,,220,220,Russian,,,,978-5-9228-0994-8,,,,,,,,,,65871,0,,,,,,,1,807281,pdf,7258b2e3b20e5c7dc8b66301d1271308,,,,0,2000-01-01 01:00:00,2017-04-19 19:07:37,https://e.lanbook.com/img/covers/book/15590/2013/65871.jpg,Экономика и менеджмент;Управление персоналом,
30116219,Английский язык. Совершенствуем умение писать по-английски за 22 урока. 22 steps to effective writing. В 2-х книгах. Книга 2. The Particulars: Profession oriented Course: учебное пособие для развития навыков письменной речи. Части 3–5. Уровень B1–B2. Моду,,,,Ястребова Е.Б.,2013,,Московский государственный институт международных отношений университет Министерства иностранных дел Российской Федерации,,191,192,Russian,,,,978-5-9228-0976-4,,,,,,,,,,65873,0,,,,,,,1,1449726,pdf,1308027cd38376f5d0e7b555f89ab043,,,,0,2000-01-01 01:00:00,2017-04-19 19:07:37,https://e.lanbook.com/img/covers/book/15590/2013/65873.jpg,Языкознание и литературоведение;Иностранный язык,
30116220,Курс английского языка для международников и регионоведов. Уровень бакалавриат. Компетентностный подход. I курс. Часть I,,,,"Ястребова Е.Б., Кравцова О.А., Крячков Д.А., Владыкина Л.Г.",2009,,Московский государственный институт международных отношений университет Министерства иностранных дел Российской Федерации,,296,295,Russian,,,,978-5-9228-0506-3,,,,,,,,,,65874,0,,,,,,,1,25677938,pdf,31777e2fc0800f20493cb0d92a062816,,,,0,2000-01-01 01:00:00,2017-04-19 19:07:37,https://e.lanbook.com/img/covers/book/15590/2009/65874.jpg,Языкознание и литературоведение;Иностранный язык,
30116221,"Свежий взгляд. \Арабская весна\"" в Сирии""",,,,Под ред. Садыковой Л.Р.,2014,,Московский государственный институт международных отношений университет Министерства иностранных дел Российской Федерации,,67,68,Russian,,,,978-5-9228-1093-7,,,,,,,,,,65875,0,,,,,,,1,413830,pdf,5096d1e80f9d6a2a4f32aacbad603797,,,,0,2000-01-01 01:00:00,2017-04-19 19:07:37,https://e.lanbook.com/img/covers/book/15590/2014/65875.jpg,Социально-гуманитарные науки;Политология и обществознание,
30116222,Обществознание: настольная книга ученика: учебное пособие для подготовки к ЕГЭ,,,,"Пономарева Е.Г., Гаман-Голутвина О.В., Удашова О.А.;Отв. ред. Пономарева Е.Г.",2013,,Московский государственный институт международных отношений университет Министерства иностранных дел Российской Федерации,,475,475,Russian,,,,978-5-9228-0875-0,,,,,,,,,,65878,0,,,,,,,1,5985746,pdf,25eb673e69191276f1ef90ca3cf9521c,,,,0,2000-01-01 01:00:00,2017-04-19 19:07:37,https://e.lanbook.com/img/covers/book/15590/2013/65878.jpg,Социально-гуманитарные науки;Политология и обществознание,
30116223,Правила технического обслуживания тормозного оборудования и управления тормозами железнодорожного подвижного состава,,,,,2015,,"Издательство \Финансы и статистика\""""",,232,232,Russian,,,,978-5-279-03566-3,,,,,,,,,,65879,0,,,,,,,1,1256327,pdf,8c561f844722a0a3ce01e078efcf88f9,,,,0,2000-01-01 01:00:00,2017-04-19 19:07:37,https://e.lanbook.com/img/covers/book/1443/2015/65879.jpg,Инженерно-технические науки;Железнодорожный транспорт,
30116224,Искусство управления населенной территорией,,,,Воронин А.Г.,2014,,"Издательство \Финансы и статистика\""""",,160,160,Russian,,,,978-5-279-03564-9,,,,,,,,,,65880,0,,,,,,,1,1268274,pdf,5ef31a3ea3d47f209d207704c53367dc,,,,0,2000-01-01 01:00:00,2017-04-19 19:07:37,https://e.lanbook.com/img/covers/book/1443/2014/65880.jpg,Экономика и менеджмент;Государственное и муниципальное управление,
30116225,Формирование портфеля недвижимости,,,,Белых Л.П.,1999,,"Издательство \Финансы и статистика\""""",,264,264,Russian,,,,5-279-02104-0,,,,,,,,,,65881,0,,,,,,,1,4417401,pdf,0daba5df120928e1e978e0d47e0835f2,,,,0,2000-01-01 01:00:00,2017-04-19 19:07:37,https://e.lanbook.com/img/covers/book/1443/1999/65881.jpg,Экономика и менеджмент;Финансовый менеджмент,
30116226,Импортозамещение продукции АПК: факторы конкурентоспособности. Монография,,,,"Иванова В.Н., Иванов С.А.",2014,,"Издательство \Финансы и статистика\""""",,216,216,Russian,,,,978-5-279-03562-5,,,,,,,,,,65882,0,,,,,,,1,2349385,pdf,e3442d39f3b98f3bf574e47b5259ea72,,,,0,2000-01-01 01:00:00,2017-04-19 19:07:37,https://e.lanbook.com/img/covers/book/1443/2014/65882.jpg,Экономика и менеджмент;Маркетинг,
30116227,"Равновесные случайные процессы: теория, практика, инфобизнес",,,,"Лихтенштейн В.Е., Росс Г.В.",2015,,"Издательство \Финансы и статистика\""""",,424,424,Russian,,,,978-5-279-03563-2,,,,,,,,,,65883,0,,,,,,,1,25013739,pdf,b3f15916a456900ab1090661563ca9d0,,,,0,2000-01-01 01:00:00,2017-04-19 19:07:37,https://e.lanbook.com/img/covers/book/1443/2015/65883.jpg,Экономика и менеджмент;Информационный менеджмент,
30116228,Управление прибылью организации,,,,"Мануйленко В.В., Садовская Т.А.;Под науч. ред. д-ра экон. наук Мануйленко В.В.",2015,,"Издательство \Финансы и статистика\""""",,312,312,Russian,,,,978-5-279-03569-4,,,,,,,,,,65884,0,,,,,,,1,10157385,pdf,4a2d9de09b9199463ea1529be59076f3,,,,0,2000-01-01 01:00:00,2017-04-19 19:07:37,https://e.lanbook.com/img/covers/book/1443/2015/65884.jpg,Экономика и менеджмент;Финансовый менеджмент,
30116229,"Наемный труд: стоимость, цена, прибавочная стоимость",,,,Ракоти В.Д.,2015,,"Издательство \Финансы и статистика\""""",,288,288,Russian,,,,978-5-279-03567-0,,,,,,,,,,65885,0,,,,,,,1,1050008,pdf,289ddf4276888c2b9154bdd34b1286f4,,,,0,2000-01-01 01:00:00,2017-04-19 19:07:37,https://e.lanbook.com/img/covers/book/1443/2015/65885.jpg,Экономика и менеджмент;Управление персоналом,
30116230,"Практика внедрения \бережливого производства\"" на промышленных предприятиях машиностроительного комплекса России""",,,,Савенков Д.Л.,2006,,"Издательство \Финансы и статистика\""""",,224,224,Russian,,,,5-279-03197-6,,,,,,,,,,65886,0,,,,,,,1,10798647,pdf,98ab21ac4538146f58e8d157f0e072d3,,,,0,2000-01-01 01:00:00,2017-04-19 19:07:37,https://e.lanbook.com/img/covers/book/1443/2006/65886.jpg,Экономика и менеджмент;Производственный менеджмент,
30116231,Реформирование жилищно-коммунального комплекса на региональном уровне,,,,Скрипник О.Б.,2012,,"Издательство \Финансы и статистика\""""",,104,104,Russian,,,,978-5-279-03535-9,,,,,,,,,,65887,0,,,,,,,1,482616,pdf,0fad5b4f0a13b4c1e028d00002d0cf37,,,,0,2000-01-01 01:00:00,2017-04-19 19:07:37,https://e.lanbook.com/img/covers/book/1443/2012/65887.jpg,Экономика и менеджмент;Государственное и муниципальное управление,
30116232,Реформирование институциональной системы и среды рынка жилищно-коммунальных услуг,,,,Скрипник О.Б.,2007,,"Издательство \Финансы и статистика\""""",,208,208,Russian,,,,978-5-279-03276-1,,,,,,,,,,65888,0,,,,,,,1,1555552,pdf,08a550544183ea84c20d188928c32d94,,,,0,2000-01-01 01:00:00,2017-04-19 19:07:37,https://e.lanbook.com/img/covers/book/1443/2007/65888.jpg,Экономика и менеджмент;Государственное и муниципальное управление,
30116233,Реформирование регионального жилищно-коммунального комплекса: методология и практика,,,,Скрипник О.Б.,2013,,"Издательство \Финансы и статистика\""""",,288,288,Russian,,,,978-5-279-03540-3,,,,,,,,,,65889,0,,,,,,,1,5233079,pdf,304d8db3122324ad4b465f8bcd26ff35,,,,0,2000-01-01 01:00:00,2017-04-19 19:07:37,https://e.lanbook.com/img/covers/book/1443/2013/65889.jpg,Экономика и менеджмент;Государственное и муниципальное управление,
30116234,Российская грамматика,,,,Ломоносов М.В. ,2013,,"Издательство \Лань\""""",,145,147,Russian,,,,978-5-507-10112-2,,,,,,,,,,6589,0,,,,,,,1,1490576,pdf,c5fa01593b7d16088a0063f1f1524d71,,,,0,2000-01-01 01:00:00,2017-04-19 19:07:37,,Социально-гуманитарные науки;Русская философия (классика),
30116235,Социальная политика в сфере жилищно-коммунальных комплексов регионов,,,,Скрипник О.Б.,2012,,"Издательство \Финансы и статистика\""""",,168,168,Russian,,,,978-5-279-03536-6,,,,,,,,,,65890,0,,,,,,,1,661338,pdf,e865e42bca7dc81bd68f60dcc847d98b,,,,0,2000-01-01 01:00:00,2017-04-19 19:07:37,https://e.lanbook.com/img/covers/book/1443/2012/65890.jpg,Экономика и менеджмент;Государственное и муниципальное управление,
30116236,Специфика создания товарного знака и бренда ЖКХ в России,,,,Скрипник О.Б.,2012,,"Издательство \Финансы и статистика\""""",,168,168,Russian,,,,978-5-279-03539-7,,,,,,,,,,65891,0,,,,,,,1,608354,pdf,472ab0f74bb062cb40ed0339136b760f,,,,0,2000-01-01 01:00:00,2017-04-19 19:07:37,https://e.lanbook.com/img/covers/book/1443/2012/65891.jpg,Экономика и менеджмент;Реклама и PR,
30116237,Основы права,,,,Степанова Т.А.,2004,2-е,"Издательство \Финансы и статистика\""""",,224,224,Russian,,,,5-279-02890-8,,,,,,,,,,65892,0,,,,,,,1,4856962,pdf,a6d6d27f156c48b111daf28c1b94eafb,,,,0,2000-01-01 01:00:00,2017-04-19 19:07:37,https://e.lanbook.com/img/covers/book/1443/2004/65892.jpg,Право. Юридические науки;Правоведение,
30116238,"Информационная экономика: знание, конкуренция и рост",,,,Сухарев О.С.,2015,,"Издательство \Финансы и статистика\""""",,288,288,Russian,,,,978-5-279-03565-6,,,,,,,,,,65893,0,,,,,,,1,1530404,pdf,b75cacc89c98cda5fe8ae68dc734e369,,,,0,2000-01-01 01:00:00,2017-04-19 19:07:37,https://e.lanbook.com/img/covers/book/1443/2015/65893.jpg,Экономика и менеджмент;Информационный менеджмент,
30116239,Организованный менеджер. Вначале подумай - затем приступай к работе,,,,Сундин Хокан;Пер. со швед. Коняевой М.Н.,2002,,"Издательство \Финансы и статистика\""""",,160,157,Russian,,,,5-279-02421-Х,,,,,,,,,,65894,0,,,,,,,1,7738659,pdf,ac5771c1a9a528a702407973343902da,,,,0,2000-01-01 01:00:00,2017-04-19 19:07:37,https://e.lanbook.com/img/covers/book/1443/2002/65894.jpg,Экономика и менеджмент;Государственное и муниципальное управление,
30116240,Логистика на предприятии,,,,"Сковронек Чеслав, Сариуш-Вольский Здзислав;Пер. с польск. Рудинского И.Д.",2004,,"Издательство \Финансы и статистика\""""",,400,395,Russian,,,,5-279-02790-1,,,,,,,,,,65895,0,,,,,,,1,6772214,pdf,2379727faa330f7b84a8b4a17fea0b4b,,,,0,2000-01-01 01:00:00,2017-04-19 19:07:37,https://e.lanbook.com/img/covers/book/1443/2004/65895.jpg,Экономика и менеджмент;Логистика,
30116241,Безопасность жизнедеятельности в чрезвычайных ситуациях,,,,Сычев Ю.Н.,2014,,"Издательство \Финансы и статистика\""""",,224,224,Russian,,,,978-5-279-03180-1,,,,,,,,,,65897,0,,,,,,,1,6778001,pdf,fa4c01c0264de266aac9c74aae8d1951,,,,0,2000-01-01 01:00:00,2017-04-19 19:07:37,https://e.lanbook.com/img/covers/book/1443/2014/65897.jpg,Инженерно-технические науки;БЖД; охрана окружающей среды,
30116242,"Финансы муниципальных образований, регионов и субъектов Федерации",,,,"Грицюк Т.В., Котилко В.В.",2015,,"Издательство \Финансы и статистика\""""",,504,504,Russian,,,,978-5-279-03560-1,,,,,,,,,,65898,0,,,,,,,1,6763807,pdf,affd37266741b360f17f21943d047064,,,,0,2000-01-01 01:00:00,2017-04-19 19:07:37,https://e.lanbook.com/img/covers/book/1443/2015/65898.jpg,Экономика и менеджмент;Государственное и муниципальное управление,
30116243,История финансовой мысли. Часть 1. Формирование финансовой мысли Древнего мира,,,,Яруллин Р.Р.,2014,,"Издательство \Финансы и статистика\""""",,148,148,Russian,,,,978-5-279-03557-1,,,,,,,,,,65899,0,,,,,,,1,575015,pdf,7ae0e1f84061df60f68c7070e26e20eb,,,,0,2000-01-01 01:00:00,2017-04-19 19:07:37,https://e.lanbook.com/img/covers/book/1443/2014/65899.jpg,Экономика и менеджмент;Финансы и кредит,
30116244,Денежное обращение и банки,,,,"Под ред. Белоглазовой Г.Н., Толоконцевой Г.В.",2001,,"Издательство \Финансы и статистика\""""",,272,272,Russian,,,,5-279-02318-3,,,,,,,,,,65900,0,,,,,,,1,1672825,pdf,5ab86fed3b3f90c9acb89c9da5cb3d36,,,,0,2000-01-01 01:00:00,2017-04-19 19:07:37,https://e.lanbook.com/img/covers/book/1443/2001/65900.jpg,Экономика и менеджмент;Банковское дело,
30116245,Фундаментальная академическая наука о новой экономической эпохе,,,,Челноков В.А.,2015,,"Издательство \Финансы и статистика\""""",,88,88,Russian,,,,978-5-279-03571-7,,,,,,,,,,65901,0,,,,,,,1,415015,pdf,ac83ee77c142df38128d1215ff9df51a,,,,0,2000-01-01 01:00:00,2017-04-19 19:07:37,https://e.lanbook.com/img/covers/book/1443/2015/65901.jpg,Экономика и менеджмент;Экономическая теория,
30116246,Занимательный английский,,,,Левенталь В.,2015,,"Издательство \Финансы и статистика\""""",,208,208,Russian,,,,978-5-279-03561-8,,,,,,,,,,65902,0,,,,,,,1,627647,pdf,db9a4320be8db1d7b6b82ad36b7aca40,,,,0,2000-01-01 01:00:00,2017-04-19 19:07:37,https://e.lanbook.com/img/covers/book/1443/2015/65902.jpg,Языкознание и литературоведение;Иностранный язык,
30116247,Современный туристский бизнес. Экостратегии в управлении фирмой,,,,Пер. с польского Рудинского И.Д.,2003,,"Издательство \Финансы и статистика\""""",,320,320,Russian,,,,5-279-02735-9,,,,,,,,,,65903,0,,,,,,,1,3208707,pdf,274e12fab0e065f029d4b881233eb28a,,,,0,2000-01-01 01:00:00,2017-04-19 19:07:37,https://e.lanbook.com/img/covers/book/1443/2003/65903.jpg,Экономика и менеджмент;Туризм и гостиничный бизнес,
30116248,Современное понимание бухгалтерского баланса,,,,"Перевод с нем. Молоток Я.В., Романовой С.А. Под ред. проф. Соколова Я.В.",2003,,"Издательство \Финансы и статистика\""""",,416,417,Russian,,,,978-5-279-02547-Х,,,,,,,,,,65904,0,,,,,,,1,2968587,pdf,e657a90a8b7902e7e52821577dde4bef,,,,0,2000-01-01 01:00:00,2017-04-19 19:07:37,https://e.lanbook.com/img/covers/book/1443/2003/65904.jpg,Экономика и менеджмент;Бухгалтерский учет; анализ и аудит,
30116249,Анализ финансовой отчетности,,,,"Илышева Н.Н., Крылов С.И.",2015,,"Издательство \Финансы и статистика\""""",,368,368,Russian,,,,978-5-279-03570-0,,,,,,,,,,65905,0,,,,,,,1,2268367,pdf,00e4f47fb0e0ae850d357b08b9872ca7,,,,0,2000-01-01 01:00:00,2017-04-19 19:07:37,https://e.lanbook.com/img/covers/book/1443/2015/65905.jpg,Экономика и менеджмент;Финансовый менеджмент,
30116250,Методы и модели поддержки принятия решений в нештатных ситуациях при эксплуатации магистральных трубопроводных сетей: монография,,,,"Александров Д.В., Бухвалов И.Р., Гусев М.А., Проскурина Г.В.;Кокорин А.В.",2013,,"Издательство \Финансы и статистика\""""",,240,240,Russian,,,,978-5-279-03531-1,,,,,,,,,,65906,0,,,,,,,1,11136708,pdf,a26090d101c838b79289c4c67bea4fe0,,,,0,2000-01-01 01:00:00,2017-04-19 19:07:37,https://e.lanbook.com/img/covers/book/1443/2013/65906.jpg,Инженерно-технические науки;Нефтегазовое дело,
30116251,Турбо Паскаль в примерах и задачах: Освой самостоятельно,,,,Васильев П.П.,2003,,"Издательство \Финансы и статистика\""""",,496,497,Russian,,,,5-279-02439-2,,,,,,,,,,65907,0,,,,,,,1,1657824,pdf,516939b3b3fecc61b000cc3a79520a56,,,,0,2000-01-01 01:00:00,2017-04-19 19:07:37,https://e.lanbook.com/img/covers/book/1443/2003/65907.jpg,Информатика;Программирование,
30116252,Католичество,,,,Карсавин Л.П.,2013,,"Издательство \Лань\""""",,59,64,Russian,,,,978-5-507-10123-8,,,,,,,,,,6591,0,,,,,,,1,779648,pdf,753f5b8cae15a3ac10765ad9c6d82cdd,,,,0,2000-01-01 01:00:00,2017-04-19 19:07:37,,Социально-гуманитарные науки;Русская философия (классика),
30116253,Системный анализ и прогнозирование фаз инновационного роста экономики: информационная технология САПФИР,,,,Косенков Р.А.,2005,,"Издательство \Финансы и статистика\""""",,196,195,Russian,,,,5-279-03003-1,,,,,,,,,,65910,0,,,,,,,1,1831976,pdf,f86e8b984a5e0127555821f8c70e8ffc,,,,0,2000-01-01 01:00:00,2017-04-19 19:07:37,,Экономика и менеджмент;Экономика предприятий и организаций,
30116254,Информатика,,,,Под ред. проф. Макаровой Н.В.,2009,3-е,"Издательство \Финансы и статистика\""""",,768,761,Russian,,,,978-5-279-02202-0,,,,,,,,,,65911,0,,,,,,,1,7724972,pdf,0073538d4c32cdadad193673e2c9e1c1,,,,0,2000-01-01 01:00:00,2017-04-19 19:07:37,https://e.lanbook.com/img/covers/book/1443/2009/65911.jpg,Информатика;Методика обучения,
30116255,Безопасность информации в автоматизированных системах,,,,Мельников В.В.,2003,,"Издательство \Финансы и статистика\""""",,368,368,Russian,,,,5-279-02560-7,,,,,,,,,,65912,0,,,,,,,1,5981310,pdf,0955b00f8db2937d0aa723031fa4f13d,,,,0,2000-01-01 01:00:00,2017-04-19 19:07:37,https://e.lanbook.com/img/covers/book/1443/2003/65912.jpg,Информатика;Защита информации,
30116256,Технология разработки HTML-документов,,,,Мельников П.П.,2005,,"Издательство \Финансы и статистика\""""",,112,112,Russian,,,,5-279-02919-Х,,,,,,,,,,65913,0,,,,,,,1,1478111,pdf,39de2306897379a4004dd745276b531b,,,,0,2000-01-01 01:00:00,2017-04-19 19:07:37,https://e.lanbook.com/img/covers/book/1443/2005/65913.jpg,Информатика;Интернет. Сетевые технологии,
30116257,Программирование в пакетах MS OFFICE,,,,"Назаров С.В., Мельников П.П., Смольников Л.П.",2007,,"Издательство \Финансы и статистика\""""",,656,656,Russian,,,,978-5-279-02926-6,,,,,,,,,,65914,0,,,,,,,1,31823801,pdf,64fa3f90e180a36ee6d9812139cf5016,,,,0,2000-01-01 01:00:00,2017-04-19 19:07:37,https://e.lanbook.com/img/covers/book/1443/2007/65914.jpg,Информатика;Программирование,
30116258,Введение в сетевые технологии: Элементы применения и администрирования сетей,,,,Никифоров С.Ф.,2007,2-е,"Издательство \Финансы и статистика\""""",,224,224,Russian,,,,978-5-279-03280-8,,,,,,,,,,65915,0,,,,,,,1,1537261,pdf,8a26639d1e75784e29c7ece8615d7845,,,,0,2000-01-01 01:00:00,2017-04-19 19:07:37,https://e.lanbook.com/img/covers/book/1443/2007/65915.jpg,Информатика;Интернет. Сетевые технологии,
30116259,Практикум по программированию на языке Си (+CD),,,,Подбельский В.В.,2004,,"Издательство \Финансы и статистика\""""",,576,576,Russian,,,,5-279-02289-6,,,,,,,,,,65916,0,,,,,,,1,3534691,pdf,a25126f4a4c2c4a22bf6a46143a52e00,,,,0,2000-01-01 01:00:00,2017-04-19 19:07:37,,Информатика;Программирование,
30116260,Язык С #. Базовый курс,,,,Подбельский В.В.,2011,,"Издательство \Финансы и статистика\""""",,384,382,Russian,,,,978-5-279-03497-0,,,,,,,,,,65917,0,,,,,,,1,2640121,pdf,0f14003144596c5b906969987a6937c4,,,,0,2000-01-01 01:00:00,2017-04-19 19:07:37,https://e.lanbook.com/img/covers/book/1443/2011/65917.jpg,Информатика;Программирование,
30116261,Язык С#. Базовый курс,,,,Подбельский В.В.,2015,2-е,"Издательство \Финансы и статистика\""""",,408,408,Russian,,,,978-5-279-03534-2,,,,,,,,,,65918,0,,,,,,,1,2171676,pdf,813f1609b538dc2040680234d081483f,,,,0,2000-01-01 01:00:00,2017-04-19 19:07:37,https://e.lanbook.com/img/covers/book/1443/2015/65918.jpg,Информатика;Программирование,
30116262,Язык С#. Решение задач,,,,Подбельский В.В.,2014,,"Издательство \Финансы и статистика\""""",,296,296,Russian,,,,978-5-279-03553-3,,,,,,,,,,65919,0,,,,,,,1,7317516,pdf,086238e780d8bdddb1f968760b1ed85a,,,,0,2000-01-01 01:00:00,2017-04-19 19:07:37,https://e.lanbook.com/img/covers/book/1443/2014/65919.jpg,Информатика;Программирование,
30116263,О началах,,,,Карсавин Л.П.,2013,,"Издательство \Лань\""""",,191,200,Russian,,,,978-5-507-10124-5,,,,,,,,,,6592,0,,,,,,,1,1627598,pdf,80d5acac0de6661735a9cd59390cdc5a,,,,0,2000-01-01 01:00:00,2017-04-19 19:07:37,,Социально-гуманитарные науки;Русская философия (классика),
30116264,Turbo Pascal для школьников,,,,Попов В.Б.,2010,,"Издательство \Финансы и статистика\""""",,352,352,Russian,,,,978-5-279-03466-6,,,,,,,,,,65920,0,,,,,,,1,4052428,pdf,a5e595ac89c5c7db976affc30b85b052,,,,0,2000-01-01 01:00:00,2017-04-19 19:07:37,https://e.lanbook.com/img/covers/book/1443/2010/65920.jpg,Информатика;Программирование,
30116265,Основы информационных и телекоммуникационных технологий. Часть 1. Программно-аппаратное обеспечение,,,,Попов В.Б.,2005,,"Издательство \Финансы и статистика\""""",,144,142,Russian,,,,978-5-279-02915-7,,,,,,,,,,65921,0,,,,,,,1,3138293,pdf,89a6b4c900e60339f31684a3f8e750f0,,,,0,2000-01-01 01:00:00,2017-04-19 19:07:37,https://e.lanbook.com/img/covers/book/1443/2005/65921.jpg,Информатика;Аппаратное обеспечение,
30116266,Основы информационных и телекоммуникационных технологий. Часть 2. Основы информационной безопасности,,,,Попов В.Б.,2005,,"Издательство \Финансы и статистика\""""",,176,174,Russian,,,,5-279-03007-4,,,,,,,,,,65922,0,,,,,,,1,10468854,pdf,c473d9f420b4ceb791b99be61c0856cd,,,,0,2000-01-01 01:00:00,2017-04-19 19:07:37,https://e.lanbook.com/img/covers/book/1443/2005/65922.jpg,Информатика;Защита информации,
30116267,Основы информационных и телекоммуникационных технологий. Часть 3. Сетевые информационные технологии,,,,Попов В.Б.,2005,,"Издательство \Финансы и статистика\""""",,224,221,Russian,,,,5-279-03013-9,,,,,,,,,,65923,0,,,,,,,1,12041117,pdf,36c57553d495e05904c54266f1a7e497,,,,0,2000-01-01 01:00:00,2017-04-19 19:07:37,https://e.lanbook.com/img/covers/book/1443/2005/65923.jpg,Информатика;Интернет. Сетевые технологии,
30116268,Основы информационных и телекоммуникационных технологий. Часть 4. Программные средства информационных технологий,,,,Попов В.Б.,2005,,"Издательство \Финансы и статистика\""""",,216,216,Russian,,,,5-279-03088-0,,,,,,,,,,65924,0,,,,,,,1,5118879,pdf,a3a67288baca1e31d7e19b5a0169db07,,,,0,2000-01-01 01:00:00,2017-04-19 19:07:37,https://e.lanbook.com/img/covers/book/1443/2005/65924.jpg,Информатика;Информационные технологии,
30116269,Основы информационных и телекоммуникационных технологий. Часть 5. Системы управления базами данных,,,,Попов В.Б.,2005,,"Издательство \Финансы и статистика\""""",,112,112,Russian,,,,5-279-03089-9,,,,,,,,,,65925,0,,,,,,,1,3129156,pdf,e63cd4a923408182c68e417019f9c9d9,,,,0,2000-01-01 01:00:00,2017-04-19 19:07:37,https://e.lanbook.com/img/covers/book/1443/2005/65925.jpg,Информатика;Администрирование,
30116270,Основы информационных и телекоммуникационных технологий. Часть 6. Введение в компьютерную графику,,,,Попов В.Б.,2005,,"Издательство \Финансы и статистика\""""",,128,126,Russian,,,,5-279-03090-2,,,,,,,,,,65926,0,,,,,,,1,11696092,pdf,631d86ab53018b1d99c27d0cb25481cf,,,,0,2000-01-01 01:00:00,2017-04-19 19:07:37,https://e.lanbook.com/img/covers/book/1443/2005/65926.jpg,Информатика;Компьютерная графика,
30116271,Основы информационных и телекоммуникационных технологий. Часть 7. Мультимедиа,,,,Попов В.Б.,2007,,"Издательство \Финансы и статистика\""""",,336,335,Russian,,,,978-5-279-03176-4,,,,,,,,,,65927,0,,,,,,,1,30504880,pdf,23e00be8985e423b8598a84bb617c2fe,,,,0,2000-01-01 01:00:00,2017-04-19 19:07:37,https://e.lanbook.com/img/covers/book/1443/2007/65927.jpg,Информатика;Информационные технологии,
30116272,"Вычислительные системы, сети и телекоммуникации",,,,"Пятибратов А.П., Гудыно Л.П., Кириченко А.А.;Под ред. Пятибратова А.П.",2014,4-е,"Издательство \Финансы и статистика\""""",,736,736,Russian,,,,978-5-279-03285-3,,,,,,,,,,65928,0,,,,,,,1,6432799,pdf,7fd0e218d002227f05cdd28b9a5302fc,,,,0,2000-01-01 01:00:00,2017-04-19 19:07:37,https://e.lanbook.com/img/covers/book/1443/2014/65928.jpg,Информатика;Информационные технологии,
30116273,"Информатика: Windows, Word, Excel. Самоучитель на CD",,,,"Рубальская О.Н., Рубальский Г.Б.",2008,,"Издательство \Финансы и статистика\""""",,224,225,Russian,,,,978-5-279-03355-3,,,,,,,,,,65929,0,,,,,,,1,15510555,pdf,1378503dd0dbe3012de75a901a76c54c,,,,0,2000-01-01 01:00:00,2017-04-19 19:07:37,https://e.lanbook.com/img/covers/book/1443/2008/65929.jpg,Информатика;Офисные программы,
30116274,Поэма о смерти,,,,Карсавин Л.П.,2013,,"Издательство \Лань\""""",,31,31,Russian,,,,978-5-507-10126-9,,,,,,,,,,6593,0,,,,,,,1,485022,pdf,402a3521a80f1055f85d07dd9837bdef,,,,0,2000-01-01 01:00:00,2017-04-19 19:07:37,,Социально-гуманитарные науки;Русская философия (классика),
30116275,Связные структуры экономических событий,,,,Сомик К.В.,2005,,"Издательство \Финансы и статистика\""""",,176,176,Russian,,,,978-5-279-02989-0,,,,,,,,,,65930,0,,,,,,,1,45335051,pdf,77f4d068f5c36a8cc7e07b24a0aa5329,,,,0,2000-01-01 01:00:00,2017-04-19 19:07:37,https://e.lanbook.com/img/covers/book/1443/2005/65930.jpg,Информатика;Прикладные программы,
30116276,Технологии подготовки документов на основе кибернетических методов,,,,Черников Б.В.,2009,,"Издательство \Финансы и статистика\""""",,208,208,Russian,,,,978-5-279-03448-2,,,,,,,,,,65931,0,,,,,,,1,3505095,pdf,e92019150bb3ca3188f73fbc77d8c782,,,,0,2000-01-01 01:00:00,2017-04-19 19:07:37,https://e.lanbook.com/img/covers/book/1443/2009/65931.jpg,Информатика;Прикладные программы,
30116277,Автоматизированная система научно-технической информации - разработка и эксплуатация,,,,"Володин К.И., Гульницкий Л.Л., Пожарийский И.Ф.",2004,,"Издательство \Финансы и статистика\""""",,192,192,Russian,,,,5-279-02755-3,,,,,,,,,,65932,0,,,,,,,1,4682551,pdf,bd31454f09b1b0cd77e8b8b851e913bf,,,,0,2000-01-01 01:00:00,2017-04-19 19:07:37,https://e.lanbook.com/img/covers/book/1443/2004/65932.jpg,Информатика;Информационные технологии,
30116278,Информационные технологии для менеджеров,,,,,2005,2-е,"Издательство \Финансы и статистика\""""",,512,512,Russian,,,,5-279-02759-6,,,,,,,,,,65933,0,,,,,,,1,7189353,pdf,183c72de3abbeda6c026a1156aca4a41,,,,0,2000-01-01 01:00:00,2017-04-19 19:07:37,https://e.lanbook.com/img/covers/book/1443/2005/65933.jpg,Информатика;Информационные технологии,
30116279,Диаграммы EXCEL в экономических моделях,,,,Левит Б.Ю.,2004,,"Издательство \Финансы и статистика\""""",,400,401,Russian,,,,978-5-279-02758-8,,,,,,,,,,65934,0,,,,,,,1,8608305,pdf,434fd58ba896380eb2360ed6110df38c,,,,0,2000-01-01 01:00:00,2017-04-19 19:07:37,https://e.lanbook.com/img/covers/book/1443/2004/65934.jpg,Информатика;Офисные программы,
30116280,Презентации PowerPoint,,,,Безручко В.Т.,2005,,"Издательство \Финансы и статистика\""""",,112,111,Russian,,,,5-279-03051-1,,,,,,,,,,65935,0,,,,,,,1,2083446,pdf,7294ed50a03b7db5cb91976cc231ddb9,,,,0,2000-01-01 01:00:00,2017-04-19 19:07:37,https://e.lanbook.com/img/covers/book/1443/2005/65935.jpg,Информатика;Офисные программы,
30116281,"Системы искусственного интеллекта: модели и технологии, основанные на знаниях",,,,Болотова Л.С.,2012,,"Издательство \Финансы и статистика\""""",,664,664,Russian,,,,978-5-279-03530-4,,,,,,,,,,65936,0,,,,,,,1,42189391,pdf,1faf9f60b18c41e85fc9f03d856a5bae,,,,0,2000-01-01 01:00:00,2017-04-19 19:07:37,,Информатика;Информационные технологии,
30116282,Логистика в лесном комплексе: учебное пособие,,,,Рукомойников К.П.,2013,,Поволжский государственный технологический университет,,123,123,Russian,,,,978-5-8158-1169-0,,,,,,,,,,65938,0,,,,,,,1,2724818,pdf,6e64954fd1c6f586b5fccb87c184cc37,,,,0,2000-01-01 01:00:00,2017-04-19 19:07:37,https://e.lanbook.com/img/covers/book/12571/2013/65938.jpg,Лесное хозяйство и лесоинженерное дело,
30116283,Технология разработки стандартов и нормативной документации учебное пособие,,,,Тарасова О.Г.,2013,,Поволжский государственный технологический университет,,208,210,Russian,,,,978-5-8158-1175-1,,,,,,,,,,65939,0,,,,,,,1,1988629,pdf,b1433faf3b098e958b06eb65d34b4ad4,,,,0,2000-01-01 01:00:00,2017-04-19 19:07:37,,Лесное хозяйство и лесоинженерное дело,
30116284,Интеллигенция и историческая традиция,,,,Милюков П.Н.,2013,,"Издательство \Лань\""""",,31,31,Russian,,,,978-5-507-10174-0,,,,,,,,,,6594,0,,,,,,,1,470294,pdf,603634ab5af83d4b79623e8f1c086526,,,,0,2000-01-01 01:00:00,2017-04-19 19:07:37,,Социально-гуманитарные науки;Русская философия (классика),
30116285,Технологическое оборудование автоматизированных производств: лабораторный практикум,,,,"Хапов П.В., Щепин В.Д.",2012,,Поволжский государственный технологический университет,,124,125,Russian,,,,978-5-8158-0969-7,,,,,,,,,,65940,0,,,,,,,1,3305556,pdf,e5218cf7e66f3f7c28f4163a33ea09ba,,,,0,2000-01-01 01:00:00,2017-04-19 19:07:37,https://e.lanbook.com/img/covers/book/12571/2012/65940.jpg,Инженерно-технические науки;Автоматика и управление в технических системах,
30116286,Микропроцессоры и микропроцессорные системы управления. 32-разрядные процессоры семейства Motorola: лабораторный практикум,,,,"Алиев М.Т., Буканова Т.С.",2014,,Поволжский государственный технологический университет,,64,64,Russian,,,,978-5-8155-1350-2,,,,,,,,,,65942,0,,,,,,,1,549662,pdf,88ab998c684723988d8fcd05b43db96b,,,,0,2000-01-01 01:00:00,2017-04-19 19:07:37,https://e.lanbook.com/img/covers/book/12571/2014/65942.jpg,Инженерно-технические науки;Автоматизированные системы и информатика,
30116287,Теория механизмов и машин: сборник заданий для курсовых и расчетно-графических работ,,,,"Капустин А.В., Нагибин Ю.Д.",2014,,Поволжский государственный технологический университет,,68,67,Russian,,,,978-5-8158-1351-9,,,,,,,,,,65943,0,,,,,,,1,2308173,pdf,fec1785f5a4a70ae3de4c06e0af33e78,,,,0,2000-01-01 01:00:00,2017-04-19 19:07:37,https://e.lanbook.com/img/covers/book/12571/2014/65943.jpg,Инженерно-технические науки;Машиностроение,
30116288,Патентно-лицензионная работа: учебное пособие,,,,"Иванов С.В., Микрюкова Е.В., Краснова Е.Ф.",2012,,Поволжский государственный технологический университет,,276,276,Russian,,,,978-5-8158-0954-3,,,,,,,,,,65944,0,,,,,,,1,3542517,pdf,1dace5cc21b652a394c560312dbbf243,,,,0,2000-01-01 01:00:00,2017-04-19 19:07:37,https://e.lanbook.com/img/covers/book/12571/2012/65944.jpg,Лесное хозяйство и лесоинженерное дело,
30116289,Концепции современного естествознания,,,,"Лозовский В.Н., Лозовский С.В.",2006,"2-е изд., испр.","Издательство \Лань\""""",,224,224,Russian,,,,5-8114-0532-4,,,,,,,,,,65945,0,,,,,,,1,2677141,pdf,c351217f2a36c288bcaa002bcb9b9da2,,,,0,2000-01-01 01:00:00,2017-04-19 19:07:37,https://e.lanbook.com/img/covers/book/905/2006/65945.jpg,Физика;Концепции современного естествознания,
30116290,Концепции современного естествознания. Компендиум,,,,Розен В.В.,2010,1-е изд.,"Издательство \Лань\""""",,480,479,Russian,,,,978-5-8114-1012-5,,,,,,,,,,65946,0,,,,,,,1,3768951,pdf,b2ec29660b79877174ddd12a99cb455a,,,,0,2000-01-01 01:00:00,2017-04-19 19:07:37,https://e.lanbook.com/img/covers/book/905/2010/65946.jpg,Физика;Концепции современного естествознания,
30116291,Геодезическая практика,,,,"Азаров Б.Ф., Карелина И.В., Мурадова Г.И., Хлебородова Л.И.",2015,"3-е изд., испр. и доп.","Издательство \Лань\""""",,288,288,Russian,,,,978-5-8114-1900-5,,,,,,,,,,65947,0,,,,,,,1,9616505,pdf,9340fec99ae452b1eca67a011bd32f28,,,,0,2000-01-01 01:00:00,2017-04-19 19:07:37,https://e.lanbook.com/img/covers/book/905/2015/65947.jpg,Инженерно-технические науки;Архитектура и строительство,
30116292,Латинский язык,,,,"Белоусова А.Р., Дебабова М.М.",2015,"2-е изд., испр.","Издательство \Лань\""""",,160,160,Russian,,,,978-5-8114-1969-2,,,,,,,,,,65948,0,,,,,,,1,4995647,pdf,8f89461a194946a0c36c88405a535b9b,,,,0,2000-01-01 01:00:00,2017-04-19 19:07:37,https://e.lanbook.com/img/covers/book/905/2015/65948.jpg,Ветеринария и сельское хозяйство;Ветеринария,
30116293,Методы оптимального планирования эксперимента: линейные модели,,,,Григорьев Ю.Д.,2015,1-е изд.,"Издательство \Лань\""""",,320,320,Russian,,,,978-5-8114-1937-1,,,,,,,,,,65949,0,,,,,,,1,2714795,pdf,2a43cdd044c5f8e0e8e9661b9e99909e,,,,0,2000-01-01 01:00:00,2017-04-19 19:07:37,,Прикладная математика;Математика,
30116294,Три попытки (к истории русского лже-конституционализма),,,,Милюков П.Н.,2013,,"Издательство \Лань\""""",,26,26,Russian,,,,978-5-507-10178-8,,,,,,,,,,6595,0,,,,,,,1,351853,pdf,57216073288c2e604b407633d69a2f25,,,,0,2000-01-01 01:00:00,2017-04-19 19:07:37,,Социально-гуманитарные науки;Русская философия (классика),
30116295,"Товароведение и технология обработки мясо-дичной, дикорастущей пищевой продукции и лекарственно-технического сырья",,,,Давлетов З.Х.,2015,1-е изд.,"Издательство \Лань\""""",,400,424,Russian,,,,978-5-8114-1909-8,,,,,,,,,,65950,0,,,,,,,1,7000986,pdf,75b61b54ff47d65ad2d1b3430440901e,,,,0,2000-01-01 01:00:00,2017-04-19 19:07:37,https://e.lanbook.com/img/covers/book/905/2015/65950.jpg,Ветеринария и сельское хозяйство;Зоотехния,
30116296,Ихтиология: лабораторный практикум,,,,"Иванов В.П., Ершова Т.С.",2015,1-е изд.,"Издательство \Лань\""""",,352,348,Russian,,,,978-5-8114-1941-8,,,,,,,,,,65951,0,,,,,,,1,8934937,pdf,fdef336936408c328663c80e3caa40a2,,,,0,2000-01-01 01:00:00,2017-04-19 19:07:37,https://e.lanbook.com/img/covers/book/905/2015/65951.jpg,Ветеринария и сельское хозяйство;Водные биоресурсы и аквакультура,
30116297,Агротехнические особенности выращивания картофеля,,,,"Ивенин В.В., Ивенин А.В.",2015,"2-е изд., перераб.","Издательство \Лань\""""",,336,334,Russian,,,,978-5-8114-1907-4,,,,,,,,,,65953,0,,,,,,,1,1740202,pdf,83c60afe7b1e2c50f27188a6209e235d,,,,0,2000-01-01 01:00:00,2017-04-19 19:07:37,https://e.lanbook.com/img/covers/book/905/2015/65953.jpg,Ветеринария и сельское хозяйство;Агрономия и агроинженерия,
30116298,Декоративное растениеводство. Основы топиарного искусства,,,,"Ковешников А.И., Ширяева Н.А.",2015,1-е изд.,"Издательство \Лань\""""",,336,372,Russian,,,,978-5-8114-1951-7,,,,,,,,,,65954,0,,,,,,,1,16314792,pdf,8373f8ed2be7ce9a3d5dcccb91dfda32,,,,0,2000-01-01 01:00:00,2017-04-19 19:07:37,https://e.lanbook.com/img/covers/book/905/2015/65954.jpg,Ветеринария и сельское хозяйство;Агрономия и агроинженерия,
30116299,Типология охотничьих угодий с основами охотустройства,,,,Козлов В.М.,2015,1-е изд.,"Издательство \Лань\""""",,256,258,Russian,,,,978-5-8114-1942-5,,,,,,,,,,65955,0,,,,,,,1,3308563,pdf,63938cb09903788bcfdde40766daa127,,,,0,2000-01-01 01:00:00,2017-04-19 19:07:37,https://e.lanbook.com/img/covers/book/905/2015/65955.jpg,Лесное хозяйство и лесоинженерное дело,
30116300,Вскрытие и патологоанатомическая диагностика болезней животных,,,,"Латыпов Д.Г., Залялов И.Н.",2015,"2-е изд., перераб.","Издательство \Лань\""""",,384,383,Russian,,,,978-5-8114-1976-0,,,,,,,,,,65956,0,,,,,,,1,2919862,pdf,302a917a7ddbfe761b429c1ec7bbb6b9,,,,0,2000-01-01 01:00:00,2017-04-19 19:07:37,https://e.lanbook.com/img/covers/book/905/2015/65956.jpg,Ветеринария и сельское хозяйство;Ветеринария,
30116301,Теория принятия управленческих решений,,,,Микони С.В.,2015,1-е изд.,"Издательство \Лань\""""",,448,448,Russian,,,,978-5-8114-1875-6,,,,,,,,,,65957,0,,,,,,,1,3726507,pdf,a0a44d29c0a2d7483cc1048b02a3b8d2,,,,0,2000-01-01 01:00:00,2017-04-19 19:07:37,https://e.lanbook.com/img/covers/book/905/2015/65957.jpg,Прикладная математика;Математика,
30116302,Профилактика и практика расследования несчастных случаев на производстве,,,,"Пачурин Г.В., Щенников Н.И., Курагина Т.И., Филиппов А.А.;Под общ. ред. Г. В. Пачурина",2015,"3-е изд., перераб. и доп.","Издательство \Лань\""""",,384,378,Russian,,,,978-5-8114-1992-0,,,,,,,,,,65958,0,,,,,,,1,2821721,pdf,73a815439dd81376bf058295fbb4d97e,,,,0,2000-01-01 01:00:00,2017-04-19 19:07:37,https://e.lanbook.com/img/covers/book/905/2015/65958.jpg,Инженерно-технические науки;БЖД; охрана окружающей среды,
30116303,Философия войны,,,,Снесарев А.Е.,2013,,"Издательство \Лань\""""",,288,288,Russian,,,,978-5-507-10233-4,,,,,,,,,,6596,0,,,,,,,1,2112994,pdf,b7b4cc3a217b6a7a9fab93c312f82480,,,,0,2000-01-01 01:00:00,2017-04-19 19:07:37,,Социально-гуманитарные науки;Русская философия (классика),
30116304,Дендрометрия,,,,"Рунова Е.М., Чжан С.А., Пузанова О.А., Савченкова В.А.",2015,1-е изд.,"Издательство \Лань\""""",,160,157,Russian,,,,978-5-8114-1975-3,,,,,,,,,,65960,0,,,,,,,1,2261133,pdf,d401c251150a11aefd421ce85dd4d3c4,,,,0,2000-01-01 01:00:00,2017-04-19 19:07:37,https://e.lanbook.com/img/covers/book/905/2015/65960.jpg,Лесное хозяйство и лесоинженерное дело,
30116305,Растениеводство,,,,"Федотов В.А., Кадыров С.В., Щедрина Д.И., Столяров О.В.",2015,1-е изд.,"Издательство \Лань\""""",,336,335,Russian,,,,978-5-8114-1950-0,,,,,,,,,,65961,0,,,,,,,1,4925505,pdf,72cc144c9e3875f1622f582da62cb962,,,,0,2000-01-01 01:00:00,2017-04-19 19:07:37,https://e.lanbook.com/img/covers/book/905/2015/65961.jpg,Ветеринария и сельское хозяйство;Агрономия и агроинженерия,
30116306,Практическая школа пения для сопрано или тенора в сопровождении фортепиано,,,,Абт Ф.,2015,1-е изд.,"Издательство \Лань\"""," \""Планета музыки\""""",,144,144,Russian,,,,978-5-8114-1595-3,,,,,,,,,,65962,0,,,,,,,1,7947685,pdf,20679b63e3c7732fb6c81fa00b1a6668,,,,0,2000-01-01 01:00:00,2017-04-19 19:07:37,https://e.lanbook.com/img/covers/book/2689/2015/65962.jpg,Музыка и театр;Вокал
30116307,"Грамматика, или Правила прекрасного пения",,,,Пеллегрини-Челони А.М.,2015,1-е изд.,"Издательство \Лань\"""," \""Планета музыки\""""",,88,87,Russian,,,,978-5-8114-1896-1,,,,,,,,,,65963,0,,,,,,,1,1772226,pdf,a3434053a542fe9f8d54c399cdb76fa9,,,,0,2000-01-01 01:00:00,2017-04-19 19:07:37,https://e.lanbook.com/img/covers/book/2689/2015/65963.jpg,Музыка и театр;Вокал
30116308,Джаз-танец. Пособие для начинающих. + DVD,,,,"Александрова Н.А., Макарова Н.В.",2015,1-е изд.,"Издательство \Лань\"""," \""Планета музыки\""""",,192,205,Russian,,,,978-5-8114-1361-4,,,,,,,,,,65964,0,,,,,,,1,1372661,pdf,9ba2e7de2ced00fcde5f526c22f6331e,,,,0,2000-01-01 01:00:00,2017-04-19 19:07:37,https://e.lanbook.com/img/covers/book/2689/2015/65964.jpg,Балет. Танец. Хореография
30116309,История культуры Китая,,,,Кравцова М.Е.,2011,4-е изд.,"Издательство \Лань\"""," \""Планета музыки\""""",,416,416,Russian,,,,978-5-8114-0063-8,,,,,,,,,,65965,0,,,,,,,1,5758872,pdf,0bb94cc9c9eee28d06edb02a9dfa4172,,,,0,2000-01-01 01:00:00,2017-04-19 19:07:37,https://e.lanbook.com/img/covers/book/2689/2011/65965.jpg,Искусствоведение;Теория и история искусств
30116310,Концепции современного естествознания. Интернет-тестирование базовых знаний,,,,"Горбачев В.В., Калашников Н.П., Кожевников Н.М.",2010,1-е изд.,"Издательство \Лань\""""",,208,207,Russian,,,,978-5-8114-1072-9,,,,,,,,,,65966,0,,,,,,,1,1943841,pdf,60ba22a288cda0a433a84ff20cb03154,,,,0,2000-01-01 01:00:00,2017-04-19 19:07:37,https://e.lanbook.com/img/covers/book/905/2010/65966.jpg,Физика;Концепции современного естествознания,
30116311,Academic Skills through Cases in American Studies,,,,"Talalakina E.V., Yakusheva I.V.",2011,,Издательский дом Высшей школы экономики,,144,144,Russian,,,,978-5-7598-0919-7,,,,,,,,,,65968,0,,,,,,,1,3700706,pdf,68cc1cb3ff3ed74d105193dde42136e1,,,,0,2000-01-01 01:00:00,2017-04-19 19:07:37,https://e.lanbook.com/img/covers/book/26753/2011/65968.jpg,Языкознание и литературоведение;Иностранный язык,
30116312,Методическое пособие к учебнику «English for business studies» by Ian MacKenzie (3rd ed.),,,,"Под ред. Барановской Т.А., Ласточкиной Т.И., Захаровой А.В.",2013,,Издательский дом Высшей школы экономики,,336,332,Russian,,,,978-5-7598-0807-7,,,,,,,,,,65969,0,,,,,,,1,1715313,pdf,ec7e044c7d0a359fcc21895c2a0e51f3,,,,0,2000-01-01 01:00:00,2017-04-19 19:07:37,https://e.lanbook.com/img/covers/book/26753/2013/65969.jpg,Языкознание и литературоведение;Иностранный язык,
30116313,Учебно-методическое пособие к учебнику «Professional English in Use. ICT. For Computers and the Internet»,,,,"Под ред. Барановской Т.А., Кашкаровой Т.П.",2013,,Издательский дом Высшей школы экономики,,224,224,Russian,,,,978-5-7598-0996-8,,,,,,,,,,65970,0,,,,,,,1,743178,pdf,fcf8cac8d947f831b1c8fe23ff422d89,,,,0,2000-01-01 01:00:00,2017-04-19 19:07:37,https://e.lanbook.com/img/covers/book/26753/2013/65970.jpg,Языкознание и литературоведение;Иностранный язык,
30116314,Поверженные буквалисты: Из истории художественного перевода в СССР в 1920–1960-е годы,,,,Азов А.Г.,2013,,Издательский дом Высшей школы экономики,,304,304,Russian,,,,978-5-7598-1065-0,,,,,,,,,,65971,0,,,,,,,1,2155668,pdf,2b099f1b6da0e0cccfae478d62735363,,,,0,2000-01-01 01:00:00,2017-04-19 19:07:37,https://e.lanbook.com/img/covers/book/26753/2013/65971.jpg,Языкознание и литературоведение;Перевод и переводоведение,
30116315,Зарождение и становление лингвистической традиции в Корее (на материале эволюции учений о частях речи),,,,Аникина В.В.,2014,,Издательский дом Высшей школы экономики,,168,168,Russian,,,,978-5-7598-1035-3,,,,,,,,,,65972,0,,,,,,,1,1661881,pdf,2e244d320a70ca9c9686f96fc9185a39,,,,0,2000-01-01 01:00:00,2017-04-19 19:07:37,https://e.lanbook.com/img/covers/book/26753/2014/65972.jpg,Языкознание и литературоведение;Лингвистика,
30116316,Право и общество в концепции Георгия Давидовича Гурвича,,,,Антонов М.В.,2013,,Издательский дом Высшей школы экономики,,448,448,Russian,,,,978-5-7598-0959-3,,,,,,,,,,65973,0,,,,,,,1,3972365,pdf,bbef23717f36f6867e3feebbd8f6399d,,,,0,2000-01-01 01:00:00,2017-04-19 19:07:37,https://e.lanbook.com/img/covers/book/26753/2013/65973.jpg,Право. Юридические науки;Правоведение и философия для медиков,
30116317,Психология управления,,,,Антонова Н.В.,2010,,Издательский дом Высшей школы экономики,,269,271,Russian,,,,978-5-7598-0772-8,,,,,,,,,,65974,0,,,,,,,1,1790586,pdf,6900e7ad37115dcd818f7ed1a2dd385b,,,,0,2000-01-01 01:00:00,2017-04-19 19:07:37,https://e.lanbook.com/img/covers/book/26753/2010/65974.jpg,Экономика и менеджмент;Менеджмент,
30116318,Арт-рынок в XXI веке: пространство художественного эксперимента,,,,Арутюнова А.,2015,,Издательский дом Высшей школы экономики,,232,231,Russian,,,,978-5-7598-1287-6,,,,,,,,,,65975,0,,,,,,,1,1342811,pdf,982fea29aba456db602c42f5f1d88139,,,,0,2000-01-01 01:00:00,2017-04-19 19:07:37,https://e.lanbook.com/img/covers/book/26753/2015/65975.jpg,Искусствоведение;Архитектура; живопись; графика,
30116319,Африка: история и историки,,,,"Балезин А.С., Воеводский А.В.;Отв.ред. Давидсон А.Б.",2014,,Издательский дом Высшей школы экономики,,447,448,Russian,,,,978-5-7598-1060-5,,,,,,,,,,65976,0,,,,,,,1,2979420,pdf,db27799614c1ccf0289f5bdb4c4ca548,,,,0,2000-01-01 01:00:00,2017-04-19 19:07:37,https://e.lanbook.com/img/covers/book/26753/2014/65976.jpg,Социально-гуманитарные науки;История,
30116320,Микроэкономика: промежуточный уровень. Сборник задач с решениями и ответами,,,,"Балакина Т.П., Левина Е.А., Покатович Е.В., Попова Е.В.",2013,,Издательский дом Высшей школы экономики,,503,504,Russian,,,,978-5-7598-0983-8,,,,,,,,,,65977,0,,,,,,,1,8099636,pdf,817cbaf80df1bd71d0d32d49add4a97d,,,,0,2000-01-01 01:00:00,2017-04-19 19:07:37,https://e.lanbook.com/img/covers/book/26753/2013/65977.jpg,Экономика и менеджмент;Микроэкономика,
30116321,Уравление организациями сфер услуг,,,,"Балаева О.Н., Предводиделева М.Д.",2010,,Издательский дом Высшей школы экономики,,155,156,Russian,,,,978-5-7598-0718-6,,,,,,,,,,65978,0,,,,,,,1,1787531,pdf,91ad1b9533d66867fbb0d69f0c673ccd,,,,0,2000-01-01 01:00:00,2017-04-19 19:07:37,https://e.lanbook.com/img/covers/book/26753/2010/65978.jpg,Экономика и менеджмент;Туризм и гостиничный бизнес,
30116322,Язык и этническая идентичность. Урумы и румеи Приазовья,,,,Баранова В.В.,2010,,Издательский дом Высшей школы экономики,,288,288,Russian,,,,978-5-7598-0709-4,,,,,,,,,,65979,0,,,,,,,1,3281236,pdf,c2cc240e48444f021bfe71de75154726,,,,0,2000-01-01 01:00:00,2017-04-19 19:07:37,https://e.lanbook.com/img/covers/book/26753/2010/65979.jpg,Языкознание и литературоведение;Лингвистика,
30116323,Технологии сверления глубоких отверстий,,,,"Звонцов И. Ф., Серебреницкий П. П., Схиртладзе А.Г.",2013,1-е изд.,"Издательство \Лань\""""",,496,496,Russian,,,,978-5-8114-1373-7,,,,,,,,,,6598,0,,,,,,,1,4946207,pdf,2f6397e73be3f86c8c7f0d64c4f587db,,,,0,2000-01-01 01:00:00,2017-04-19 19:07:37,https://e.lanbook.com/img/covers/book/905/2013/6598.jpg,Инженерно-технические науки;Машиностроение,
30116324,Неформальная экономика. Курс лекций,,,,Барсукова С.Ю.,2009,,Издательский дом Высшей школы экономики,,354,355,Russian,,,,978-5-7598-0645-5,,,,,,,,,,65980,0,,,,,,,1,1987947,pdf,7eec2104f4ec7525f50cea0516d41413,,,,0,2000-01-01 01:00:00,2017-04-19 19:07:37,https://e.lanbook.com/img/covers/book/26753/2009/65980.jpg,Экономика и менеджмент;Макроэкономика,
30116325,"Грамматика порядка: Историческая социология понятий, которые меняют нашу реальность",,,,Бикбов А.Т.,2014,,Издательский дом Высшей школы экономики,,432,432,Russian,,,,978-5-7598-1001-8,,,,,,,,,,65981,0,,,,,,,1,2230296,pdf,958c8d7940d7ced5a74de603dbf4296f,,,,0,2000-01-01 01:00:00,2017-04-19 19:07:37,https://e.lanbook.com/img/covers/book/26753/2014/65981.jpg,Социально-гуманитарные науки;История,
30116326,"Безопасность дорожного движения: история вопроса, международный опыт, базовые институции",,,,"Блинкин М.Я., Решетова Е.М.",2013,,Издательский дом Высшей школы экономики,,240,240,Russian,,,,978-5-7598-1086-5,,,,,,,,,,65982,0,,,,,,,1,2647091,pdf,7b06f4f981cd0a666edd91346dadfa97,,,,0,2000-01-01 01:00:00,2017-04-19 19:07:37,https://e.lanbook.com/img/covers/book/26753/2013/65982.jpg,Право. Юридические науки;Международное право,
30116327,Прикладная психология в бизнес-организациях: методы фасилитации,,,,"Болотова А.К., Мартынова А.В.",2013,,Издательский дом Высшей школы экономики,,320,320,Russian,,,,978-5-7598-0987-6,,,,,,,,,,65983,0,,,,,,,1,3242560,pdf,01bc96e6c3d235e6e4e31ab3c2725ac3,,,,0,2000-01-01 01:00:00,2017-04-19 19:07:37,https://e.lanbook.com/img/covers/book/26753/2013/65983.jpg,Экономика и менеджмент;Менеджмент,
30116328,Психология развития и возрастная психология,,,,"Болотова А.К., Молчанова О.Н.",2012,,Издательский дом Высшей школы экономики,,526,528,Russian,,,,978-5-7598-0731-5,,,,,,,,,,65984,0,,,,,,,1,4543595,pdf,5deaea5b1f2a882cf0b743f33a1bd77e,,,,0,2000-01-01 01:00:00,2017-04-19 19:07:37,https://e.lanbook.com/img/covers/book/26753/2012/65984.jpg,Психология. Педагогика;Психология,
30116329,В тени регулирования: неформальность на российском рынке труда,,,,"Под ред. Гимпельсона В.Е., Капелюшникова Р.И.",2014,,Издательский дом Высшей школы экономики,,536,536,Russian,,,,978-5-7598-1090-2,,,,,,,,,,65985,0,,,,,,,1,7102501,pdf,b60b3b88bd9417653265076e39c1bbf1,,,,0,2000-01-01 01:00:00,2017-04-19 19:07:37,https://e.lanbook.com/img/covers/book/26753/2014/65985.jpg,Экономика и менеджмент;Экономика России,
30116330,Государственно-частное партнерство: теория и практика,,,,"Варнавский В.Г., Клименко А.В., Королёв В.А.",2010,,Издательский дом Высшей школы экономики,,287,287,Russian,,,,978-5-7598-0707-0,,,,,,,,,,65986,0,,,,,,,1,1041140,pdf,aadc26cfe18ceb04c9eb5cbc647fa485,,,,0,2000-01-01 01:00:00,2017-04-19 19:07:37,https://e.lanbook.com/img/covers/book/26753/2010/65986.jpg,Экономика и менеджмент;Государственное и муниципальное управление,
30116331,Свобода слуг,,,,Вироли М.;Пер. с итал. Кушнаревой И.,2014,,Издательский дом Высшей школы экономики,,144,144,Russian,,,,978-5-7598-1175-6,,,,,,,,,,65987,0,,,,,,,1,721634,pdf,6152e45fee36a672aa1587d50f9f3e24,,,,0,2000-01-01 01:00:00,2017-04-19 19:07:37,https://e.lanbook.com/img/covers/book/26753/2014/65987.jpg,Социально-гуманитарные науки;Политология и обществознание,
30116332,Антипсихиатрия: социальная теория и социальная практика,,,,Власова О.А.,2014,,Издательский дом Высшей школы экономики,,432,431,Russian,,,,978-5-7598-1079-7,,,,,,,,,,65988,0,,,,,,,1,2393462,pdf,7ec264441e92328b8cd5e917c1749501,,,,0,2000-01-01 01:00:00,2017-04-19 19:07:37,https://e.lanbook.com/img/covers/book/26753/2014/65988.jpg,Психология. Педагогика;Социальная психология,
30116333,Внедрение новых технологий в медицинских организациях: зарубежный опыт и российская практика,,,,Под ред. Шишкина С.В.,2013,,Издательский дом Высшей школы экономики,,271,272,Russian,,,,978-5-7598-1008-7,,,,,,,,,,65989,0,,,,,,,1,2784149,pdf,4f193ff9187bb8d88901a32460450033,,,,0,2000-01-01 01:00:00,2017-04-19 19:07:37,https://e.lanbook.com/img/covers/book/26753/2013/65989.jpg,Медицина;Научная деятельность,
30116334,"Проектирование, конструирование и расчет техники пищевых технологий",,,,Панфилов В. А.,2013,1-е изд.,"Издательство \Лань\""""",,912,912,Russian,,,,978-5-8114-1345-4,,,,,,,,,,6599,0,,,,,,,1,34386651,pdf,3f7cdedfc8775e3b29c699fb6944f6f5,,,,0,2000-01-01 01:00:00,2017-04-19 19:07:37,https://e.lanbook.com/img/covers/book/905/2013/6599.jpg,Технологии пищевых производств;Процессы и аппараты пищевых производств,
30116335,Избранные демографические труды: сборник научных статей,,,,Волков А.;Сост. и науч. ред. Вишневский А.Г.,2014,,Издательский дом Высшей школы экономики,,567,568,Russian,,,,978-5-7598-1040-7,,,,,,,,,,65990,0,,,,,,,1,3935411,pdf,0679f781fb8ee8bc859c94fa6d43248b,,,,0,2000-01-01 01:00:00,2017-04-19 19:07:37,https://e.lanbook.com/img/covers/book/26753/2014/65990.jpg,Социально-гуманитарные науки;Политология и обществознание,
30116336,Лизинг: финансирование и секьюритизация,,,,Газман В.Д.,2011,,Издательский дом Высшей школы экономики,,469,470,Russian,,,,978-5-7598-0869-5,,,,,,,,,,65991,0,,,,,,,1,3419048,pdf,505aef00ce8cd1962ba861c66785ab3e,,,,0,2000-01-01 01:00:00,2017-04-19 19:07:37,https://e.lanbook.com/img/covers/book/26753/2011/65991.jpg,Экономика и менеджмент;Финансовый менеджмент,
30116337,Неординарный лизинг,,,,Газман В.Д.,2014,,Издательский дом Высшей школы экономики,,527,526,Russian,,,,978-5-7598-1192-3,,,,,,,,,,65992,0,,,,,,,1,4583284,pdf,de90263c7a2a7fa051e8352c2cbac991,,,,0,2000-01-01 01:00:00,2017-04-19 19:07:37,https://e.lanbook.com/img/covers/book/26753/2014/65992.jpg,Экономика и менеджмент;Финансовый менеджмент,
30116338,Бухгалтерский учет и отчетность в банках,,,,Гвелесиани Т.В.,2011,,Издательский дом Высшей школы экономики,,392,392,Russian,,,,978-5-7598-0616-5,,,,,,,,,,65993,0,,,,,,,1,2166911,pdf,6cd0214aec133f61a009e67013604de5,,,,0,2000-01-01 01:00:00,2017-04-19 19:07:37,https://e.lanbook.com/img/covers/book/26753/2011/65993.jpg,Экономика и менеджмент;Бухгалтерский учет; анализ и аудит,
30116339,Перехлёст волны. Политическая логика Платона и постницшеанское преодоление платонизма,,,,Глухов А.А.,2014,,Издательский дом Высшей школы экономики,,584,583,Russian,,,,978-5-7598-1078-0,,,,,,,,,,65994,0,,,,,,,1,3189520,pdf,643f8d9af931756a796f4ce2d822c7c1,,,,0,2000-01-01 01:00:00,2017-04-19 19:07:37,https://e.lanbook.com/img/covers/book/26753/2014/65994.jpg,Социально-гуманитарные науки;Политология и обществознание,
30116340,Бизнес-сети в России,,,,Градосельская Г.В.,2014,,Издательский дом Высшей школы экономики,,589,592,Russian,,,,978-5-7598-0617-2,,,,,,,,,,65995,0,,,,,,,1,4404524,pdf,0beb550608d7c8845392e9ed0aef144f,,,,0,2000-01-01 01:00:00,2017-04-19 19:07:37,https://e.lanbook.com/img/covers/book/26753/2014/65995.jpg,Экономика и менеджмент;Предпринимательская деятельность,
30116341,"Время, вперед! Культурная политика в СССР",,,,"Под ред. Глущенко И.В., Куренного В.А.",2013,,Издательский дом Высшей школы экономики,,272,271,Russian,,,,978-5-7598-1082-7,,,,,,,,,,65996,0,,,,,,,1,1830579,pdf,929795e6e27f4e850b78d9814b5fc00c,,,,0,2000-01-01 01:00:00,2017-04-19 19:07:37,https://e.lanbook.com/img/covers/book/26753/2013/65996.jpg,Социально-гуманитарные науки;Политология и обществознание,
30116342,Прикладные методы анализа статистических данных,,,,"Горяинова Е.Р., Панков А.Р., Платонов Е.Н.",2012,,Издательский дом Высшей школы экономики,,310,312,Russian,,,,978-5-7598-0866-4,,,,,,,,,,65997,0,,,,,,,1,3018097,pdf,d3c2152f82728ce1887a6ddf8e8f8748,,,,0,2000-01-01 01:00:00,2017-04-19 19:07:37,https://e.lanbook.com/img/covers/book/26753/2012/65997.jpg,Экономика и менеджмент;Статистика,
30116343,Научная политика: глобальный контекст и российская практика,,,,"Гохберг Л.М., Заиченко С.А., Китова Г.А., Кузнецова Т.Е.",2011,,Издательский дом Высшей школы экономики,,308,310,Russian,,,,978-5-7598-0791-9,,,,,,,,,,65998,0,,,,,,,1,1887259,pdf,d24f4ddb48b0056e45a5d116811a0ee6,,,,0,2000-01-01 01:00:00,2017-04-19 19:07:37,https://e.lanbook.com/img/covers/book/26753/2011/65998.jpg,Социально-гуманитарные науки;Политология и обществознание,
30116344,Россия и Южная Африка: три века связей,,,,"Давидсон А., Филатова И.",2010,,Издательский дом Высшей школы экономики,,332,332,Russian,,,,978-5-7598-0720-9,,,,,,,,,,65999,0,,,,,,,1,1451451,pdf,798c8fc2f1381702172c88a2c9a759ce,,,,0,2000-01-01 01:00:00,2017-04-19 19:07:37,https://e.lanbook.com/img/covers/book/26753/2010/65999.jpg,Социально-гуманитарные науки;История,
30116345,Ветеринарная фармация,,,,Соколов В.Д.;(под редакцией),2011,"2-е изд., испр. и доп.","Издательство \Лань\""""",,512,511,Russian,,,,978-5-8114-1133-7,,,,,,,,,,660,0,,,,,,,1,3859478,pdf,021ddbb6a30d503e9343e40d3663ab31,,,,0,2000-01-01 01:00:00,2017-04-19 19:07:37,https://e.lanbook.com/img/covers/book/905/2011/660.jpg,Ветеринария и сельское хозяйство;Ветеринария,
30116346,Современные производственные технологии содержания сельскохозяйственных животных,,,,"Кузнецов А.Ф., Михайлов Н. А., Карцев П. С.",2013,1-е изд.,"Издательство \Лань\""""",,456,457,Russian,,,,978-5-8114-1312-6,,,,,,,,,,6600,0,,,,,,,1,2895452,pdf,3c9fab62cee4ca43657edcad59a0a60c,,,,0,2000-01-01 01:00:00,2017-04-19 19:07:37,https://e.lanbook.com/img/covers/book/905/2013/6600.jpg,Ветеринария и сельское хозяйство;Зоотехния,
30116347,Эволюция канадского федерализма,,,,Данилов С.Ю.,2012,,Издательский дом Высшей школы экономики,,304,304,Russian,,,,978-5-7598-0916-6,,,,,,,,,,66000,0,,,,,,,1,1966377,pdf,013243fba566dd68fdfbe0b815cf971f,,,,0,2000-01-01 01:00:00,2017-04-19 19:07:37,https://e.lanbook.com/img/covers/book/26753/2012/66000.jpg,Социально-гуманитарные науки;Политология и обществознание,
30116348,Политика у шимпанзе. Власть и секс у приматов,,,,Де Валь Ф.;Пер. с англ. Кралечкина Д.; Под ред. Анашвили В.,2014,,Издательский дом Высшей школы экономики,,272,272,Russian,,,,978-5-7598-1104-6,,,,,,,,,,66001,0,,,,,,,1,8023167,pdf,61ffdf94493ff7e76c94f74fff6f9b29,,,,0,2000-01-01 01:00:00,2017-04-19 19:07:37,https://e.lanbook.com/img/covers/book/26753/2014/66001.jpg,Психология. Педагогика;Практическая психология,
30116349,Именем искусства. К археологии современности,,,,Де Дюв Т.;Пер. с фр. Алексея Шестакова,2014,,Издательский дом Высшей школы экономики,,192,192,Russian,,,,978-5-7598-1176-3,,,,,,,,,,66002,0,,,,,,,1,941131,pdf,ec64a3d9502d6a2e700be19cb9a21fa1,,,,0,2000-01-01 01:00:00,2017-04-19 19:07:37,https://e.lanbook.com/img/covers/book/26753/2014/66002.jpg,Социально-гуманитарные науки;Культурология и искусство,
30116350,"Колледж. Каким он был, стал и должен быть",,,,Дельбанко Э.;Перс англ.,2015,,Издательский дом Высшей школы экономики,,256,256,Russian,,,,978-5-7598-1217-3,,,,,,,,,,66003,0,,,,,,,1,1805709,pdf,76733ca9464f3cf0a93b48539163c6dc,,,,0,2000-01-01 01:00:00,2017-04-19 19:07:37,https://e.lanbook.com/img/covers/book/26753/2015/66003.jpg,Психология. Педагогика;Педагогика,
30116351,Демократизация,,,,"Сост. и науч. ред. Харпфер К.В., Бернхаген П., Инглхарт Р.Ф., Вельцель К.; Пер. с англ. под науч.ред. Миронюка М.Г.; Предисл., сост. указателя Миронюка М.Г.",2015,,Издательский дом Высшей школы экономики,,708,712,Russian,,,,978-5-7598-1193-0,,,,,,,,,,66004,0,,,,,,,1,3730638,pdf,2c0ac0852efd307616fbfe4448e40d78,,,,0,2000-01-01 01:00:00,2017-04-19 19:07:37,https://e.lanbook.com/img/covers/book/26753/2015/66004.jpg,Социально-гуманитарные науки;Политология и обществознание,
30116352,Международное банковское право,,,,Ерпылева Н.Ю.,2012,,Издательский дом Высшей школы экономики,,671,672,Russian,,,,978-5-7598-0785-8,,,,,,,,,,66006,0,,,,,,,1,3074122,pdf,1b896f7b670dfdfc19dfaca947d3438e,,,,0,2000-01-01 01:00:00,2017-04-19 19:07:37,https://e.lanbook.com/img/covers/book/26753/2012/66006.jpg,Право. Юридические науки;Международное право,
30116353,Международное частное право,,,,Ерпылева Н.Ю.,2015,,Издательский дом Высшей школы экономики,,655,656,Russian,,,,978-5-7598-1149-7,,,,,,,,,,66007,0,,,,,,,1,3944265,pdf,0037f08dc160d782b954440b483f6b19,,,,0,2000-01-01 01:00:00,2017-04-19 19:07:37,https://e.lanbook.com/img/covers/book/26753/2015/66007.jpg,Право. Юридические науки;Международное право,
30116354,Избранные труды. Криминология. Том I,,,,Жалинский А.Э.,2014,,Издательский дом Высшей школы экономики,,698,704,Russian,,,,978-5-7598-1212-8,,,,,,,,,,66008,0,,,,,,,1,3167576,pdf,4a1861457d445ec7b51afdd3603f11a4,,,,0,2000-01-01 01:00:00,2017-04-19 19:07:37,https://e.lanbook.com/img/covers/book/26753/2014/66008.jpg,Право. Юридические науки;Уголовное право и процесс. Уголовно-исполнительное право,
30116355,Избранные труды. Уголовное право Том II,,,,"Жалинский А.Э.;Сост. Барышева К.А., Дубовик О.Л., Нагорная И.И., Попов А.А.; Отв. ред. Дубовик О.Л.",2015,,Издательский дом Высшей школы экономики,,592,592,Russian,,,,978-5-7598-1213-5,,,,,,,,,,66009,0,,,,,,,1,2798385,pdf,049bfa1d8c80b37614db6093df84dc5a,,,,0,2000-01-01 01:00:00,2017-04-19 19:07:37,https://e.lanbook.com/img/covers/book/26753/2015/66009.jpg,Право. Юридические науки;Уголовное право и процесс. Уголовно-исполнительное право,
30116356,Казначейство. Автоматизированные бизнес-технологии управления финансовыми потоками,,,,Жданчиков П.А.,2010,,Издательский дом Высшей школы экономики,,364,364,Russian,,,,978-5-7598-0680-6,,,,,,,,,,66010,0,,,,,,,1,18250809,pdf,71d32f90736b72e93241251d84df13bb,,,,0,2000-01-01 01:00:00,2017-04-19 19:07:37,https://e.lanbook.com/img/covers/book/26753/2010/66010.jpg,Экономика и менеджмент;Финансовый менеджмент,
30116357,Теория игр в общественных науках,,,,Захаров А.В.,2015,,Издательский дом Высшей школы экономики,,304,303,Russian,,,,978-5-7598-1180-0,,,,,,,,,,66011,0,,,,,,,1,3948244,pdf,9531399a9047d07e2b8ab59f5acac4bc,,,,0,2000-01-01 01:00:00,2017-04-19 19:07:37,https://e.lanbook.com/img/covers/book/26753/2015/66011.jpg,Социально-гуманитарные науки;Политология и обществознание,
30116358,Основы проектирования корпоративных систем,,,,Зыков С.В.,2012,,Издательский дом Высшей школы экономики,,432,432,Russian,,,,978-5-7598-0862-6,,,,,,,,,,66012,0,,,,,,,1,9249922,pdf,3268a41d8265fbe68de45af90c66e417,,,,0,2000-01-01 01:00:00,2017-04-19 19:07:37,https://e.lanbook.com/img/covers/book/26753/2012/66012.jpg,Экономика и менеджмент;Информационный менеджмент,
30116359,Империя бизнеса: бизнес-тренинг для начинающих,,,,Иванова Е.В.,2010,,Издательский дом Высшей школы экономики,,265,267,Russian,,,,978-5-7598-0622-6,,,,,,,,,,66013,0,,,,,,,1,1118449,pdf,9ed4797b236a6374caa1e347f01d6ef1,,,,0,2000-01-01 01:00:00,2017-04-19 19:07:37,https://e.lanbook.com/img/covers/book/26753/2010/66013.jpg,Экономика и менеджмент;Предпринимательская деятельность,
30116360,Изменение глобального экономического ландшафта: проблемы и поиск решений,,,,"Под. ред. Хесина Е.С., Ковалева И.Г.",2011,,Издательский дом Высшей школы экономики,,396,397,Russian,,,,978-5-7598-0863-3,,,,,,,,,,66014,0,,,,,,,1,2675690,pdf,e97d82dc41774ddabe0be8eddc99bd2f,,,,0,2000-01-01 01:00:00,2017-04-19 19:07:37,https://e.lanbook.com/img/covers/book/26753/2011/66014.jpg,Экономика и менеджмент;Мировая экономика,
30116361,Индексы развития государств мира: справочник,,,,"Гаспарян О.Т., Камалова Р.У., Кочешкова Е.А.;Под ред. Нисневича Ю.А.",2014,,Издательский дом Высшей школы экономики,,247,248,Russian,,,,978-5-7598-1061-2,,,,,,,,,,66015,0,,,,,,,1,883997,pdf,2733d481daf83d2ed0b435a22cedfd23,,,,0,2000-01-01 01:00:00,2017-04-19 19:07:37,https://e.lanbook.com/img/covers/book/26753/2014/66015.jpg,Экономика и менеджмент;Мировая экономика,
30116362,Инновации на финансовых рынках: коллективная монография,,,,"Берзон Н.И., Буянова Е.А., Газман В.Д.;Под науч.ред. Берзона Н.И., Тепловой Т.В.",2013,,Издательский дом Высшей школы экономики,,420,422,Russian,,,,978-5-7598-0882-4,,,,,,,,,,66016,0,,,,,,,1,3442014,pdf,bdc443fc1a965aa6cba85abb9f4459c2,,,,0,2000-01-01 01:00:00,2017-04-19 19:07:37,https://e.lanbook.com/img/covers/book/26753/2013/66016.jpg,Экономика и менеджмент;Инновационный менеджмент,
30116363,Апдейт консерватизма,,,,Ионин Л.Г.,2010,,Издательский дом Высшей школы экономики,,304,303,Russian,,,,978-5-7598-0762-9,,,,,,,,,,66017,0,,,,,,,1,1212410,pdf,6bbe6f6d7658c85877ded734be2121f9,,,,0,2000-01-01 01:00:00,2017-04-19 19:07:37,https://e.lanbook.com/img/covers/book/26753/2010/66017.jpg,Социально-гуманитарные науки;Политология и обществознание,
30116364,Историческая культура императорской России: формирование представлений о прошлом,,,,Отв. ред. Дмитриев А.Н.,2012,,Издательский дом Высшей школы экономики,,551,552,Russian,,,,978-5-7598-0914-2,,,,,,,,,,66018,0,,,,,,,1,3266072,pdf,c1d3ea21a33ff148177934d59654bffa,,,,0,2000-01-01 01:00:00,2017-04-19 19:07:37,https://e.lanbook.com/img/covers/book/26753/2012/66018.jpg,Социально-гуманитарные науки;История,
30116365,Лекции по термодинамике поверхностей,,,,Русанов А.И.,2013,1-е изд.,"Издательство \Лань\""""",,240,237,Russian,,,,978-5-8114-1487-1,,,,,,,,,,6602,0,,,,,,,1,2648382,pdf,0d93880e7559e60052a647b14b60f1e4,,,,0,2000-01-01 01:00:00,2017-04-19 19:07:37,https://e.lanbook.com/img/covers/book/905/2013/6602.jpg,Химия;Физическая и коллоидная химия,
30116366,"Канарец, или Книга о завоевании Канарских островов и обращении их жителей в христианскую веру Жаном де Бетанкуром, дворянином из Ко, составленная монахом Пьером Бонтье и священником Жаном Ле Веррье",,,,"Науч.ред. Кривушин И.В., Кривушина Е.С.",2009,,Издательский дом Высшей школы экономики,,282,283,Russian,,,,978-5-7598-0618-9,,,,,,,,,,66020,0,,,,,,,1,3983590,pdf,cfb3e549e178a6012b30221217d5c85c,,,,0,2000-01-01 01:00:00,2017-04-19 19:07:37,https://e.lanbook.com/img/covers/book/26753/2009/66020.jpg,Социально-гуманитарные науки;Политология и обществознание,
30116367,Массовое высшее образование. Триумф БРИК?,,,,"Карной М., Добрякова М.С., Фрумин И.Д.;Пер. с англ. Добряковой М.С., Пирожковой Л.Ф.; Под науч. ред. Добряковой М.С.",2014,,Издательский дом Высшей школы экономики,,528,528,Russian,,,,978-5-7598-1147-3,,,,,,,,,,66021,0,,,,,,,1,4734648,pdf,b9dda698955a4f8a0d4502ca820a75ec,,,,0,2000-01-01 01:00:00,2017-04-19 19:07:37,https://e.lanbook.com/img/covers/book/26753/2014/66021.jpg,Психология. Педагогика;Педагогика,
30116368,Демократия и декаданс медиа,,,,Кин Дж.;Под науч. ред. Смирнова А.,2015,,Издательский дом Высшей школы экономики,,312,312,Russian,,,,978-5-7598-1202-9,,,,,,,,,,66022,0,,,,,,,1,2253415,pdf,a13908f6b5cafd4045ef39b911f87097,,,,0,2000-01-01 01:00:00,2017-04-19 19:07:37,https://e.lanbook.com/img/covers/book/26753/2015/66022.jpg,Социально-гуманитарные науки;Политология и обществознание,
30116369,Управленческий учет медиакомпаний,,,,"Кирия И.В., Чумакова В.П.;Под общ. ред. Блиновой М.В.",2014,,Издательский дом Высшей школы экономики,,239,240,Russian,,,,978-5-7598-1089-6,,,,,,,,,,66023,0,,,,,,,1,4586784,pdf,806d4aa34ac90178647f4090a914df75,,,,0,2000-01-01 01:00:00,2017-04-19 19:07:37,https://e.lanbook.com/img/covers/book/26753/2014/66023.jpg,Экономика и менеджмент;Управленческий и финансовый учет,
30116370,Modernite в избранных сюжетах. Некоторые случаи частного и общественного сознания XIX-XX веков,,,,Кобрин К.,2015,,Издательский дом Высшей школы экономики,,240,238,Russian,,,,978-5-7598-1250-0,,,,,,,,,,66024,0,,,,,,,1,3405193,pdf,eca8dff267790ad92a2def9297185835,,,,0,2000-01-01 01:00:00,2017-04-19 19:07:37,https://e.lanbook.com/img/covers/book/26753/2015/66024.jpg,Социально-гуманитарные науки;История,
30116371,"Религия и экономика: труд, собственность, богатство",,,,Коваль Т.Б.,2014,,Издательский дом Высшей школы экономики,,349,360,Russian,,,,978-5-7598-1072-8,,,,,,,,,,66025,0,,,,,,,1,3846619,pdf,1aae97644a8a07db58ae71acdf43cc99,,,,0,2000-01-01 01:00:00,2017-04-19 19:07:37,https://e.lanbook.com/img/covers/book/26753/2014/66025.jpg,Социально-гуманитарные науки;Религиоведение,
30116372,Конкурентное право России,,,,"Алешин Д.А., Артемьев И.Ю., Башлаков-Николаев И.В.;Отв. ред. Артемьев И.Ю., Сушкевич А.Г.",2014,2-е,Издательский дом Высшей школы экономики,,493,496,Russian,,,,978-5-7598-1075-9,,,,,,,,,,66026,0,,,,,,,1,2755914,pdf,68e5ca45f79b5724f6e569f1533e1983,,,,0,2000-01-01 01:00:00,2017-04-19 19:07:37,https://e.lanbook.com/img/covers/book/26753/2014/66026.jpg,Право. Юридические науки;Предпринимательское и коммерческое право,
30116373,Контракты в академическом мире,,,,Сост. и науч. ред. Юдкевич М.М.,2011,,Издательский дом Высшей школы экономики,,392,392,Russian,,,,978-5-7598-0911-1,,,,,,,,,,66027,0,,,,,,,1,2664575,pdf,b47ab3abb817a67429ebde28c8736b33,,,,0,2000-01-01 01:00:00,2017-04-19 19:07:37,https://e.lanbook.com/img/covers/book/26753/2011/66027.jpg,Психология. Педагогика;Педагогика,
30116374,Политико-военные и военно-стратегические проблемы национальной безопасности России и международной безопасности,,,,Кокошин А.А.,2013,,Издательский дом Высшей школы экономики,,261,264,Russian,,,,978-5-7598-1068-1,,,,,,,,,,66028,0,,,,,,,1,2384603,pdf,5b6b46415fcf2469c1e6dd80b1685dd1,,,,0,2000-01-01 01:00:00,2017-04-19 19:07:37,https://e.lanbook.com/img/covers/book/26753/2013/66028.jpg,Социально-гуманитарные науки;Политология и обществознание,
30116375,Сто дней во власти безумия: руандский геноцид 1994 г.,,,,Кривушин И.В.,2015,,Издательский дом Высшей школы экономики,,527,528,Russian,,,,978-5-7598-1129-9,,,,,,,,,,66029,0,,,,,,,1,2648509,pdf,84523ec554b26b8e0b50dbebd811732d,,,,0,2000-01-01 01:00:00,2017-04-19 19:07:37,https://e.lanbook.com/img/covers/book/26753/2015/66029.jpg,Социально-гуманитарные науки;Политология и обществознание,
30116376,Переосмысление инженерного образования. Подход CDIO,,,,"Кроули Э.Ф., Малмквист Й., Остлунд С., Бродер Д.Р.;Эдстрем К. Пер. с англ. Рыбушкиной С.; Под науч. ред. Чучалина А.",2015,,Издательский дом Высшей школы экономики,,504,504,Russian,,,,978-5-7598-1218-0,,,,,,,,,,66030,0,,,,,,,1,3547184,pdf,8644289a0541f9485cd9d602cc388ced,,,,0,2000-01-01 01:00:00,2017-04-19 19:07:37,https://e.lanbook.com/img/covers/book/26753/2015/66030.jpg,Инженерно-технические науки;Архитектура и строительство,
30116377,Культура интерпретации до начала Нового времени,,,,"Науч. ред. Воскобойников О.С., Иванова Ю.В.",2009,,Издательский дом Высшей школы экономики,,464,464,Russian,,,,978-5-7598-0624-0,,,,,,,,,,66031,0,,,,,,,1,22068622,pdf,f36491e2763f1676c92c39f40900b200,,,,0,2000-01-01 01:00:00,2017-04-19 19:07:37,https://e.lanbook.com/img/covers/book/26753/2009/66031.jpg,Социально-гуманитарные науки;Философия,
30116378,Культура и форма: к 60-летию А.Л. Доброхотова: сборник научых трудов,,,,Под ред. Болдырева И.А.,2010,,Издательский дом Высшей школы экономики,,349,350,Russian,,,,978-5-7598-0789-6,,,,,,,,,,66032,0,,,,,,,1,8260773,pdf,142aa3c718cb8d67fda0bcae9b662537,,,,0,2000-01-01 01:00:00,2017-04-19 19:07:37,https://e.lanbook.com/img/covers/book/26753/2010/66032.jpg,Социально-гуманитарные науки;Философия,
30116379,Другая наука: Русские формалисты в поисках биографии,,,,Левченко Я.С.,2012,,Издательский дом Высшей школы экономики,,304,300,Russian,,,,978-5-7598-0934-0,,,,,,,,,,66033,0,,,,,,,1,1499745,pdf,d247e6df6b2edc15a0fdf95c5455edc5,,,,0,2000-01-01 01:00:00,2017-04-19 19:07:37,https://e.lanbook.com/img/covers/book/26753/2012/66033.jpg,Социально-гуманитарные науки;Философия,
30116380,Социология власти. Теория и опыт эмпирического исследования власти в городских сообществах,,,,Ледяев В.Г.,2012,,Издательский дом Высшей школы экономики,,472,471,Russian,,,,978-5-7598-0909-8,,,,,,,,,,66034,0,,,,,,,1,2658788,pdf,3278328323d610ce6a057692456a2a1f,,,,0,2000-01-01 01:00:00,2017-04-19 19:07:37,https://e.lanbook.com/img/covers/book/26753/2012/66034.jpg,Социально-гуманитарные науки;Политология и обществознание,
30116381,Лекции по экономике коррупции,,,,"Левин М.И., Левина Е.А., Покатович Е.В.",2011,,Издательский дом Высшей школы экономики,,356,357,Russian,,,,978-5-7598-0660-8,,,,,,,,,,66035,0,,,,,,,1,4747433,pdf,dd73e1707d2ee5778741a97145575eb0,,,,0,2000-01-01 01:00:00,2017-04-19 19:07:37,https://e.lanbook.com/img/covers/book/26753/2011/66035.jpg,Экономика и менеджмент;Микроэкономика,
30116382,Микроэкономика: задачи и решения,,,,"Левина Е.А., Покатович Е.В.",2010,3-е,Издательский дом Высшей школы экономики,,492,492,Russian,,,,978-5-7598-0753-7,,,,,,,,,,66036,0,,,,,,,1,4398605,pdf,b8bdf284466910caa70a24dd0fbc36f4,,,,0,2000-01-01 01:00:00,2017-04-19 19:07:37,https://e.lanbook.com/img/covers/book/26753/2010/66036.jpg,Экономика и менеджмент;Микроэкономика,
30116383,Скальпель разума и крылья воображения: Научные дискурсы в английской культуре раннего Нового времени,,,,Лисович И.,2015,,Издательский дом Высшей школы экономики,,440,439,Russian,,,,978-5-7598-1105-3,,,,,,,,,,66037,0,,,,,,,1,2096939,pdf,833f4af06dc23fad8b5486cbf3e7f37a,,,,0,2000-01-01 01:00:00,2017-04-19 19:07:37,https://e.lanbook.com/img/covers/book/26753/2015/66037.jpg,Социально-гуманитарные науки;Философия,
30116384,Основы аудита. Самоучитель,,,,"Макарова Л.Г., Штефан М.А., Ковина А.К.;Отв. ред. Макарова Л.Г.; науч. ред. Коробов Н.Л.",2013,,Издательский дом Высшей школы экономики,,406,407,Russian,,,,978-5-7598-0926-5,,,,,,,,,,66038,0,,,,,,,1,2615800,pdf,0b1b548b23a86215989bdfc6e9b243b1,,,,0,2000-01-01 01:00:00,2017-04-19 19:07:37,https://e.lanbook.com/img/covers/book/26753/2013/66038.jpg,Экономика и менеджмент;Бухгалтерский учет; анализ и аудит,
30116385,"Язык, онтология и реализм",,,,Макеева Л.Б.,2011,,Издательский дом Высшей школы экономики,,312,312,Russian,,,,978-5-7598-0802-2,,,,,,,,,,66039,0,,,,,,,1,2791071,pdf,6f80466f5b5f264c1b4a53609c6c6073,,,,0,2000-01-01 01:00:00,2017-04-19 19:07:37,https://e.lanbook.com/img/covers/book/26753/2011/66039.jpg,Языкознание и литературоведение;Лингвистика,
30116386,"Моделирование систем при помощи компьютерной имитации и анимации: учеб. пособие для студентов специальности 220301 \Автоматизация технолог. процессов в машиностроении\""""",,,,"Зиновьев В.В., Стародубов А.Н.",2010,,Кузбасский государственный технический университет имени Т.Ф.Горбачева,,118,118,Russian,,,,978-5-89070-757-4,,,,,,,,,,6604,0,,,,,,,1,975429,pdf,47c25cf396953a388f8d7b5943547170,,,,0,2000-01-01 01:00:00,2017-04-19 19:07:37,https://e.lanbook.com/img/covers/book/7662/2010/6604.jpg,Инженерно-технические науки;Автоматика и управление в технических системах,
30116387,Секс и вытеснение в обществе дикарей,,,,Малиновский Б.;Пер. с англ. Микшиной Н.,2011,,Издательский дом Высшей школы экономики,,224,224,Russian,,,,978-5-7598-0835-0,,,,,,,,,,66040,0,,,,,,,1,1029833,pdf,61b559faa2179dcdf8fea972c70ad94e,,,,0,2000-01-01 01:00:00,2017-04-19 19:07:37,https://e.lanbook.com/img/covers/book/26753/2011/66040.jpg,Социально-гуманитарные науки;Социология,
30116388,Спор о Платоне. Круг Штефана Георге и немецкий университет,,,,Маяцкий М.А.,2012,,Издательский дом Высшей школы экономики,,344,343,Russian,,,,978-5-7598-0908-1,,,,,,,,,,66041,0,,,,,,,1,2466604,pdf,779013536315664cfc0c68a9581317ef,,,,0,2000-01-01 01:00:00,2017-04-19 19:07:37,https://e.lanbook.com/img/covers/book/26753/2012/66041.jpg,Социально-гуманитарные науки;Политология и обществознание,
30116389,Методология исследования сетевых форм организации бизнеса,,,,"Бек М.А., Бек Н.Н., Бузулукова Е.В.;Под науч.ред. Шерешевой М.Ю.",2014,,Издательский дом Высшей школы экономики,,448,448,Russian,,,,978-5-7598-1074-2,,,,,,,,,,66042,0,,,,,,,1,6925232,pdf,af2c8c52af377e813e2ff75812974d1d,,,,0,2000-01-01 01:00:00,2017-04-19 19:07:37,https://e.lanbook.com/img/covers/book/26753/2014/66042.jpg,Экономика и менеджмент;Предпринимательская деятельность,
30116390,Многоликая софистика: нелегитимная аргументация в интеллектуальной культуре Европы Средних веков и раннего Нового времени,,,,Отв. ред. Соколов П.В.,2015,,Издательский дом Высшей школы экономики,,544,545,Russian,,,,978-5- 7598-1064-3,,,,,,,,,,66043,0,,,,,,,1,10397062,pdf,7e4351820a2bf69ec8024e822bf60bbd,,,,0,2000-01-01 01:00:00,2017-04-19 19:07:37,https://e.lanbook.com/img/covers/book/26753/2015/66043.jpg,Социально-гуманитарные науки;Политология и обществознание,
30116391,Очерки теории идеологий,,,,Мусихин Г.И.,2013,,Издательский дом Высшей школы экономики,,288,286,Russian,,,,978-5-7598-1012-4,,,,,,,,,,66044,0,,,,,,,1,1261728,pdf,44d547e72353c1e0799403a29b66e18d,,,,0,2000-01-01 01:00:00,2017-04-19 19:07:37,https://e.lanbook.com/img/covers/book/26753/2013/66044.jpg,Социально-гуманитарные науки;Политология и обществознание,
30116392,Население России 2008: Шестнадцатый ежегодный демографический доклад,,,,Отв. ред. Вишневский А.Г.,2010,,Издательский дом Высшей школы экономики,,352,350,Russian,,,,978-5-7598-0775-9,,,,,,,,,,66045,0,,,,,,,1,6981139,pdf,df64426883ac5487adb3d6fb17d84446,,,,0,2000-01-01 01:00:00,2017-04-19 19:07:37,https://e.lanbook.com/img/covers/book/26753/2010/66045.jpg,Социально-гуманитарные науки;Политология и обществознание,
30116393,Население России 2009: Семнадцатый ежегодный демографический доклад,,,,Отв. ред. Вишневский А.Г.,2011,,Издательский дом Высшей школы экономики,,334,334,Russian,,,,978-5-7598-0898-5,,,,,,,,,,66046,0,,,,,,,1,3164738,pdf,e2e3e0f196dfe0c91af45840c336cf2c,,,,0,2000-01-01 01:00:00,2017-04-19 19:07:37,https://e.lanbook.com/img/covers/book/26753/2011/66046.jpg,Социально-гуманитарные науки;Политология и обществознание,
30116394,Население России 2012: двадцатый ежегодный демографический доклад,,,,Отв. ред. Вишневский А.Г.,2014,,Издательский дом Высшей школы экономики,,412,416,Russian,,,,978-5-7598-1233-3,,,,,,,,,,66047,0,,,,,,,1,8572380,pdf,a30cf53edf5d81f8cddc4e10b327eda5,,,,0,2000-01-01 01:00:00,2017-04-19 19:07:37,https://e.lanbook.com/img/covers/book/26753/2014/66047.jpg,Социально-гуманитарные науки;История,
30116395,Невоенные рычаги внешней политики России: региональные и глобальные механизмы,,,,Под. ред. Братерского М.В.,2012,,Издательский дом Высшей школы экономики,,282,282,Russian,,,,978-5-7598-0907-4,,,,,,,,,,66048,0,,,,,,,1,1862232,pdf,afa6e68ff524f95782c76db8c29abaac,,,,0,2000-01-01 01:00:00,2017-04-19 19:07:37,https://e.lanbook.com/img/covers/book/26753/2012/66048.jpg,Социально-гуманитарные науки;Политология и обществознание,
30116396,Неклассическое наследие. Андрей Полетаев,,,,Отв. ред. Савельева И.М.,2011,,Издательский дом Высшей школы экономики,,704,704,Russian,,,,978-5-7598-0895-4,,,,,,,,,,66049,0,,,,,,,1,4878138,pdf,fa18b31000ceaec03a852bd4635ba489,,,,0,2000-01-01 01:00:00,2017-04-19 19:07:37,https://e.lanbook.com/img/covers/book/26753/2011/66049.jpg,Социально-гуманитарные науки;История,
30116397,Основы робототехники : учеб. пособие,,,,Курышкин Н.П.,2012,,Кузбасский государственный технический университет имени Т.Ф.Горбачева,,168,169,Russian,,,,978-5-89070-833-5,,,,,,,,,,6605,0,,,,,,,1,5195940,pdf,b9428705b79f32dba2565b434c368767,,,,0,2000-01-01 01:00:00,2017-04-19 19:07:37,https://e.lanbook.com/img/covers/book/7662/2012/6605.jpg,Инженерно-технические науки;Автоматика и управление в технических системах,
30116398,Культурные ценности: цена и право,,,,Нешатаева В.О.,2013,,Издательский дом Высшей школы экономики,,208,207,Russian,,,,978-5-7598-1029-2,,,,,,,,,,66050,0,,,,,,,1,2003183,pdf,4e70df9318376dd6bf9712a3a8dce84b,,,,0,2000-01-01 01:00:00,2017-04-19 19:07:37,https://e.lanbook.com/img/covers/book/26753/2013/66050.jpg,Социально-гуманитарные науки;Культурология и искусство,
30116399,Правовые основы института государственной регистрации прав на недвижимое имущество,,,,"Новиков К.А., Синельникова В.Н.;Под ред. Иванова А.А.",2015,,Издательский дом Высшей школы экономики,,192,192,Russian,,,,978-5-7598-1259-3,,,,,,,,,,66051,0,,,,,,,1,1257674,pdf,a58dd32f3e188bd19e704d3f374e0965,,,,0,2000-01-01 01:00:00,2017-04-19 19:07:37,https://e.lanbook.com/img/covers/book/26753/2015/66051.jpg,Право. Юридические науки;Финансовое право. Налоговое и бюджетное право,
30116400,Телевизионная реальность: экранная интерпретация действительности,,,,Новикова А.А.,2013,,Издательский дом Высшей школы экономики,,236,240,Russian,,,,978-5-7598-1037-7,,,,,,,,,,66052,0,,,,,,,1,2132410,pdf,9a0d752588ecfbe29f3044cef870d283,,,,0,2000-01-01 01:00:00,2017-04-19 19:07:37,https://e.lanbook.com/img/covers/book/26753/2013/66052.jpg,Социально-гуманитарные науки;Социология,
30116401,Не ради прибыли. Зачем демократии нужны гуманитарные науки,,,,Нуссбаум М.;Пер. с англ. Бендет М.; Под науч. ред. Смирнова А.,2014,,Издательский дом Высшей школы экономики,,192,192,Russian,,,,978-5-7598-1101-5,,,,,,,,,,66053,0,,,,,,,1,1983524,pdf,66ed6f24b7c935e9f2852e2dcf8d6868,,,,0,2000-01-01 01:00:00,2017-04-19 19:07:37,https://e.lanbook.com/img/covers/book/26753/2014/66053.jpg,Социально-гуманитарные науки;Философия,
30116402,Управление риском в системах жизнеобеспечения городской застройки. Примеры и задачи,,,,Октябрьский Р.Д.,2014,,Издательский дом Высшей школы экономики,,110,112,Russian,,,,978-5-7598-1087-2,,,,,,,,,,66054,0,,,,,,,1,2595195,pdf,82fb7a4455ea3ea3696c477f1e74f99a,,,,0,2000-01-01 01:00:00,2017-04-19 19:07:37,https://e.lanbook.com/img/covers/book/26753/2014/66054.jpg,Экономика и менеджмент;Финансовый менеджмент,
30116403,ИТ-Инфраструктура,,,,"Олейник А.И., Сизов А.В.",2012,,Издательский дом Высшей школы экономики,,134,136,Russian,,,,978-5-7598-0958-6,,,,,,,,,,66055,0,,,,,,,1,3693823,pdf,bf4421609f02276583a8c2a4ef8695a9,,,,0,2000-01-01 01:00:00,2017-04-19 19:07:37,,Экономика и менеджмент;Информационный менеджмент,
30116404,«Человек исторический» в системе гуманитарного знания,,,,Орлов И.Б.,2012,,Издательский дом Высшей школы экономики,,192,192,Russian,,,,978-5-7598-0943-2,,,,,,,,,,66056,0,,,,,,,1,3549309,pdf,1c6789c4c1b1d1a693cf918fada5f91f,,,,0,2000-01-01 01:00:00,2017-04-19 19:07:37,https://e.lanbook.com/img/covers/book/26753/2012/66056.jpg,Социально-гуманитарные науки;Философия,
30116405,Оценка эффективности «Группы восьми»: Возможности различных моделей развития института для реализации приоритетов Российской внешней политики,,,,"Векшина А.Б., Зайцев Ю.К., Ланьшина Т.А.;Отв. ред. Ларионова М.В.",2012,,Издательский дом Высшей школы экономики,,333,334,Russian,,,,978-5-7598-0865-7,,,,,,,,,,66057,0,,,,,,,1,1378974,pdf,69980feece0a5a8c15e47c76ffc841af,,,,0,2000-01-01 01:00:00,2017-04-19 19:07:37,https://e.lanbook.com/img/covers/book/26753/2012/66057.jpg,Социально-гуманитарные науки;Политология и обществознание,
30116406,Очерки модернизации российской промышленности: поведение фирм,,,,"Говорун А.В., Голикова В.В., Гончар К.Р.;Под науч. ред. Кузнецова Б.В.",2014,,Издательский дом Высшей школы экономики,,399,400,Russian,,,,978-5-7598-1023-0,,,,,,,,,,66058,0,,,,,,,1,2127930,pdf,923dd57588e28bc3dfa127ef6e036e85,,,,0,2000-01-01 01:00:00,2017-04-19 19:07:37,https://e.lanbook.com/img/covers/book/26753/2014/66058.jpg,Экономика и менеджмент;Экономика России,
30116407,Постыдное удовольствие: философские и социально-политические интерпретации массового кинематографа,,,,Павлов А.В.,2014,,Издательский дом Высшей школы экономики,,360,359,Russian,,,,978-5-7598-1126-8,,,,,,,,,,66059,0,,,,,,,1,1557707,pdf,066842b94b0d99b47e5fc560d10de8b5,,,,0,2000-01-01 01:00:00,2017-04-19 19:07:37,https://e.lanbook.com/img/covers/book/26753/2014/66059.jpg,Социально-гуманитарные науки;Философия,
30116408,Автоматизация производственных процессов : учеб. Пособие,,,,"Медведев А.Е., Чупин А.В.",2009,,Кузбасский государственный технический университет имени Т.Ф.Горбачева,,325,325,Russian,,,,978-5-89070-696-6,,,,,,,,,,6606,0,,,,,,,1,14443241,pdf,c10d438128a8d0a8e4461490cd54315c,,,,0,2000-01-01 01:00:00,2017-04-19 19:07:37,https://e.lanbook.com/img/covers/book/7662/2009/6606.jpg,Инженерно-технические науки;Автоматика и управление в технических системах,
30116409,Российский крупный бизнес: первые 15 лет. Экономические хроники 1993-2008 гг.,,,,"Паппэ Я.Ш., Галухина Я.С.",2009,,Издательский дом Высшей школы экономики,,423,423,Russian,,,,978-5-7598-0623-3,,,,,,,,,,66060,0,,,,,,,1,2372473,pdf,6fb3dc0f5967ad4700aef95ec1123a6c,,,,0,2000-01-01 01:00:00,2017-04-19 19:07:37,https://e.lanbook.com/img/covers/book/26753/2009/66060.jpg,Экономика и менеджмент;Экономика России,
30116410,Перспективные направления психологической науки. Сборник научных статей. Вып. 2,,,,Под ред. Болотовой А.К.,2012,,Издательский дом Высшей школы экономики,,286,288,Russian,,,,978-5-7598-0961-6,,,,,,,,,,66061,0,,,,,,,1,2048058,pdf,2b2322153895764e9528918de9476eb1,,,,0,2000-01-01 01:00:00,2017-04-19 19:07:37,https://e.lanbook.com/img/covers/book/26753/2012/66061.jpg,Психология. Педагогика;Психология,
30116411,«Я» в персонологической перспективе»,,,,Петровский В.А.,2013,,Издательский дом Высшей школы экономики,,504,504,Russian,,,,978-5-7598-0893-0,,,,,,,,,,66062,0,,,,,,,1,5152865,pdf,07d987c33c52e0a58b3a8f7eac7ed244,,,,0,2000-01-01 01:00:00,2017-04-19 19:07:37,https://e.lanbook.com/img/covers/book/26753/2013/66062.jpg,Психология. Педагогика;Психология,
30116412,"Компликология: создание развивающих, диагностирующих и деструктивных трудностей",,,,Поддьяков А.Н.,2014,,Издательский дом Высшей школы экономики,,280,280,Russian,,,,978-5-7598-1088-9,,,,,,,,,,66063,0,,,,,,,1,1259535,pdf,e42a75ae76110b8e33bc3b657d52ca26,,,,0,2000-01-01 01:00:00,2017-04-19 19:07:37,https://e.lanbook.com/img/covers/book/26753/2014/66063.jpg,Психология. Педагогика;Социальная психология,
30116413,Поколения ВШЭ. Учителя об учителях,,,,"Юдкевич М.М., Иванова Ю.В., Борусяк Л.Ф., Селиверстов В.В.",2013,,Издательский дом Высшей школы экономики,,304,304,Russian,,,,975-5-7598-1077-3,,,,,,,,,,66064,0,,,,,,,1,6506404,pdf,ac729aacf45690df87f0b31ac9244071,,,,0,2000-01-01 01:00:00,2017-04-19 19:07:37,https://e.lanbook.com/img/covers/book/26753/2013/66064.jpg,Психология. Педагогика;Педагогика,
30116414,Институт договора в правовой науке Западной Европы XI-XVIII веков,,,,Полдников Д.Ю.,2013,,Издательский дом Высшей школы экономики,,367,368,Russian,,,,978-5-7598-1028-5,,,,,,,,,,66065,0,,,,,,,1,4031591,pdf,7fcff935193ecf49b10f2b5b1b203d29,,,,0,2000-01-01 01:00:00,2017-04-19 19:07:37,https://e.lanbook.com/img/covers/book/26753/2013/66065.jpg,Право. Юридические науки;Правоведение и философия для медиков,
30116415,Полемическая культура и структура научного текста в Средние века и ранее Новое время,,,,"Отв. ред. Иванова Ю.В.; Науч. ред. Иванова Ю.В., Соколов П.В.; Сост. указателя Шумилин М.В.",2012,,Издательский дом Высшей школы экономики,,495,496,Russian,,,,978-5-7598-0894-7,,,,,,,,,,66066,0,,,,,,,1,2515919,pdf,189835d8f0ee1979de7d27a7e3679b77,,,,0,2000-01-01 01:00:00,2017-04-19 19:07:37,https://e.lanbook.com/img/covers/book/26753/2012/66066.jpg,Социально-гуманитарные науки;Политология и обществознание,
30116416,Ипотека в Российской империи,,,,Проскурякова Н.А.,2014,,Издательский дом Высшей школы экономики,,737,744,Russian,,,,978-5-7598-1141-1,,,,,,,,,,66067,0,,,,,,,1,6839396,pdf,a2166c8e458944a0dd7bc9e80ea21ea2,,,,0,2000-01-01 01:00:00,2017-04-19 19:07:37,https://e.lanbook.com/img/covers/book/26753/2014/66067.jpg,Право. Юридические науки;Финансовое право. Налоговое и бюджетное право,
30116417,Психологические проблемы современного бизнеса: сборник научных статей,,,,"Под ред. Штроо В.А., Ивановой Н.Л., Антоновой Н.В.",2011,,Издательский дом Высшей школы экономики,,343,344,Russian,,,,978-5-7598-0766-7,,,,,,,,,,66068,0,,,,,,,1,4216007,pdf,cc59a7602c512417c785296e3af86db7,,,,0,2000-01-01 01:00:00,2017-04-19 19:07:37,https://e.lanbook.com/img/covers/book/26753/2011/66068.jpg,Психология. Педагогика;Социальная психология,
30116418,Международные стандарты финансовой отчетности,,,,"Пчелина С.Л., Минаева М.Н.",2011,,Издательский дом Высшей школы экономики,,256,256,Russian,,,,978-5-7598-0765-0,,,,,,,,,,66069,0,,,,,,,1,2317459,pdf,409abe6e7d1fac2b86b2a7fa95f3d417,,,,0,2000-01-01 01:00:00,2017-04-19 19:07:37,https://e.lanbook.com/img/covers/book/26753/2011/66069.jpg,Экономика и менеджмент;Управленческий и финансовый учет,
30116419,Проектирование систем управления : учеб. пособие,,,,"Полетаев В.А., Чичерин И.В.",2008,,Кузбасский государственный технический университет имени Т.Ф.Горбачева,,120,120,Russian,,,,978-5-89070-631-7,,,,,,,,,,6607,0,,,,,,,1,1031558,pdf,2e0d64942012b953ccaf39746472097e,,,,0,2000-01-01 01:00:00,2017-04-19 19:07:37,https://e.lanbook.com/img/covers/book/7662/2008/6607.jpg,Инженерно-технические науки;Автоматика и управление в технических системах,
30116420,Пьер Саворньян де Бразза. Экспедиции в Экваториальную Африку: 1875-1882. Документы и материалы,,,,Науч. ст. и сост. указ. Кривушина И.В. и Кривушиной Е.С.,2012,,Издательский дом Высшей школы экономики,,504,504,Russian,,,,978-5-7598-0793-3,,,,,,,,,,66070,0,,,,,,,1,5559696,pdf,9c78dd39fd1cbbe3ced2533df88c38df,,,,0,2000-01-01 01:00:00,2017-04-19 19:07:37,https://e.lanbook.com/img/covers/book/26753/2012/66070.jpg,Социально-гуманитарные науки;Политология и обществознание,
30116421,Пьер Саворньян де Бразза. Миссия на Африканский Запад: 1883-1885. Документы и материалы,,,,"Пер. с фр., коммент., науч. ст., сост. указ. Кривушина И.В. и Кривушиной Е.С.",2013,,Издательский дом Высшей школы экономики,,285,288,Russian,,,,978-5-7598-0927-2,,,,,,,,,,66071,0,,,,,,,1,3712886,pdf,6b62fe8ae74bb68c59283eb5b57cd205,,,,0,2000-01-01 01:00:00,2017-04-19 19:07:37,https://e.lanbook.com/img/covers/book/26753/2013/66071.jpg,Социально-гуманитарные науки;Политология и обществознание,
30116422,Кому принадлежит власть на потребительских рынках: отношения розничных сетей и поставщиков в современной России,,,,Радаев В.В.,2011,,Издательский дом Высшей школы экономики,,383,384,Russian,,,,978-5-7598-0864-0,,,,,,,,,,66072,0,,,,,,,1,3709908,pdf,56f839703f1e95b5414432bb58385463,,,,0,2000-01-01 01:00:00,2017-04-19 19:07:37,https://e.lanbook.com/img/covers/book/26753/2011/66072.jpg,Экономика и менеджмент;Предпринимательская деятельность,
30116423,Природа и власть. Всемирная история окружающей среды,,,,Радкау Й.;пер. с нем.,2014,,Издательский дом Высшей школы экономики,,472,472,Russian,,,,978-5-7598-1109-1,,,,,,,,,,66073,0,,,,,,,1,2982162,pdf,7cfc77dd6da0d4f6e1f3c5102ae5de8a,,,,0,2000-01-01 01:00:00,2017-04-19 19:07:37,https://e.lanbook.com/img/covers/book/26753/2014/66073.jpg,Социально-гуманитарные науки;История,
30116424,"Расширение потребительского выбора в здравоохранении: теория, практика, перспективы",,,,"Отв. ред. Шейман И.М., Шишкин С.В.",2012,,Издательский дом Высшей школы экономики,,264,264,Russian,,,,978-5-7598-0918-0,,,,,,,,,,66074,0,,,,,,,1,2587394,pdf,0c6b93805c5ebb71cb665f038b65891d,,,,0,2000-01-01 01:00:00,2017-04-19 19:07:37,https://e.lanbook.com/img/covers/book/26753/2012/66074.jpg,Экономика и менеджмент;Государственное и муниципальное управление,
30116425,Анализ панельных данных и данных о длительности состояний,,,,"Ратникова Т.А., Фурманов К.К.",2014,,Издательский дом Высшей школы экономики,,376,376,Russian,,,,978-5-7598-1093-3,,,,,,,,,,66075,0,,,,,,,1,2785356,pdf,8f05e0dd4dfdfcfb4994009d87cd97b7,,,,0,2000-01-01 01:00:00,2017-04-19 19:07:37,https://e.lanbook.com/img/covers/book/26753/2014/66075.jpg,Экономика и менеджмент;Информационный менеджмент,
30116426,Венчурный менеджмент,,,,"Рогова Е.М., Ткаченко Е.А., Фияксель Э.А.",2011,,Издательский дом Высшей школы экономики,,440,440,Russian,,,,978-5-7598-0746-9,,,,,,,,,,66076,0,,,,,,,1,4053435,pdf,9b58c68b9df46faf55ff51bc6a4bff0f,,,,0,2000-01-01 01:00:00,2017-04-19 19:07:37,https://e.lanbook.com/img/covers/book/26753/2011/66076.jpg,Экономика и менеджмент;Менеджмент,
30116427,Биографический метод в социологии,,,,Рождественская Е.Ю.,2012,,Издательский дом Высшей школы экономики,,381,384,Russian,,,,978-5-7598-0960-9,,,,,,,,,,66077,0,,,,,,,1,2204763,pdf,54edffb564d78799072fffcf84c18083,,,,0,2000-01-01 01:00:00,2017-04-19 19:07:37,https://e.lanbook.com/img/covers/book/26753/2012/66077.jpg,Социально-гуманитарные науки;Социология,
30116428,Университет. Руководство для владельца,,,,Розовски Г.;Под ред. аграновской М.А.,2015,,Издательский дом Высшей школы экономики,,328,328,Russian,,,,978-5-7598-1221-0,,,,,,,,,,66078,0,,,,,,,1,2493599,pdf,b15f4aa605cf3b95b5cc78d6a328f070,,,,0,2000-01-01 01:00:00,2017-04-19 19:07:37,https://e.lanbook.com/img/covers/book/26753/2015/66078.jpg,Психология. Педагогика;Педагогика,
30116429,Проектирование технологических процессов автоматизированного машиностроительного производства : учеб. Пособие,,,,"Полетаев В.А., Сыркин И.С.",2010,,Кузбасский государственный технический университет имени Т.Ф.Горбачева,,124,128,Russian,,,,978-5-89070-762-8,,,,,,,,,,6608,0,,,,,,,1,672535,pdf,da4466b325617725d1a5d7c3dda2e800,,,,0,2000-01-01 01:00:00,2017-04-19 19:07:37,https://e.lanbook.com/img/covers/book/7662/2010/6608.jpg,Инженерно-технические науки;Автоматика и управление в технических системах,
30116430,В поисках четвертого Рима: Российские дебаты о переносе столицы,,,,Россман В.,2014,,Издательский дом Высшей школы экономики,,288,287,Russian,,,,978-5-7598-1080-3,,,,,,,,,,66080,0,,,,,,,1,2003891,pdf,34cdedb34fcd0d577153569da015ec0f,,,,0,2000-01-01 01:00:00,2017-04-19 19:07:37,https://e.lanbook.com/img/covers/book/26753/2014/66080.jpg,Социально-гуманитарные науки;Политология и обществознание,
30116431,Руководство по закупкам,,,,"Под ред. Димитри Н., Пига Г., Спаньоло Дж. Пер. с англ. Форже М.М., Хилинской Е.В. Под ред. Кузнецовой И.В.",2013,,Издательский дом Высшей школы экономики,,695,695,Russian,,,,978-5-7598-1000-1,,,,,,,,,,66081,0,,,,,,,1,7544722,pdf,f3c54ad1e23bcf43cbc5afb66d1a3379,,,,0,2000-01-01 01:00:00,2017-04-19 19:07:37,https://e.lanbook.com/img/covers/book/26753/2013/66081.jpg,Экономика и менеджмент;Управленческий и финансовый учет,
30116432,Правовое регулирование рынка ценных бумаг,,,,Селивановский А.С.,2014,,Издательский дом Высшей школы экономики,,580,581,Russian,,,,978-5-7598-1083-4,,,,,,,,,,66082,0,,,,,,,1,2930824,pdf,52837899cbc2b1f95a3e730c25ab1c2e,,,,0,2000-01-01 01:00:00,2017-04-19 19:07:37,https://e.lanbook.com/img/covers/book/26753/2014/66082.jpg,Право. Юридические науки;Финансовое право. Налоговое и бюджетное право,
30116433,Сословие русских профессоров. Создатели статусов и смыслов,,,,"Пер. с нем. Левинсона К.; пер. с польск. Добровольского Д.; Под ред. Вишленковой Е.А., Савельевой И.М.",2013,,Издательский дом Высшей школы экономики,,392,392,Russian,,,,978-5-7598-1046-9,,,,,,,,,,66084,0,,,,,,,1,2555038,pdf,5350723477adfc307e980309b55382e0,,,,0,2000-01-01 01:00:00,2017-04-19 19:07:37,https://e.lanbook.com/img/covers/book/26753/2013/66084.jpg,Социально-гуманитарные науки;История,
30116434,Социальное предпринимательство в России и в мире: практика и исследования,,,,Отв. ред. Московская А.А.,2011,,Издательский дом Высшей школы экономики,,288,286,Russian,,,,978-5-7598-0883-1,,,,,,,,,,66086,0,,,,,,,1,1934647,pdf,bda30ad8e7a3b940780d6a760c1b2972,,,,0,2000-01-01 01:00:00,2017-04-19 19:07:37,https://e.lanbook.com/img/covers/book/26753/2011/66086.jpg,Экономика и менеджмент;Экономика России,
30116435,СССР: Жизнь после смерти,,,,"Под ред. Глущенко И.В., Кагарлицкого Б.Ю., Куренного В.А.",2012,,Издательский дом Высшей школы экономики,,304,303,Russian,,,,978-5-7598-0977-7,,,,,,,,,,66088,0,,,,,,,1,1918811,pdf,70aca7706c9177e27a73a50a43145d5a,,,,0,2000-01-01 01:00:00,2017-04-19 19:07:37,https://e.lanbook.com/img/covers/book/26753/2012/66088.jpg,Социально-гуманитарные науки;История,
30116436,Автоматизация технологических процессов и производств : учеб. пособие,,,,Трусов А.Н.,2010,,Кузбасский государственный технический университет имени Т.Ф.Горбачева,,200,208,Russian,,,,978-5-89070-765-9,,,,,,,,,,6609,0,,,,,,,1,12075970,pdf,8deeb49660788a8b7b71b76dd5d2ee2c,,,,0,2000-01-01 01:00:00,2017-04-19 19:07:37,https://e.lanbook.com/img/covers/book/7662/2010/6609.jpg,Инженерно-технические науки;Автоматика и управление в технических системах,
30116437,Субъективность и идентичность,,,,Отв. ред. Михайловский А.В.,2012,,Издательский дом Высшей школы экономики,,366,367,Russian,,,,978-5-7598-0956-2,,,,,,,,,,66090,0,,,,,,,1,2709983,pdf,df468137bff08faf9a4b4b720f3b254a,,,,0,2000-01-01 01:00:00,2017-04-19 19:07:37,https://e.lanbook.com/img/covers/book/26753/2012/66090.jpg,Социально-гуманитарные науки;Философия,
30116438,Методы этнической и кросскультурной психологии,,,,"Татарко А.Н., Лебедева Н.М.",2011,,Издательский дом Высшей школы экономики,,240,239,Russian,,,,978-5-7598-0867-0,,,,,,,,,,66091,0,,,,,,,1,1632456,pdf,e0d1d06aecbc8f37d247ce4a7b91b32e,,,,0,2000-01-01 01:00:00,2017-04-19 19:07:37,https://e.lanbook.com/img/covers/book/26753/2011/66091.jpg,Психология. Педагогика;Практическая психология,
30116439,Права человека в правовой мысли и законотворчестве Российской империи второй половины XIX – начала XX века,,,,"Туманова А.С., Киселев Р.В.",2011,,Издательский дом Высшей школы экономики,,280,280,Russian,,,,978-5-7598-0845-9,,,,,,,,,,66092,0,,,,,,,1,1858167,pdf,d19fd4b95cc34864532ede9894c5e72a,,,,0,2000-01-01 01:00:00,2017-04-19 19:07:37,https://e.lanbook.com/img/covers/book/26753/2011/66092.jpg,Право. Юридические науки;Право интеллектуальной собственности,
30116440,Управление проектами: фундаментальный курс,,,,"Алешин А.В., Аньшин В.М., Багратиони К.А.;Под ред. Аньшина В.М., Ильиной О.Н.",2013,,Издательский дом Высшей школы экономики,,624,623,Russian,,,,978-5-7598-0868-8,,,,,,,,,,66093,0,,,,,,,1,5143852,pdf,dee4bed098a83263d7503e59d64f2919,,,,0,2000-01-01 01:00:00,2017-04-19 19:07:37,https://e.lanbook.com/img/covers/book/26753/2013/66093.jpg,Экономика и менеджмент;Инновационный менеджмент,
30116441,Платежные системы и организация расчетов в коммерческом банке,,,,"Усоскин В.М., Белоусова В.Ю.",2012,,Издательский дом Высшей школы экономики,,192,192,Russian,,,,978-5-7598-0921-0,,,,,,,,,,66094,0,,,,,,,1,2852388,pdf,72381e22ddd2d8ffacf3f637ec50a556,,,,0,2000-01-01 01:00:00,2017-04-19 19:07:37,https://e.lanbook.com/img/covers/book/26753/2012/66094.jpg,Экономика и менеджмент;Банковское дело,
30116442,Язык японских СМИ,,,,Фесюн А.Г.,2013,,Издательский дом Высшей школы экономики,,216,216,Russian,,,,978-5-7598-0988-3,,,,,,,,,,66095,0,,,,,,,1,2535856,pdf,10051b376f3eab77b47d8957cc00ce8b,,,,0,2000-01-01 01:00:00,2017-04-19 19:07:37,https://e.lanbook.com/img/covers/book/26753/2013/66095.jpg,Языкознание и литературоведение;Иностранный язык,
30116443,Россия и Южная Африка: наведение мостов,,,,"Филатова И., Давидсон А.",2012,,Издательский дом Высшей школы экономики,,491,492,Russian,,,,978-5-7598-0917-3,,,,,,,,,,66096,0,,,,,,,1,2811588,pdf,c7a30a1f41583e4ef8aebc9c1be88a34,,,,0,2000-01-01 01:00:00,2017-04-19 19:07:37,https://e.lanbook.com/img/covers/book/26753/2012/66096.jpg,Социально-гуманитарные науки;Политология и обществознание,
30116444,Модели экономического управления водными ресурсами,,,,Фридман А.А.,2012,,Издательский дом Высшей школы экономики,,284,286,Russian,,,,978-5-7598-0903-6,,,,,,,,,,66097,0,,,,,,,1,3842539,pdf,b65c41311c32f70aec97b74b4505ff83,,,,0,2000-01-01 01:00:00,2017-04-19 19:07:37,https://e.lanbook.com/img/covers/book/26753/2012/66097.jpg,Экономика и менеджмент;Государственное и муниципальное управление,
30116445,"Оплата служебной деятельности государственных гражданских служащих России: история, практика, эксперименты, перспективы",,,,Чекин М.А.,2014,,Издательский дом Высшей школы экономики,,198,200,Russian,,,,978-5-7598-1091-9,,,,,,,,,,66098,0,,,,,,,1,1194678,pdf,08d7d732b25febb6f76c7743867b2504,,,,0,2000-01-01 01:00:00,2017-04-19 19:07:37,https://e.lanbook.com/img/covers/book/26753/2014/66098.jpg,Право. Юридические науки;Муниципальное право,
30116446,Что есть что в мировой экономике: словарь-справочник,,,,"Анашкин О.С., Бутенко А.В., Вериго С.А., Галата К.А.;Глущенко Г.И., Головачев С.С., Данилина В.Н., Евстигнеев В.Р., Зуев В.Н., Какабадзе А.И., Камротов М.В., Ковалева А.И., Корженевский Н.И., Корольков М.П., Крюков В.А., Лавут А.А., Масленников В.В., Митрова Т.А., Паньков В.С., Ревин В.Н., Рубцов Б.Б., Симо",2012,,Издательский дом Высшей школы экономики,,328,328,Russian,,,,978-5-7598-0787-2,,,,,,,,,,66099,0,,,,,,,1,1928852,pdf,18487c9bbc1054c88f2a3f0e15c76cc1,,,,0,2000-01-01 01:00:00,2017-04-19 19:07:37,,Экономика и менеджмент;Мировая экономика,
30116447,Моделирование компонентов и элементов интегральных схем,,,,"Петров М.Н., Гудков Г.В.",2011,1-е изд.,"Издательство \Лань\""""",,464,463,Russian,,,,978-5-8114-1075-0,,,,,,,,,,661,0,,,,,,,1,9167379,pdf,f8da64d8273f85673920529550d6f49c,,,,0,2000-01-01 01:00:00,2017-04-19 19:07:37,https://e.lanbook.com/img/covers/book/905/2011/661.jpg,Инженерно-технические науки;Электроника и радиотехника,
30116448,Проектирование автоматизированных технологических процессов : учеб. пособие,,,,Трусов А.Н.,2008,,Кузбасский государственный технический университет имени Т.Ф.Горбачева,,231,239,Russian,,,,978-5-89070-619-5,,,,,,,,,,6610,0,,,,,,,1,8896695,pdf,c48d7e84e9e73b6db40a5d6d1811e76c,,,,0,2000-01-01 01:00:00,2017-04-19 19:07:37,https://e.lanbook.com/img/covers/book/7662/2008/6610.jpg,Инженерно-технические науки;Автоматика и управление в технических системах,
30116449,Коллективная чувственность: теории и практики левого авангарда,,,,Чубаров И.М.,2014,,Издательский дом Высшей школы экономики,,344,344,Russian,,,,978-5-7598-1095-7,,,,,,,,,,66100,0,,,,,,,1,1529241,pdf,08ffb43f716574789072297ccf5fe2ea,,,,0,2000-01-01 01:00:00,2017-04-19 19:07:37,,Социально-гуманитарные науки;Политология и обществознание,
30116450,Метаморфозы права. Право и правовая традиция,,,,Шевцов С.П.,2014,,Издательский дом Высшей школы экономики,,408,407,Russian,,,,978-5-7598-1125-1,,,,,,,,,,66101,0,,,,,,,1,1967855,pdf,85fe767735565e41837f93175e646bcb,,,,0,2000-01-01 01:00:00,2017-04-19 19:07:37,https://e.lanbook.com/img/covers/book/26753/2014/66101.jpg,Право. Юридические науки;Правоведение и философия для медиков,
30116451,Формы сетевого взаимодействия компаний: курс лекций,,,,Шерешева М.Ю.,2010,,Издательский дом Высшей школы экономики,,340,339,Russian,,,,978-5-7598-0721-6,,,,,,,,,,66102,0,,,,,,,1,4203320,pdf,c9eb74c7515526e987be8865d5ab6321,,,,0,2000-01-01 01:00:00,2017-04-19 19:07:37,https://e.lanbook.com/img/covers/book/26753/2010/66102.jpg,Экономика и менеджмент;Маркетинг,
30116452,Социология неравенства. Теория и реальность,,,,Шкаратан О.И.,2012,,Издательский дом Высшей школы экономики,,527,527,Russian,,,,978-5-7598-0913-5,,,,,,,,,,66103,0,,,,,,,1,2670192,pdf,12b22eace5012269fabdf142bb541cfe,,,,0,2000-01-01 01:00:00,2017-04-19 19:07:37,https://e.lanbook.com/img/covers/book/26753/2012/66103.jpg,Социально-гуманитарные науки;Социология,
30116453,Государство и политическая форма,,,,"Шмитт К.;Пер. с нем. Кильдюшова О.В.; Сост. Анашвили В.В., Кильдюшов О.В.",2010,,Издательский дом Высшей школы экономики,,272,271,Russian,,,,978-5-7598-0741-4,,,,,,,,,,66104,0,,,,,,,1,3160837,pdf,8630e3d06188a5b006cf9454c66bc868,,,,0,2000-01-01 01:00:00,2017-04-19 19:07:37,https://e.lanbook.com/img/covers/book/26753/2010/66104.jpg,Социально-гуманитарные науки;Политология и обществознание,
30116454,Рецессия капитализма — скрытые причины. Realeconomik,,,,Явлинский Г.А.,2014,,Издательский дом Высшей школы экономики,,184,184,Russian,,,,978-5-7598-1106-0,,,,,,,,,,66106,0,,,,,,,1,1192863,pdf,5a9b8be1bb0dc0a50d2eae0de2d2131e,,,,0,2000-01-01 01:00:00,2017-04-19 19:07:37,https://e.lanbook.com/img/covers/book/26753/2014/66106.jpg,Социально-гуманитарные науки;Политология и обществознание,
30116455,"Психология инноваций: подходы, методы, процессы",,,,Яголковский С.Р.,2011,,Издательский дом Высшей школы экономики,,272,271,Russian,,,,978-5-7598-0771-1,,,,,,,,,,66107,0,,,,,,,1,2576939,pdf,f1dd57a660b73810da862905e07b205e,,,,0,2000-01-01 01:00:00,2017-04-19 19:07:37,https://e.lanbook.com/img/covers/book/26753/2011/66107.jpg,Экономика и менеджмент;Инновационный менеджмент,
30116456,"Эссе о неформальной экономике, или 16 оттенков серого",,,,Барсукова С.Ю.,2015,,Издательский дом Высшей школы экономики,,215,216,Russian,,,,978-5-7598-1262-3,,,,,,,,,,66108,0,,,,,,,1,1028574,pdf,39f46b91fc5aab2188c0d0fb478c64d2,,,,0,2000-01-01 01:00:00,2017-04-19 19:07:37,https://e.lanbook.com/img/covers/book/26753/2015/66108.jpg,Экономика и менеджмент;Экономика России,
30116457,Барабанщики и шпионы. Марсельеза Аркадия Гайдара,,,,Глущенко И.,2015,,Издательский дом Высшей школы экономики,,96,95,Russian,,,,978-5-7598-1289-0,,,,,,,,,,66109,0,,,,,,,1,888378,pdf,2a226b5cda2c9d22b2212eebd3d42a24,,,,0,2000-01-01 01:00:00,2017-04-19 19:07:37,https://e.lanbook.com/img/covers/book/26753/2015/66109.jpg,Языкознание и литературоведение;Литературоведение,
30116458,Нормирование и контроль плотности грунтов земляного полотна : уч. Пособие,,,,"Афиногенов О.П., Шаламанов В.А., Афиногенов А.О.",2008,,Кузбасский государственный технический университет имени Т.Ф.Горбачева,,96,96,Russian,,,,978-5-89070-606-5,,,,,,,,,,6611,0,,,,,,,1,6011335,pdf,941e042666f074a0d70cf19d4053508d,,,,0,2000-01-01 01:00:00,2017-04-19 19:07:37,https://e.lanbook.com/img/covers/book/7662/2008/6611.jpg,Инженерно-технические науки;Горное дело,
30116459,Кредитные рейтинги и их моделирование,,,,Карминский А.М.,2015,,Издательский дом Высшей школы экономики,,304,304,Russian,,,,978-5-7598-1232-6,,,,,,,,,,66110,0,,,,,,,1,2980838,pdf,96c955e8a8444d6d22fca09a85ef8496,,,,0,2000-01-01 01:00:00,2017-04-19 19:07:37,https://e.lanbook.com/img/covers/book/26753/2015/66110.jpg,Экономика и менеджмент;Финансовый менеджмент,
30116460,Алгоритмы компьютерной арифметики,,,,"Окулов С.М., Лялин С.М., Пестов О.А., Разова Е.В.",2015,2-е изд. (эл.),"Издательство \Лаборатория знаний\"" (ранее \""БИНОМ. Лаборатория знаний\"")""",,288,288,Russian,,,,978-5-9963-2363-0,,,,,,,,,,66112,0,,,,,,,1,5519148,pdf,f8c8439d8527418dfb24049fa15900ef,,,,0,2000-01-01 01:00:00,2017-04-19 19:07:37,https://e.lanbook.com/img/covers/book/3826/2015/66112.jpg,Информатика;Алгоритмизация,
30116461,Алгоритмы обработки строк,,,,Окулов С.М.,2015,3-е изд. (эл.),"Издательство \Лаборатория знаний\"" (ранее \""БИНОМ. Лаборатория знаний\"")""",,258,258,Russian,,,,978-5-9963-2622-8,,,,,,,,,,66113,0,,,,,,,1,2689576,pdf,dcedc124099489d2f179e227986a13d8,,,,0,2000-01-01 01:00:00,2017-04-19 19:07:37,https://e.lanbook.com/img/covers/book/3826/2015/66113.jpg,Информатика;Алгоритмизация,
30116462,Динамическое программирование,,,,"Окулов С.М., Пестов О.А.",2015,2-е изд. (эл.),"Издательство \Лаборатория знаний\"" (ранее \""БИНОМ. Лаборатория знаний\"")""",,299,299,Russian,,,,978-5-9963-2572-6,,,,,,,,,,66114,0,,,,,,,1,3622980,pdf,78d4439241bee2a87a434e746af7d6fa,,,,0,2000-01-01 01:00:00,2017-04-19 19:07:37,https://e.lanbook.com/img/covers/book/3826/2015/66114.jpg,Информатика;Программирование,
30116463,Интерактивные графические системы,,,,Корнеев В.И.,2015,3-е изд. (эл.),"Издательство \Лаборатория знаний\"" (ранее \""БИНОМ. Лаборатория знаний\"")""",,235,235,Russian,,,,978-5-9963-2576-4,,,,,,,,,,66116,0,,,,,,,1,2905447,pdf,7ae678576b337fb4e27eb768782cc1d8,,,,0,2000-01-01 01:00:00,2017-04-19 19:07:37,https://e.lanbook.com/img/covers/book/3826/2015/66116.jpg,Информатика;Методика обучения,
30116464,Информатика и информация. Знаково-символьный аспект,,,,Бубнов В.А.,2015,Эл. изд.,"Издательство \Лаборатория знаний\"" (ранее \""БИНОМ. Лаборатория знаний\"")""",,323,323,Russian,,,,978-5-9963-2782-9,,,,,,,,,,66117,0,,,,,,,1,2925773,pdf,851e9785cf7cfaf582967b71b389fdc5,,,,0,2000-01-01 01:00:00,2017-04-19 19:07:37,https://e.lanbook.com/img/covers/book/3826/2015/66117.jpg,Информатика;Информационные технологии,
30116465,Информатика: пособие для подготовки к ЕГЭ,,,,"Вовк Е.Т., Глинка Н.В., Грацианова Т.Ю.",2015,"3-е изд. (эл.), испр. и доп.","Издательство \Лаборатория знаний\"" (ранее \""БИНОМ. Лаборатория знаний\"")""",,355,355,Russian,,,,978-5-9963-2893-2,,,,,,,,,,66118,0,,,,,,,1,4592100,pdf,bf18c5232394d59b97af2e624a5d06cc,,,,0,2000-01-01 01:00:00,2017-04-19 19:07:37,https://e.lanbook.com/img/covers/book/3826/2015/66118.jpg,Информатика;Информационные технологии,
30116466,Основы программирования,,,,Окулов С.М.,2015,8-е изд. (эл.),"Издательство \Лаборатория знаний\"" (ранее \""БИНОМ. Лаборатория знаний\"")""",,339,339,Russian,,,,978-5-9963-2917-5,,,,,,,,,,66119,0,,,,,,,1,1926073,pdf,8be7f845fa908a0d00a4dfe24d06729f,,,,0,2000-01-01 01:00:00,2017-04-19 19:07:37,https://e.lanbook.com/img/covers/book/3826/2015/66119.jpg,Информатика;Программирование,
30116467,Расчет устойчивости откосов при открытой геотехнологии : учеб. пособие,,,,Бахаева С.П.,2011,,Кузбасский государственный технический университет имени Т.Ф.Горбачева,,158,160,Russian,,,,978-5-89070-803-8,,,,,,,,,,6612,0,,,,,,,1,8503351,pdf,e4f9a25bc1e3bc61b9b958448ea5d831,,,,0,2000-01-01 01:00:00,2017-04-19 19:07:37,https://e.lanbook.com/img/covers/book/7662/2011/6612.jpg,Инженерно-технические науки;Горное дело,
30116468,Практикум по объектно-ориентированному программированию,,,,"Бабушкина И.А., Окулов С.М.",2015,4-е изд. (эл.),"Издательство \Лаборатория знаний\"" (ранее \""БИНОМ. Лаборатория знаний\"")""",,369,369,Russian,,,,978-5-9963-2542-9,,,,,,,,,,66121,0,,,,,,,1,2562548,pdf,c8331b8ebb55ba255a70f953322cd27d,,,,0,2000-01-01 01:00:00,2017-04-19 19:07:37,https://e.lanbook.com/img/covers/book/3826/2015/66121.jpg,Информатика;Программирование,
30116469,Преподавание информационных технологий в школе,,,,Богомолова О.Б.,2015,2-е изд. (эл.),"Издательство \Лаборатория знаний\"" (ранее \""БИНОМ. Лаборатория знаний\"")""",,422,422,Russian,,,,978-5-9963-2806-2,,,,,,,,,,66122,0,,,,,,,1,12769257,pdf,3dd6d302ca6d96a5c4fac40007ed53f1,,,,0,2000-01-01 01:00:00,2017-04-19 19:07:37,https://e.lanbook.com/img/covers/book/3826/2015/66122.jpg,Информатика;Методика обучения,
30116470,Программирование,,,,"Давыдова Н.А., Боровская Е.В.",2015,3-е изд. (эл.),"Издательство \Лаборатория знаний\"" (ранее \""БИНОМ. Лаборатория знаний\"")""",,241,241,Russian,,,,978-5-9963-2647-1,,,,,,,,,,66124,0,,,,,,,1,2742377,pdf,87d558561825ae80548888c1b18a5d7c,,,,0,2000-01-01 01:00:00,2017-04-19 19:07:37,https://e.lanbook.com/img/covers/book/3826/2015/66124.jpg,Информатика;Программирование,
30116471,Разработка Паскаль-компилятора,,,,Залогова Л.А.,2014,3-е изд. (эл.),"Издательство \Лаборатория знаний\"" (ранее \""БИНОМ. Лаборатория знаний\"")""",,186,185,Russian,,,,978-5-9963-2526-9,,,,,,,,,,66125,0,,,,,,,1,1960497,pdf,82b1ae6e3fdb91744b33b81c3c93ef24,,,,0,2000-01-01 01:00:00,2017-04-19 19:07:37,https://e.lanbook.com/img/covers/book/3826/2014/66125.jpg,Информатика;Программирование,
30116472,Структуры данных и проектирование программ,,,,Круз Р.Л.;Пер. с англ.,2014,2-е изд. (эл.),"Издательство \Лаборатория знаний\"" (ранее \""БИНОМ. Лаборатория знаний\"")""",,765,767,Russian,,,,978-5-9963-1308-2,,,,,,,,,,66126,0,,,,,,,1,6655265,pdf,ff196f291758532e978f6ca7a2aae392,,,,0,2000-01-01 01:00:00,2017-04-19 19:07:37,https://e.lanbook.com/img/covers/book/3826/2014/66126.jpg,Информатика;Информационные технологии,
30116473,10 заповедей нестабильности. Замечательные идеи ХХ века,,,,Флауэрс Ч.;Пер. с англ. Хачояна А.В.,2014,2-е изд. (эл.),"Издательство \Лаборатория знаний\"" (ранее \""БИНОМ. Лаборатория знаний\"")""",,197,200,Russian,,,,978-5-9963-1183-5,,,,,,,,,,66128,0,,,,,,,1,1696110,pdf,f53945c60565f18e19cb5d9597e531a5,,,,0,2000-01-01 01:00:00,2017-04-19 19:07:37,https://e.lanbook.com/img/covers/book/3826/2014/66128.jpg,Экономика и менеджмент;Мировая экономика,
30116474,Диагностика предприятия: поддержка управленческих решений,,,,Савчук В.П.,2015,2-е изд. (эл.),"Издательство \Лаборатория знаний\"" (ранее \""БИНОМ. Лаборатория знаний\"")""",,176,176,Russian,,,,978-5-9963-2790-4,,,,,,,,,,66129,0,,,,,,,1,4663259,pdf,45f4956a4b2ee2be8d7bf9b7660a587b,,,,0,2000-01-01 01:00:00,2017-04-19 19:07:37,https://e.lanbook.com/img/covers/book/3826/2015/66129.jpg,Экономика и менеджмент;Менеджмент,
30116475,Основы расчета карьерного транспорта : учеб. Пособие,,,,Захаров А.Ю.,2012,,Кузбасский государственный технический университет имени Т.Ф.Горбачева,,110,111,Russian,,,,978-5-89070-855-7,,,,,,,,,,6613,0,,,,,,,1,4391728,pdf,dd1fa1ed64f1e782cabd77a3bca40492,,,,0,2000-01-01 01:00:00,2017-04-19 19:07:37,https://e.lanbook.com/img/covers/book/7662/2012/6613.jpg,Инженерно-технические науки;Горное дело,
30116476,Динамическое программирование в экономических задачах,,,,Лежнев А.В.,2015,3-е изд. (эл.),"Издательство \Лаборатория знаний\"" (ранее \""БИНОМ. Лаборатория знаний\"")""",,179,179,Russian,,,,978-5-9963-2564-1,,,,,,,,,,66130,0,,,,,,,1,1696677,pdf,3ed738ae2d4ed09bfe52f549917633b5,,,,0,2000-01-01 01:00:00,2017-04-19 19:07:37,https://e.lanbook.com/img/covers/book/3826/2015/66130.jpg,Экономика и менеджмент;Статистика,
30116477,"Ключевые модели менеджмента. 60 моделей, которые должен знать каждый менеджер",,,,"М. ван Ассен, Г. ван ден Берг, Питерсма П.;Пер. с англ. Егорова В.Н.",2014,4-е изд. (эл.),"Издательство \Лаборатория знаний\"" (ранее \""БИНОМ. Лаборатория знаний\"")""",,319,321,Russian,,,,978-5-9963-2217-6,,,,,,,,,,66131,0,,,,,,,1,3191738,pdf,a8a929bfff667b35a1e02b1eb5da9536,,,,0,2000-01-01 01:00:00,2017-04-19 19:07:37,https://e.lanbook.com/img/covers/book/3826/2014/66131.jpg,Экономика и менеджмент;Менеджмент,
30116478,"Ключевые стратегические инструменты. 88 инструментов, которые должен знать каждый менеджер",,,,Эванс В.;Пер. с англ. Егорова В.Н.,2015,Эл. изд.,"Издательство \Лаборатория знаний\"" (ранее \""БИНОМ. Лаборатория знаний\"")""",,459,459,Russian,,,,978-5-9963-2902-1,,,,,,,,,,66132,0,,,,,,,1,3557063,pdf,68384ce8ee2450ca2b653c7957b33de5,,,,0,2000-01-01 01:00:00,2017-04-19 19:07:37,https://e.lanbook.com/img/covers/book/3826/2015/66132.jpg,Экономика и менеджмент;Стратегический менеджмент,
30116479,Конец конкурентного преимущества,,,,Макграт Р.Г.;Пер. с англ. Егорова В.Н.,2015,2-е изд. (эл.),"Издательство \Лаборатория знаний\"" (ранее \""БИНОМ. Лаборатория знаний\"")""",,251,251,Russian,,,,978-5-9963-2408-8,,,,,,,,,,66133,0,,,,,,,1,1359797,pdf,58a4039b9c9f515708e5e3eabb704a9f,,,,0,2000-01-01 01:00:00,2017-04-19 19:07:37,https://e.lanbook.com/img/covers/book/3826/2015/66133.jpg,Экономика и менеджмент;Маркетинг,
30116480,Конкурентоспособность в Интернете: как сделать свой проект успешным,,,,Осадчук Е.В.,2015,3-е изд. (эл.),"Издательство \Лаборатория знаний\"" (ранее \""БИНОМ. Лаборатория знаний\"")""",,155,155,Russian,,,,978-5-9963-2575-7,,,,,,,,,,66134,0,,,,,,,1,1070975,pdf,00cdf160b08470edf2b106b2c0de45de,,,,0,2000-01-01 01:00:00,2017-04-19 19:07:37,https://e.lanbook.com/img/covers/book/3826/2015/66134.jpg,Экономика и менеджмент;Маркетинг,
30116481,Методы и алгоритмы финансовой математики,,,,Люу Ю-Д.;Пер. с англ. Жуленева С.В.,2014,2-е изд. (эл.),"Издательство \Лаборатория знаний\"" (ранее \""БИНОМ. Лаборатория знаний\"")""",,754,754,Russian,,,,978-5-9963-1320-4,,,,,,,,,,66135,0,,,,,,,1,8001501,pdf,21033545f7086ec35cb3c263700c8762,,,,0,2000-01-01 01:00:00,2017-04-19 19:07:37,https://e.lanbook.com/img/covers/book/3826/2014/66135.jpg,Экономика и менеджмент;Финансовый менеджмент,
30116482,Моделирование процессов управления и принятия решений в условиях чрезвычайных ситуаций,,,,Ямалов И.У.,2015,3-е изд. (эл.),"Издательство \Лаборатория знаний\"" (ранее \""БИНОМ. Лаборатория знаний\"")""",,291,291,Russian,,,,978-5-9963-2562-7,,,,,,,,,,66136,0,,,,,,,1,7882874,pdf,ca48389e9d1bd9441efbdba8f8ebbe06,,,,0,2000-01-01 01:00:00,2017-04-19 19:07:37,https://e.lanbook.com/img/covers/book/3826/2015/66136.jpg,Экономика и менеджмент;Менеджмент,
30116483,Поверьте Кассандре. Как быть оптимистом в пессимистичном мире,,,,Аткиссон А.;Пер. с англ. Дедюхина В.В.,2015,2-е изд. (эл.),"Издательство \Лаборатория знаний\"" (ранее \""БИНОМ. Лаборатория знаний\"")""",,267,267,Russian,,,,978-5-9963-2521-4,,,,,,,,,,66137,0,,,,,,,1,1596837,pdf,8be07610f82ef765c47297f8f3240660,,,,0,2000-01-01 01:00:00,2017-04-19 19:07:37,https://e.lanbook.com/img/covers/book/3826/2015/66137.jpg,Экономика и менеджмент;Экологический менеджмент,
30116484,Пределы роста: 30 лет спустя,,,,"Медоуз Д.Х., Рандерс Й., Медоуз Д.Л.;Пер. с англ. Оганесян Е.С.",2014,2-е изд. (эл.),"Издательство \Лаборатория знаний\"" (ранее \""БИНОМ. Лаборатория знаний\"")""",,361,361,Russian,,,,978-5-9963-2577-1,,,,,,,,,,66138,0,,,,,,,1,2476147,pdf,f8a7528798eb923fd81fa2db43655a95,,,,0,2000-01-01 01:00:00,2017-04-19 19:07:37,https://e.lanbook.com/img/covers/book/3826/2014/66138.jpg,Экономика и менеджмент;Экологический менеджмент,
30116485,Гидрогеология и инженерная геология : учеб. пособие к практическим занятиям,,,,"Игнатов Е.В., Тюленев М.А., Возная А.А.",2011,,Кузбасский государственный технический университет имени Т.Ф.Горбачева,,100,101,Russian,,,,978-5-89070-813-7,,,,,,,,,,6614,0,,,,,,,1,2477175,pdf,1bf06fe18ce8b983df2eded99bf9a0ed,,,,0,2000-01-01 01:00:00,2017-04-19 19:07:37,https://e.lanbook.com/img/covers/book/7662/2011/6614.jpg,Инженерно-технические науки;Горное дело,
30116486,Профессиональное управление проектом,,,,Хелдман К.;Пер. с англ. Шаврина А.В.,2015,6-е изд. (эл.),"Издательство \Лаборатория знаний\"" (ранее \""БИНОМ. Лаборатория знаний\"")""",,731,731,Russian,,,,978-5-9963-2503-0,,,,,,,,,,66140,0,,,,,,,1,3902646,pdf,e4092531f88683b9bcdc29fe4e235e5c,,,,0,2000-01-01 01:00:00,2017-04-19 19:07:37,https://e.lanbook.com/img/covers/book/3826/2015/66140.jpg,Экономика и менеджмент;Инновационный менеджмент,
30116487,Управление программами проектов на основе стандарта PMI The Standard for Program Management. Изложение методологии и рекомендации по применению,,,,Павлов А.Н.,2015,3-е изд. (эл.),"Издательство \Лаборатория знаний\"" (ранее \""БИНОМ. Лаборатория знаний\"")""",,267,267,Russian,,,,978-5-9963-2911-3,,,,,,,,,,66141,0,,,,,,,1,1417062,pdf,f7caf0b541b98bbc1360798f79ba9e51,,,,0,2000-01-01 01:00:00,2017-04-19 19:07:37,https://e.lanbook.com/img/covers/book/3826/2015/66141.jpg,Экономика и менеджмент;Менеджмент,
30116488,Управление проектами на основе стандарта PMI PMBOK®. Изложение методологии и опыт применения,,,,Павлов А.Н.,2014,4-е изд. (эл.),"Издательство \Лаборатория знаний\"" (ранее \""БИНОМ. Лаборатория знаний\"")""",,271,274,Russian,,,,978-5-9963-2355-5,,,,,,,,,,66142,0,,,,,,,1,1634981,pdf,8ff23c0611312d48ef25e553e38a6499,,,,0,2000-01-01 01:00:00,2017-04-19 19:07:37,https://e.lanbook.com/img/covers/book/3826/2014/66142.jpg,Экономика и менеджмент;Инновационный менеджмент,
30116489,Управленческий гений. По стопам великих менеджеров,,,,Бротон Ф.Д.;Пер. с англ. В.Н.,2015,Эл. изд.,"Издательство \Лаборатория знаний\"" (ранее \""БИНОМ. Лаборатория знаний\"")""",,334,334,Russian,,,,978-5-9963-2784-3,,,,,,,,,,66143,0,,,,,,,1,1790322,pdf,3091d2ab0241126a66a92fe566c4f2b8,,,,0,2000-01-01 01:00:00,2017-04-19 19:07:37,https://e.lanbook.com/img/covers/book/3826/2015/66143.jpg,Экономика и менеджмент;Менеджмент,
30116490,Шаблоны документов для управления проектами,,,,"Кутузов А.С., Павлов А.Н., Шаврин А.В.",2014,"4-е изд. (эл.), испр.","Издательство \Лаборатория знаний\"" (ранее \""БИНОМ. Лаборатория знаний\"")""",,166,166,Russian,,,,978-5-9963-2304-3,,,,,,,,,,66144,0,,,,,,,1,892173,pdf,8751c54710b948bae47646c999f67b5c,,,,0,2000-01-01 01:00:00,2017-04-19 19:07:37,https://e.lanbook.com/img/covers/book/3826/2014/66144.jpg,Экономика и менеджмент;Инновационный менеджмент,
30116491,Эконометрика,,,,Буравлев А.И.,2014,2-е изд. (эл.),"Издательство \Лаборатория знаний\"" (ранее \""БИНОМ. Лаборатория знаний\"")""",,167,167,Russian,,,,978-5-9963-2525-2,,,,,,,,,,66145,0,,,,,,,1,1378323,pdf,a03942f2e0886a1a7dbf115d32afaf81,,,,0,2000-01-01 01:00:00,2017-04-19 19:07:37,https://e.lanbook.com/img/covers/book/3826/2014/66145.jpg,Экономика и менеджмент;Эконометрика,
30116492,Элементарный курс теории вероятностей. Стохастические процессы и финансовая математика,,,,"Чжун К.Л., АитСахлиа Ф.;Пер. с англ.",2014,2-е изд. (эл.),"Издательство \Лаборатория знаний\"" (ранее \""БИНОМ. Лаборатория знаний\"")""",,455,457,Russian,,,,978-5-9963-1317-4,,,,,,,,,,66146,0,,,,,,,1,3720631,pdf,bea1467ca95600d74ca542ac9d1ecd07,,,,0,2000-01-01 01:00:00,2017-04-19 19:07:37,https://e.lanbook.com/img/covers/book/3826/2014/66146.jpg,Экономика и менеджмент;Статистика,
30116493,"Врач и больной, или по-новому о старом",,,,"Местергази  Г.М.;Предисл. акад. РАМН, проф. Гостищева В.К.",2015,4-е изд. (эл.),"Издательство \Лаборатория знаний\"" (ранее \""БИНОМ. Лаборатория знаний\"")""",,115,115,Russian,,,,978-5-9963-2573-3,,,,,,,,,,66147,0,,,,,,,1,1748473,pdf,d957166c32c5cce42f7b1f2d701dddc5,,,,0,2000-01-01 01:00:00,2017-04-19 19:07:37,https://e.lanbook.com/img/covers/book/3826/2015/66147.jpg,Медицина;Правоведение и философия для медиков,
30116494,Гнойная хирургия: атлас,,,,"Горюнов С.В., Ромашов Д.В., Бутивщенко И.А.",2015,2-е изд. (эл.),"Издательство \Лаборатория знаний\"" (ранее \""БИНОМ. Лаборатория знаний\"")""",,559,559,Russian,,,,978-5-9963-2787-4,,,,,,,,,,66148,0,,,,,,,1,34128407,pdf,1ad931271e12877bdedf45ff4aef0778,,,,0,2000-01-01 01:00:00,2017-04-19 19:07:37,https://e.lanbook.com/img/covers/book/3826/2015/66148.jpg,Медицина;Хирургия и травматология,
30116495,Транспортная технология ведения вскрышных и добычных работ на разрезах Кузбасса : учеб. Пособие,,,,"Колесников В.Ф., Корякин А.И., Воронков В.Ф.",2009,,Кузбасский государственный технический университет имени Т.Ф.Горбачева,,94,95,Russian,,,,978-5-89070-689-8,,,,,,,,,,6615,0,,,,,,,1,1573604,pdf,444f34c0fcb7c2ea278b5d6ba8d264fc,,,,0,2000-01-01 01:00:00,2017-04-19 19:07:37,https://e.lanbook.com/img/covers/book/7662/2009/6615.jpg,Инженерно-технические науки;Горное дело,
30116496,Компьютерная томография в неотложной медицине,,,,"Мирсадре С., Мэнкад К., Чалмерс Э.;Пер. с англ.",2014,2-е изд. (эл.),"Издательство \Лаборатория знаний\"" (ранее \""БИНОМ. Лаборатория знаний\"")""",,242,242,Russian,,,,978-5-9963-2587-0,,,,,,,,,,66150,0,,,,,,,1,5262853,pdf,e89b9602e1f71d41bb4d67616502f7ea,,,,0,2000-01-01 01:00:00,2017-04-19 19:07:37,https://e.lanbook.com/img/covers/book/3826/2014/66150.jpg,Медицина;Диагностика; профилактика; реабилитация,
30116497,Местная анестезия: иллюстрированное практическое руководство,,,,Малрой М.;Пер. с англ. под ред. проф. Емельянова С.И.,2015,4-е изд. (эл.),"Издательство \Лаборатория знаний\"" (ранее \""БИНОМ. Лаборатория знаний\"")""",,403,403,Russian,,,,978-5-9963-2735-5,,,,,,,,,,66152,0,,,,,,,1,6984220,pdf,f96390ed6b10d6fab4a6a8b4a3d93eec,,,,0,2000-01-01 01:00:00,2017-04-19 19:07:37,https://e.lanbook.com/img/covers/book/3826/2015/66152.jpg,Медицина;Анестезиология; реанимация; интенсивная терапия,
30116498,Молекулярное моделирование: теория и практика,,,,"Хёльтье Х.-Д., Зиппль В., Роньян Д., Фолькерс Г.;Пер. с англ.",2015,2-е изд. (эл.),"Издательство \Лаборатория знаний\"" (ранее \""БИНОМ. Лаборатория знаний\"")""",,322,322,Russian,,,,978-5-9963-2401-9,,,,,,,,,,66153,0,,,,,,,1,11764136,pdf,b3976ed74f7562a58b3d4dbe80d37398,,,,0,2000-01-01 01:00:00,2017-04-19 19:07:37,https://e.lanbook.com/img/covers/book/3826/2015/66153.jpg,Медицина;Научная деятельность,
30116499,Неврология новорожденных. Острый период и поздние осложнения,,,,Ратнер А.Ю.,2015,6-е изд. (эл.),"Издательство \Лаборатория знаний\"" (ранее \""БИНОМ. Лаборатория знаний\"")""",,371,371,Russian,,,,978-5-9963-2551-1,,,,,,,,,,66155,0,,,,,,,1,2410832,pdf,2207fdac5d68149dfc9563a477a43a47,,,,0,2000-01-01 01:00:00,2017-04-19 19:07:37,https://e.lanbook.com/img/covers/book/3826/2015/66155.jpg,Медицина;Педиатрия,
30116500,"Нейропротекция: модели, механизмы, терапия",,,,Под ред. Бэра М.; Пер. с англ. Хоменко Ю.В.,2014,2-е изд. (эл.),"Издательство \Лаборатория знаний\"" (ранее \""БИНОМ. Лаборатория знаний\"")""",,436,436,Russian,,,,978-5-9963-2405-7,,,,,,,,,,66156,0,,,,,,,1,5014436,pdf,749dc1588bc0d9be9918b67096ee4bd9,,,,0,2000-01-01 01:00:00,2017-04-19 19:07:37,https://e.lanbook.com/img/covers/book/3826/2014/66156.jpg,Медицина;Неврология,
30116501,Неотложные состояния в кардиологии,,,,"Под ред. Майерсона С., Чаудари Р., Митчелапер Э.; Пер. с англ.",2015,3-е изд. (эл.),"Издательство \Лаборатория знаний\"" (ранее \""БИНОМ. Лаборатория знаний\"")""",,395,395,Russian,,,,978-5-9963-2912-0,,,,,,,,,,66157,0,,,,,,,1,4898539,pdf,8db6bb47bfa0fccde92332c3444f2ca2,,,,0,2000-01-01 01:00:00,2017-04-19 19:07:37,https://e.lanbook.com/img/covers/book/3826/2015/66157.jpg,Медицина;Внутренние болезни,
30116502,Основы клинической радиобиологии,,,,"Джойнер М.С., О. Дж. ван дер Когель;Пер. с англ.",2014,2-е изд. (эл.),"Издательство \Лаборатория знаний\"" (ранее \""БИНОМ. Лаборатория знаний\"")""",,607,607,Russian,,,,978-5-9963-2753-9,,,,,,,,,,66159,0,,,,,,,1,5502155,pdf,87037da4fe182654ee8e493591112f43,,,,0,2000-01-01 01:00:00,2017-04-19 19:07:37,,Медицина;Диагностика; профилактика; реабилитация,
30116503,Горноспасательная служба и тактика ведения горноспасательных работ : учеб. Пособие,,,,"Колмаков В.А., Зубарева В.А., Колмаков А.В.",2008,,Кузбасский государственный технический университет имени Т.Ф.Горбачева,,138,139,Russian,,,,978-5-89070-600-3,,,,,,,,,,6616,0,,,,,,,1,667066,pdf,71122981f3ae21aafefa066abe48501d,,,,0,2000-01-01 01:00:00,2017-04-19 19:07:37,https://e.lanbook.com/img/covers/book/7662/2008/6616.jpg,Инженерно-технические науки;Горное дело,
30116504,Острая абдоминальная патология,,,,"Под ред. Клайна Д., Стед Л.; Пер. с англ.",2014,3-е изд. (эл.),"Издательство \Лаборатория знаний\"" (ранее \""БИНОМ. Лаборатория знаний\"")""",,296,296,Russian,,,,978-5-9963-2539-9,,,,,,,,,,66160,0,,,,,,,1,5737265,pdf,325c398296453085c9bda6227ecd6475,,,,0,2000-01-01 01:00:00,2017-04-19 19:07:37,https://e.lanbook.com/img/covers/book/3826/2014/66160.jpg,Медицина;Хирургия и травматология,
30116505,Патология в рисунках,,,,"Финлейсон К. Дж., Ньюэлл Б.;Пер. с англ. Тумановой Е.Л.",2014,Эл. изд.,"Издательство \Лаборатория знаний\"" (ранее \""БИНОМ. Лаборатория знаний\"")""",,295,295,Russian,,,,978-5-9963-2366-1,,,,,,,,,,66161,0,,,,,,,1,14341594,pdf,f86e4885673c872921e29aa5bc3ae40f,,,,0,2000-01-01 01:00:00,2017-04-19 19:07:37,https://e.lanbook.com/img/covers/book/3826/2014/66161.jpg,Медицина;Хирургия и травматология,
30116506,Паховые грыжи. Реконструкция задней стенки пахового канала,,,,"Нестеренко Ю.А., Газиев Р.М.",2015,2-е изд. (эл.),"Издательство \Лаборатория знаний\"" (ранее \""БИНОМ. Лаборатория знаний\"")""",,146,146,Russian,,,,978-5-9963-2793-5,,,,,,,,,,66162,0,,,,,,,1,3569181,pdf,6e2d713f37a3393e3a5121456397bb15,,,,0,2000-01-01 01:00:00,2017-04-19 19:07:37,https://e.lanbook.com/img/covers/book/3826/2015/66162.jpg,Медицина;Хирургия и травматология,
30116507,Плазменная коагуляция в травматологии и ортопедии,,,,"Шестерня Н.А., Иванников С.В., Тарасов Д.А.",2015,3-е изд. (эл.),"Издательство \Лаборатория знаний\"" (ранее \""БИНОМ. Лаборатория знаний\"")""",,106,106,Russian,,,,978-5-9963-2623-5,,,,,,,,,,66163,0,,,,,,,1,2439189,pdf,0c5e7e56d11080beb01920806384c0ce,,,,0,2000-01-01 01:00:00,2017-04-19 19:07:37,https://e.lanbook.com/img/covers/book/3826/2015/66163.jpg,Медицина;Хирургия и травматология,
30116508,Практическая энзимология,,,,Биссвангер Х.;Пер. с англ. Мосоловой Т.П.,2014,2-е изд. (эл.),"Издательство \Лаборатория знаний\"" (ранее \""БИНОМ. Лаборатория знаний\"")""",,331,331,Russian,,,,978-5-9963-2402-6,,,,,,,,,,66164,0,,,,,,,1,2133470,pdf,29b5f16f5cd43e1391ab3f304a14de61,,,,0,2000-01-01 01:00:00,2017-04-19 19:07:37,https://e.lanbook.com/img/covers/book/3826/2014/66164.jpg,Медицина;Биология и медицинская генетика,
30116509,Прививки: действительно ли они безопасны и эффективны?,,,,Миллер Н.;Пер. с англ. Колядиной Е.Н.,2015,2-е изд. (эл.),"Издательство \Лаборатория знаний\"" (ранее \""БИНОМ. Лаборатория знаний\"")""",,147,147,Russian,,,,978-5-9963-2511-5,,,,,,,,,,66165,0,,,,,,,1,1788482,pdf,6199123a030e415560a298142c2af2d1,,,,0,2000-01-01 01:00:00,2017-04-19 19:07:37,https://e.lanbook.com/img/covers/book/3826/2015/66165.jpg,Медицина;Общественное здоровье и здравоохранение,
30116510,Процедуры и техники в неотложной медицине,,,,"Под ред. Ирвина Р., Риппа Дж., Керли Ф., Херда С.; Пер. с англ.",2015,2-е изд. (эл.),"Издательство \Лаборатория знаний\"" (ранее \""БИНОМ. Лаборатория знаний\"")""",,486,486,Russian,,,,978-5-9963-2884-0,,,,,,,,,,66166,0,,,,,,,1,9436598,pdf,a70643551e6d2fee516f972843ed35ef,,,,0,2000-01-01 01:00:00,2017-04-19 19:07:37,https://e.lanbook.com/img/covers/book/3826/2015/66166.jpg,Медицина;Анестезиология; реанимация; интенсивная терапия,
30116511,Растут ли волосы у покойника? Мифы современной науки,,,,Фишер Э.П.;Пер. с нем.,2015,2-е изд. (эл.),"Издательство \Лаборатория знаний\"" (ранее \""БИНОМ. Лаборатория знаний\"")""",,259,259,Russian,,,,978-5-9963-2882-6,,,,,,,,,,66167,0,,,,,,,1,898271,pdf,ec20be8797f1e7933909012ad43df9ed,,,,0,2000-01-01 01:00:00,2017-04-19 19:07:37,https://e.lanbook.com/img/covers/book/3826/2015/66167.jpg,Медицина;Научная деятельность,
30116512,Медицинская микробиология и иммунология,,,,Левинсон У.;Пер. с англ.,2015,Эл. изд.,"Издательство \Лаборатория знаний\"" (ранее \""БИНОМ. Лаборатория знаний\"")""",,1184,1184,Russian,,,,978-5-9963-2913-7,,,,,,,,,,66169,0,,,,,,,1,19169462,pdf,718b690b29c38b7e8a6e94d787561eb7,,,,0,2000-01-01 01:00:00,2017-04-19 19:07:37,https://e.lanbook.com/img/covers/book/3826/2015/66169.jpg,Медицина;Микробиология; паразитология; вирусология; иммунология,
30116513,Реконструкция горных предприятий : учеб. Пособие,,,,"Косарев Н.Ф., Першин В.В., Копытов А.И., Попов Н.И.",2008,,Кузбасский государственный технический университет имени Т.Ф.Горбачева,,199,198,Russian,,,,978-5-89070-592-1,,,,,,,,,,6617,0,,,,,,,1,11732268,pdf,2b24d8dd3567d567da86365eb23a9422,,,,0,2000-01-01 01:00:00,2017-04-19 19:07:37,https://e.lanbook.com/img/covers/book/7662/2008/6617.jpg,Инженерно-технические науки;Горное дело,
30116514,"Правила промышленной безопасности опасных производственных объектов, на которых используется оборудование, работающее под избыточным давлением, в вопросах и ответах: пособие для изучения и подготовки к проверке знаний",,,,Автор-составитель Меламед А.М.,2015,,"Издательство \ЭНАС\""""",,248,248,Russian,,,,978-5-4248-0108-2,,,,,,,,,,66171,0,,,,,,,1,982852,pdf,03ccab9b1ea9ebe1a5aacc5b809e1c39,,,,0,2000-01-01 01:00:00,2017-04-19 19:07:37,https://e.lanbook.com/img/covers/book/2576/2015/66171.jpg,Инженерно-технические науки;Охрана труда и безопасность,
30116515,Правила по охране труда при работе на высоте в вопросах и ответах : пособие для изучения и подготовки к проверке знаний,,,,Автор-составитель Меламед А.М.,2015,,"Издательство \ЭНАС\""""",,96,96,Russian,,,,978-5-4248-0106-8,,,,,,,,,,66172,0,,,,,,,1,232106,pdf,89d4d7678919fc146b5ce97027dd4761,,,,0,2000-01-01 01:00:00,2017-04-19 19:07:37,https://e.lanbook.com/img/covers/book/2576/2015/66172.jpg,Инженерно-технические науки;Охрана труда и безопасность,
30116516,Правила по охране труда при погрузочно-разгрузочных работах и размещении грузов : пособие для изучения и подготовки к проверке знаний,,,,Автор-составитель Меламед А.М.,2015,,"Издательство \ЭНАС\""""",,80,80,Russian,,,,978-5-4248-0107-5,,,,,,,,,,66173,0,,,,,,,1,203502,pdf,f6a07e29cb06768c9b542dd6389f3f6f,,,,0,2000-01-01 01:00:00,2017-04-19 19:07:37,https://e.lanbook.com/img/covers/book/2576/2015/66173.jpg,Инженерно-технические науки;Охрана труда и безопасность,
30116517,Правила по охране труда при выполнении электросварочных и газосварочных работ в вопросах и ответах: пособие для изучения и подготовки к проверке знаний,,,,Автор-составитель Меламед А.М.,2015,,"Издательство \ЭНАС\""""",,64,64,Russian,,,,978-5-4248-0110-5,,,,,,,,,,66174,0,,,,,,,1,155000,pdf,fb39b33637f8afc2e862750ede2a9e4d,,,,0,2000-01-01 01:00:00,2017-04-19 19:07:37,https://e.lanbook.com/img/covers/book/2576/2015/66174.jpg,Инженерно-технические науки;Охрана труда и безопасность,
30116518,Межотраслевые правила по охране труда при эксплуатации газового хозяйства организаций в вопросах и ответах: пособие для изучения и подготовки к проверке знаний,,,,Автор-составитель Красник В.В.,2012,,"Издательство \ЭНАС\""""",,80,80,Russian,,,,978-5-4248-0053-5,,,,,,,,,,66175,0,,,,,,,1,649175,pdf,78040270e6781ac0704f67290de0a62e,,,,0,2000-01-01 01:00:00,2017-04-19 19:07:37,https://e.lanbook.com/img/covers/book/2576/2012/66175.jpg,Инженерно-технические науки;БЖД; охрана окружающей среды,
30116519,"Ветер, дождь и облака",,,,Рамсторф С.;Пер. с нем. Городецкого С.И.,2015,2-е изд. (эл.),"Издательство \Лаборатория знаний\"" (ранее \""БИНОМ. Лаборатория знаний\"")""",,223,223,Russian,,,,978-5-9963-2799-7,,,,,,,,,,66176,0,,,,,,,1,41002265,pdf,e1212c483641b57d05b5aa20d0ba2d1b,,,,0,2000-01-01 01:00:00,2017-04-19 19:07:37,https://e.lanbook.com/img/covers/book/3826/2015/66176.jpg,Физика;Физика (общие курсы),
30116520,"Двигатели гравитации. Как черные дыры управляют галактиками, звездами и жизнью в космосе",,,,Шарф К.А.;Пер. с англ. Лисовской Т.Ю.,2014,Эл. изд.,"Издательство \Лаборатория знаний\"" (ранее \""БИНОМ. Лаборатория знаний\"")""",,265,265,Russian,,,,978-5-9963-2427-9,,,,,,,,,,66178,0,,,,,,,1,2433369,pdf,ea4c870bb8e1c33c8afb79baab705d29,,,,0,2000-01-01 01:00:00,2017-04-19 19:07:37,https://e.lanbook.com/img/covers/book/3826/2014/66178.jpg,Физика;Астрономия,
30116521,Искусство презентации: практикум,,,,"Богомолова О.Б., Усенков Д.Ю.",2015,2-е изд. (эл.),"Издательство \Лаборатория знаний\"" (ранее \""БИНОМ. Лаборатория знаний\"")""",,457,457,Russian,,,,978-5-9963-2775-1,,,,,,,,,,66179,0,,,,,,,1,24400529,pdf,cf511741c8dff891f75637cd7b557732,,,,0,2000-01-01 01:00:00,2017-04-19 19:07:37,https://e.lanbook.com/img/covers/book/3826/2015/66179.jpg,Информатика;Прикладные программы,
30116522,Строительство подземных сооружений и шахт. Учебное пособие по дипломному проектированию,,,,"Першин В.В., Политов А.П., Копытов А.И., Войтов М.Д.",2010,,Кузбасский государственный технический университет имени Т.Ф.Горбачева,,91,91,Russian,,,,978-5-89070-720-8,,,,,,,,,,6618,0,,,,,,,1,449388,pdf,aead7966c52c88456832f9148fd3f3d9,,,,0,2000-01-01 01:00:00,2017-04-19 19:07:37,https://e.lanbook.com/img/covers/book/7662/2010/6618.jpg,Инженерно-технические науки;Горное дело,
30116523,Современные проблемы науки,,,,"Ясницкий Л.Н., Данилевич Т.В.",2014,3-е изд. (эл.),"Издательство \Лаборатория знаний\"" (ранее \""БИНОМ. Лаборатория знаний\"")""",,297,296,Russian,,,,978-5-9963-2502-3,,,,,,,,,,66180,0,,,,,,,1,2992433,pdf,db842e813384fbc1f82ff735493d35a1,,,,0,2000-01-01 01:00:00,2017-04-19 19:07:37,https://e.lanbook.com/img/covers/book/3826/2014/66180.jpg,Психология. Педагогика;Психология,
30116524,Футурология. ХХI век: бессмертие или глобальная катастрофа,,,,"Турчин А.В., Батин М.А.",2014,2-е изд. (эл.),"Издательство \Лаборатория знаний\"" (ранее \""БИНОМ. Лаборатория знаний\"")""",,290,267,Russian,,,,978-5-9963-2534-4,,,,,,,,,,66181,0,,,,,,,1,5448856,pdf,baca6e3131680180696492cbcb166345,,,,0,2000-01-01 01:00:00,2017-04-19 19:07:37,https://e.lanbook.com/img/covers/book/3826/2014/66181.jpg,Социально-гуманитарные науки;Науковедение,
30116525,Игры для развития системного мышления,,,,"Бут Свини Л., Медоуз Д.Л.;Пер. с англ. Оганесян Е.С.; Под ред. Тарасовой Н.П.",2015,2-е изд. (эл.),"Издательство \Лаборатория знаний\"" (ранее \""БИНОМ. Лаборатория знаний\"")""",,305,305,Russian,,,,978-5-9963-2883-3,,,,,,,,,,66184,0,,,,,,,1,4897256,pdf,dcb9c1a9456fb2b24fe56a3cebe5e759,,,,0,2000-01-01 01:00:00,2017-04-19 19:07:37,https://e.lanbook.com/img/covers/book/3826/2015/66184.jpg,Психология. Педагогика;Педагогика,
30116526,Использование информационно-коммуникационных технологий при обучении химии,,,,"Аспицкая А.Ф., Кирсберг Л.В.",2015,3-е изд. (эл.),"Издательство \Лаборатория знаний\"" (ранее \""БИНОМ. Лаборатория знаний\"")""",,359,359,Russian,,,,978-5-9963-2604-4,,,,,,,,,,66185,0,,,,,,,1,7001155,pdf,7a3dde6ce3726179a26f679fb6905f7c,,,,0,2000-01-01 01:00:00,2017-04-19 19:07:37,https://e.lanbook.com/img/covers/book/3826/2015/66185.jpg,Психология. Педагогика;Педагогика,
30116527,"Креативная педагогика. Методология, теория, практика",,,,"Под ред. д. т. н., проф. Попова В.В., акад. РАО Круглова Ю.Г.",2014,4-е изд. (эл.),"Издательство \Лаборатория знаний\"" (ранее \""БИНОМ. Лаборатория знаний\"")""",,322,322,Russian,,,,978-5-9963-2523-8,,,,,,,,,,66187,0,,,,,,,1,3352080,pdf,683e9a1c1f6a7f718852d68155328c04,,,,0,2000-01-01 01:00:00,2017-04-19 19:07:37,https://e.lanbook.com/img/covers/book/3826/2014/66187.jpg,Психология. Педагогика;Педагогика,
30116528,Методика формирования универсальных учебных действий при обучении геометрии,,,,Боженкова Л.И.,2015,3-е изд. (эл.),"Издательство \Лаборатория знаний\"" (ранее \""БИНОМ. Лаборатория знаний\"")""",,208,208,Russian,,,,978-5-9963-2739-3,,,,,,,,,,66188,0,,,,,,,1,2506360,pdf,8cd272c32c1831e9231740a06d6c6ed4,,,,0,2000-01-01 01:00:00,2017-04-19 19:07:37,https://e.lanbook.com/img/covers/book/3826/2015/66188.jpg,Психология. Педагогика;Педагогика,
30116529,Основы теории игр,,,,Колобашкина Л.В.,2014,"3-е изд. (эл.), испр. и доп.","Издательство \Лаборатория знаний\"" (ранее \""БИНОМ. Лаборатория знаний\"")""",,198,198,Russian,,,,978-5-9963-2365-4,,,,,,,,,,66189,0,,,,,,,1,1531398,pdf,7a6ac9c10c8b56ad74ab9027666c2259,,,,0,2000-01-01 01:00:00,2017-04-19 19:07:37,https://e.lanbook.com/img/covers/book/3826/2014/66189.jpg,Психология. Педагогика;Педагогика,
30116530,Подсчет запасов угольных месторождений: учеб. Пособие,,,,"Рогова Т.Б., Шаклеин С.В., Ярков В.О.",2010,,Кузбасский государственный технический университет имени Т.Ф.Горбачева,,136,136,Russian,,,,978-5-89070-730-7,,,,,,,,,,6619,0,,,,,,,1,4355407,pdf,aac013ff17640285f95de66a853ec3ad,,,,0,2000-01-01 01:00:00,2017-04-19 19:07:37,https://e.lanbook.com/img/covers/book/7662/2010/6619.jpg,Инженерно-технические науки;Горное дело,
30116531,Познание и заблуждение. Очерки по психологии исследования,,,,Мах Э.;Пер. с нем.,2014,2-е изд. (эл.),"Издательство \Лаборатория знаний\"" (ранее \""БИНОМ. Лаборатория знаний\"")""",,458,458,Russian,,,,978-5-9963-1105-7,,,,,,,,,,66190,0,,,,,,,1,2431995,pdf,dd678c54a225e60930e7680e9f5d3a5b,,,,0,2000-01-01 01:00:00,2017-04-19 19:07:37,https://e.lanbook.com/img/covers/book/3826/2014/66190.jpg,Психология. Педагогика;Педагогика,
30116532,Практикум по интерактивным технологиям,,,,Рабинович П.Д.,2015,5-е изд. (эл.),"Издательство \Лаборатория знаний\"" (ранее \""БИНОМ. Лаборатория знаний\"")""",,99,99,Russian,,,,978-5-9963-2812-3,,,,,,,,,,66192,0,,,,,,,1,2754744,pdf,a7a3cef23614482094d75e25157a8cf8,,,,0,2000-01-01 01:00:00,2017-04-19 19:07:37,https://e.lanbook.com/img/covers/book/3826/2015/66192.jpg,Психология. Педагогика;Педагогика,
30116533,Программы методической подготовки бакалавров педагогического образования по профилю «Информатика» с учетом требований ФГОС ВПО третьего поколения,,,,"Захарова Т.Б., Самылкина Н.Н.",2015,2-е изд. (эл.),"Издательство \Лаборатория знаний\"" (ранее \""БИНОМ. Лаборатория знаний\"")""",,379,379,Russian,,,,978-5-9963-2533-7,,,,,,,,,,66193,0,,,,,,,1,1656742,pdf,46dc0e07b37e7a21c8545ec829fffd79,,,,0,2000-01-01 01:00:00,2017-04-19 19:07:37,https://e.lanbook.com/img/covers/book/3826/2015/66193.jpg,Психология. Педагогика;Педагогика,
30116534,Ступеньки к творчеству,,,,"Мелик-Пашаев А.А., Новлянская З.Н.",2015,3-е изд. (эл.),"Издательство \Лаборатория знаний\"" (ранее \""БИНОМ. Лаборатория знаний\"")""",,186,186,Russian,,,,978-5-9963-2632-7,,,,,,,,,,66195,0,,,,,,,1,5938655,pdf,ae15654c1a327793cf9f524c284ebc31,,,,0,2000-01-01 01:00:00,2017-04-19 19:07:37,https://e.lanbook.com/img/covers/book/3826/2015/66195.jpg,Психология. Педагогика;Педагогика,
30116535,Теория и методика информатизации образования (психолого-педагогический и технологический аспекты),,,,Роберт И.В.,2014,Эл. изд.,"Издательство \Лаборатория знаний\"" (ранее \""БИНОМ. Лаборатория знаний\"")""",,398,400,Russian,,,,978-5-9963-2336-4,,,,,,,,,,66196,0,,,,,,,1,1372238,pdf,888ca409531e1e42253406e22a54e3f9,,,,0,2000-01-01 01:00:00,2017-04-19 19:07:37,https://e.lanbook.com/img/covers/book/3826/2014/66196.jpg,Психология. Педагогика;Педагогика,
30116536,Теория и методика обучения математике. Психолого-педагогические основы,,,,Гусев В.А.,2014,2-е изд. (эл.),"Издательство \Лаборатория знаний\"" (ранее \""БИНОМ. Лаборатория знаний\"")""",,456,457,Russian,,,,978-5-9963-2340-1,,,,,,,,,,66197,0,,,,,,,1,3264923,pdf,2dbcfbf7f617c6f3d47a220568f31dff,,,,0,2000-01-01 01:00:00,2017-04-19 19:07:37,https://e.lanbook.com/img/covers/book/3826/2014/66197.jpg,Психология. Педагогика;Педагогика,
30116537,Формирование ИКТ-компетентности учащихся и преподавателей в системе непрерывного образования,,,,Хеннер Е.К.,2015,3-е изд. (эл.),"Издательство \Лаборатория знаний\"" (ранее \""БИНОМ. Лаборатория знаний\"")""",,191,191,Russian,,,,978-5-9963-2617-4,,,,,,,,,,66199,0,,,,,,,1,1602866,pdf,8f456a678312a4230b56feb1d393c766,,,,0,2000-01-01 01:00:00,2017-04-19 19:07:37,https://e.lanbook.com/img/covers/book/3826/2015/66199.jpg,Психология. Педагогика;Педагогика,
30116538,Математика для экономистов. Сборник заданий,,,,"Наливайко Л.В., Ивашина Н.В., Шмидт Ю.Д.",2011,"2-е изд., перераб.","Издательство \Лань\""""",,432,432,Russian,,,,978-5-8114-1119-1,,,,,,,,,,662,0,,,,,,,1,6946629,pdf,83def87e958785f100cb4aa2b451d115,,,,0,2000-01-01 01:00:00,2017-04-19 19:07:37,https://e.lanbook.com/img/covers/book/905/2011/662.jpg,Высшая математика;Математика,
30116539,Основы горного дела. Подземная геотехнология: Практикум,,,,"Филимонов К.А., Рыжков Ю.А., Зорков Д.В., Зайнулин Р.Р.",2012,,Кузбасский государственный технический университет имени Т.Ф.Горбачева,,144,144,Russian,,,,978-5-89070-828-1,,,,,,,,,,6620,0,,,,,,,1,1961662,pdf,2fbef4fb2a11ed3a02486189fe42960f,,,,0,2000-01-01 01:00:00,2017-04-19 19:07:37,https://e.lanbook.com/img/covers/book/7662/2012/6620.jpg,Инженерно-технические науки;Горное дело,
30116540,Введение в нанотеплофизику,,,,Дмитриев А.С.,2015,Эл. изд.,"Издательство \Лаборатория знаний\"" (ранее \""БИНОМ. Лаборатория знаний\"")""",,793,793,Russian,,,,978-5-9963-2870-3,,,,,,,,,,66201,0,,,,,,,1,14765053,pdf,34aa0ab4a9cb9fbd8865a07588798b73,,,,0,2000-01-01 01:00:00,2017-04-19 19:07:37,https://e.lanbook.com/img/covers/book/3826/2015/66201.jpg,Нанотехнологии,
30116541,Золь-гель технологии. Нанодисперсный кремнезем,,,,"Шабанова Н.А., Саркисов П.Д.",2015,2-е изд. (эл.),"Издательство \Лаборатория знаний\"" (ранее \""БИНОМ. Лаборатория знаний\"")""",,331,331,Russian,,,,978-5-9963-2574-0,,,,,,,,,,66202,0,,,,,,,1,3083651,pdf,f73aa6cf13127483301e6f84dbd14a09,,,,0,2000-01-01 01:00:00,2017-04-19 19:07:37,https://e.lanbook.com/img/covers/book/3826/2015/66202.jpg,Нанотехнологии,
30116542,Материалы и методы нанотехнологий,,,,Старостин В.В.;Под общ. ред. проф. Патрикеева Л.Н.,2015,4-е изд. (эл.),"Издательство \Лаборатория знаний\"" (ранее \""БИНОМ. Лаборатория знаний\"")""",,434,434,Russian,,,,978-5-9963-2601-3,,,,,,,,,,66203,0,,,,,,,1,7849010,pdf,6c268e89331272907cefa79e0dc493fd,,,,0,2000-01-01 01:00:00,2017-04-19 19:07:37,https://e.lanbook.com/img/covers/book/3826/2015/66203.jpg,Нанотехнологии,
30116543,Методы получения и исследования наноматериалов и наноструктур. Лабораторный практикум по нанотехнологиям,,,,Мишина Е.Д.;Под ред. Сигова А.С.,2014,4-е изд. (эл.),"Издательство \Лаборатория знаний\"" (ранее \""БИНОМ. Лаборатория знаний\"")""",,184,186,Russian,,,,978-5-9963-2360-9,,,,,,,,,,66204,0,,,,,,,1,2843965,pdf,a1004933fb6d96796e7e27396e612a16,,,,0,2000-01-01 01:00:00,2017-04-19 19:07:37,https://e.lanbook.com/img/covers/book/3826/2014/66204.jpg,Нанотехнологии,
30116544,Многоликое нано. Надежды и заблуждения,,,,Тараненко С.Б.,2015,Эл. изд.,"Издательство \Лаборатория знаний\"" (ранее \""БИНОМ. Лаборатория знаний\"")""",,232,232,Russian,,,,978-5-9963-2875-8,,,,,,,,,,66205,0,,,,,,,1,3637941,pdf,1e92096684891b9bce42d4842310ddad,,,,0,2000-01-01 01:00:00,2017-04-19 19:07:37,https://e.lanbook.com/img/covers/book/3826/2015/66205.jpg,Нанотехнологии,
30116545,Нано- и биокомпозиты,,,,"Под ред. Лау А.К.-Т., Хуссейн Ф., Лафди Х.; Пер. с англ",2015,Эл. изд.,"Издательство \Лаборатория знаний\"" (ранее \""БИНОМ. Лаборатория знаний\"")""",,393,393,Russian,,,,978-5-9963-2914-4,,,,,,,,,,66206,0,,,,,,,1,16051308,pdf,089075fc556eee9fbb2e5ca485250aa6,,,,0,2000-01-01 01:00:00,2017-04-19 19:07:37,https://e.lanbook.com/img/covers/book/3826/2015/66206.jpg,Нанотехнологии,
30116546,Наноматериалы,,,,Рыжонков Д.И.,2014,4-е изд. (эл.),"Издательство \Лаборатория знаний\"" (ранее \""БИНОМ. Лаборатория знаний\"")""",,368,367,Russian,,,,978-5-9963-2531-3,,,,,,,,,,66207,0,,,,,,,1,5306790,pdf,4730551802e61dd2008d9ce5717b58ec,,,,0,2000-01-01 01:00:00,2017-04-19 19:07:37,https://e.lanbook.com/img/covers/book/3826/2014/66207.jpg,Нанотехнологии,
30116547,"Наноэлектроника. Элементы, приборы, устройства",,,,"Шишкин Г.Г., Агеев И.М.",2015,3-е изд. (эл.),"Издательство \Лаборатория знаний\"" (ранее \""БИНОМ. Лаборатория знаний\"")""",,411,411,Russian,,,,978-5-9963-2652-5,,,,,,,,,,66208,0,,,,,,,1,4648338,pdf,08282e969af6a5e6d0ffb603a3323f64,,,,0,2000-01-01 01:00:00,2017-04-19 19:07:37,https://e.lanbook.com/img/covers/book/3826/2015/66208.jpg,Нанотехнологии,
30116548,Основы наноструктурного материаловедения. Возможности и проблемы,,,,Андриевский Р.А.,2014,2-е изд. (эл.),"Издательство \Лаборатория знаний\"" (ранее \""БИНОМ. Лаборатория знаний\"")""",,255,255,Russian,,,,978-5-9963-2517-7,,,,,,,,,,66209,0,,,,,,,1,16702926,pdf,77d5a0a9983973b40767264b429bd2ba,,,,0,2000-01-01 01:00:00,2017-04-19 19:07:37,https://e.lanbook.com/img/covers/book/3826/2014/66209.jpg,Нанотехнологии,
30116549,Горные машины и оборудование подземных горных работ : Учебное пособие для курсового и дипломного проектирования,,,,"Хорешок А.А., Антонов Ю.А., Кожухов Л.Ф., Цехин А.М.",2012,,Кузбасский государственный технический университет имени Т.Ф.Горбачева,,170,170,Russian,,,,978-5-89070-832-8,,,,,,,,,,6621,0,,,,,,,1,1947163,pdf,7b4de64cf0ac2dcd81fd041d1a21628d,,,,0,2000-01-01 01:00:00,2017-04-19 19:07:37,https://e.lanbook.com/img/covers/book/7662/2012/6621.jpg,Инженерно-технические науки;Горное дело,
30116550,Основы нанотехнологии,,,,"Кузнецов Н.Т., Новоторцев В.М., Жабрев В.А., Марголин В.И.",2014,Эл. изд.,"Издательство \Лаборатория знаний\"" (ранее \""БИНОМ. Лаборатория знаний\"")""",,400,400,Russian,,,,978-5-9963-2378-4,,,,,,,,,,66210,0,,,,,,,1,9290832,pdf,d3c0e10d6d38ec2d947e280418119ef3,,,,0,2000-01-01 01:00:00,2017-04-19 19:07:37,https://e.lanbook.com/img/covers/book/3826/2014/66210.jpg,Нанотехнологии,
30116551,Познаём наномир: простые эксперименты,,,,Озерянский В.А.,2015,2-е изд. (эл.),"Издательство \Лаборатория знаний\"" (ранее \""БИНОМ. Лаборатория знаний\"")""",,161,161,Russian,,,,978-5-9963-2519-1,,,,,,,,,,66211,0,,,,,,,1,14318669,pdf,2c1f1a666d8955ea867bad73e25b407c,,,,0,2000-01-01 01:00:00,2017-04-19 19:07:37,https://e.lanbook.com/img/covers/book/3826/2015/66211.jpg,Нанотехнологии,
30116552,Растровая электронная микроскопия для нанотехнологий. Методы и применение,,,,"Под ред. Жу У., Уанга Ж.Л.; Пер. с англ.",2014,2-е изд. (эл.),"Издательство \Лаборатория знаний\"" (ранее \""БИНОМ. Лаборатория знаний\"")""",,600,601,Russian,,,,978-5-9963-2123-0,,,,,,,,,,66212,0,,,,,,,1,18775329,pdf,6035c95faedf7efc1bb7c3e1f0f8ca48,,,,0,2000-01-01 01:00:00,2017-04-19 19:07:37,https://e.lanbook.com/img/covers/book/3826/2014/66212.jpg,Нанотехнологии,
30116553,"Технология материалов микро-, опто- и наноэлектроники: в 2 частях. Ч. 1",,,,"Раскин А.А., Прокофьева В.К.",2015,3-е изд. (эл.),"Издательство \Лаборатория знаний\"" (ранее \""БИНОМ. Лаборатория знаний\"")""",,167,167,Russian,,,,978-5-9963-2566-5,,,,,,,,,,66213,0,,,,,,,1,2145081,pdf,f1e80f19d604e232cd17ad7e57bd83a6,,,,0,2000-01-01 01:00:00,2017-04-19 19:07:37,https://e.lanbook.com/img/covers/book/3826/2015/66213.jpg,Нанотехнологии,
30116554,"Технология материалов микро-, опто- и наноэлектроники: в 2 частях. Ч. 2",,,,"Рощин В.М., Силибин М.В.",2015,3-е изд. (эл.),"Издательство \Лаборатория знаний\"" (ранее \""БИНОМ. Лаборатория знаний\"")""",,183,183,Russian,,,,978-5-9963-2567-2,,,,,,,,,,66214,0,,,,,,,1,2551698,pdf,284a26adcd3e80479aa37fa0543bf298,,,,0,2000-01-01 01:00:00,2017-04-19 19:07:37,https://e.lanbook.com/img/covers/book/3826/2015/66214.jpg,Нанотехнологии,
30116555,Удивительные наноструктуры,,,,"Деффейс К., Деффейс С.;Пер. с англ. Под ред. Патрикеева Л.Н.",2015,3-е изд. (эл.),"Издательство \Лаборатория знаний\"" (ранее \""БИНОМ. Лаборатория знаний\"")""",,209,209,Russian,,,,978-5-9963-2501-6,,,,,,,,,,66215,0,,,,,,,1,5937926,pdf,cc35e3b1188ea9765ec8cb9bb277d158,,,,0,2000-01-01 01:00:00,2017-04-19 19:07:37,https://e.lanbook.com/img/covers/book/3826/2015/66215.jpg,Нанотехнологии,
30116556,Физические основы кремниевой наноэлектроники,,,,Зебрев Г.И.,2015,3-е изд. (эл.),"Издательство \Лаборатория знаний\"" (ранее \""БИНОМ. Лаборатория знаний\"")""",,243,243,Russian,,,,978-5-9963-2630-3,,,,,,,,,,66216,0,,,,,,,1,4845186,pdf,561e8b2a759ce6561d1c9f732e88b5f8,,,,0,2000-01-01 01:00:00,2017-04-19 19:07:37,https://e.lanbook.com/img/covers/book/3826/2015/66216.jpg,Нанотехнологии,
30116557,Электронные свойства и применение нанотрубок,,,,Дьячков П.Н.,2015,3-е изд. (эл.),"Издательство \Лаборатория знаний\"" (ранее \""БИНОМ. Лаборатория знаний\"")""",,491,491,Russian,,,,978-5-9963-2639-6,,,,,,,,,,66217,0,,,,,,,1,14288406,pdf,8caa0316e1d1b94668c203c7b98d5cd6,,,,0,2000-01-01 01:00:00,2017-04-19 19:07:37,https://e.lanbook.com/img/covers/book/3826/2015/66217.jpg,Нанотехнологии,
30116558,Анализ загрязненной воды: практическое руководство,,,,"Другов Ю.С., Родин А.А.",2015,2-е изд. (эл.),"Издательство \Лаборатория знаний\"" (ранее \""БИНОМ. Лаборатория знаний\"")""",,681,681,Russian,,,,978-5-9963-2653-2,,,,,,,,,,66218,0,,,,,,,1,13004500,pdf,73662511eaf6dcc6be0f3bdbbdd51c22,,,,0,2000-01-01 01:00:00,2017-04-19 19:07:37,https://e.lanbook.com/img/covers/book/3826/2015/66218.jpg,Экология,
30116559,Горные машины и оборудование подземных горных работ. Режущий инструмент горных машин : учеб. пособие,,,,"Хорешок А.А., Маметьев Л.Е., Цехин А.М., Борисов А.Ю.",2012,,Кузбасский государственный технический университет имени Т.Ф.Горбачева,,288,289,Russian,,,,978-5-89070-853-3,,,,,,,,,,6622,0,,,,,,,1,11714771,pdf,5a809167d927579063939a71561c4090,,,,0,2000-01-01 01:00:00,2017-04-19 19:07:37,https://e.lanbook.com/img/covers/book/7662/2012/6622.jpg,Инженерно-технические науки;Горное дело,
30116560,Газохроматографический анализ загрязненного воздуха: практическое руководство,,,,"Другов Ю.С., Родин А.А.",2015,5-е изд. (эл.),"Издательство \Лаборатория знаний\"" (ранее \""БИНОМ. Лаборатория знаний\"")""",,531,531,Russian,,,,978-5-9963-2789-8,,,,,,,,,,66221,0,,,,,,,1,9993798,pdf,13eb47fd989b8eb53cef26f396a9c05b,,,,0,2000-01-01 01:00:00,2017-04-19 19:07:37,https://e.lanbook.com/img/covers/book/3826/2015/66221.jpg,Экология,
30116561,Контроль безопасности и качества продуктов питания и товаров детского ассортимента: практическое руководство,,,,"Другов Ю.С., Родин А.А.",2015,2-е изд. (эл.),"Издательство \Лаборатория знаний\"" (ранее \""БИНОМ. Лаборатория знаний\"")""",,443,443,Russian,,,,978-5-9963-2637-2,,,,,,,,,,66222,0,,,,,,,1,18135653,pdf,bd781fb6805ac3928317b0295a4cfb7d,,,,0,2000-01-01 01:00:00,2017-04-19 19:07:37,https://e.lanbook.com/img/covers/book/3826/2015/66222.jpg,Экология,
30116562,Оценка риска пользования недрами : учеб. Пособие,,,,"Шаклеин С.В., Рогова Т.Б.",2009,,Кузбасский государственный технический университет имени Т.Ф.Горбачева,,120,123,Russian,,,,978-5-89070-682-9,,,,,,,,,,6623,0,,,,,,,1,1164697,pdf,88161136245d83310c9fcad911de2775,,,,0,2000-01-01 01:00:00,2017-04-19 19:07:37,https://e.lanbook.com/img/covers/book/7662/2009/6623.jpg,Инженерно-технические науки;Горное дело,
30116563,Промышленная экология,,,,Зайцев В.А.,2015,2-е изд. (эл.),"Издательство \Лаборатория знаний\"" (ранее \""БИНОМ. Лаборатория знаний\"")""",,385,385,Russian,,,,978-5-9963-2590-0,,,,,,,,,,66230,0,,,,,,,1,5701022,pdf,af895cd64f8640cefeec453584c6ea36,,,,0,2000-01-01 01:00:00,2017-04-19 19:07:37,https://e.lanbook.com/img/covers/book/3826/2015/66230.jpg,Экология,
30116564,Радиоактивность окружающей среды: теория и практика,,,,"Сапожников Ю.А., Алиев Р.А., Калмыков С.Н.",2015,2-е изд. (эл.),"Издательство \Лаборатория знаний\"" (ранее \""БИНОМ. Лаборатория знаний\"")""",,289,289,Russian,,,,978-5-9963-2791-1,,,,,,,,,,66231,0,,,,,,,1,3625225,pdf,993b04f51318f39fcae24268344bde5c,,,,0,2000-01-01 01:00:00,2017-04-19 19:07:37,https://e.lanbook.com/img/covers/book/3826/2015/66231.jpg,Экология,
30116565,Экологические анализы при разливах нефти и нефтепродуктов: практическое руководство,,,,"Другов Ю.С., Родин А.А.",2015,2-е изд. (эл.),"Издательство \Лаборатория знаний\"" (ранее \""БИНОМ. Лаборатория знаний\"")""",,273,273,Russian,,,,978-5-9963-2788-1,,,,,,,,,,66233,0,,,,,,,1,4970340,pdf,d1a2a4d56849f49ce77ec74447d2964b,,,,0,2000-01-01 01:00:00,2017-04-19 19:07:37,https://e.lanbook.com/img/covers/book/3826/2015/66233.jpg,Экология,
30116566,Экология наноматериалов,,,,"Годымчук А.Ю., Савельева Г.Г., Зыкова А.П.",2015,2-е изд. (эл.),"Издательство \Лаборатория знаний\"" (ранее \""БИНОМ. Лаборатория знаний\"")""",,275,275,Russian,,,,978-5-9963-2636-5,,,,,,,,,,66234,0,,,,,,,1,3155654,pdf,083aa42106a540fd2d2123b3f48dde51,,,,0,2000-01-01 01:00:00,2017-04-19 19:07:37,https://e.lanbook.com/img/covers/book/3826/2015/66234.jpg,Экология,
30116567,"Коннектом. Как мозг делает нас тем, что мы есть",,,,Сеунг С.;Пер. с англ. Капанадзе А.,2014,Эл. изд.,"Издательство \Лаборатория знаний\"" (ранее \""БИНОМ. Лаборатория знаний\"")""",,443,443,Russian,,,,978-5-9963-2672-3,,,,,,,,,,66239,0,,,,,,,1,21645920,pdf,d3c0c17a6d6f7570c0f6fc947c9edcda,,,,0,2000-01-01 01:00:00,2017-04-19 19:07:37,https://e.lanbook.com/img/covers/book/3826/2014/66239.jpg,Биология,
30116568,Выбор и расчет крепей и обделок подземных сооружений : учеб. Пособие,,,,"Шаламанов В.А., Першин В.В., Будников П.М., Сабанцев А.Б.",2010,,Кузбасский государственный технический университет имени Т.Ф.Горбачева,,142,142,Russian,,,,978-5-89070-729-1,,,,,,,,,,6624,0,,,,,,,1,1141654,pdf,b889dd4e86b02943ba6ce1001112d41f,,,,0,2000-01-01 01:00:00,2017-04-19 19:07:37,https://e.lanbook.com/img/covers/book/7662/2010/6624.jpg,Инженерно-технические науки;Горное дело,
30116569,Наглядная биотехнология и генетическая инженерия. — 2-е изд. (эл),,,,Шмид Р.;Пер. с нем.,2015,2-е изд. (эл.),"Издательство \Лаборатория знаний\"" (ранее \""БИНОМ. Лаборатория знаний\"")""",,327,327,Russian,,,,978-5-9963-2407-1,,,,,,,,,,66240,0,,,,,,,1,9974633,pdf,e8cfffdcd136b8f09a6c2686bb8355fd,,,,0,2000-01-01 01:00:00,2017-04-19 19:07:37,https://e.lanbook.com/img/covers/book/3826/2015/66240.jpg,Биология,
30116570,От звезды до росинки. 120 удивительных явлений природы,,,,Зентген Й.;Пер. с нем. Теремковой О.,2015,Эл. изд.,"Издательство \Лаборатория знаний\"" (ранее \""БИНОМ. Лаборатория знаний\"")""",,338,338,Russian,,,,978-5-9963-2800-0,,,,,,,,,,66243,0,,,,,,,1,28679446,pdf,609a8d873a37faad06dd101e2273c678,,,,0,2000-01-01 01:00:00,2017-04-19 19:07:37,https://e.lanbook.com/img/covers/book/3826/2015/66243.jpg,Биология,
30116571,Принципы и методы биохимии и молекулярной биологии,,,,"Уилсон К., Уолкер Дж.;Пер. с англ. канд. хим. наук Мосоловой Т.П.и канд. биол. наук Бозелек-Решетняк Е.Ю. Под ред. проф., д-ра хим. наук Левашова А.В. и проф., д-ра хим. наук Тишкова В.И.",2015,2-е изд. (эл.),"Издательство \Лаборатория знаний\"" (ранее \""БИНОМ. Лаборатория знаний\"")""",,855,855,Russian,,,,978-5-9963-2877-2,,,,,,,,,,66244,0,,,,,,,1,13724019,pdf,c1bbbc74b1352da9c1bb3f7b9559ec93,,,,0,2000-01-01 01:00:00,2017-04-19 19:07:37,https://e.lanbook.com/img/covers/book/3826/2015/66244.jpg,Биология,
30116572,"Расшифрованная жизнь. Мой геном, моя жизнь",,,,Вентер К.;Пер. с англ. Образцовой Л. и Образцова П.,2015,Эл. изд.,"Издательство \Лаборатория знаний\"" (ранее \""БИНОМ. Лаборатория знаний\"")""",,467,467,Russian,,,,978-5-9963-2910-6,,,,,,,,,,66246,0,,,,,,,1,5658297,pdf,46f613ff895af110fca7d7a129b5ee82,,,,0,2000-01-01 01:00:00,2017-04-19 19:07:37,https://e.lanbook.com/img/covers/book/3826/2015/66246.jpg,Биология,
30116573,Сон. Почему мы спим и как нам это лучше всего удаётся,,,,"Шпорк П.;Пер. с нем. Сокольской М.М. Под ред. д-ра биол. наук, профессора Ковальзона В.М.",2014,3-е изд. (эл.),"Издательство \Лаборатория знаний\"" (ранее \""БИНОМ. Лаборатория знаний\"")""",,237,237,Russian,,,,978-5-9963-2677-8,,,,,,,,,,66248,0,,,,,,,1,1884620,pdf,2e3683e282c0cca11275baabbe1bd4b2,,,,0,2000-01-01 01:00:00,2017-04-19 19:07:37,https://e.lanbook.com/img/covers/book/3826/2014/66248.jpg,Биология,
30116574,Инженерная графика. Нанесение размеров на эскизах и рабочих чертежах : учеб.пособие,,,,"Бедина Л.Н., Шумкина Т.Ф.",2009,,Кузбасский государственный технический университет имени Т.Ф.Горбачева,,63,63,Russian,,,,978-5-89070-686-7,,,,,,,,,,6625,0,,,,,,,1,7459883,pdf,a4bd97abc6ae98b2515a9d923181753f,,,,0,2000-01-01 01:00:00,2017-04-19 19:07:37,https://e.lanbook.com/img/covers/book/7662/2009/6625.jpg,Инженерно-технические науки;Начертательная геометрия и инженерная графика,
30116575,Математический анализ генетического кода,,,,Козлов Н.Н.,2015,3-е изд. (эл.),"Издательство \Лаборатория знаний\"" (ранее \""БИНОМ. Лаборатория знаний\"")""",,226,226,Russian,,,,978-5-9963-2603-7,,,,,,,,,,66251,0,,,,,,,1,6714969,pdf,0df7886644248fa40546daf64666d0f4,,,,0,2000-01-01 01:00:00,2017-04-19 19:07:37,https://e.lanbook.com/img/covers/book/3826/2015/66251.jpg,Биология,
30116576,Молекулярно-генетические и биохимические методы в современной биологии растений,,,,"Кузнецов В.В., Кузнецов В.В., Романов Г.А.",2015,2-е изд. (эл.),"Издательство \Лаборатория знаний\"" (ранее \""БИНОМ. Лаборатория знаний\"")""",,498,498,Russian,,,,978-5-9963-2659-4,,,,,,,,,,66252,0,,,,,,,1,9319029,pdf,cc2cc9a52cbdd30221e2633641fb7ccf,,,,0,2000-01-01 01:00:00,2017-04-19 19:07:37,https://e.lanbook.com/img/covers/book/3826/2015/66252.jpg,Биология,
30116577,Творчество Э. Ллойда-Уэббера в контексте музыкальной культуры второй половины ХХ века,,,,Андрущенко Е.Ю.,2014,,Ростовская государственная консерватория им. С.В. Рахманинова,,84,84,Russian,,,,978-5-93365-076-8,,,,,,,,,,66253,0,,,,,,,1,767330,pdf,b19a6135741b174ee3b7aa925a29a525,,,,0,2000-01-01 01:00:00,2017-04-19 19:07:37,https://e.lanbook.com/img/covers/book/28364/2014/66253.jpg,Музыка и театр;Книги о музыке и музыкантах,
30116578,"Анатолий Цукер в беседах, размышлениях, статьях. Музыковедение и жизнь",,,,Цукер А.М.,2014,,Ростовская государственная консерватория им. С.В. Рахманинова,,424,423,Russian,,,,978-5-93365-067-6,,,,,,,,,,66255,0,,,,,,,1,3120795,pdf,2c2b85b16dbf63f405efab9d1eacff40,,,,0,2000-01-01 01:00:00,2017-04-19 19:07:37,https://e.lanbook.com/img/covers/book/28364/2014/66255.jpg,Музыка и театр;Культура и менеджмент,
30116579,Развитие интонационного мышления в современном вузовском курсе сольфеджио,,,,Диденко Н.М.,2014,,Ростовская государственная консерватория им. С.В. Рахманинова,,150,150,Russian,,,,978-5-93365-075-1,,,,,,,,,,66256,0,,,,,,,1,1588185,pdf,ee1b10456ebbddd1f061a24dd70d4887,,,,0,2000-01-01 01:00:00,2017-04-19 19:07:37,https://e.lanbook.com/img/covers/book/28364/2014/66256.jpg,Музыка и театр;Музыкальная педагогика,
30116580,Введение в специальность : учеб. Пособие,,,,Масленников Р.Р.,2010,"3-е изд., испр. и доп.",Кузбасский государственный технический университет имени Т.Ф.Горбачева,,92,92,Russian,,,,978-5-89070-577-8,,,,,,,,,,6626,0,,,,,,,1,4156007,pdf,7389efce0300ed5ad9696724317a29db,,,,0,2000-01-01 01:00:00,2017-04-19 19:07:37,https://e.lanbook.com/img/covers/book/7662/2010/6626.jpg,Инженерно-технические науки;Транспортно-технологические машины и комплексы,
30116581,"Эксперимент в сфере музыкального искусства: образование, наука, творчество",,,,Сост. А.В. Крылова; ред. А.Я. Селицкий,2013,,Ростовская государственная консерватория им. С.В. Рахманинова,,243,244,Russian,,,,978-5-93365-055-3,,,,,,,,,,66261,0,,,,,,,1,3571711,pdf,f5a1f04c6fba6d5fdfa99211142faa05,,,,0,2000-01-01 01:00:00,2017-04-19 19:07:37,https://e.lanbook.com/img/covers/book/28364/2013/66261.jpg,Музыка и театр;Музыкальная педагогика,
30116582,Музыка в культуре повседневности,,,,Крылова А.В.,2011,,Ростовская государственная консерватория им. С.В. Рахманинова,,167,168,Russian,,,,978-5-93365-045-4,,,,,,,,,,66262,0,,,,,,,1,1892401,pdf,14d89f52a6c12affccbe42646bbb7130,,,,0,2000-01-01 01:00:00,2017-04-19 19:07:37,https://e.lanbook.com/img/covers/book/28364/2011/66262.jpg,Музыка и театр;История музыки,
30116583,Методика обучения игре на духовых инструментах,,,,"Леонов В.А., Палкина И.Д.",2012,,Ростовская государственная консерватория им. С.В. Рахманинова,,240,240,Russian,,,,978-5-93365-050-8,,,,,,,,,,66263,0,,,,,,,1,1397843,pdf,e67df9705c6651b83c9aee0a60784a6a,,,,0,2000-01-01 01:00:00,2017-04-19 19:07:37,https://e.lanbook.com/img/covers/book/28364/2012/66263.jpg,Музыка и театр;Музыкальная педагогика,
30116584,Школа игры в ансамбле духовых инструментов: учебное пособие. Выпуск I: Дуэты. Часть I.,,,,Леонов В.А.,2014,,Ростовская государственная консерватория им. С.В. Рахманинова,,64,64,Russian,,,,979-0-706356-30-3,,,,,,,,,,66264,0,,,,,,,1,1409470,pdf,0fe9b6500c5c5c3ff6693c94159a2b82,,,,0,2000-01-01 01:00:00,2017-04-19 19:07:37,https://e.lanbook.com/img/covers/book/28364/2014/66264.jpg,Музыка и театр;Музыкальная педагогика,
30116585,Менеджмент и звукорежиссура музыкальных проектов: актуальные проблемы науки и практики,,,,Сост. А.В. Крылова; ред. А.Я. Селицкий,2012,,Ростовская государственная консерватория им. С.В. Рахманинова,,283,283,Russian,,,,978-5-93365-052-2,,,,,,,,,,66265,0,,,,,,,1,5443741,pdf,7422034abb3852c3c4b016bc3c49b33f,,,,0,2000-01-01 01:00:00,2017-04-19 19:07:37,https://e.lanbook.com/img/covers/book/28364/2012/66265.jpg,Музыка и театр;Культура и менеджмент,
30116586,"Музыкальный менеджмент: искусство, бизнес, образование",,,,Ред-сост. А.В . Крылова; ред. Е.В. Кисеева,2013,,Ростовская государственная консерватория им. С.В. Рахманинова,,172,172,Russian,,,,978-5-93365-058-4,,,,,,,,,,66266,0,,,,,,,1,4236726,pdf,f554913105bee14208138c9ed7041ba7,,,,0,2000-01-01 01:00:00,2017-04-19 19:07:37,https://e.lanbook.com/img/covers/book/28364/2013/66266.jpg,Музыка и театр;Культура и менеджмент,
30116587,"Музыкальное наследие С. В. Рахманинова в современной культуре: наука, исполнительская практика, образование",,,,Ред.-сост. Крылова А.В.,2014,,Ростовская государственная консерватория им. С.В. Рахманинова,,162,162,Russian,,,,978-5-93365-080-5,,,,,,,,,,66267,0,,,,,,,1,1232464,pdf,96f37c43415b0a58d47db2234d171b23,,,,0,2000-01-01 01:00:00,2017-04-19 19:07:37,,Музыка и театр;Русские классики,
30116588,Музыкальное искусство в современном социуме,,,,Ред.-сост. Крылова А.В.,2014,,Ростовская государственная консерватория им. С.В. Рахманинова,,364,364,Russian,,,,978-5-93365-069-0,,,,,,,,,,66268,0,,,,,,,1,1438133,pdf,00a992cf3c16f959519c358b2f91e797,,,,0,2000-01-01 01:00:00,2017-04-19 19:07:37,https://e.lanbook.com/img/covers/book/28364/2014/66268.jpg,Музыка и театр;Культура и менеджмент,
30116589,"Музыкальный театр: искусство, социум, бизнес: К 200-летию со дня рождения Дж. Верди и Р. Вагнера",,,,Ред.-сост. Крылова А.В.,2014,,Ростовская государственная консерватория им. С.В. Рахманинова,,208,208,Russian,,,,978-5-93365-078-2,,,,,,,,,,66269,0,,,,,,,1,1750193,pdf,bdcc41ee6a0862da2fad518983fd9d25,,,,0,2000-01-01 01:00:00,2017-04-19 19:07:37,,Музыка и театр;Театр,
30116590,Проектирование и конструирование транспортных машин : учеб. Пособие,,,,Масленников Н.Р.,2010,,Кузбасский государственный технический университет имени Т.Ф.Горбачева,,310,310,Russian,,,,978-5-89070-717-8,,,,,,,,,,6627,0,,,,,,,1,3523577,pdf,58f858c8adb0e5d8d6569e2402ba3c50,,,,0,2000-01-01 01:00:00,2017-04-19 19:07:37,https://e.lanbook.com/img/covers/book/7662/2010/6627.jpg,Инженерно-технические науки;Транспортно-технологические машины и комплексы,
30116591,"Музыкант-исполнитель в пространстве мировой культуры: образование, творчество управление карьерой",,,,Сост. Крылова А.В.; ред. Селицкий А.Я.,2011,,Ростовская государственная консерватория им. С.В. Рахманинова,,360,360,Russian,,,,978-5-93365-043-0,,,,,,,,,,66270,0,,,,,,,1,6757585,pdf,00db57aec54bcf54a360001350829d3d,,,,0,2000-01-01 01:00:00,2017-04-19 19:07:37,https://e.lanbook.com/img/covers/book/28364/2011/66270.jpg,Музыка и театр;Культура и менеджмент,
30116592,Трагедия И. В. Гёте «Фауст» в творчестве композиторов-романтиков: исследование,,,,"Невская Н.Г., Дёмина И.К.",2014,,Ростовская государственная консерватория им. С.В. Рахманинова,,184,184,Russian,,,,978-5-93365-073-7,,,,,,,,,,66271,0,,,,,,,1,2567139,pdf,f23021d492502fdad6c68111f82999d8,,,,0,2000-01-01 01:00:00,2017-04-19 19:07:37,https://e.lanbook.com/img/covers/book/28364/2014/66271.jpg,Музыка и театр;Книги о музыке и музыкантах,
30116593,Фортепианные сонаты Ф. Шуберта в современном педагогическом репертуаре,,,,,2014,,Ростовская государственная консерватория им. С.В. Рахманинова,,98,98,Russian,,,,978-5-93365-074-4,,,,,,,,,,66272,0,,,,,,,1,450673,pdf,02825d828369aeac9feb009bf6c10123,,,,0,2000-01-01 01:00:00,2017-04-19 19:07:37,https://e.lanbook.com/img/covers/book/28364/2014/66272.jpg,Музыка и театр;Музыкальная педагогика,
30116594,Творческое наследие В. В. Софроницкого: от века XX — к веку XXI,,,,Орловский В.В.,2014,,Ростовская государственная консерватория им. С.В. Рахманинова,,200,200,Russian,,,,978-5-93365-082-9,,,,,,,,,,66273,0,,,,,,,1,19275053,pdf,8a4bdd9f1797f017b0b431c7a73b8af7,,,,0,2000-01-01 01:00:00,2017-04-19 19:07:37,https://e.lanbook.com/img/covers/book/28364/2014/66273.jpg,Музыка и театр;История музыки,
30116595,Песни казаков-некрасовцев,,,,Сост. Рудиченко Т.С. и Аракельяна Е.Т.,2014,,Ростовская государственная консерватория им. С.В. Рахманинова,,82,84,Russian,,,,979-0-706356-27-3,,,,,,,,,,66274,0,,,,,,,1,1519179,pdf,e32107823ac3486906cde697cf41479b,,,,0,2000-01-01 01:00:00,2017-04-19 19:07:37,https://e.lanbook.com/img/covers/book/28364/2014/66274.jpg,Музыка и театр;Музыкальные произведения. Ноты,
30116596,Ростовская консерватория в лицах: очерки,,,,Ред.-сост. А.М. Цукер,2012,,Ростовская государственная консерватория им. С.В. Рахманинова,,558,559,Russian,,,,978-5-93365-053-9,,,,,,,,,,66275,0,,,,,,,1,14414090,pdf,0e5763f9b40fc8ffbfbebabc1eecc195,,,,0,2000-01-01 01:00:00,2017-04-19 19:07:37,,Музыка и театр;Музыкальная педагогика,
30116597,Статьи молодых музыковедов. Вып. 3,,,,Ред.-сост. Дёмина В.Н.,2014,,Ростовская государственная консерватория им. С.В. Рахманинова,,100,100,Russian,,,,978-5-93365-072-0,,,,,,,,,,66278,0,,,,,,,1,590706,pdf,bfafac7c85244b712c470db087758010,,,,0,2000-01-01 01:00:00,2017-04-19 19:07:37,https://e.lanbook.com/img/covers/book/28364/2014/66278.jpg,Музыка и театр;Культура и менеджмент,
30116598,Вальченко А. В. Хоровое искусство на Дону (XVIII – начало XX века),,,,Под ред. Рудиченко Т.С.,2014,,Ростовская государственная консерватория им. С.В. Рахманинова,,300,301,Russian,,,,978-5-93365-077-5,,,,,,,,,,66279,0,,,,,,,1,1807289,pdf,3c3b8f18c806e8fd002cef427a8f9121,,,,0,2000-01-01 01:00:00,2017-04-19 19:07:37,,Музыка и театр;Вокал,
30116599,Лицензирование и сертификация автотранспортной деятельности : учеб. Пособие,,,,"Андреева Н.А., Ширяева Л.П.",2011,,Кузбасский государственный технический университет имени Т.Ф.Горбачева,,199,200,Russian,,,,5-89070-186-X,,,,,,,,,,6628,0,,,,,,,1,938007,pdf,70ca2fb636a82bdd102164c1edaa18d7,,,,0,2000-01-01 01:00:00,2017-04-19 19:07:37,https://e.lanbook.com/img/covers/book/7662/2011/6628.jpg,Инженерно-технические науки;Транспортно-технологические машины и комплексы,
30116600,Творческие союзы на постсоветском пространстве и композиторская деятельность,,,,Ред.-сост. Цукер А.М.,2015,,Ростовская государственная консерватория им. С.В. Рахманинова,,206,206,Russian,,,,978-5-93365-081-2,,,,,,,,,,66280,0,,,,,,,1,1030304,pdf,0d03c8a9c81d89c7d549c635996c3915,,,,0,2000-01-01 01:00:00,2017-04-19 19:07:37,https://e.lanbook.com/img/covers/book/28364/2015/66280.jpg,Музыка и театр;Книги о музыке и музыкантах,
30116601,Архитектура компьютера,,,,Догадин Н.Б.,2015,3-е изд. (эл.),"Издательство \Лаборатория знаний\"" (ранее \""БИНОМ. Лаборатория знаний\"")""",,272,274,Russian,,,,978-5-9963-2638-9,,,,,,,,,,66281,0,,,,,,,1,5317940,pdf,1759505b41b890ee8584ca99e22b6556,,,,0,2000-01-01 01:00:00,2017-04-19 19:07:37,,Инженерно-технические науки;Автоматизированные системы и информатика,
30116602,Внутрилабораторный контроль качества результатов анализа с использованием лабораторной информационной системы,,,,"Терещенко А.Г., Пикула Н.П., Толстихина Т.В.",2015,2-е изд. (эл.),"Издательство \Лаборатория знаний\"" (ранее \""БИНОМ. Лаборатория знаний\"")""",,315,315,Russian,,,,978-5-9963-2522-1,,,,,,,,,,66283,0,,,,,,,1,4042816,pdf,8718aaca62ad64d0a885217a60dfb7e4,,,,0,2000-01-01 01:00:00,2017-04-19 19:07:37,https://e.lanbook.com/img/covers/book/3826/2015/66283.jpg,Инженерно-технические науки;Метрология; стандартизация и сертификация,
30116603,Газохроматографический анализ природного газа: практическое руководство,,,,"Другов Ю.С., Родин А.А.",2015,"2-е изд. (эл.), испр.","Издательство \Лаборатория знаний\"" (ранее \""БИНОМ. Лаборатория знаний\"")""",,177,177,Russian,,,,978-5-9963-2836-9,,,,,,,,,,66284,0,,,,,,,1,4413563,pdf,ea4e79372409546140dce242791e9a2f,,,,0,2000-01-01 01:00:00,2017-04-19 19:07:37,https://e.lanbook.com/img/covers/book/3826/2015/66284.jpg,Инженерно-технические науки;Нефтегазовое дело,
30116604,Металлизация ультрабольших интегральных схем,,,,"Громов Д.Г., Мочалов А.И., Сулимин А.Д., Шевяков В.И.",2015,3-е изд. (эл.),"Издательство \Лаборатория знаний\"" (ранее \""БИНОМ. Лаборатория знаний\"")""",,277,280,Russian,,,,978-5-9963-2569-6,,,,,,,,,,66285,0,,,,,,,1,7569351,pdf,a41f4da779e5235c0c1af58ab0ea939c,,,,0,2000-01-01 01:00:00,2017-04-19 19:07:37,https://e.lanbook.com/img/covers/book/3826/2015/66285.jpg,Инженерно-технические науки;Электроника и радиотехника,
30116605,Методы пробоотбора и пробоподготовки,,,,"Карпов Ю.А., Савостин А.П.",2015,3-е изд. (эл.),"Издательство \Лаборатория знаний\"" (ранее \""БИНОМ. Лаборатория знаний\"")""",,246,246,Russian,,,,978-5-9963-2584-9,,,,,,,,,,66286,0,,,,,,,1,2740412,pdf,19c0db51c76d7cc7683178af39edb45d,,,,0,2000-01-01 01:00:00,2017-04-19 19:07:37,https://e.lanbook.com/img/covers/book/3826/2015/66286.jpg,Инженерно-технические науки;Металлургия,
30116606,Моделирование 3D-наносхемотехники,,,,Трубочкина Н.К.,2015,2-е изд. (эл.),"Издательство \Лаборатория знаний\"" (ранее \""БИНОМ. Лаборатория знаний\"")""",,526,526,Russian,,,,978-5-9963-2633-4,,,,,,,,,,66288,0,,,,,,,1,12924472,pdf,9e45fc51e562cd703ea1b5920a226740,,,,0,2000-01-01 01:00:00,2017-04-19 19:07:37,https://e.lanbook.com/img/covers/book/3826/2015/66288.jpg,Инженерно-технические науки;Электроника и радиотехника,
30116607,Контроль качества воды: лабораторный практикум,,,,"Зайцева И.С., Зайцева Н.А.",2011,,Кузбасский государственный технический университет имени Т.Ф.Горбачева,,80,82,Russian,,,,978-5-89070-809-0,,,,,,,,,,6629,0,,,,,,,1,1952221,pdf,550ca8a15ebcaa9f1c54ca89d240716b,,,,0,2000-01-01 01:00:00,2017-04-19 19:07:37,https://e.lanbook.com/img/covers/book/7662/2011/6629.jpg,Инженерно-технические науки;БЖД; охрана окружающей среды,
30116608,Нелинейные явления в нано- и микрогетерогенных системах,,,,"Гриднев С.А., Калинин Ю.Е., Ситников А.В., Стогней О.В.",2015,Эл. изд.,"Издательство \Лаборатория знаний\"" (ранее \""БИНОМ. Лаборатория знаний\"")""",,355,355,Russian,,,,978-5-9963-2634-1,,,,,,,,,,66291,0,,,,,,,1,6315140,pdf,744c47f50c0a5ff4072106c3db195193,,,,0,2000-01-01 01:00:00,2017-04-19 19:07:37,https://e.lanbook.com/img/covers/book/3826/2015/66291.jpg,Инженерно-технические науки;Минералогия и материаловедение,
30116609,Основы катализа,,,,Романовский Б.В.,2014,Эл. изд.,"Издательство \Лаборатория знаний\"" (ранее \""БИНОМ. Лаборатория знаний\"")""",,175,175,Russian,,,,978-5-9963-2707-2,,,,,,,,,,66293,0,,,,,,,1,2965355,pdf,9b9639a5bb3b94e077075318655819b2,,,,0,2000-01-01 01:00:00,2017-04-19 19:07:37,https://e.lanbook.com/img/covers/book/3826/2014/66293.jpg,Инженерно-технические науки;Сопротивление материалов и строительная механика,
30116610,Основы материаловедения,,,,"Бондаренко Г.Г., Кабанова Т.А., Рыбалко В.В.;Под ред. Бондаренко Г.Г.",2015,2-е изд. (эл.),"Издательство \Лаборатория знаний\"" (ранее \""БИНОМ. Лаборатория знаний\"")""",,763,763,Russian,,,,978-5-9963-2377-7,,,,,,,,,,66294,0,,,,,,,1,10025957,pdf,450db88bc98bc85573d5f34c80e8a812,,,,0,2000-01-01 01:00:00,2017-04-19 19:07:37,https://e.lanbook.com/img/covers/book/3826/2015/66294.jpg,Инженерно-технические науки;Минералогия и материаловедение,
30116611,Проектирование автоматизированных систем обработки информации и управления (АСОИУ),,,,Хетагуров Я.А.,2015,Эл. изд.,"Издательство \Лаборатория знаний\"" (ранее \""БИНОМ. Лаборатория знаний\"")""",,243,243,Russian,,,,978-5-9963-2900-7,,,,,,,,,,66298,0,,,,,,,1,2999656,pdf,954e21c1dfe0a65d76047b1310bdc977,,,,0,2000-01-01 01:00:00,2017-04-19 19:07:37,https://e.lanbook.com/img/covers/book/3826/2015/66298.jpg,Инженерно-технические науки;Автоматизированные системы и информатика,
30116612,Процессы плазменного травления в микро- и нанотехнологиях,,,,"Галперин В.А., Данилкин Е.В., Мочалов А.И.;Под ред. Тимошенкова С.П.",2015,3-е изд. (эл.),"Издательство \Лаборатория знаний\"" (ранее \""БИНОМ. Лаборатория знаний\"")""",,286,286,Russian,,,,978-5-9963-2129-2,,,,,,,,,,66299,0,,,,,,,1,6434381,pdf,cb30b2ec49a4f03e99b1d7cca1989d82,,,,0,2000-01-01 01:00:00,2017-04-19 19:07:37,https://e.lanbook.com/img/covers/book/3826/2015/66299.jpg,Инженерно-технические науки;Электроника и радиотехника,
30116613,"Тесты по цитологии, эмбриологии и общей гистологии",,,,"Тельцов Л.П., Муллакаев О.Т., Яглов В.В.",2011,1-е изд.,"Издательство \Лань\""""",,208,204,Russian,,,,978-5-8114-1062-0,,,,,,,,,,663,0,,,,,,,1,2010073,pdf,903f3412c29c838b7eaedbee1e1b01aa,,,,0,2000-01-01 01:00:00,2017-04-19 19:07:37,https://e.lanbook.com/img/covers/book/905/2011/663.jpg,Ветеринария и сельское хозяйство;Ветеринария,
30116614,Пожарная безопасность горных предприятий : учеб. Пособие,,,,Портола В.А.,2008,,Кузбасский государственный технический университет имени Т.Ф.Горбачева,,158,158,Russian,,,,978-5-89070-632-4,,,,,,,,,,6630,0,,,,,,,1,1011249,pdf,e40434c933e46d4815e7fb958268e18b,,,,0,2000-01-01 01:00:00,2017-04-19 19:07:37,,Инженерно-технические науки;БЖД; охрана окружающей среды,
30116615,Радиационные эффекты в кремниевых интегральных схемах космического применения,,,,"Таперо К.И., Улимов В.Н., Членов А.М.",2014,2-е изд. (эл.),"Издательство \Лаборатория знаний\"" (ранее \""БИНОМ. Лаборатория знаний\"")""",,307,307,Russian,,,,978-5-9963-2527-6,,,,,,,,,,66300,0,,,,,,,1,4941973,pdf,d02b1482415ab22cd7bd8faa0722eb45,,,,0,2000-01-01 01:00:00,2017-04-19 19:07:37,https://e.lanbook.com/img/covers/book/3826/2014/66300.jpg,Инженерно-технические науки;Электроника и радиотехника,
30116616,Решение задач по сопротивлению материалов,,,,Буланов Э.А.,2015,5-е изд. (эл.),"Издательство \Лаборатория знаний\"" (ранее \""БИНОМ. Лаборатория знаний\"")""",,215,218,Russian,,,,978-5-9963-2651-8,,,,,,,,,,66301,0,,,,,,,1,5153657,pdf,1b9b70d09c51d54b2ab8613639b21462,,,,0,2000-01-01 01:00:00,2017-04-19 19:07:37,https://e.lanbook.com/img/covers/book/3826/2015/66301.jpg,Инженерно-технические науки;Сопротивление материалов и строительная механика,
30116617,Тайные технологии. Биосферное и геосферное оружие,,,,Правдивцев В.Л.,2014,2-е изд. (эл.),"Издательство \Лаборатория знаний\"" (ранее \""БИНОМ. Лаборатория знаний\"")""",,338,338,Russian,,,,978-5-9963-2528-3,,,,,,,,,,66302,0,,,,,,,1,15645006,pdf,4eb805430e3517c6c229c172400bd0b7,,,,0,2000-01-01 01:00:00,2017-04-19 19:07:37,https://e.lanbook.com/img/covers/book/3826/2014/66302.jpg,Инженерно-технические науки;БЖД; охрана окружающей среды,
30116618,Теория и практика электроосаждения металлов,,,,"Гамбург Ю.Д., Зангари Дж.;Пер. с англ.",2015,Эл. изд.,"Издательство \Лаборатория знаний\"" (ранее \""БИНОМ. Лаборатория знаний\"")""",,441,441,Russian,,,,978-5-9963-2901-4,,,,,,,,,,66303,0,,,,,,,1,3327350,pdf,cd83f767c4c75f45b29db58acd8e236c,,,,0,2000-01-01 01:00:00,2017-04-19 19:07:37,https://e.lanbook.com/img/covers/book/3826/2015/66303.jpg,Инженерно-технические науки;Минералогия и материаловедение,
30116619,"Технология, конструкции и методы моделирования кремниевых интегральных микросхем: в 2 ч. Часть 2",,,,"Королев М.А., Крупкина Т.Ю., Путря М.Г.;Под общей ред. чл.-корр. РАН проф. Чаплыгина Ю.А.",2015,3-е изд. (эл.),"Издательство \Лаборатория знаний\"" (ранее \""БИНОМ. Лаборатория знаний\"")""",,425,425,Russian,,,,978-5-9963-2568-9,,,,,,,,,,66308,0,,,,,,,1,17702899,pdf,34c0cff984c1fd2748a45152bcc3b941,,,,0,2000-01-01 01:00:00,2017-04-19 19:07:37,https://e.lanbook.com/img/covers/book/3826/2015/66308.jpg,Инженерно-технические науки;Электроника и радиотехника,
30116620,"Технология, конструкции и методы моделирования кремниевых интегральных микросхем: в 2 ч. Часть 1",,,,"Королев М.А., Крупкина Т.Ю., Ревелева М.А.;Под общей ред. чл.-корр. РАН проф. Чаплыгина Ю.А.",2015,3-е изд. (эл.),"Издательство \Лаборатория знаний\"" (ранее \""БИНОМ. Лаборатория знаний\"")""",,400,400,Russian,,,,978-5-9963-2904-5,,,,,,,,,,66309,0,,,,,,,1,3698049,pdf,4ea96d08c0b84f562629aef77ade0c81,,,,0,2000-01-01 01:00:00,2017-04-19 19:07:37,https://e.lanbook.com/img/covers/book/3826/2015/66309.jpg,Инженерно-технические науки;Электроника и радиотехника,
30116621,Материаловедение. Технология конструкционных материалов : учеб. Пособие,,,,"Видин Д.В., Шатько Д.Б., Лащинина С.В., Бакулин Е.В.",2011,,Кузбасский государственный технический университет имени Т.Ф.Горбачева,,163,163,Russian,,,,978-5-89070-819-9,,,,,,,,,,6631,0,,,,,,,1,5446183,pdf,b9338536cbbbfa8bee26d39d34a533e8,,,,0,2000-01-01 01:00:00,2017-04-19 19:07:37,,Инженерно-технические науки;Минералогия и материаловедение,
30116622,Физико-химические основы материаловедения,,,,"Готтштайн Г.;Пер. с англ. Золотовой К.Н., Чаркина Д.О. Под ред. Зломанова В.П.",2014,2-е изд. (эл.),"Издательство \Лаборатория знаний\"" (ранее \""БИНОМ. Лаборатория знаний\"")""",,403,403,Russian,,,,978-5-9963-1327-3,,,,,,,,,,66310,0,,,,,,,1,7156779,pdf,775f1a29777341e1e18c8bdfa43e43bb,,,,0,2000-01-01 01:00:00,2017-04-19 19:07:37,https://e.lanbook.com/img/covers/book/3826/2014/66310.jpg,Инженерно-технические науки;Минералогия и материаловедение,
30116623,Энергетика в акронимах и сокращениях: англо-русский словарь,,,,Гольдберг А.С.;Под общ. ред. Ольховского Г.Г.,2015,3-е изд. (эл.),"Издательство \Лаборатория знаний\"" (ранее \""БИНОМ. Лаборатория знаний\"")""",,445,445,Russian,,,,978-5-9963-2595-5,,,,,,,,,,66311,0,,,,,,,1,4634205,pdf,56e68c32e21e9b888aa13fe3c11b530f,,,,0,2000-01-01 01:00:00,2017-04-19 19:07:37,https://e.lanbook.com/img/covers/book/3826/2015/66311.jpg,Инженерно-технические науки;Энергетика,
30116624,Алгебра. Углубленный курс с решениями и указаниями,,,,Под ред. Федотова М.В.,2015,2-е изд. (эл.),"Издательство \Лаборатория знаний\"" (ранее \""БИНОМ. Лаборатория знаний\"")""",,541,541,Russian,,,,978-5-9963-2801-7,,,,,,,,,,66312,0,,,,,,,1,4717958,pdf,1cc1448d05ebcda0e6d5e2af5d7e5df1,,,,0,2000-01-01 01:00:00,2017-04-19 19:07:37,https://e.lanbook.com/img/covers/book/3826/2015/66312.jpg,Математика;Математика для школьников,
30116625,Геометрия 1,,,,"Атанасян С.Л., Покровский В.Г.",2014,Эл. изд.,"Издательство \Лаборатория знаний\"" (ранее \""БИНОМ. Лаборатория знаний\"")""",,334,334,Russian,,,,978-5-9963-2371-5,,,,,,,,,,66313,0,,,,,,,1,3982917,pdf,2d5ac9c332e36dde0d9e3e26b0e6e311,,,,0,2000-01-01 01:00:00,2017-04-19 19:07:37,https://e.lanbook.com/img/covers/book/3826/2014/66313.jpg,Геометрия;Математика,
30116626,Геометрия 2,,,,"Атанасян С.Л., Покровский В.Г., Ушаков В.Г.",2015,Эл. изд.,"Издательство \Лаборатория знаний\"" (ранее \""БИНОМ. Лаборатория знаний\"")""",,547,547,Russian,,,,978-5-9963-2876-5,,,,,,,,,,66314,0,,,,,,,1,4224853,pdf,f713303b5057176907fd14f29b78f17a,,,,0,2000-01-01 01:00:00,2017-04-19 19:07:37,https://e.lanbook.com/img/covers/book/3826/2015/66314.jpg,Геометрия;Математика,
30116627,Геометрия Лобачевского,,,,Атанасян Л.С.,2014,"2-е изд. (эл.), испр.","Издательство \Лаборатория знаний\"" (ранее \""БИНОМ. Лаборатория знаний\"")""",,467,467,Russian,,,,978-5-9963-2364-7,,,,,,,,,,66315,0,,,,,,,1,3412947,pdf,43eacae7cce396b689ab55ec0a44635b,,,,0,2000-01-01 01:00:00,2017-04-19 19:07:37,https://e.lanbook.com/img/covers/book/3826/2014/66315.jpg,Геометрия;Математика,
30116628,Геометрия. Углубленный курс с решениями и указаниями,,,,"Будак Б.А., Золотарёва Н.Д., Федотов М.В.",2015,3-е изд. (эл.),"Издательство \Лаборатория знаний\"" (ранее \""БИНОМ. Лаборатория знаний\"")""",,613,613,Russian,,,,978-5-9963-2894-9,,,,,,,,,,66316,0,,,,,,,1,6788805,pdf,af775145679208e787cbcd70ed057a2e,,,,0,2000-01-01 01:00:00,2017-04-19 19:07:37,https://e.lanbook.com/img/covers/book/3826/2015/66316.jpg,Геометрия;Математика,
30116629,Доказательства из Книги. Лучшие доказательства со времен Евклида до наших дней,,,,"Айгнер М., Циглер Г.;Пер. 4-го англ. изд. Селиванова Б.И.",2014,"2-е изд. (эл.), доп.","Издательство \Лаборатория знаний\"" (ранее \""БИНОМ. Лаборатория знаний\"")""",,291,291,Russian,,,,978-5-9963-2736-2,,,,,,,,,,66317,0,,,,,,,1,8604999,pdf,17bba040c9668dafc814a3ed4218de43,,,,0,2000-01-01 01:00:00,2017-04-19 19:07:37,https://e.lanbook.com/img/covers/book/3826/2014/66317.jpg,Прикладная математика;Математика,
30116630,Материаловедение : учеб. Пособие,,,,Хмеленко Т.В.,2010,,Кузбасский государственный технический университет имени Т.Ф.Горбачева,,88,88,Russian,,,,978-5-89070-758-1,,,,,,,,,,6632,0,,,,,,,1,478975,pdf,bdf333aa0c49d41b814b9f8f1a652128,,,,0,2000-01-01 01:00:00,2017-04-19 19:07:37,,Инженерно-технические науки;Минералогия и материаловедение,
30116631,Математика - посредник между духом и материей,,,,Штейнгауз Г.Д.;Пер. с польск. Копылова Б.И.,2014,2-е изд. (эл.),"Издательство \Лаборатория знаний\"" (ранее \""БИНОМ. Лаборатория знаний\"")""",,354,354,Russian,,,,978-5-9963-1353-2,,,,,,,,,,66320,0,,,,,,,1,1845239,pdf,93afaba88561c79afeaec1da68dff29b,,,,0,2000-01-01 01:00:00,2017-04-19 19:07:37,https://e.lanbook.com/img/covers/book/3826/2014/66320.jpg,Математика;История математики,
30116632,Математика. Сборник задач по углубленному курсу,,,,"Будак Б.А., Золотарёва Н.Д., Попов Ю.А., Федотов М.В.",2015,3-е изд. (эл.),"Издательство \Лаборатория знаний\"" (ранее \""БИНОМ. Лаборатория знаний\"")""",,329,329,Russian,,,,978-5-9963-2885-7,,,,,,,,,,66321,0,,,,,,,1,3748977,pdf,55f381c2cb4d5d25eb59f362749900d2,,,,0,2000-01-01 01:00:00,2017-04-19 19:07:37,https://e.lanbook.com/img/covers/book/3826/2015/66321.jpg,Математика;Математика для школьников,
30116633,"О математике, математиках и не только",,,,"Писаревский Б.М., Харин В.Т.",2015,3-е изд. (эл.),"Издательство \Лаборатория знаний\"" (ранее \""БИНОМ. Лаборатория знаний\"")""",,304,304,Russian,,,,978-5-9963-2650-1,,,,,,,,,,66322,0,,,,,,,1,3908584,pdf,2ac8df4ebafb439df96110c85a43016f,,,,0,2000-01-01 01:00:00,2017-04-19 19:07:37,https://e.lanbook.com/img/covers/book/3826/2015/66322.jpg,Математика;История математики,
30116634,Обольстить логикой. Выводы на все случаи жизни,,,,Дрёссер К.;Пер. с нем. Асламова Н.Е.,2015,2-е изд. (эл.),"Издательство \Лаборатория знаний\"" (ранее \""БИНОМ. Лаборатория знаний\"")""",,179,179,Russian,,,,978-5-9963-2897-0,,,,,,,,,,66323,0,,,,,,,1,1375894,pdf,d9c2813039ea343449cecac78fed0707,,,,0,2000-01-01 01:00:00,2017-04-19 19:07:37,https://e.lanbook.com/img/covers/book/3826/2015/66323.jpg,Дискретная математика и математическая логика;Математика,
30116635,Обольстить математикой. Числовые игры на все случаи жизни,,,,Дрёссер К.;Пер. с нем. Зарха А.Я.,2014,Эл. изд.,"Издательство \Лаборатория знаний\"" (ранее \""БИНОМ. Лаборатория знаний\"")""",,203,203,Russian,,,,978-5-9963-2462-0,,,,,,,,,,66324,0,,,,,,,1,2087292,pdf,dc827333babb16185e7114774471cb51,,,,0,2000-01-01 01:00:00,2017-04-19 19:07:37,https://e.lanbook.com/img/covers/book/3826/2014/66324.jpg,Высшая математика;Математика,
30116636,Обучение с подкреплением,,,,"Саттон Р.С., Барто Э.Г.;Пер. с англ. Романова Е.О.",2014,2-е изд. (эл.),"Издательство \Лаборатория знаний\"" (ранее \""БИНОМ. Лаборатория знаний\"")""",,402,402,Russian,,,,978-5-9963-2500-9,,,,,,,,,,66325,0,,,,,,,1,9018199,pdf,c479cc65aa8b3a149b10ea79f063d6ad,,,,0,2000-01-01 01:00:00,2017-04-19 19:07:37,https://e.lanbook.com/img/covers/book/3826/2014/66325.jpg,Прикладная математика;Математика,
30116637,Одномерные дискретные распределения,,,,"Джонсон Н.Л., Коц С., Кемп А.У.;Перевод 2-о англ. изд. Булинской Е.В., Волковой О.И., Жуленёва С.В., Кокотушкина В.А.",2014,3-е изд. (эл.),"Издательство \Лаборатория знаний\"" (ранее \""БИНОМ. Лаборатория знаний\"")""",,562,562,Russian,,,,978-5-9963-2507-8,,,,,,,,,,66326,0,,,,,,,1,4065376,pdf,4e5c8e399498f572eb2f2489867e9f40,,,,0,2000-01-01 01:00:00,2017-04-19 19:07:37,https://e.lanbook.com/img/covers/book/3826/2014/66326.jpg,Математический анализ;Математика,
30116638,Сначала немного подумайте: пособие по математике для абитуриентов,,,,"Шикин Е.В., Григорян А.А., Шикина Г.Е.",2015,2-е изд. (эл.),"Издательство \Лаборатория знаний\"" (ранее \""БИНОМ. Лаборатория знаний\"")""",,336,336,Russian,,,,978-5-9963-2816-1,,,,,,,,,,66328,0,,,,,,,1,1892864,pdf,c815841a3d21ac3dbd2d017907bcd489,,,,0,2000-01-01 01:00:00,2017-04-19 19:07:37,https://e.lanbook.com/img/covers/book/3826/2015/66328.jpg,Математика;Математика для школьников,
30116639,Технические системы в условиях неопределенности: анализ гибкости и оптимизация,,,,"Островский Г.М., Волин Ю.М.",2015,2-е изд. (эл.),"Издательство \Лаборатория знаний\"" (ранее \""БИНОМ. Лаборатория знаний\"")""",,322,322,Russian,,,,978-5-9963-2544-3,,,,,,,,,,66329,0,,,,,,,1,2586083,pdf,b282babae0e9c9d8f38502e2694ceae6,,,,0,2000-01-01 01:00:00,2017-04-19 19:07:37,https://e.lanbook.com/img/covers/book/3826/2015/66329.jpg,Прикладная математика;Математика,
30116640,Техническая термодинамика и теплотехника : сборник задач,,,,"Афанасьев Ю.О., Дворовенко И.И.",2011,,Кузбасский государственный технический университет имени Т.Ф.Горбачева,,96,96,Russian,,,,978-5-89070-792-5,,,,,,,,,,6633,0,,,,,,,1,694545,pdf,bd64b513c6bdb6e58e43611a4d4711c0,,,,0,2000-01-01 01:00:00,2017-04-19 19:07:37,,Инженерно-технические науки;Теплотехника,
30116641,Ханойские башни,,,,"Окулов С.М., Лялин А.В.",2015,2-е изд. (эл.),"Издательство \Лаборатория знаний\"" (ранее \""БИНОМ. Лаборатория знаний\"")""",,248,248,Russian,,,,978-5-9963-2810-9,,,,,,,,,,66331,0,,,,,,,1,2215482,pdf,51d1f974cdab1f6992b8d3ae94482773,,,,0,2000-01-01 01:00:00,2017-04-19 19:07:37,https://e.lanbook.com/img/covers/book/3826/2015/66331.jpg,Математика;Математика для школьников,
30116642,Великие физики как педагоги: от научных исследований - к просвещению общества,,,,Щербаков Р.Н.,2015,3-е изд. (эл.),"Издательство \Лаборатория знаний\"" (ранее \""БИНОМ. Лаборатория знаний\"")""",,299,299,Russian,,,,978-5-9963-2546-7,,,,,,,,,,66333,0,,,,,,,1,1986522,pdf,64682c78e8613c1965ad2878cfb63fd2,,,,0,2000-01-01 01:00:00,2017-04-19 19:07:37,https://e.lanbook.com/img/covers/book/3826/2015/66333.jpg,Физика;Физика (общие курсы),
30116643,Волновые процессы. Основные законы,,,,Иродов И.Е.,2015,7-е изд. (эл.),"Издательство \Лаборатория знаний\"" (ранее \""БИНОМ. Лаборатория знаний\"")""",,265,265,Russian,,,,978-5-9963-2738-6,,,,,,,,,,66334,0,,,,,,,1,2886079,pdf,28d9f05dc4db5e9f3f004b465ff33fdd,,,,0,2000-01-01 01:00:00,2017-04-19 19:07:37,https://e.lanbook.com/img/covers/book/3826/2015/66334.jpg,Физика;Физика (общие курсы),
30116644,Задачи по общей физике,,,,Иродов И.Е.,2014,10-е изд. (эл.),"Издательство \Лаборатория знаний\"" (ранее \""БИНОМ. Лаборатория знаний\"")""",,431,434,Russian,,,,978-5-9963-2349-4,,,,,,,,,,66335,0,,,,,,,1,3775735,pdf,8d0680e46efc1f8857bb0f3820d494a3,,,,0,2000-01-01 01:00:00,2017-04-19 19:07:37,https://e.lanbook.com/img/covers/book/3826/2014/66335.jpg,Физика;Физика (общие курсы),
30116645,Квантовая физика. Основные законы,,,,Иродов И.Е.,2014,6-е изд. (эл.),"Издательство \Лаборатория знаний\"" (ранее \""БИНОМ. Лаборатория знаний\"")""",,256,260,Russian,,,,978-5-9963-2302-9,,,,,,,,,,66336,0,,,,,,,1,2534825,pdf,acddf018c073e8b0b1b8eee7d68b8906,,,,0,2000-01-01 01:00:00,2017-04-19 19:07:37,https://e.lanbook.com/img/covers/book/3826/2014/66336.jpg,Физика;Физика (общие курсы),
30116646,Квантовые измерения,,,,Белинский А.В.,2015,3-е изд. (эл.),"Издательство \Лаборатория знаний\"" (ранее \""БИНОМ. Лаборатория знаний\"")""",,185,185,Russian,,,,978-5-9963-2549-8,,,,,,,,,,66337,0,,,,,,,1,2035655,pdf,3927e931a68988e834a98407fa8362a8,,,,0,2000-01-01 01:00:00,2017-04-19 19:07:37,https://e.lanbook.com/img/covers/book/3826/2015/66337.jpg,Физика;Квантовая механика,
30116647,Лекции по физике плазмы,,,,Котельников И.А.,2014,2-е изд. (эл.),"Издательство \Лаборатория знаний\"" (ранее \""БИНОМ. Лаборатория знаний\"")""",,384,386,Russian,,,,978-5-9963-2298-5,,,,,,,,,,66338,0,,,,,,,1,4386268,pdf,093d110341998ad12c5d06d100e28c9f,,,,0,2000-01-01 01:00:00,2017-04-19 19:07:37,https://e.lanbook.com/img/covers/book/3826/2014/66338.jpg,Физика;Прикладная физика,
30116648,Математические и вычислительные задачи магнитной газодинамики,,,,Брушлинский К.В.,2015,3-е изд. (эл.),"Издательство \Лаборатория знаний\"" (ранее \""БИНОМ. Лаборатория знаний\"")""",,203,203,Russian,,,,978-5-9963-2583-2,,,,,,,,,,66339,0,,,,,,,1,2228943,pdf,2fe9ae589ef00391d8b58f8beeff8183,,,,0,2000-01-01 01:00:00,2017-04-19 19:07:37,https://e.lanbook.com/img/covers/book/3826/2015/66339.jpg,Физика;Прикладная физика,
30116649,Организация проектирования объектов теплоснабжения : курс лекций,,,,Королев А.Т.,2010,,Кузбасский государственный технический университет имени Т.Ф.Горбачева,,160,161,Russian,,,,978-5-89070-658-4,,,,,,,,,,6634,0,,,,,,,1,6821927,pdf,1c4b66d2cc427d0f2ce5c1e332e45e37,,,,0,2000-01-01 01:00:00,2017-04-19 19:07:37,,Инженерно-технические науки;Теплотехника,
30116650,Метафизика. Век XXI. Альманах. Вып. 4: метафизика и математика,,,,Под ред. Владимирова Ю.С.,2015,3-е изд. (эл.),"Издательство \Лаборатория знаний\"" (ранее \""БИНОМ. Лаборатория знаний\"")""",,464,464,Russian,,,,978-5-9963-2972-4,,,,,,,,,,66340,0,,,,,,,1,3964763,pdf,3da7d0760003f44cad129ade9d214eaf,,,,0,2000-01-01 01:00:00,2017-04-19 19:07:37,https://e.lanbook.com/img/covers/book/3826/2015/66340.jpg,Физика;Математическая физика,
30116651,Механика. Основные законы,,,,Иродов И.Е.,2014,12-е изд. (эл.),"Издательство \Лаборатория знаний\"" (ранее \""БИНОМ. Лаборатория знаний\"")""",,309,311,Russian,,,,978-5-9963-2350-0,,,,,,,,,,66341,0,,,,,,,1,2357184,pdf,d992d1c1c30d9d860afa786680ef3587,,,,0,2000-01-01 01:00:00,2017-04-19 19:07:37,https://e.lanbook.com/img/covers/book/3826/2014/66341.jpg,Физика;Физика (общие курсы),
30116652,Обольстить физикой. Истории на все случаи жизни,,,,Дрёссер К.;Пер. с нем. Донской Л.В.,2014,Эл. изд.,"Издательство \Лаборатория знаний\"" (ранее \""БИНОМ. Лаборатория знаний\"")""",,192,192,Russian,,,,978-5-9963-2414-9,,,,,,,,,,66342,0,,,,,,,1,1684185,pdf,4a4f803ba5cfeef225e0d29f9db2e10f,,,,0,2000-01-01 01:00:00,2017-04-19 19:07:37,https://e.lanbook.com/img/covers/book/3826/2014/66342.jpg,Физика;Физика (общие курсы),
30116653,Основания физики,,,,Владимиров Ю.С.,2015,3-е изд. (эл.),"Издательство \Лаборатория знаний\"" (ранее \""БИНОМ. Лаборатория знаний\"")""",,458,458,Russian,,,,978-5-9963-2555-9,,,,,,,,,,66343,0,,,,,,,1,2891331,pdf,97df1888ab0b934beb1d24adeabad5fa,,,,0,2000-01-01 01:00:00,2017-04-19 19:07:37,https://e.lanbook.com/img/covers/book/3826/2015/66343.jpg,Физика;Физика (общие курсы),
30116654,Суперсимметрия и не только. От бозона Хиггса к новой физике,,,,Кейн Г.;Пер. с англ.,2015,Эл. изд.,"Издательство \Лаборатория знаний\"" (ранее \""БИНОМ. Лаборатория знаний\"")""",,235,235,Russian,,,,978-5-9963-2899-4,,,,,,,,,,66344,0,,,,,,,1,1538581,pdf,97574a577b5bf9e1ca99532d08930645,,,,0,2000-01-01 01:00:00,2017-04-19 19:07:37,https://e.lanbook.com/img/covers/book/3826/2015/66344.jpg,Физика;Атомная и ядерная физика,
30116655,Физика сегнетоэлектриков: современный взгляд,,,,"Под ред. Рабе К.М., Ана Ч.Г., Трискона Ж.-М.; Пер. с англ.",2015,3-е изд. (эл.),"Издательство \Лаборатория знаний\"" (ранее \""БИНОМ. Лаборатория знаний\"")""",,443,443,Russian,,,,978-5-9963-2535-1,,,,,,,,,,66346,0,,,,,,,1,20011761,pdf,cef05991110ee090c14cfbcb3d50e3bc,,,,0,2000-01-01 01:00:00,2017-04-19 19:07:37,https://e.lanbook.com/img/covers/book/3826/2015/66346.jpg,Физика;Электроника и радиотехника,
30116656,"Физика. Сборник задач. ЕГЭ, олимпиады, экзамены в вуз",,,,Вишнякова Е.А.,2015,4-е изд. (эл.),"Издательство \Лаборатория знаний\"" (ранее \""БИНОМ. Лаборатория знаний\"")""",,339,339,Russian,,,,978-5-9963-2891-8,,,,,,,,,,66347,0,,,,,,,1,9915039,pdf,f446076f15255bba439515929ec7c4a2,,,,0,2000-01-01 01:00:00,2017-04-19 19:07:37,https://e.lanbook.com/img/covers/book/3826/2015/66347.jpg,Физика;Физика для школьников,
30116657,Физика. Углубленный курс с решениями и указаниями,,,,"Вишнякова Е.А., Макаров В.А., Черепецкая Е.Б., Чесноков С.С.",2015,3-е изд. (эл.),"Издательство \Лаборатория знаний\"" (ранее \""БИНОМ. Лаборатория знаний\"")""",,419,419,Russian,,,,978-5-9963-2892-5,,,,,,,,,,66348,0,,,,,,,1,10766961,pdf,c3d76fe90e42a3d5f49950f9e650efaa,,,,0,2000-01-01 01:00:00,2017-04-19 19:07:37,https://e.lanbook.com/img/covers/book/3826/2015/66348.jpg,Физика;Физика для школьников,
30116658,Физико-химическая эволюция твердого вещества,,,,Мелихов И.В.,2014,3-е изд. (эл.),"Издательство \Лаборатория знаний\"" (ранее \""БИНОМ. Лаборатория знаний\"")""",,312,311,Russian,,,,978-5-9963-2532-0,,,,,,,,,,66349,0,,,,,,,1,7502828,pdf,9d1b151deaa650769cb85c711003ce9a,,,,0,2000-01-01 01:00:00,2017-04-19 19:07:37,https://e.lanbook.com/img/covers/book/3826/2014/66349.jpg,Физика;Физика твердого тела,
30116659,Электрические измерения неэлектрических величин : учеб. Пособие,,,,Захарова А.Г.,2009,,Кузбасский государственный технический университет имени Т.Ф.Горбачева,,151,151,Russian,,,,978-5-89070-687-4,,,,,,,,,,6635,0,,,,,,,1,11687792,pdf,a74cc566d0b496ec584453209233a18d,,,,0,2000-01-01 01:00:00,2017-04-19 19:07:37,,Инженерно-технические науки;Электротехника,
30116660,Частица на краю Вселенной. Как охота на бозон Хиггса ведет нас к границам нового мира,,,,Кэрролл Ш.;Пер. с англ.,2015,Эл. изд.,"Издательство \Лаборатория знаний\"" (ранее \""БИНОМ. Лаборатория знаний\"")""",,371,371,Russian,,,,978-5-9963-2874-1,,,,,,,,,,66350,0,,,,,,,1,4245357,pdf,6c414c6e269d7c8ea02f78d69c9a938f,,,,0,2000-01-01 01:00:00,2017-04-19 19:07:37,https://e.lanbook.com/img/covers/book/3826/2015/66350.jpg,Физика;Атомная и ядерная физика,
30116661,Электромагнетизм. Основные законы,,,,Иродов И.Е.,2014,9-е изд. (эл.),"Издательство \Лаборатория знаний\"" (ранее \""БИНОМ. Лаборатория знаний\"")""",,319,321,Russian,,,,978-5-9963-2348-7,,,,,,,,,,66352,0,,,,,,,1,2330682,pdf,584a82659451f942180fd29b45c1fae3,,,,0,2000-01-01 01:00:00,2017-04-19 19:07:37,https://e.lanbook.com/img/covers/book/3826/2014/66352.jpg,Физика;Электричество и магнетизм,
30116662,Адсорбция,,,,Ягодовский В.Д.,2015,Эл. изд.,"Издательство \Лаборатория знаний\"" (ранее \""БИНОМ. Лаборатория знаний\"")""",,219,219,Russian,,,,978-5-9963-2909-0,,,,,,,,,,66353,0,,,,,,,1,3097741,pdf,4adbadc99265f2e9a13d316c6f1bb989,,,,0,2000-01-01 01:00:00,2017-04-19 19:07:37,https://e.lanbook.com/img/covers/book/3826/2015/66353.jpg,Химия;Физическая и коллоидная химия,
30116663,Биометаллоорганическая химия,,,,Под ред. Жауэна Ж.; Пер. с англ.,2015,2-е изд. (эл.),"Издательство \Лаборатория знаний\"" (ранее \""БИНОМ. Лаборатория знаний\"")""",,505,505,Russian,,,,978-5-9963-2403-3,,,,,,,,,,66354,0,,,,,,,1,9237095,pdf,d9379e52738d657b9006b544482cd943,,,,0,2000-01-01 01:00:00,2017-04-19 19:07:37,https://e.lanbook.com/img/covers/book/3826/2015/66354.jpg,Химия;Органическая химия,
30116664,Домино-реакции в органическом синтезе,,,,"Титце Л., Браше Г., Герике К.;Пер. с англ.",2015,2-е изд. (эл.),"Издательство \Лаборатория знаний\"" (ранее \""БИНОМ. Лаборатория знаний\"")""",,674,674,Russian,,,,978-5-9963-2404-0,,,,,,,,,,66355,0,,,,,,,1,6733639,pdf,845aeed74473047c561a1bfe2ee85b98,,,,0,2000-01-01 01:00:00,2017-04-19 19:07:37,https://e.lanbook.com/img/covers/book/3826/2015/66355.jpg,Химия;Органическая химия,
30116665,"Квантовая химия. Молекулы, молекулярные системы и твердые тела",,,,Цирельсон В.Г.,2014,"3-е изд. (эл.), испр.","Издательство \Лаборатория знаний\"" (ранее \""БИНОМ. Лаборатория знаний\"")""",,522,522,Russian,,,,978-5-9963-2362-3,,,,,,,,,,66357,0,,,,,,,1,12144003,pdf,70de222fb2c9002e41cf93b9f0c93f06,,,,0,2000-01-01 01:00:00,2017-04-19 19:07:37,https://e.lanbook.com/img/covers/book/3826/2014/66357.jpg,Химия;Общая и неорганическая химия,
30116666,"Межмолекулярные взаимодействия. Физическая интерпретация, компьютерные расчеты и модельные потенциалы",,,,Каплан И.Г.;Пер. с англ.,2014,2-е изд. (эл.),"Издательство \Лаборатория знаний\"" (ранее \""БИНОМ. Лаборатория знаний\"")""",,397,397,Russian,,,,978-5-9963-2655-6,,,,,,,,,,66358,0,,,,,,,1,3103410,pdf,533775a459f2e381a97bd165a204fcd7,,,,0,2000-01-01 01:00:00,2017-04-19 19:07:37,https://e.lanbook.com/img/covers/book/3826/2014/66358.jpg,Химия;Общая и неорганическая химия,
30116667,Метанол и энергетика будущего. Когда закончатся нефть и газ,,,,"Ола Дж., Гепперт А., Пракаш С.;Пер. с англ. Мишина И.В.",2015,2-е изд. (эл.),"Издательство \Лаборатория знаний\"" (ранее \""БИНОМ. Лаборатория знаний\"")""",,419,419,Russian,,,,978-5-9963-2400-2,,,,,,,,,,66359,0,,,,,,,1,6345112,pdf,f53b6b6fa6585fa36faaf14ea9c0905b,,,,0,2000-01-01 01:00:00,2017-04-19 19:07:37,https://e.lanbook.com/img/covers/book/3826/2015/66359.jpg,Химия;Химическая технология,
30116668,Электрические сети и системы: Справочно-терминологическое издание по английскому языку,,,,Новикова Е.С.;под ред. В.М. Ефременко,2009,,Кузбасский государственный технический университет имени Т.Ф.Горбачева,,123,123,Russian,,,,978-5-89070-703-1,,,,,,,,,,6636,0,,,,,,,1,533617,pdf,7b5298ff2939a522fe940b3f21cda715,,,,0,2000-01-01 01:00:00,2017-04-19 19:07:37,,Инженерно-технические науки;Электротехника,
30116669,Механизмы неорганических реакций,,,,"Тоуб М., Берджесс Дж.;Пер. с англ.",2014,2-е изд. (эл.),"Издательство \Лаборатория знаний\"" (ранее \""БИНОМ. Лаборатория знаний\"")""",,681,681,Russian,,,,978-5-9963-2520-7,,,,,,,,,,66360,0,,,,,,,1,8013089,pdf,ffb36a0091f10560b772c5862ee25469,,,,0,2000-01-01 01:00:00,2017-04-19 19:07:37,https://e.lanbook.com/img/covers/book/3826/2014/66360.jpg,Химия;Общая и неорганическая химия,
30116670,Органическая химия. В 4 частях. Часть 1,,,,"Реутов О.А., Курц А.Л., Бутин К.П.",2014,6-е изд. (эл.),"Издательство \Лаборатория знаний\"" (ранее \""БИНОМ. Лаборатория знаний\"")""",,570,570,Russian,,,,978-5-9963-2424-8,,,,,,,,,,66361,0,,,,,,,1,18359296,pdf,00a33049150f0d68003d64f4d219acd9,,,,0,2000-01-01 01:00:00,2017-04-19 19:07:37,https://e.lanbook.com/img/covers/book/3826/2014/66361.jpg,Химия;Органическая химия,
30116671,Органическая химия. В 4 частях. Часть 2,,,,"Реутов О.А., Курц А.Л., Бутин К.П.",2014,6-е изд. (эл.),"Издательство \Лаборатория знаний\"" (ранее \""БИНОМ. Лаборатория знаний\"")""",,626,626,Russian,,,,978-5-9963-2425-5,,,,,,,,,,66362,0,,,,,,,1,5669336,pdf,79b5fada4302bb360c10ac436b843fda,,,,0,2000-01-01 01:00:00,2017-04-19 19:07:37,https://e.lanbook.com/img/covers/book/3826/2014/66362.jpg,Химия;Органическая химия,
30116672,Органическая химия. В 4 частях. Часть 3,,,,"Реутов О.А., Курц А.Л., Бутин К.П.",2014,5-е изд. (эл.),"Издательство \Лаборатория знаний\"" (ранее \""БИНОМ. Лаборатория знаний\"")""",,547,547,Russian,,,,978-5-9963-2367-8,,,,,,,,,,66363,0,,,,,,,1,5228219,pdf,136786b89b43fc190a94ab3290a59243,,,,0,2000-01-01 01:00:00,2017-04-19 19:07:37,https://e.lanbook.com/img/covers/book/3826/2014/66363.jpg,Химия;Органическая химия,
30116673,Основы органической химии,,,,"Юровская М.А., Куркин А.В.",2015,3-е изд. (эл.),"Издательство \Лаборатория знаний\"" (ранее \""БИНОМ. Лаборатория знаний\"")""",,239,239,Russian,,,,978-5-9963-2629-7,,,,,,,,,,66365,0,,,,,,,1,3187709,pdf,c339537d324077923361ea3ca59a1634,,,,0,2000-01-01 01:00:00,2017-04-19 19:07:37,https://e.lanbook.com/img/covers/book/3826/2015/66365.jpg,Химия;Органическая химия,
30116674,Основы современного органического синтеза,,,,"Смит В.А., Дильман А.Д.",2015,4-е изд. (эл.),"Издательство \Лаборатория знаний\"" (ранее \""БИНОМ. Лаборатория знаний\"")""",,753,753,Russian,,,,978-5-9963-2369-2,,,,,,,,,,66366,0,,,,,,,1,8578917,pdf,3681481344e3752138a8bf17a0c7d34b,,,,0,2000-01-01 01:00:00,2017-04-19 19:07:37,https://e.lanbook.com/img/covers/book/3826/2015/66366.jpg,Химия;Органическая химия,
30116675,Практикум по органической химии,,,,"Травень В.Ф., Щекотихин А.Е.",2014,Эл. изд.,"Издательство \Лаборатория знаний\"" (ранее \""БИНОМ. Лаборатория знаний\"")""",,595,595,Russian,,,,978-5-9963-2428-6,,,,,,,,,,66367,0,,,,,,,1,10651099,pdf,e6d1d8c7253840c55e639c983ab64ac8,,,,0,2000-01-01 01:00:00,2017-04-19 19:07:37,https://e.lanbook.com/img/covers/book/3826/2014/66367.jpg,Химия;Органическая химия,
30116676,Химия ароматических гетероциклических соединений,,,,Юровская М.А.,2015,Эл. изд.,"Издательство \Лаборатория знаний\"" (ранее \""БИНОМ. Лаборатория знаний\"")""",,211,211,Russian,,,,978-5-9963-2783-6,,,,,,,,,,66368,0,,,,,,,1,8477308,pdf,ee7cfb9d854ff81bf66c2a7005f20a0b,,,,0,2000-01-01 01:00:00,2017-04-19 19:07:37,https://e.lanbook.com/img/covers/book/3826/2015/66368.jpg,Химия;Органическая химия,
30116677,Эксплуатация систем электроснабжения (Эксплуатация электрооборудования) : учеб. пособие,,,,Разгильдеев Г.И.,2009,,Кузбасский государственный технический университет имени Т.Ф.Горбачева,,196,196,Russian,,,,978-5-89070-703-1,,,,,,,,,,6637,0,,,,,,,1,1768237,pdf,b6fe506d2f403b89ce8c34d703868481,,,,0,2000-01-01 01:00:00,2017-04-19 19:07:37,,Инженерно-технические науки;Электротехника,
30116678,Учителю физики о развивающем образовании,,,,Самоненко Ю.А.,2015,2-е изд. (эл.),"Издательство \Лаборатория знаний\"" (ранее \""БИНОМ. Лаборатория знаний\"")""",,288,288,Russian,,,,978-5-9963-2649-5,,,,,,,,,,66370,0,,,,,,,1,2076209,pdf,5c4e585b29999387827e8fd3021b9b13,,,,0,2000-01-01 01:00:00,2017-04-19 19:07:37,https://e.lanbook.com/img/covers/book/3826/2015/66370.jpg,Физика;Физика для школьников,
30116679,"Мозг, познание, разум: введение в когнитивные нейронауки: в 2 ч. (комплект)",,,,"Под ред. Баарса Б., Гейдж Н.; Пер. с англ.",2014,Эл. изд.,"Издательство \Лаборатория знаний\"" (ранее \""БИНОМ. Лаборатория знаний\"")""",,1019,1017,Russian,,,,978-5-9963-1452-2,,,,,,,,,,66375,0,,,,,,,1,458135345,pdf,1dc7a085d440fb54a035cfdaa241d7ce,,,,0,2000-01-01 01:00:00,2017-04-19 19:07:37,https://e.lanbook.com/img/covers/book/3826/2014/66375.jpg,Биология,
30116680,Электрические машины переменного тока : учеб. Пособие,,,,Филимонов С.Г.,2010,,Кузбасский государственный технический университет имени Т.Ф.Горбачева,,193,193,Russian,,,,978-5-89070-772-7,,,,,,,,,,6638,0,,,,,,,1,4690801,pdf,389ae9474fdf34a7d04efc90fb6b1a22,,,,0,2000-01-01 01:00:00,2017-04-19 19:07:37,,Инженерно-технические науки;Электротехника,
30116681,Теория подобия : учеб. пособие,,,,"Афанасьев Ю.О., Тиунова Н.В.",2011,,Кузбасский государственный технический университет имени Т.Ф.Горбачева,,64,64,Russian,,,,978-5-89070-810-6,,,,,,,,,,6639,0,,,,,,,1,492386,pdf,ec9f1a7eacf73bd1a48e2f2a94f4671e,,,,0,2000-01-01 01:00:00,2017-04-19 19:07:37,,Инженерно-технические науки;Химия,
30116682,Расчет материальных балансов при проектировании производств органического синтеза : учеб. Пособие,,,,"Журавлев В.А., Котельникова Т.С.",2012,,Кузбасский государственный технический университет имени Т.Ф.Горбачева,,92,92,Russian,,,,978-5-89070-837-0,,,,,,,,,,6640,0,,,,,,,1,467660,pdf,b845f8393b3a29a9ec1793d90c848f6f,,,,0,2000-01-01 01:00:00,2017-04-19 19:07:37,,Инженерно-технические науки;Химия,
30116683,Химия и технология органических веществ: учеб.пособие,,,,"Журавлев В.А., Котельникова Т.С.",2011,,Кузбасский государственный технический университет имени Т.Ф.Горбачева,,215,221,Russian,,,,978-5-89070-797-0,,,,,,,,,,6641,0,,,,,,,1,1732375,pdf,78de186626577d6cd741cf2d07fcb974,,,,0,2000-01-01 01:00:00,2017-04-19 19:07:37,,Инженерно-технические науки;Химия,
30116684,Физическая химия : в 2 кн. Ч.2. Электрохимия и кинетика химических реакций : учеб.пособие,,,,Ким Н.М.,2009,,Кузбасский государственный технический университет имени Т.Ф.Горбачева,,140,140,Russian,,,,978-5-89070-684-3,,,,,,,,,,6642,0,,,,,,,1,746722,pdf,9a86bdbb87be0ae0d7d6e44fa1ca8603,,,,0,2000-01-01 01:00:00,2017-04-19 19:07:37,,Инженерно-технические науки;Химия,
30116685,Собрание сочинений: Т. 7: Флотация. Реагенты-собиратели: Учебное пособие,,,,Абрамов А.А.,2012,,"Издательство \Горная книга\""""",,656,656,Russian,,,,978-5-98672-291-7,,,,,,,,,,66421,0,,,,,,,1,10698937,pdf,e91f01d74609cda70a8f390a872d52f0,,,,0,2000-01-01 01:00:00,2017-04-19 19:07:37,https://e.lanbook.com/img/covers/book/1982/2012/66421.jpg,Инженерно-технические науки;Горное дело,
30116686,Собрание сочинений: Т. 8: Флотация. Сульфидные минералы: Учебное пособие,,,,Абрамов А.А.,2013,,"Издательство \Горная книга\""""",,704,712,Russian,,,,978-5-98672-338-9,,,,,,,,,,66422,0,,,,,,,1,18325946,pdf,654c918dde8a42c64dd4dce6c55c2f28,,,,0,2000-01-01 01:00:00,2017-04-19 19:07:37,https://e.lanbook.com/img/covers/book/1982/2013/66422.jpg,Инженерно-технические науки;Горное дело,
30116687,Минеральные ресурсы горнорудной промышленности Дальнего Востока. Обзор состояния и возможности развития,,,,Архипов Г.И.,2011,,"Издательство \Горная книга\""""",,830,832,Russian,,,,978-5-98672-267-2,,,,,,,,,,66423,0,,,,,,,1,19071712,pdf,ce57c2a864c0734ca20184a46ae28791,,,,0,2000-01-01 01:00:00,2017-04-19 19:07:37,https://e.lanbook.com/img/covers/book/1982/2011/66423.jpg,Инженерно-технические науки;Горное дело,
30116688,Обогащение углей: Учебник для вузов: В 2 т. Процессы и машины. Т.1,,,,Авдохин В.М.,2012,,"Издательство \Горная книга\""""",,424,424,Russian,,,,978-5-98672-308-2,,,,,,,,,,66424,0,,,,,,,1,32118423,pdf,1ab6da84eda4c8264aba671e00efba11,,,,0,2000-01-01 01:00:00,2017-04-19 19:07:37,https://e.lanbook.com/img/covers/book/1982/2012/66424.jpg,Инженерно-технические науки;Горное дело,
30116689,Обогащение углей: Учебник для вузов: В 2 т. Технологии. Т.2,,,,Авдохин В.М.,2012,,"Издательство \Горная книга\""""",,475,480,Russian,,,,978-5-98672-308-2,,,,,,,,,,66425,0,,,,,,,1,31524905,pdf,88390c67f997adf8f113b308ac59d798,,,,0,2000-01-01 01:00:00,2017-04-19 19:07:37,https://e.lanbook.com/img/covers/book/1982/2012/66425.jpg,Инженерно-технические науки;Горное дело,
30116690,Маркетинг в горной промышленности: Учебное пособие,,,,Бурчаков В.А.,2013,,"Издательство \Горная книга\""""",,272,280,Russian,,,,978-5-98672-339-6,,,,,,,,,,66427,0,,,,,,,1,6173019,pdf,d72452c0dee0cd915260b8b644f84043,,,,0,2000-01-01 01:00:00,2017-04-19 19:07:37,https://e.lanbook.com/img/covers/book/1982/2013/66427.jpg,Инженерно-технические науки;Горное дело,
30116691,Ресурсно-экологические проблемы больших городов и пути их решения: Учебное пособие,,,,Чмыхалова С.В.,2012,,"Издательство \Горная книга\""""",,328,328,Russian,,,,978-5-98672-262-7,,,,,,,,,,66428,0,,,,,,,1,12532553,pdf,20b3036cc6dca84c5c0ae1c6c90ab13f,,,,0,2000-01-01 01:00:00,2017-04-19 19:07:37,https://e.lanbook.com/img/covers/book/1982/2012/66428.jpg,Инженерно-технические науки;Горное дело,
30116692,Освоение техногенных массивов на горных предприятиях: Монография,,,,"Гальперин А.М., Кутепов Ю.И., Кириченко Ю.В., Киянец А.В.;А.В. Крючков, В.С. Круподеров, В.В. Мосейкин, В.П. Жариков, В.В. Семенов, Х. Клапперих, Н. Тамашкович, Х. Чешлок",2012,,"Издательство \Горная книга\""""",,336,336,Russian,,,,978-5-98672-311-2,,,,,,,,,,66429,0,,,,,,,1,21380933,pdf,aede65f74d25ba642907ebd7f640a4a3,,,,0,2000-01-01 01:00:00,2017-04-19 19:07:37,https://e.lanbook.com/img/covers/book/1982/2012/66429.jpg,Инженерно-технические науки;Горное дело,
30116693,Строение и реакционная способность веществ: учеб. Пособие,,,,"Михайленко Ю.А., Мезенцев К.В.",2012,,Кузбасский государственный технический университет имени Т.Ф.Горбачева,,83,81,Russian,,,,978-5-89070-849-6,,,,,,,,,,6643,0,,,,,,,1,1118503,pdf,4b40461a964bb749dd6f0b155028c16b,,,,0,2000-01-01 01:00:00,2017-04-19 19:07:37,,Инженерно-технические науки;Химия,
30116694,Менеджмент горного производства: Терминологический словарь: Учеб. пособие,,,,Ганицкий В.И.,2013,,"Издательство \Горная книга\""""",,472,472,Russian,,,,978-5-98672-355-6,,,,,,,,,,66430,0,,,,,,,1,7256796,pdf,1d6b968fb5e5025d3a0b7ac1d95c9f8c,,,,0,2000-01-01 01:00:00,2017-04-19 19:07:37,https://e.lanbook.com/img/covers/book/1982/2013/66430.jpg,Инженерно-технические науки;Горное дело,
30116695,Машины и оборудование для горностроительных работ: Учебное пособие,,,,"Кантович Л.И., Хазанович Г.Ш., Волков В.В., Воронова Э.Ю.;Отроков А.В., Черных В.Г.",2013,,"Издательство \Горная книга\""""",,445,448,Russian,,,,978-5-98672-261-0,,,,,,,,,,66431,0,,,,,,,1,42252728,pdf,33e1596069277ed2721e821c63d8a914,,,,0,2000-01-01 01:00:00,2017-04-19 19:07:37,https://e.lanbook.com/img/covers/book/1982/2013/66431.jpg,Инженерно-технические науки;Горное дело,
30116696,Комбинированная разработка рудных месторождений: Учебное пособие,,,,"Каплунов Д.Р., Рыльникова М.В.",2012,,"Издательство \Горная книга\""""",,344,344,Russian,,,,978-5-98672-289-4,,,,,,,,,,66432,0,,,,,,,1,11443883,pdf,481f2dddca6e42b4e1a8859d7d7a6f9c,,,,0,2000-01-01 01:00:00,2017-04-19 19:07:37,https://e.lanbook.com/img/covers/book/1982/2012/66432.jpg,Инженерно-технические науки;Горное дело,
30116697,Диагностика и мониторинг напряженного состояния крепи вертикальных стволов,,,,"Казикаев Д.М., Сергеев С.В.",2011,,"Издательство \Горная книга\""""",,244,248,Russian,,,,978-5-98672-271-9,,,,,,,,,,66433,0,,,,,,,1,26455389,pdf,dc47b8dff8ac9c575b79049ff9bcd134,,,,0,2000-01-01 01:00:00,2017-04-19 19:07:37,https://e.lanbook.com/img/covers/book/1982/2011/66433.jpg,Инженерно-технические науки;Горное дело,
30116698,Практический курс комбинированной разработки рудных месторождений: Учебное пособие,,,,Казикаев Д.М.,2012,"2-е изд., стер.","Издательство \Горная книга\""""",,186,192,Russian,,,,978-5-98672-328-0,,,,,,,,,,66434,0,,,,,,,1,8809276,pdf,a6fe81b10351d617b1132e65324841f4,,,,0,2000-01-01 01:00:00,2017-04-19 19:07:37,https://e.lanbook.com/img/covers/book/1982/2012/66434.jpg,Инженерно-технические науки;Горное дело,
30116699,Практический курс геомеханики подземной и комбинированной разработки руд: Учебное пособие,,,,"Казикаев Д.М., Савич Г.В.",2013,2-е изд.,"Издательство \Горная книга\""""",,224,224,Russian,,,,978-5-98672-342-6,,,,,,,,,,66435,0,,,,,,,1,7739320,pdf,3a865958a2a1f00f02ec4b4ea9ffce9e,,,,0,2000-01-01 01:00:00,2017-04-19 19:07:37,https://e.lanbook.com/img/covers/book/1982/2013/66435.jpg,Инженерно-технические науки;Горное дело,
30116700,Проектирование и организация взрывных работ: Учебник,,,,"Кутузов Б.Н., Белин В.А.;Под общ. ред. проф. Б.Н. Кутузова",2012,,"Издательство \Горная книга\""""",,416,416,Russian,,,,978-5-98672-283-2,,,,,,,,,,66436,0,,,,,,,1,19382551,pdf,f192a33b17a1cd4d64a2ef7ebe054791,,,,0,2000-01-01 01:00:00,2017-04-19 19:07:37,https://e.lanbook.com/img/covers/book/1982/2012/66436.jpg,Инженерно-технические науки;Горное дело,
30116701,Современная геодинамика и вариации физических свойств горных пород,,,,"Кузьмин Ю.О., Жуков В.С.",2012,"2-е изд., стер.","Издательство \Горная книга\""""",,264,264,Russian,,,,978-5-98672-327-3,,,,,,,,,,66437,0,,,,,,,1,6101816,pdf,61a8fb9e0596191540e2a6247070ab6c,,,,0,2000-01-01 01:00:00,2017-04-19 19:07:37,https://e.lanbook.com/img/covers/book/1982/2012/66437.jpg,Инженерно-технические науки;Горное дело,
30116702,"Автомобильный транспорт на карьерах. Конструкции, эксплуатация, расчет: Учебное пособие",,,,"Квагинидзе В.С., Козовой Г.И., Чакветадзе Ф.А., Антонов Ю.А.;Корецкий В.Б.",2012,,"Издательство \Горная книга\""""",,408,416,Russian,,,,978-5-98672-231-3,,,,,,,,,,66438,0,,,,,,,1,9919371,pdf,cae105c4679ed6ac7c171ddcce62ac5f,,,,0,2000-01-01 01:00:00,2017-04-19 19:07:37,https://e.lanbook.com/img/covers/book/1982/2012/66438.jpg,Инженерно-технические науки;Горное дело,
30116703,"Бульдозеры на карьерах. Конструкции, эксплуатация, расчет: Учебное пособие",,,,"Квагинидзе В.С., Козовой Г.И., Чакветадзе Ф.А., Антонов Ю.А.;Корецкий В.Б.",2011,,"Издательство \Горная книга\""""",,396,400,Russian,,,,978-5-98672-275-7,,,,,,,,,,66439,0,,,,,,,1,13436812,pdf,dcbf63dfe9725c8b36d1c075c65787c2,,,,0,2000-01-01 01:00:00,2017-04-19 19:07:37,https://e.lanbook.com/img/covers/book/1982/2011/66439.jpg,Инженерно-технические науки;Горное дело,
30116704,Микрогетерогенные системы : учеб.пособие,,,,"Ротова Г.М., Сивакова Л.Г.",2008,,Кузбасский государственный технический университет имени Т.Ф.Горбачева,,82,82,Russian,,,,978-5-89070-626-3,,,,,,,,,,6644,0,,,,,,,1,562182,pdf,9ee4b89c46a65bd8fec583c98b9908d3,,,,0,2000-01-01 01:00:00,2017-04-19 19:07:37,,Инженерно-технические науки;Химия,
30116705,"Буровые станки на карьерах. Конструкции, эксплуатация, расчет: Учебное пособие",,,,"Квагинидзе В.С., Козовой Г.И., Чакветадзе Ф.А., Антонов Ю.А.",2012,,"Издательство \Горная книга\""""",,291,296,Russian,,,,978-5-98672-280-1,,,,,,,,,,66440,0,,,,,,,1,6108687,pdf,6438b8e674a4a96a4c47fc467bf94167,,,,0,2000-01-01 01:00:00,2017-04-19 19:07:37,https://e.lanbook.com/img/covers/book/1982/2012/66440.jpg,Инженерно-технические науки;Горное дело,
30116706,"Металлоконструкции горных машин. Конструкции, эксплуатация, расчет: Учебное пособие",,,,"Квагинидзе В.С., Козовой Г.И., Чакветадзе Ф.А., Антонов Ю.А.;Корецкий В.Б.",2011,,"Издательство \Горная книга\""""",,392,392,Russian,,,,978-5-98672-120-0,,,,,,,,,,66441,0,,,,,,,1,16705252,pdf,a806c68e2e896f423c85c8e342695acf,,,,0,2000-01-01 01:00:00,2017-04-19 19:07:37,https://e.lanbook.com/img/covers/book/1982/2011/66441.jpg,Инженерно-технические науки;Горное дело,
30116707,Ресурсовоспроизводящая безотходная геотехнология комплексного освоения месторождений Курской магнитной аномалии,,,,"Лейзерович С.Г., Помельников И.И., Сидорчук В.В., Томаев В.К.;Под научной редакцией чл.-кор. РАН Д.Р. Каплунова",2012,,"Издательство \Горная книга\""""",,547,552,Russian,,,,978-5-98672-347-1,,,,,,,,,,66442,0,,,,,,,1,30798572,pdf,e41d926766ed04833cbdeb1e2e101038,,,,0,2000-01-01 01:00:00,2017-04-19 19:07:37,https://e.lanbook.com/img/covers/book/1982/2012/66442.jpg,Инженерно-технические науки;Горное дело,
30116708,Современные технологические и технические решения отработки угольных пластов,,,,Логинов А.К.;Под ред. О.В. Михеева,2012,,"Издательство \Горная книга\""""",,392,392,Russian,,,,978-5-98672-305-1,,,,,,,,,,66444,0,,,,,,,1,19341279,pdf,6b832017e94721b48029eaa1d298c2e6,,,,0,2000-01-01 01:00:00,2017-04-19 19:07:37,https://e.lanbook.com/img/covers/book/1982/2012/66444.jpg,Инженерно-технические науки;Горное дело,
30116709,Расчет и конструирование струговых установок,,,,"Луганцев Б.Б., Ошеров Б.А., Файнбурд Л.И., Аверкин А.Н.",2011,,"Издательство \Горная книга\""""",,291,296,Russian,,,,978-5-98672-279-5,,,,,,,,,,66446,0,,,,,,,1,18747425,pdf,10b77dc990f1ee95f9883f480974220b,,,,0,2000-01-01 01:00:00,2017-04-19 19:07:37,https://e.lanbook.com/img/covers/book/1982/2011/66446.jpg,Инженерно-технические науки;Горное дело,
30116710,Методы решения задач теории и практики флотации: Учебное пособие,,,,"Мелик-Гайказян В.И., Емельянова Н.П., Юшина Т.И.",2013,,"Издательство \Горная книга\""""",,363,376,Russian,,,,978-5-98672-351-8,,,,,,,,,,66447,0,,,,,,,1,11350363,pdf,e36ea13dd8fbc6634d0857babac46595,,,,0,2000-01-01 01:00:00,2017-04-19 19:07:37,https://e.lanbook.com/img/covers/book/1982/2013/66447.jpg,Инженерно-технические науки;Горное дело,
30116711,Электрификация горного производства в задачах и примерах: Учебное пособие,,,,"Пичуев А.В., Петуров В.И., Чеботаев Н.И.",2012,,"Издательство \Горная книга\""""",,251,256,Russian,,,,978-5-98672-292-4,,,,,,,,,,66449,0,,,,,,,1,7702165,pdf,d0df99f3695ffe8aa41b0346edfba25d,,,,0,2000-01-01 01:00:00,2017-04-19 19:07:37,https://e.lanbook.com/img/covers/book/1982/2012/66449.jpg,Инженерно-технические науки;Горное дело,
30116712,Катализ в технологии органических веществ : учеб. Пособие,,,,Тюрин Ю.Н.,2010,,Кузбасский государственный технический университет имени Т.Ф.Горбачева,,143,143,Russian,,,,978-5-89070-769-7,,,,,,,,,,6645,0,,,,,,,1,907698,pdf,9d2d9549235dfe8f8f94cb2573f89a38,,,,0,2000-01-01 01:00:00,2017-04-19 19:07:37,,Инженерно-технические науки;Химия,
30116713,Влияние нестационарных режимов на электробезопасность при эксплуатации электрооборудования горных предприятий,,,,"Пичуев А.В., Петуров В.И., Суворов И.Ф.",2011,,"Издательство \Горная книга\""""",,326,328,Russian,,,,978-5-98672-8-265-8,,,,,,,,,,66450,0,,,,,,,1,9135428,pdf,0ede1119ecd279fc8308f899f5a9fa78,,,,0,2000-01-01 01:00:00,2017-04-19 19:07:37,https://e.lanbook.com/img/covers/book/1982/2011/66450.jpg,Инженерно-технические науки;Горное дело,
30116714,Электроснабжение горного производства. Релейная защита: Учебное пособие,,,,Плащанский Л.А.,2013,,"Издательство \Горная книга\""""",,299,272,Russian,,,,978-5-98672-332-7,,,,,,,,,,66451,0,,,,,,,1,15925252,pdf,14fb8414df2051f01bf361d1db82e230,,,,0,2000-01-01 01:00:00,2017-04-19 19:07:37,https://e.lanbook.com/img/covers/book/1982/2013/66451.jpg,Инженерно-технические науки;Горное дело,
30116715,Геодезия: Учебник для вузов,,,,"Попов В.Н., Чекалин С.И.",2012,,"Издательство \Горная книга\""""",,722,728,Russian,,,,978-5-98672-078-4,,,,,,,,,,66453,0,,,,,,,1,32303410,pdf,1e396545dd63b7b93ee8fd3eef255cd2,,,,0,2000-01-01 01:00:00,2017-04-19 19:07:37,https://e.lanbook.com/img/covers/book/1982/2012/66453.jpg,Инженерно-технические науки;Горное дело,
30116716,Подземная разработка месторождений полезных ископаемых: Учебник для вузов: В 2 т. Т. 2.,,,,"Пучков Л.А., Жежелевский Ю.А.",2013,,"Издательство \Горная книга\""""",,720,720,Russian,,,,978-5-98672-298-6,,,,,,,,,,66454,0,,,,,,,1,35115313,pdf,96d0324f50bf818fab18da8eb9935467,,,,0,2000-01-01 01:00:00,2017-04-19 19:07:37,https://e.lanbook.com/img/covers/book/1982/2013/66454.jpg,Инженерно-технические науки;Горное дело,
30116717,Процессы открытых горных работ. Часть 3. Перемещение и складирование горных пород: Учеб. пособие,,,,"Репин Н.Я., Репин Л.Н.",2013,,"Издательство \Горная книга\""""",,221,224,Russian,,,,978-5-98672-349-5,,,,,,,,,,66455,0,,,,,,,1,52634180,pdf,cf368877efe47178fcd57fc5b28f749b,,,,0,2000-01-01 01:00:00,2017-04-19 19:07:37,https://e.lanbook.com/img/covers/book/1982/2013/66455.jpg,Инженерно-технические науки;Горное дело,
30116718,Выемочно-погрузочные работы: Учеб. Пособие,,,,"Репин Н.Я., Репин Л.Н.",2012,"2-е изд., стер.","Издательство \Горная книга\""""",,267,272,Russian,,,,978-5-98672-317-4,,,,,,,,,,66456,0,,,,,,,1,18212591,pdf,29468f09f545dcb9665ccf82360e836f,,,,0,2000-01-01 01:00:00,2017-04-19 19:07:37,https://e.lanbook.com/img/covers/book/1982/2012/66456.jpg,Инженерно-технические науки;Горное дело,
30116719,Дисперсное золото: геологический и технологический аспекты,,,,"Секисов А.Г., Зыков Н.В., Королев В.С.",2012,,"Издательство \Горная книга\""""",,224,224,Russian,,,,978-5-98672-314-3,,,,,,,,,,66457,0,,,,,,,1,5794984,pdf,beb57d244d7c2ee91bcff347ba03a428,,,,0,2000-01-01 01:00:00,2017-04-19 19:07:37,https://e.lanbook.com/img/covers/book/1982/2012/66457.jpg,Инженерно-технические науки;Горное дело,
30116720,Гидромеханизированная добыча торфа и производство торфяной продукции энергетического назначения,,,,Штин С.М.;Под ред. И.М. Ялтанца,2012,,"Издательство \Горная книга\""""",,360,360,Russian,,,,978-5-98672-251-1,,,,,,,,,,66459,0,,,,,,,1,11785523,pdf,9a346931e7cfe9426dd0ef1168ad8f53,,,,0,2000-01-01 01:00:00,2017-04-19 19:07:37,https://e.lanbook.com/img/covers/book/1982/2012/66459.jpg,Инженерно-технические науки;Горное дело,
30116721,Теоретические основы технологии неорганических веществ : учеб. Пособие,,,,"Ченская В.В., Черкасова Т.Г., Цалко Е.В.",2010,,Кузбасский государственный технический университет имени Т.Ф.Горбачева,,203,205,Russian,,,,978-5-89070-745-1,,,,,,,,,,6646,0,,,,,,,1,2285347,pdf,c5cfe9e83dba0cb898f947e7d4eedff8,,,,0,2000-01-01 01:00:00,2017-04-19 19:07:37,,Инженерно-технические науки;Химия,
30116722,Материаловедение: Учебное пособие,,,,"Шубина Н.Б., Белянкина О.В.",2012,,"Издательство \Горная книга\""""",,162,168,Russian,,,,978-5-98672-224-5,,,,,,,,,,66460,0,,,,,,,1,5801805,pdf,e476ded4dd97708345afb1e9e27e57a0,,,,0,2000-01-01 01:00:00,2017-04-19 19:07:37,https://e.lanbook.com/img/covers/book/1982/2012/66460.jpg,Инженерно-технические науки;Горное дело,
30116723,Сейсмическая безопасность при взрывных работах: Учебное пособие,,,,"Совмен В.К., Кутузов Б.Н., Марьясов А.Л., Эквист Б.В.;Токаренко А.В.",2012,,"Издательство \Горная книга\""""",,228,232,Russian,,,,978-5-98672-306-8,,,,,,,,,,66461,0,,,,,,,1,25112299,pdf,be838aa49ee08537ce1ed73877017c91,,,,0,2000-01-01 01:00:00,2017-04-19 19:07:37,https://e.lanbook.com/img/covers/book/1982/2012/66461.jpg,Инженерно-технические науки;Горное дело,
30116724,Физико-технический контроль и мониторинг при освоении подземного пространства городов: Учебник для вузов,,,,Вартанов А.З.,2013,,"Издательство \Горная книга\""""",,548,548,Russian,,,,978-5-98672-243-6,,,,,,,,,,66462,0,,,,,,,1,150932367,pdf,0be6720187d79a365b43d07d79ad0236,,,,0,2000-01-01 01:00:00,2017-04-19 19:07:37,https://e.lanbook.com/img/covers/book/1982/2013/66462.jpg,Инженерно-технические науки;Горное дело,
30116725,Биотехнология горных работ: Учебник,,,,Васючков Ю.Ф.,2011,,"Издательство \Горная книга\""""",,351,352,Russian,,,,978-5-98672-269-6,,,,,,,,,,66463,0,,,,,,,1,11035517,pdf,046c021fa8b6664d3e9d87669c41108c,,,,0,2000-01-01 01:00:00,2017-04-19 19:07:37,https://e.lanbook.com/img/covers/book/1982/2011/66463.jpg,Инженерно-технические науки;Горное дело,
30116726,Гидроструйные технологии в горном деле: Практикум,,,,"Жабин А.Б., Поляков Ан.В., Щеголевский М.М., Поляков Ал.В.;Мерзляков В.Г., Лавит И.М., Пушкарев А.Е., Головин К.А.",2013,,"Издательство \Горная книга\""""",,399,400,Russian,,,,978-5-98672-334-1,,,,,,,,,,66464,0,,,,,,,1,47095040,pdf,2eef3ac68fe53fee73a30d692a3e44eb,,,,0,2000-01-01 01:00:00,2017-04-19 19:07:37,https://e.lanbook.com/img/covers/book/1982/2013/66464.jpg,Инженерно-технические науки;Горное дело,
30116727,Системы безопасности и устройства кодового доступа: просто о сложном,,,,Кашкаров А.П.,2014,,"Издательство \ДМК Пресс\""""",,108,108,Russian,,,,978-5-94074-769-7,,,,,,,,,,66465,0,,,,,,,1,51704074,pdf,2d2cdb1fa404673ca1a22977874eff38,,,,0,2000-01-01 01:00:00,2017-04-19 19:07:37,https://e.lanbook.com/img/covers/book/1028/2014/66465.jpg,Инженерно-технические науки;Электроника и радиотехника,
30116728,Дачная энциклопедия опытных советов,,,,Кашкаров А.П.,2014,,"Издательство \ДМК Пресс\""""",,106,105,Russian,,,,978-5-94074-087-0,,,,,,,,,,66466,0,,,,,,,1,2289718,pdf,a6c41fcbde0d8a745b628e8eeccb9c22,,,,0,2000-01-01 01:00:00,2017-04-19 19:07:37,https://e.lanbook.com/img/covers/book/1028/2014/66466.jpg,Инженерно-технические науки;Архитектура и строительство,
30116729,Стандарты цифрового телевидения первого поколения,,,,Федоров В.К.,2015,,"Издательство \ДМК Пресс\""""",,312,312,Russian,,,,978-5-97060-099-3,,,,,,,,,,66467,0,,,,,,,1,3171759,pdf,d1537a539948a5bfad3b9cd3d8e271bf,,,,0,2000-01-01 01:00:00,2017-04-19 19:07:37,https://e.lanbook.com/img/covers/book/1028/2015/66467.jpg,Инженерно-технические науки;Электроника и радиотехника,
30116730,Занимательная физика. Термодинамика. Манга,,,,Томохиро Харада;пер. с яп. Клионского А.Б.,2015,,"Издательство \ДМК Пресс\""""",,208,208,Russian,,,,978-5-97060-118-1,,,,,,,,,,66468,0,,,,,,,1,25860486,pdf,b77ac716110e9064a06c5ccd501677d3,,,,0,2000-01-01 01:00:00,2017-04-19 19:07:37,https://e.lanbook.com/img/covers/book/1028/2015/66468.jpg,Инженерно-технические науки;Теплотехника,
30116731,Структурированные кабельные системы для центров обработки данных,,,,Семенов А.Б.,2014,,"Издательство \ДМК Пресс\""""",,232,232,Russian,,,,978-5-97060-120-4,,,,,,,,,,66469,0,,,,,,,1,8617868,pdf,02c33262d16c11b75b81778230831bd2,,,,0,2000-01-01 01:00:00,2017-04-19 19:07:37,https://e.lanbook.com/img/covers/book/1028/2014/66469.jpg,Инженерно-технические науки;Электроника и радиотехника,
30116732,Основы неорганического синтеза : учеб.пособие,,,,"Черкасова Т.Г., Кузнецова О.А., Чурилова Н.Н., Шевченко Т.М.",2012,,Кузбасский государственный технический университет имени Т.Ф.Горбачева,,110,110,Russian,,,,978-5-89070-868-7,,,,,,,,,,6647,0,,,,,,,1,771897,pdf,8b0c4520606340d9cb377231c5eca419,,,,0,2000-01-01 01:00:00,2017-04-19 19:07:37,,Инженерно-технические науки;Химия,
30116733,Искусство поиска решения в нестандартной задаче,,,,Потопахин В.В.,2014,,"Издательство \ДМК Пресс\""""",,166,166,Russian,,,,978-5-94074-727-7,,,,,,,,,,66470,0,,,,,,,1,843500,pdf,14d71af49a6e4d6c6b411b3a30f26db6,,,,0,2000-01-01 01:00:00,2017-04-19 19:07:37,https://e.lanbook.com/img/covers/book/1028/2014/66470.jpg,Информатика;Алгоритмизация,
30116734,Редкая профессия,,,,Зуев Е.,2014,,"Издательство \ДМК Пресс\""""",,232,232,Russian,,,,978-5-94074-812-0,,,,,,,,,,66471,0,,,,,,,1,3951872,pdf,d0a10c011369f54988ce2f31533d7245,,,,0,2000-01-01 01:00:00,2017-04-19 19:07:37,https://e.lanbook.com/img/covers/book/1028/2014/66471.jpg,Информатика;Алгоритмизация,
30116735,Построение защищенных корпоративных сетей,,,,Ачилов Р.Н.,2013,,"Издательство \ДМК Пресс\""""",,250,250,Russian,,,,978-5-94074-884-7,,,,,,,,,,66472,0,,,,,,,1,2829520,pdf,cfc49567a6d4b25572067de024da83fd,,,,0,2000-01-01 01:00:00,2017-04-19 19:07:37,https://e.lanbook.com/img/covers/book/1028/2013/66472.jpg,Информатика;Интернет. Сетевые технологии,
30116736,Scala для нетерпеливых,,,,Хостманн К.,2013,,"Издательство \ДМК Пресс\""""",,408,408,Russian,,,,978-5-94074-920-2,,,,,,,,,,66473,0,,,,,,,1,1926553,pdf,6e4947b506f5f3c61da0d3c9fb9f4ce3,,,,0,2000-01-01 01:00:00,2017-04-19 19:07:37,https://e.lanbook.com/img/covers/book/1028/2013/66473.jpg,Информатика;Программирование,
30116737,Основы теории вейвлетов. Вейвлеты в MATLAB,,,,Смоленцев Н.К.,2014,,"Издательство \ДМК Пресс\""""",,628,628,Russian,,,,978-5-94074-955-4,,,,,,,,,,66474,0,,,,,,,1,23386200,pdf,16bcfb00c1f8cfa814fb527fecd80a8e,,,,0,2000-01-01 01:00:00,2017-04-19 19:07:37,https://e.lanbook.com/img/covers/book/1028/2014/66474.jpg,Информатика;Математические программы,
30116738,Статистика для всех,,,,"Бослаф С.;Пер. с англ. П.А. Волкова, И.М. Флямер, М.В. Либерман, А.А. Галицына",2015,,"Издательство \ДМК Пресс\""""",,586,586,Russian,,,,978-5-94074-969-1,,,,,,,,,,66475,0,,,,,,,1,6019522,pdf,58ca07572d88a0fcad36113b31d7c3af,,,,0,2000-01-01 01:00:00,2017-04-19 19:07:37,https://e.lanbook.com/img/covers/book/1028/2015/66475.jpg,Информатика;Информатизация бизнеса,
30116739,Final Cut Pro X. Книга рецептов,,,,Джейсон К.;Пер. с англ. Райтмана М.,2014,,"Издательство \ДМК Пресс\""""",,436,436,Russian,,,,978-5-94074-970-7,,,,,,,,,,66476,0,,,,,,,1,86114070,pdf,ca5c88a092902597ba98b5e5db9e6c31,,,,0,2000-01-01 01:00:00,2017-04-19 19:07:37,https://e.lanbook.com/img/covers/book/1028/2014/66476.jpg,Информатика;Работа с видео,
30116740,Трехмерное моделирование в AutoCAD 2014,,,,Габидулин В.М.,2014,,"Издательство \ДМК Пресс\""""",,280,280,Russian,,,,978-5-94074-980-6,,,,,,,,,,66477,0,,,,,,,1,16509529,pdf,ac7438a1dc9fbfe01e901d15e98ee405,,,,0,2000-01-01 01:00:00,2017-04-19 19:07:37,https://e.lanbook.com/img/covers/book/1028/2014/66477.jpg,Информатика;Трехмерная графика,
30116741,Технология LINQ на примерах. Практикум с использованием электронного задачника Programming Taskbook for LINQ,,,,Абрамян М.Э.,2014,,"Издательство \ДМК Пресс\""""",,326,326,Russian,,,,978-5-94074-981-3,,,,,,,,,,66478,0,,,,,,,1,3235698,pdf,b93c2b78179721f78f738e8cd6a11578,,,,0,2000-01-01 01:00:00,2017-04-19 19:07:37,https://e.lanbook.com/img/covers/book/1028/2014/66478.jpg,Информатика;Программирование,
30116742,Разработка веб-приложений с использованием AngularJS,,,,"Козловский П., Бэкон Дарвин П.;Пер. c англ. Киселева А.Н.",2014,,"Издательство \ДМК Пресс\""""",,394,394,Russian,,,,978-5-97060-064-1,,,,,,,,,,66479,0,,,,,,,1,2772956,pdf,03217f9dbda085b61650d8cab4261232,,,,0,2000-01-01 01:00:00,2017-04-19 19:07:37,https://e.lanbook.com/img/covers/book/1028/2014/66479.jpg,Информатика;Программирование,
30116743,Python на практике,,,,Саммерфилд М.;Пер. с англ. Слинкин А.А.,2014,,"Издательство \ДМК Пресс\""""",,338,338,Russian,,,,978-5-97060-095-5,,,,,,,,,,66480,0,,,,,,,1,2181664,pdf,5be44885a5185c16da3539e713fcbd01,,,,0,2000-01-01 01:00:00,2017-04-19 19:07:37,https://e.lanbook.com/img/covers/book/1028/2014/66480.jpg,Информатика;Программирование,
30116744,AutoCAD® Civil 3D® 2014. Официальный учебный курс,,,,"Чэпел Э.;Пер. с анг. А.В. Снастина, С.П. Ивженко",2015,,"Издательство \ДМК Пресс\""""",,440,440,Russian,,,,978-5-97060-103-7,,,,,,,,,,66481,0,,,,,,,1,12921755,pdf,f38a2443b9e34f696ab4632072edfa3c,,,,0,2000-01-01 01:00:00,2017-04-19 19:07:37,https://e.lanbook.com/img/covers/book/1028/2015/66481.jpg,Информатика;Трехмерная графика,
30116745,AutoCAD Electrical 2015. Подключайтесь!,,,,"Верма Г., Вебер М.;Пер. с анг. Л.Е. Галашкина, А.М. Алексеева, А.А. Емелёв",2015,,"Издательство \ДМК Пресс\""""",,341,342,Russian,,,,978-5-97060-145-7,,,,,,,,,,66482,0,,,,,,,1,13248385,pdf,b794ac21c56b7808a3e8a08efbca12fb,,,,0,2000-01-01 01:00:00,2017-04-19 19:07:37,https://e.lanbook.com/img/covers/book/1028/2015/66482.jpg,Информатика;Алгоритмизация,
30116746,Mental ray. Мастерство визуализации в Autodesk 3ds Max,,,,"Плаксин А.А., Лобанов А.В.",2015,"2-е изд., перераб. и доп.","Издательство \ДМК Пресс\""""",,350,350,Russian,,,,978-5-97060-151-8,,,,,,,,,,66483,0,,,,,,,1,28662790,pdf,8ee92016ee2af19d70773d550f706b94,,,,0,2000-01-01 01:00:00,2017-04-19 19:07:37,https://e.lanbook.com/img/covers/book/1028/2015/66483.jpg,Информатика;Трехмерная графика,
30116747,Системная инженерия. Принципы и практика,,,,"Косяков А., Свит У.",2014,,"Издательство \ДМК Пресс\""""",,624,624,Russian,,,,978-5-97060-122-8,,,,,,,,,,66484,0,,,,,,,1,240003354,pdf,e4804ebf2f160bcad865fde627a8df90,,,,0,2000-01-01 01:00:00,2017-04-19 19:07:37,https://e.lanbook.com/img/covers/book/1028/2014/66484.jpg,Информатика;Информационные технологии,
30116748,Химическая технология неорганических веществ. Основные производства: учеб. Пособие,,,,"Шевченко Т.М., Тихомирова А.В.",2012,,Кузбасский государственный технический университет имени Т.Ф.Горбачева,,195,196,Russian,,,,978-5-89070-858-8,,,,,,,,,,6649,0,,,,,,,1,2405009,pdf,313dbfa7a58fe9e67bbc230585e2be7b,,,,0,2000-01-01 01:00:00,2017-04-19 19:07:37,,Инженерно-технические науки;Химия,
30116749,Сельскохозяйственная радиология,,,,"Фокин А.Д., Лурье А.А., Торшин С.П.",2011,"2-е изд., перераб. и доп.","Издательство \Лань\""""",,416,416,Russian,,,,978-5-8114-1123-8,,,,,,,,,,665,0,,,,,,,1,5176094,pdf,fc08999b197461b30f60fd161cdecd61,,,,0,2000-01-01 01:00:00,2017-04-19 19:07:37,https://e.lanbook.com/img/covers/book/905/2011/665.jpg,Ветеринария и сельское хозяйство;Агрономия и агроинженерия,
30116750,Гидрогазомеханика : учеб. пособие,,,,"Афанасьев Ю.О., Тиунова Н.В.;под ред. П.Т. Петрика",2009,,Кузбасский государственный технический университет имени Т.Ф.Горбачева,,133,136,Russian,,,,978-5-89070-705-5,,,,,,,,,,6650,0,,,,,,,1,1589088,pdf,7a4a2ac791ae0b09215a596b369c24ec,,,,0,2000-01-01 01:00:00,2017-04-19 19:07:37,,Инженерно-технические науки;Сопротивление материалов и строительная механика,
30116751,Технология конструкционных материалов : учеб. пособие,,,,"Дубинкин Д.М., Дубов Г.М., Рыжикова Л.В.",2010,,Кузбасский государственный технический университет имени Т.Ф.Горбачева,,206,206,Russian,,,,978-5-89070-748-2,,,,,,,,,,6651,0,,,,,,,1,6619427,pdf,a0fee51b0d8aea53380ecf489f6267b9,,,,0,2000-01-01 01:00:00,2017-04-19 19:07:37,,Инженерно-технические науки;Сопротивление материалов и строительная механика,
30116752,Лабораторный практикум по сопротивлению материалов,,,,"Паначев И.А., Насонов М.Ю.",2011,,Кузбасский государственный технический университет имени Т.Ф.Горбачева,,220,219,Russian,,,,978-5-89070-818-2,,,,,,,,,,6652,0,,,,,,,1,1552225,pdf,418461da684e3c28b0201b219d6fe5d7,,,,0,2000-01-01 01:00:00,2017-04-19 19:07:37,,Инженерно-технические науки;Сопротивление материалов и строительная механика,
30116753,Сопротивление материалов : учеб. пособие,,,,"Паначев И.А., Широколобов Г.В.",2008,,Кузбасский государственный технический университет имени Т.Ф.Горбачева,,191,192,Russian,,,,978-5-89070-580-8,,,,,,,,,,6654,0,,,,,,,1,1869773,pdf,f81fd469f0461c565df1fa7a47d54116,,,,0,2000-01-01 01:00:00,2017-04-19 19:07:37,,Инженерно-технические науки;Сопротивление материалов и строительная механика,
30116754,Сопротивление материалов : учеб. пособие,,,,"Паначев И.А., Широколобов Г.В., Глазков Ю.Ф.",2010,,Кузбасский государственный технический университет имени Т.Ф.Горбачева,,208,209,Russian,,,,978-5-89070-740-6,,,,,,,,,,6655,0,,,,,,,1,10339933,pdf,f38da239b880b2a1df606087abdc5946,,,,0,2000-01-01 01:00:00,2017-04-19 19:07:37,,Инженерно-технические науки;Сопротивление материалов и строительная механика,
30116755,Основы территориально-пространственного развития городов : учеб. Пособие,,,,Петерс Е.В.,2010,,Кузбасский государственный технический университет имени Т.Ф.Горбачева,,120,120,Russian,,,,978-5-89070-763-5,,,,,,,,,,6656,0,,,,,,,1,17887564,pdf,6b03d386111de1028a30485c24b6b766,,,,0,2000-01-01 01:00:00,2017-04-19 19:07:37,,Инженерно-технические науки;Сопротивление материалов и строительная механика,
30116756,Механика грунтов. Лабораторный практикум,,,,"Шаламанов В.А., Крупина Н.В.",2010,,Кузбасский государственный технический университет имени Т.Ф.Горбачева,,83,83,Russian,,,,978-5-89070-715-4,,,,,,,,,,6657,0,,,,,,,1,684664,pdf,0477caf4c41c022c3dff20e3febfe927,,,,0,2000-01-01 01:00:00,2017-04-19 19:07:37,,Инженерно-технические науки;Сопротивление материалов и строительная механика,
30116757,"Метрология, сертификация, стандартизация. Учебное пособие к практическим занятиям",,,,"Дегтярева О.Н., Купченко М.В., Останин О.А.",2008,,Кузбасский государственный технический университет имени Т.Ф.Горбачева,,83,85,Russian,,,,978-5-89070-643-0,,,,,,,,,,6658,0,,,,,,,1,2809480,pdf,ff6acae4c67089d4b55175f805fee3f1,,,,0,2000-01-01 01:00:00,2017-04-19 19:07:37,,Инженерно-технические науки;Метрология; стандартизация и сертификация,
30116758,Возможности и направления развития современной литьевой оснастки: Примеры и комментарии,,,,Гольдберг И.Е.,2015,,"Издательство \НОТ\""""",,416,414,Russian,,,,978-5-91703-045-6,,,,,,,,,,66585,0,,,,,,,1,32971467,pdf,1339957d4c7a00c7f2de2aa4a951c41e,,,,0,2000-01-01 01:00:00,2017-04-19 19:07:37,https://e.lanbook.com/img/covers/book/5039/2015/66585.jpg,Химия;Химическая технология,
30116759,Азы статистики в мире химии: Обработка экспериментальных данных,,,,Агаянц И.М.,2015,,"Издательство \НОТ\""""",,618,618,Russian,,,,978-5-91703-044-9,,,,,,,,,,66586,0,,,,,,,1,4591568,pdf,b6920f42abedf697043e0910a2bdaf9c,,,,0,2000-01-01 01:00:00,2017-04-19 19:07:37,https://e.lanbook.com/img/covers/book/5039/2015/66586.jpg,Химия;Химическая технология,
30116760,"Методы и средства измерений, испытаний и контроля : учеб. пособие",,,,"Дубов Г.М., Дубинкин Д.М.",2011,,Кузбасский государственный технический университет имени Т.Ф.Горбачева,,224,224,Russian,,,,978-5-89070-791-8,,,,,,,,,,6659,0,,,,,,,1,8758059,pdf,813ce9f28f071a8fb8de122756acf512,,,,0,2000-01-01 01:00:00,2017-04-19 19:07:37,,Инженерно-технические науки;Метрология; стандартизация и сертификация,
30116761,Регрессионный анализ данных в пакете MATHCAD + CD,,,,Воскобойников Ю.Е.,2011,1-е изд.,"Издательство \Лань\""""",,224,224,Russian,,,,978-5-8114-1096-5,,,,,,,,,,666,0,,,,,,,1,3927219,pdf,1e3fd2df72fb51411c9a50f10c6ad3d7,,,,0,2000-01-01 01:00:00,2017-04-19 19:07:37,https://e.lanbook.com/img/covers/book/905/2011/666.jpg,Прикладная математика;Математика,
30116762,Интегрированная система управления качеством продукции : учеб. Пособие,,,,"Коган Б.И., Мирошин И.В., Малышкин Д.А.",2012,,Кузбасский государственный технический университет имени Т.Ф.Горбачева,,112,113,Russian,,,,978-5-89070-821-2,,,,,,,,,,6660,0,,,,,,,1,1683353,pdf,d8c99a14ae8aa5c920cc9bf04701384a,,,,0,2000-01-01 01:00:00,2017-04-19 19:07:37,,Инженерно-технические науки;Метрология; стандартизация и сертификация,
30116763,Контроль качества инструментальных материалов : учеб. Пособие,,,,"Короткова Л.П., Шатько Д.Б.",2010,,Кузбасский государственный технический университет имени Т.Ф.Горбачева,,164,164,Russian,,,,978-5-89070-743-7,,,,,,,,,,6661,0,,,,,,,1,15162304,pdf,d2d2a9004b7e501d1b3529d609b41889,,,,0,2000-01-01 01:00:00,2017-04-19 19:07:37,,Инженерно-технические науки;Метрология; стандартизация и сертификация,
30116764,Контроль качества материалов (в машиностроительном производстве) : учеб. Пособие,,,,"Короткова Л.П., Шатько Д.Б., Дубинкин Д.М.",2011,,Кузбасский государственный технический университет имени Т.Ф.Горбачева,,171,171,Russian,,,,978-5-89070-817-5,,,,,,,,,,6662,0,,,,,,,1,14009041,pdf,983561b60484158f463e634bd188ee48,,,,0,2000-01-01 01:00:00,2017-04-19 19:07:37,,Инженерно-технические науки;Метрология; стандартизация и сертификация,
30116765,"Метрология, стандартизация, сертификация. Учебное пособие по курсу",,,,Мирошин И.В.,2010,,Кузбасский государственный технический университет имени Т.Ф.Горбачева,,132,133,Russian,,,,978-5-89070-733-8,,,,,,,,,,6663,0,,,,,,,1,1540094,pdf,b4466c5bddfc0f26a28538ed0c1652d4,,,,0,2000-01-01 01:00:00,2017-04-19 19:07:37,,Инженерно-технические науки;Метрология; стандартизация и сертификация,
30116766,Технология машиностроения: лабораторный практикум,,,,"Блюменштейн В.Ю., Гергал И.Н., Клепцов А.А., Кузнецов С.А.",2009,,Кузбасский государственный технический университет имени Т.Ф.Горбачева,,122,122,Russian,,,,978-5-89070-614-0,,,,,,,,,,6664,0,,,,,,,1,6100403,pdf,76b3916cc331fe2a0dfe550d3c0990fd,,,,0,2000-01-01 01:00:00,2017-04-19 19:07:37,,Инженерно-технические науки;Машиностроение,
30116767,Практикум по теории механизмов и машин в среде MatLab : учеб. Пособие,,,,Ермак В.Н.,2009,,Кузбасский государственный технический университет имени Т.Ф.Горбачева,,86,86,Russian,,,,978-5-89070-701-7,,,,,,,,,,6665,0,,,,,,,1,1062081,pdf,857870313232d4215bb76a02c466ec83,,,,0,2000-01-01 01:00:00,2017-04-19 19:07:37,,Инженерно-технические науки;Машиностроение,
30116768,Теория механизмов и машин (курсовое проектирование) : учеб. пособие,,,,"Ермак В.Н., Курышкин Н.П.",2010,"2-е изд., перераб. и доп.",Кузбасский государственный технический университет имени Т.Ф.Горбачева,,194,194,Russian,,,,978-5-89070-773-4,,,,,,,,,,6666,0,,,,,,,1,3089710,pdf,7e71c2a00d66bbcef7f30b8f1033d375,,,,0,2000-01-01 01:00:00,2017-04-19 19:07:37,,Инженерно-технические науки;Машиностроение,
30116769,Теория механизмов и машин (краткий курс) : учеб. пособие,,,,Ермак В.Н.,2011,,Кузбасский государственный технический университет имени Т.Ф.Горбачева,,164,166,Russian,,,,978-5-89070-801-4,,,,,,,,,,6667,0,,,,,,,1,5906951,pdf,9d7af6e1258f518cd7262ab1da366f82,,,,0,2000-01-01 01:00:00,2017-04-19 19:07:37,,Инженерно-технические науки;Машиностроение,
30116770,Проектирование сборочно-сварочных участков : учеб. Пособие,,,,Коган Б.И.,2008,,Кузбасский государственный технический университет имени Т.Ф.Горбачева,,212,212,Russian,,,,978-5-89070-594-5,,,,,,,,,,6668,0,,,,,,,1,6616838,pdf,75ba6e4fb1eb2eb4e8df55a618e82b5a,,,,0,2000-01-01 01:00:00,2017-04-19 19:07:37,,Инженерно-технические науки;Машиностроение,
30116771,Динамический анализ и синтез машинного агрегата : учеб.пособие,,,,"Малышкин Д.А., Курышкин Н.П.",2011,,Кузбасский государственный технический университет имени Т.Ф.Горбачева,,90,90,Russian,,,,978-5-89070-806-9,,,,,,,,,,6669,0,,,,,,,1,4509431,pdf,717e7177ea06ccc445a511f1ef6ef9a5,,,,0,2000-01-01 01:00:00,2017-04-19 19:07:37,,Инженерно-технические науки;Машиностроение,
30116772,Выбор оборудования для реализации технологических процессов в условиях различной серийности производства : учеб. Пособие,,,,"Рябов С.А., Костенков С.А., Лугачева Н.А.",2008,,Кузбасский государственный технический университет имени Т.Ф.Горбачева,,127,127,Russian,,,,978-5-89070-638-6,,,,,,,,,,6670,0,,,,,,,1,7849532,pdf,cd1125962190fd34f3312d1cd280bcac,,,,0,2000-01-01 01:00:00,2017-04-19 19:07:37,,Инженерно-технические науки;Машиностроение,
30116773,Организация технического обслуживания и капитального ремонта консольно-фрезерных станков : учеб.пособие,,,,Рябов С.А.,2008,,Кузбасский государственный технический университет имени Т.Ф.Горбачева,,318,316,Russian,,,,978-5-89070-627-0,,,,,,,,,,6671,0,,,,,,,1,3910369,pdf,d91898cacc835da51e6dd5f6bc70a851,,,,0,2000-01-01 01:00:00,2017-04-19 19:07:37,,Инженерно-технические науки;Машиностроение,
30116774,Приспособления и оснастка для ремонта металлорежущих станков : учеб. Пособие,,,,"Рябов С.А., Люкшин В.С.",2009,,Кузбасский государственный технический университет имени Т.Ф.Горбачева,,120,120,Russian,,,,978-5-89070-667-6,,,,,,,,,,6672,0,,,,,,,1,11321050,pdf,02bfe68ae635a4e567d1fc1febe66ff8,,,,0,2000-01-01 01:00:00,2017-04-19 19:07:37,,Инженерно-технические науки;Машиностроение,
30116775,Установка и монтаж металлорежущих станков : учеб. Пособие,,,,"Рябов С.А., Глинка А.С.",2012,,Кузбасский государственный технический университет имени Т.Ф.Горбачева,,122,123,Russian,,,,978-5-89070-877-9,,,,,,,,,,6673,0,,,,,,,1,4049846,pdf,140c42e06cff1ce8ea3b0837fb861a04,,,,0,2000-01-01 01:00:00,2017-04-19 19:07:37,,Инженерно-технические науки;Машиностроение,
30116776,Детали машин и основы конструирования : учеб.пособие,,,,"Садовец В.Ю., Резанова Е.В.",2011,,Кузбасский государственный технический университет имени Т.Ф.Горбачева,,180,182,Russian,,,,978-5-89070-793-2,,,,,,,,,,6674,0,,,,,,,1,6612794,pdf,21ebe2c8145fef1f05e8df1733843897,,,,0,2000-01-01 01:00:00,2017-04-19 19:07:37,,Инженерно-технические науки;Машиностроение,
30116777,Проектирование и расчет объемной гидропередачи : учеб.пособие,,,,"Скорняков Н.М., Кузнецов В.В., Ананьев К.А.",2010,,Кузбасский государственный технический университет имени Т.Ф.Горбачева,,104,104,Russian,,,,978-5-89070-776-5,,,,,,,,,,6675,0,,,,,,,1,5625183,pdf,6e1a60d84f64acc8eafaa4fdeacdcc8f,,,,0,2000-01-01 01:00:00,2017-04-19 19:07:37,,Инженерно-технические науки;Машиностроение,
30116778,Металловедение сварки и дефекты металла : учеб.пособие,,,,Смирнов А.Н.,2008,,Кузбасский государственный технический университет имени Т.Ф.Горбачева,,148,149,Russian,,,,978-5-89070-656-0,,,,,,,,,,6676,0,,,,,,,1,15954524,pdf,42ae45e369f5503d4bb5782f72c79a5e,,,,0,2000-01-01 01:00:00,2017-04-19 19:07:37,,Инженерно-технические науки;Машиностроение,
30116779,Проектирование инструментальных цехов : конспект лекций,,,,Трухин В.В.,2008,,Кузбасский государственный технический университет имени Т.Ф.Горбачева,,76,77,Russian,,,,978-5-89070-653-9,,,,,,,,,,6677,0,,,,,,,1,1457013,pdf,9c9a6dfd0a7c45f4b8bb33e018e738f9,,,,0,2000-01-01 01:00:00,2017-04-19 19:07:37,,Инженерно-технические науки;Машиностроение,
30116780,ENGLISH FOR STUDENTS OF TECHNICAL UNIVERSITIES : учеб. Пособие,,,,Рожнева Е.М.,2012,,Кузбасский государственный технический университет имени Т.Ф.Горбачева,,112,113,Russian,,,,978-5-89070-866-3,,,,,,,,,,6680,0,,,,,,,1,674142,pdf,1daff3f5191d4557273ce17dd40da180,,,,0,2000-01-01 01:00:00,2017-04-19 19:07:37,,Инженерно-технические науки;Машиностроение,
30116781,Основы научных исследований и проектирования : учеб. Пособие,,,,"Неведров А.В, Папин А.В., Жбырь Е.В.",2011,,Кузбасский государственный технический университет имени Т.Ф.Горбачева,,108,109,Russian,,,,978-5-89070-794-9,,,,,,,,,,6681,0,,,,,,,1,1250941,pdf,f8ad901d17eb3f9f9cb649e878bc11ee,,,,0,2000-01-01 01:00:00,2017-04-19 19:07:37,,Инженерно-технические науки;Машиностроение,
30116782,Лесоведение и лесоводство,,,,Сеннов С.Н.,2011,"3-е изд., перераб. и доп.","Издательство \Лань\""""",,336,330,Russian,,,,978-5-8114-1151-1,,,,,,,,,,670,0,,,,,,,1,2888983,pdf,87e93bc93a600e7e3ca39f4abaa1b36f,,,,0,2000-01-01 01:00:00,2017-04-19 19:07:37,https://e.lanbook.com/img/covers/book/905/2011/670.jpg,Лесное хозяйство и лесоинженерное дело,
30116783,Яичное птицеводство,,,,"Штеле А.Л., Османян А.К., Афанасьев Г.Д.",2011,1-е изд.,"Издательство \Лань\""""",,272,275,Russian,,,,978-5-8114-1124-5,,,,,,,,,,671,0,,,,,,,1,4503087,pdf,582c7ae7df5a8ae0cc7de80566c951da,,,,0,2000-01-01 01:00:00,2017-04-19 19:07:37,https://e.lanbook.com/img/covers/book/905/2011/671.jpg,Ветеринария и сельское хозяйство;Зоотехния,
30116784,Графические методы решения задач по молекулярно-кинетической теории и термодинамике идеальных газов,,,,"Калашников Н.П., Красин В.П.",2011,"2-е изд., испр.","Издательство \Лань\""""",,192,190,Russian,,,,978-5-8114-1127-6,,,,,,,,,,672,0,,,,,,,1,2034732,pdf,dbb5333bb2b8cb63663a84ed73b487b7,,,,0,2000-01-01 01:00:00,2017-04-19 19:07:37,https://e.lanbook.com/img/covers/book/905/2011/672.jpg,Физика;Термодинамика и статистическая физика,
30116785,Задачи всероссийских студенческих олимпиад по теории вероятностей и математической статистике,,,,"Репин О.А., Суханова Е.И., Ширяева Л.К.",2011,"2-е изд., перераб. и доп.","Издательство \Лань\""""",,192,186,Russian,,,,978-5-8114-1113-9,,,,,,,,,,673,0,,,,,,,1,3523322,pdf,d948c8a718596372254f8393cdae00a0,,,,0,2000-01-01 01:00:00,2017-04-19 19:07:37,https://e.lanbook.com/img/covers/book/905/2011/673.jpg,Теория вероятностей и математическая статистика;Математика,
30116786,Решебник к сборнику задач по курсу математического анализа,,,,Берман Г.Н.,2011,"2-е изд., стер.","Издательство \Лань\""""",,608,608,Russian,,,,978-5-8114-0887-0,,,,,,,,,,674,0,,,,,,,1,13340783,pdf,4168116fd9fc92b76ea5870a89e07671,,,,0,2000-01-01 01:00:00,2017-04-19 19:07:37,https://e.lanbook.com/img/covers/book/905/2011/674.jpg,Математический анализ;Математика,
30116787,Алгебра,,,,"Глухов М.М., Елизаров В.П., Нечаев А.А.",2015,"2-е изд., испр. и доп.","Издательство \Лань\""""",,608,607,Russian,,,,978-5-8114-1961-6,,,,,,,,,,67458,0,,,,,,,1,5152727,pdf,14691204ed7836d89a39c121e9f21a13,,,,0,2000-01-01 01:00:00,2017-04-19 19:07:37,https://e.lanbook.com/img/covers/book/905/2015/67458.jpg,Высшая алгебра и теория групп;Математика,
30116788,Введение в дифференциальную геометрию,,,,Паньженский В.И.,2015,"2-е изд., испр.","Издательство \Лань\""""",,240,237,Russian,,,,978-5-8114-1979-1,,,,,,,,,,67459,0,,,,,,,1,1747874,pdf,314cecad240302732383b5bce74ae800,,,,0,2000-01-01 01:00:00,2017-04-19 19:07:37,https://e.lanbook.com/img/covers/book/905/2015/67459.jpg,Геометрия;Математика,
30116789,Методы оптимизации в примерах и задачах,,,,"Пантелеев А.В., Летова Т.А.",2015,"4-е изд., испр.","Издательство \Лань\""""",,512,512,Russian,,,,978-5-8114-1887-9,,,,,,,,,,67460,0,,,,,,,1,7370974,pdf,741be5b80cb164ba922f802b52706818,,,,0,2000-01-01 01:00:00,2017-04-19 19:07:37,https://e.lanbook.com/img/covers/book/905/2015/67460.jpg,Методы вычислительной математики;Математика,
30116790,Курс математической физики с использованием пакета Maple,,,,Голоскоков Д.П.,2015,"2-е изд., испр.","Издательство \Лань\""""",,576,576,Russian,,,,978-5-8114-1854-1,,,,,,,,,,67461,0,,,,,,,1,4847665,pdf,ba19d920a6b497229a61e9ef41507742,,,,0,2000-01-01 01:00:00,2017-04-19 19:07:37,https://e.lanbook.com/img/covers/book/905/2015/67461.jpg,Прикладная математика;Математика,
30116791,"Материалы и элементы электронной техники. Проводники, полупроводники, диэлектрики",,,,"Сорокин В.С., Антипов Б.Л., Лазарева Н.П.",2015,"2-е изд., испр.","Издательство \Лань\""""",,448,443,Russian,,,,978-5-8114-2003-2,,,,,,,,,,67462,0,,,,,,,1,23136561,pdf,b38ff711b982128bbfd4a9ce3082b3e4,,,,0,2000-01-01 01:00:00,2017-04-19 19:07:37,https://e.lanbook.com/img/covers/book/905/2015/67462.jpg,Физика;Физика твердого тела,
30116792,Теория функций комплексного переменного и операционное исчисление в примерах и задачах,,,,"Пантелеев А.В., Якимова А.С.",2015,"3-е изд., испр.","Издательство \Лань\""""",,448,447,Russian,,,,978-5-8114-1921-0,,,,,,,,,,67463,0,,,,,,,1,8748456,pdf,38a4272efc36294704a3e52fc8b4af60,,,,0,2000-01-01 01:00:00,2017-04-19 19:07:37,https://e.lanbook.com/img/covers/book/905/2015/67463.jpg,Математический анализ;Математика,
30116793,Математические модели механики сплошных сред,,,,Андреев В.К.,2015,1-е изд.,"Издательство \Лань\""""",,240,232,Russian,,,,978-5-8114-1998-2,,,,,,,,,,67464,0,,,,,,,1,1619594,pdf,a7dc5adc29530209d8732293371b2b51,,,,0,2000-01-01 01:00:00,2017-04-19 19:07:37,https://e.lanbook.com/img/covers/book/905/2015/67464.jpg,Математика,
30116794,Оптические материалы,,,,"Зверев В.А., Кривопустова Е.В., Точилина Т.В.",2015,1-е изд.,"Издательство \Лань\""""",,400,394,Russian,,,,978-5-8114-1899-2,,,,,,,,,,67465,0,,,,,,,1,7856602,pdf,de7d219613879ef9d4dad98c75176fa4,,,,0,2000-01-01 01:00:00,2017-04-19 19:07:37,https://e.lanbook.com/img/covers/book/905/2015/67465.jpg,Физика;Оптика,
30116795,Ядерные энергетические установки,,,,Лебедев В.А.,2015,1-е изд.,"Издательство \Лань\""""",,192,191,Russian,,,,978-5-8114-1868-8,,,,,,,,,,67466,0,,,,,,,1,1556938,pdf,bdeffbc5da1c5a7895f2c4433e37447f,,,,0,2000-01-01 01:00:00,2017-04-19 19:07:37,https://e.lanbook.com/img/covers/book/905/2015/67466.jpg,Инженерно-технические науки;Теплотехника,
30116796,Сейсмобезопасность зданий и территорий,,,,"Савин С.Н., Данилов И.Л.",2015,1-е изд.,"Издательство \Лань\""""",,240,244,Russian,,,,978-5-8114-1880-0,,,,,,,,,,67467,0,,,,,,,1,4636696,pdf,3148eb6442e3da20de6bb0ad38d63bf0,,,,0,2000-01-01 01:00:00,2017-04-19 19:07:37,https://e.lanbook.com/img/covers/book/905/2015/67467.jpg,Инженерно-технические науки;Архитектура и строительство,
30116797,Автоматизированные информационно-управляющие системы с применением SCADA-системы TRACE MODE,,,,Пьявченко Т.А.,2015,1-е изд.,"Издательство \Лань\""""",,336,336,Russian,,,,978-5-8114-1885-5,,,,,,,,,,67468,0,,,,,,,1,5260733,pdf,4105ba1e306dc7b88caaa11dbedf248e,,,,0,2000-01-01 01:00:00,2017-04-19 19:07:37,https://e.lanbook.com/img/covers/book/905/2015/67468.jpg,Инженерно-технические науки;Машиностроение,
30116798,Основы радиотехнических систем,,,,"Зырянов Ю.Т., Белоусов О.А., Федюнин П.А.",2015,"2-е изд., перераб. и доп.","Издательство \Лань\""""",,192,192,Russian,,,,978-5-8114-1903-6,,,,,,,,,,67469,0,,,,,,,1,1892275,pdf,8a5a3daf3a8c24f419c88bcb7567d242,,,,0,2000-01-01 01:00:00,2017-04-19 19:07:37,https://e.lanbook.com/img/covers/book/905/2015/67469.jpg,Инженерно-технические науки;Электроника и радиотехника,
30116799,Технология машиностроения. Лабораторный практикум,,,,"Коломейченко А. В., Кравченко И. Н., Титов Н.В., Тарасов В.А.;Гайдар С.М., Прокошина Т.С., Пузряков А.Ф.",2015,1-е изд.,"Издательство \Лань\""""",,272,267,Russian,,,,978-5-8114-1901-2,,,,,,,,,,67470,0,,,,,,,1,1699624,pdf,633d16ce756f078c15738d9d1d7d2265,,,,0,2000-01-01 01:00:00,2017-04-19 19:07:37,https://e.lanbook.com/img/covers/book/905/2015/67470.jpg,Инженерно-технические науки;Машиностроение,
30116800,Безопасность применения титана в автоклавных процессах цветной металлургии с применением газообразного кислорода,,,,Болобов В.И.,2015,1-е изд.,"Издательство \Лань\""""",,144,142,Russian,,,,978-5-8114-1977-7,,,,,,,,,,67471,0,,,,,,,1,1908315,pdf,7fa1bcda5ceec3759a4d48a9bb32082f,,,,0,2000-01-01 01:00:00,2017-04-19 19:07:37,https://e.lanbook.com/img/covers/book/905/2015/67471.jpg,Инженерно-технические науки;Машиностроение,
30116801,Оценка воздействия на окружающую среду,,,,Стурман В.И.,2015,1-е изд.,"Издательство \Лань\""""",,352,344,Russian,,,,978-5-8114-1904-3,,,,,,,,,,67472,0,,,,,,,1,1486093,pdf,7d4ba79c5a8e7f391914ec812f39983c,,,,0,2000-01-01 01:00:00,2017-04-19 19:07:37,https://e.lanbook.com/img/covers/book/905/2015/67472.jpg,Инженерно-технические науки;БЖД; охрана окружающей среды,
30116802,Физическая и коллоидная химия,,,,Нигматуллин Н.Г.,2015,"2-е изд., испр. и доп.","Издательство \Лань\""""",,288,276,Russian,,,,978-5-8114-1983-8,,,,,,,,,,67473,0,,,,,,,1,6301424,pdf,95197e0c316dd13e0d9278ca8cb42104,,,,0,2000-01-01 01:00:00,2017-04-19 19:07:37,https://e.lanbook.com/img/covers/book/905/2015/67473.jpg,Химия;Физическая и коллоидная химия,
30116803,Производство плодоовощных консервов и продуктов здорового питания,,,,Магомедов М.Г.,2015,1-е изд.,"Издательство \Лань\""""",,560,559,Russian,,,,978-5-8114-1849-7,,,,,,,,,,67474,0,,,,,,,1,3057477,pdf,ccc481cad6a41fb5a07de64cb83b1db8,,,,0,2000-01-01 01:00:00,2017-04-19 19:07:37,https://e.lanbook.com/img/covers/book/905/2015/67474.jpg,Технологии пищевых производств;Продукты питания растительного происхождения,
30116804,Пищевые и лекарственные свойства культурных растений,,,,"Наумкин В.Н., Коцарева Н.В., Манохина Л.А., Крюков А.Н.",2015,1-е изд.,"Издательство \Лань\""""",,400,396,Russian,,,,978-5-8114-1908-1,,,,,,,,,,67475,0,,,,,,,1,4778626,pdf,68cdcee66c50571536966c990dbbb584,,,,0,2000-01-01 01:00:00,2017-04-19 19:07:37,https://e.lanbook.com/img/covers/book/905/2015/67475.jpg,Ветеринария и сельское хозяйство;Агрономия и агроинженерия,
30116805,Организация труда и управление производством и переработкой яиц и птицы,,,,Войнова Л.В.,2015,1-е изд.,"Издательство \Лань\""""",,224,223,Russian,,,,978-5-8114-1952-4,,,,,,,,,,67476,0,,,,,,,1,1016106,pdf,cac1b4a7a869b6df7f90505d3a66bd3c,,,,0,2000-01-01 01:00:00,2017-04-19 19:07:37,https://e.lanbook.com/img/covers/book/905/2015/67476.jpg,Ветеринария и сельское хозяйство;Экономика и менеджмент АПК,
30116806,Физиология мышечной и нервной систем,,,,"Медведев И.Н., Завалишина С.Ю., Кутафина Н.В., Белова Т.А.;Под общей редакцией профессора И. Н. Медведева",2015,1-е изд.,"Издательство \Лань\""""",,176,175,Russian,,,,978-5-8114-1982-1,,,,,,,,,,67477,0,,,,,,,1,1375733,pdf,6408fb6ef7e66bed8a3c181774b4f5ce,,,,0,2000-01-01 01:00:00,2017-04-19 19:07:37,https://e.lanbook.com/img/covers/book/905/2015/67477.jpg,Ветеринария и сельское хозяйство;Ветеринария,
30116807,Анатомия и физиология животных,,,,"Зеленевский Н.В., Щипакин М.В., Зеленевский К.Н.",2015,1-е изд.,"Издательство \Лань\""""",,368,368,Russian,,,,978-5-8114-1993-7,,,,,,,,,,67478,0,,,,,,,1,13190208,pdf,4dd96b9da5a69879fa59deb1bce1bdaf,,,,0,2000-01-01 01:00:00,2017-04-19 19:07:37,https://e.lanbook.com/img/covers/book/905/2015/67478.jpg,Ветеринария и сельское хозяйство;Ветеринария,
30116808,Практикум по зоогигиене,,,,"Кочиш И.И., Виноградов П.Н., Волчкова Л.А., Нестеров В.В.",2015,"2-е изд., испр. и доп.","Издательство \Лань\""""",,432,428,Russian,,,,978-5-8114-1272-3,,,,,,,,,,67479,0,,,,,,,1,4584622,pdf,0335028048031918fd708c7b3d5a3384,,,,0,2000-01-01 01:00:00,2017-04-19 19:07:37,https://e.lanbook.com/img/covers/book/905/2015/67479.jpg,Ветеринария и сельское хозяйство;Зоотехния,
30116809,Математические методы экономической динамики,,,,Прасолов А.В.,2015,"2-е изд., испр.","Издательство \Лань\""""",,352,350,Russian,,,,978-5-8114-0797-2,,,,,,,,,,67480,0,,,,,,,1,2502821,pdf,eb2de2a891450855f3fbad176ba10b5f,,,,0,2000-01-01 01:00:00,2017-04-19 19:07:37,https://e.lanbook.com/img/covers/book/905/2015/67480.jpg,Прикладная математика;Математика,
30116810,Элементы функционального анализа,,,,"Власова Е.А., Марчевский И.К.",2015,1-е изд.,"Издательство \Лань\""""",,400,398,Russian,,,,978-5-8114-1958-6,,,,,,,,,,67481,0,,,,,,,1,2126583,pdf,eb3bff452fc05ff55443bb494c924f40,,,,0,2000-01-01 01:00:00,2017-04-19 19:07:37,https://e.lanbook.com/img/covers/book/905/2015/67481.jpg,Функциональный анализ;Математика,
30116811,Оперная драматургия,,,,Приходовская Е.А.,2015,1-е изд.,"Издательство \Лань\"""," \""Планета музыки\""""",,80,80,Russian,,,,978-5-8114-1970-8,,,,,,,,,,67482,0,,,,,,,1,664867,pdf,6ce37183b944d1e4a102cfda41074b89,,,,0,2000-01-01 01:00:00,2017-04-19 19:07:37,https://e.lanbook.com/img/covers/book/2689/2015/67482.jpg,Музыка и театр;Вокал
30116812,Самсон и Далила. Опера в 3-х действиях,,,,"Сен-Санс К., Лемер Ф.",2015,"2-е изд., испр. и доп.","Издательство \Лань\"""," \""Планета музыки\""""",,96,96,Russian,,,,978-5-8114-1925-8,,,,,,,,,,67483,0,,,,,,,1,497812,pdf,08dd51d59a606802f6a73d3ca81cbad2,,,,0,2000-01-01 01:00:00,2017-04-19 19:07:37,https://e.lanbook.com/img/covers/book/2689/2015/67483.jpg,Музыка и театр;Вокал
30116813,Упражнения для голоса,,,,Гарсиа М.,2015,1-е изд.,"Издательство \Лань\"""," \""Планета музыки\""""",,104,104,Russian,,,,978-5-8114-1962-3,,,,,,,,,,67484,0,,,,,,,1,2387718,pdf,a0ede8add473f290c1bb45fa619b6b5b,,,,0,2000-01-01 01:00:00,2017-04-19 19:07:37,https://e.lanbook.com/img/covers/book/2689/2015/67484.jpg,Музыка и театр;Вокал
30116814,Вокальное искусство,,,,Делле Седие Э.,2015,1-е изд.,"Издательство \Лань\"""," \""Планета музыки\""""",,176,175,Russian,,,,978-5-8114-1963-0,,,,,,,,,,67485,0,,,,,,,1,2520503,pdf,521d56f202d0c2b79b8e5aeaebbe1f4a,,,,0,2000-01-01 01:00:00,2017-04-19 19:07:37,https://e.lanbook.com/img/covers/book/2689/2015/67485.jpg,Музыка и театр;Вокал
30116815,Психотехника актера,,,,Грачева Л.В.,2015,1-е изд.,"Издательство \Лань\"""," \""Планета музыки\""""",,384,382,Russian,,,,978-5-8114-1916-6,,,,,,,,,,67486,0,,,,,,,1,1859310,pdf,392fc42f789c4b1e8521215381e42be3,,,,0,2000-01-01 01:00:00,2017-04-19 19:07:37,https://e.lanbook.com/img/covers/book/2689/2015/67486.jpg,Музыка и театр;Театр
30116816,Управление партнерской программой в интернете. Один час в день,,,,Пруссаков Е.;Перевод с англ. Филь К.,2014,,"Издательство \ДМК Пресс\""""",,408,408,Russian,,,,978-5-94074-719-2,,,,,,,,,,67488,0,,,,,,,1,16046394,pdf,d71bd2dada88ba5e5f1a659ff48f6656,,,,0,2000-01-01 01:00:00,2017-04-19 19:07:37,,Экономика и менеджмент;Маркетинг,
30116817,"Парнерский маркетинг для «чайников». Ответы на вопросы, которые у вас обязательно возникнут",,,,Пруссаков Е.И.;Пер. с анг. А.А. Полякова,2014,,"Издательство \ДМК Пресс\""""",,96,96,Russian,,,,978-5-97060-100-6,,,,,,,,,,67489,0,,,,,,,1,5674255,pdf,00b4928a5ab29a84a8c86f987ee292ea,,,,0,2000-01-01 01:00:00,2017-04-19 19:07:37,https://e.lanbook.com/img/covers/book/1028/2014/67489.jpg,Экономика и менеджмент;Маркетинг,
30116818,Ветеринарная санитария,,,,"Сидорчук А.А., Крупальник В.Л., Попов Н.И., Глушков А.А.",2011,1-е изд.,"Издательство \Лань\""""",,368,374,Russian,,,,978-5-8114-1071-2,,,,,,,,,,675,0,,,,,,,1,5092602,pdf,8b4976375e5ce1dc067713bc3c31c095,,,,0,2000-01-01 01:00:00,2017-04-19 19:07:37,https://e.lanbook.com/img/covers/book/905/2011/675.jpg,Ветеринария и сельское хозяйство;Ветеринария,
30116819,Задачи маршрутизации перемещений,,,,"Сесекин А.Н., Ченцов А.А., Ченцов А.Г.",2011,1-е изд.,"Издательство \Лань\""""",,256,240,Russian,,,,978-5-8114-1220-4,,,,,,,,,,677,0,,,,,,,1,4896757,pdf,ca79dc621a7f44073e00cac0db8cd90f,,,,0,2000-01-01 01:00:00,2017-04-19 19:07:37,https://e.lanbook.com/img/covers/book/905/2011/677.jpg,Прикладная математика;Математика,
30116820,Справочник по математике для инженеров и учащихся втузов,,,,"Бронштейн И.Н., Семендяев К.А.",2010,,"Издательство \Лань\""""",,608,608,Russian,,,,978-5-8114-0906-8,,,,,,,,,,678,0,,,,,,,1,39318867,pdf,3232c11160dedc7d15546427a9b47767,,,,0,2000-01-01 01:00:00,2017-04-19 19:07:37,https://e.lanbook.com/img/covers/book/905/2010/678.jpg,Высшая математика;Математика,
30116821,"Отражение био-, гео-, антропосферных взаимодействий в почвах и почвенном покрове: сборник материалов V Международной научной конференции, посвященной 85-летию кафедры почвоведения и экологии почв ТГУ (7–11 сентября 2015 г., г. Томск, Россия)",,,,"под ред. С.П. Кулижского (отв. ред.), Е.В. Каллас, А.В. Родиковой, Т.А. Новокрещенных",2015,,Национальный исследовательский Томский государственный университет,,498,498,Russian,,,,978-5-94621-485-8,,,,,,,,,,68242,0,,,,,,,1,9989852,pdf,49d4d5ac6d1e03e8826ec2bbafc854f2,,,,0,2000-01-01 01:00:00,2017-04-19 19:07:37,,Биология,
30116822,Биоразнообразие Томского Приобья. Млекопитающие: учеб. пособие,,,,"Москвитина Н.С., Сучкова Н.Г.",2015,"2-е изд., испр. и доп.",Национальный исследовательский Томский государственный университет,,328,328,Russian,,,,978-5-94621-451-3,,,,,,,,,,68244,0,,,,,,,1,79759057,pdf,90e146b1548d35559469121cb7a8c8b9,,,,0,2000-01-01 01:00:00,2017-04-19 19:07:37,,Биология,
30116823,Ихтиофауна России в системе рыб мировой фауны: учебное пособие,,,,Романов В.И.,2014,,Национальный исследовательский Томский государственный университет,,410,412,Russian,,,,978-5-94621-386-8,,,,,,,,,,68247,0,,,,,,,1,7840861,pdf,bdb67881d6efdc700756a0c1e6d01db4,,,,0,2000-01-01 01:00:00,2017-04-19 19:07:37,,Биология,
30116824,Методы исследования пресноводных рыб Сибири: учебное пособие,,,,"Романов В.И., Петлина А.П., Бабкина И.Б.",2012,,Национальный исследовательский Томский государственный университет,,264,260,Russian,,,,978-5-94621-373-8,,,,,,,,,,68248,0,,,,,,,1,5842624,pdf,ba9ec7904718c5db19f9754fd43e87c6,,,,0,2000-01-01 01:00:00,2017-04-19 19:07:37,,Биология,
30116825,Основы геодинамического анализа: учебное пособие,,,,Парначёв В.П.,2014,"2-е изд., перераб. и доп.",Национальный исследовательский Томский государственный университет,,316,316,Russian,,,,978-5-89503-539-9,,,,,,,,,,68251,0,,,,,,,1,13098636,pdf,189a3ab1a6a9e603321d850560232454,,,,0,2000-01-01 01:00:00,2017-04-19 19:07:37,,Инженерно-технические науки;Горное дело,
30116826,Модели и методы в проблеме взаимодействия атмосферы и гидросферы: учебное пособие,,,,"под ред. В.П. Дымникова, В.Н. Лыкосова, Е.П. Гордова",2014,,Национальный исследовательский Томский государственный университет,,524,524,Russian,,,,978-5-94621-393-6,,,,,,,,,,68252,0,,,,,,,1,29909762,pdf,3cce5684de7d22b488ad790019b64a5c,,,,0,2000-01-01 01:00:00,2017-04-19 19:07:37,,Инженерно-технические науки;Горное дело,
30116827,"Лесное хозяйство и зеленое строительство в Западной Сибири: материалы VII Международной научной интернет-конференции. Январь 2015 г., г. Томск",,,,"Редакционная коллегия: А.М. Данченко, М.А. Данченко, А.Г. Мясников",2015,,Национальный исследовательский Томский государственный университет,,190,190,Russian,,,,978-5-94621-446-9,,,,,,,,,,68254,0,,,,,,,1,4263410,pdf,50f530e4690e7780ffdb1ea8fd93c284,,,,0,2000-01-01 01:00:00,2017-04-19 19:07:37,,Лесное хозяйство и лесоинженерное дело,
30116828,Система фораминифер (высшие таксоны),,,,Подобина В.М.,2015,,Национальный исследовательский Томский государственный университет,,172,171,Russian,,,,978-5-94621-465-0,,,,,,,,,,68256,0,,,,,,,1,34415738,pdf,c2c77a762cbaacb6a304736dbb89ae6b,,,,0,2000-01-01 01:00:00,2017-04-19 19:07:37,,Инженерно-технические науки;Горное дело,
30116829,Учебное пособие по решению задач в курсах «Физическая метеорология» и «Общая физика» (отдельные разделы),,,,"Рыбакова Ж.В., Блинкова В.Г.",2015,,Национальный исследовательский Томский государственный университет,,288,287,Russian,,,,978-5-94621-472-8,,,,,,,,,,68258,0,,,,,,,1,16508542,pdf,030b29bde678e52d105ef1e34b1f87ae,,,,0,2000-01-01 01:00:00,2017-04-19 19:07:37,,Инженерно-технические науки;Горное дело,
30116830,Методы краткосрочных прогнозов погоды общего назначения: учеб. Пособие,,,,"Cевастьянова Л.М., Ахметшина А.С.;под ред. И.В. Кужевской",2014,,Национальный исследовательский Томский государственный университет,,268,268,Russian,,,,978-5-9462-1441-4,,,,,,,,,,68259,0,,,,,,,1,17510035,pdf,d6f1ed288d4629b1120f795af1935193,,,,0,2000-01-01 01:00:00,2017-04-19 19:07:37,,Инженерно-технические науки;Горное дело,
30116831,Магматические горные породы: учебное пособие,,,,Чернышов А.И.,2015,,Национальный исследовательский Томский государственный университет,,184,183,Russian,,,,978-5-94621-467-4,,,,,,,,,,68260,0,,,,,,,1,1678271,pdf,9a9c979e4c8efdcc5da96b586973af03,,,,0,2000-01-01 01:00:00,2017-04-19 19:07:37,,Инженерно-технические науки;Горное дело,
30116832,Метаморфизм: учебное пособие,,,,Юричев А.Н.,2014,,Национальный исследовательский Томский государственный университет,,170,169,Russian,,,,978-5-9462-1452-0,,,,,,,,,,68261,0,,,,,,,1,8087622,pdf,4103ee067fb85f35582b8f7fedf74d38,,,,0,2000-01-01 01:00:00,2017-04-19 19:07:37,,Инженерно-технические науки;Горное дело,
30116833,Нейросетевое имитационное моделирование нефтяных месторождений и гидрогеологических объектов,,,,Иваненко Б.П.,2014,,Национальный исследовательский Томский государственный университет,,188,187,Russian,,,,978-5-9462-1455-1,,,,,,,,,,68262,0,,,,,,,1,2988856,pdf,a4c6f3193bef7d42de79b753173a7415,,,,0,2000-01-01 01:00:00,2017-04-19 19:07:37,,Инженерно-технические науки;Нефтегазовое дело,
30116834,Инновационные технологии управления в мехатронике и робототехнике: учеб. пособие,,,,"Изоткина Н.Ю., Осипов Ю.М., Сырямкин В.И.;под общ. ред. Ю.М. Осипова",2015,,Национальный исследовательский Томский государственный университет,,220,220,Russian,,,,978-5-94621-470-4,,,,,,,,,,68263,0,,,,,,,1,5331399,pdf,898a876198c7792e2e7a3f38f7d35b6e,,,,0,2000-01-01 01:00:00,2017-04-19 19:07:37,,Инженерно-технические науки;Машиностроение,
30116835,Основы управления надежностью космических аппаратов с длительными сроками эксплуатации,,,,"Севастьянов Н.Н., Андреев А.И.;Под общ. ред. Н.Н. Севастьянова",2015,,Национальный исследовательский Томский государственный университет,,266,266,Russian,,,,978-5-94621-460-5,,,,,,,,,,68268,0,,,,,,,1,30391846,pdf,c08c508deb817e7f6486dee6a2115c72,,,,0,2000-01-01 01:00:00,2017-04-19 19:07:37,,Инженерно-технические науки;Авиационная и ракетно-космическая техника,
30116836,Метрология и сертификация диагностического оборудования и материалов: учеб. пособие,,,,"Богомолов Е.Н., Глушков Г.С., Жданов Д.С., Сырямкин В.И.;Сунцов С.Б. Отв. ред. В.И. Сырямкин",2014,,Национальный исследовательский Томский государственный университет,,164,163,Russian,,,,978-5-9462-1442-1,,,,,,,,,,68269,0,,,,,,,1,3739876,pdf,8ca2abaf2f31bd01decda1c1072c26af,,,,0,2000-01-01 01:00:00,2017-04-19 19:07:37,,Инженерно-технические науки;Метрология; стандартизация и сертификация,
30116837,Начала компьютерной алгебры: учеб. пособие,,,,Зюзьков В.М.,2015,,Национальный исследовательский Томский государственный университет,,128,128,Russian,,,,978-5-94621-468-1,,,,,,,,,,68273,0,,,,,,,1,2187743,pdf,ae63ec0dbb0f3c646e83765f5604eb4a,,,,0,2000-01-01 01:00:00,2017-04-19 19:07:37,,Прикладная математика;Математика,
30116838,Новые информационные технологии в исследовании сложных структур: материалы Десятой российской конференции с международным участием,,,,,2014,,Национальный исследовательский Томский государственный университет,,132,132,Russian,,,,978-5-9462-1449-0,,,,,,,,,,68274,0,,,,,,,1,2925807,pdf,6123c9d109dc85289d7b202c242f1d4f,,,,0,2000-01-01 01:00:00,2017-04-19 19:07:37,,Информатика;Информационные технологии,
30116839,Нейро-нечеткие методы в интеллектуальных системах обработки и анализа многомерной информации,,,,"Горбачев С.В., Сырямкин В.И.;Под ред. проф. В.И. Сырямкина",2014,,Национальный исследовательский Томский государственный университет,,442,442,Russian,,,,978-5-7511-2235-5,,,,,,,,,,68276,0,,,,,,,1,15297819,pdf,4eaf1b3d20be44b9a961d3f908c6a267,,,,0,2000-01-01 01:00:00,2017-04-19 19:07:37,,Информатика;Алгоритмизация,
30116840,"Труды Томского государственного университета. – Серия физико-математическая: Математическое и программное обеспечение информационных, технических и экономических систем: материалы II Всероссийской молодежной научной конференции. Томск, 16–17 мая 2014 г. Т",,,,Под общ. ред. И.С. Шмырина,2014,,Национальный исследовательский Томский государственный университет,,184,184,Russian,,,,978-5-94621-377-6,,,,,,,,,,68277,0,,,,,,,1,4320058,pdf,3dc6a3b9214235ec20a6dd0e03dad83e,,,,0,2000-01-01 01:00:00,2017-04-19 19:07:37,,Информатика;Информационные технологии,
30116841,Физико-математическое моделирование возникновения природных пожаров,,,,Фильков А.И.,2014,,Национальный исследовательский Томский государственный университет,,276,275,Russian,,,,978-5-94621-456-8,,,,,,,,,,68278,0,,,,,,,1,15690801,pdf,a086e480626d899e603fedfc6cb6bcdd,,,,0,2000-01-01 01:00:00,2017-04-19 19:07:37,,Теория вероятностей и математическая статистика;Математика,
30116842,Математика и информатика: учеб. пособие,,,,"Шепель О.М., Заводенко Е.В.",2015,,Национальный исследовательский Томский государственный университет,,236,236,Russian,,,,978-5-94621-469-8,,,,,,,,,,68279,0,,,,,,,1,5862170,pdf,a8cabb7584a16a75b622220598ccee2f,,,,0,2000-01-01 01:00:00,2017-04-19 19:07:37,,Математика;Математика для школьников,
30116843,Психолого-генетические технологии выявления факторов психической дезадаптации семейных систем: учеб. пособие,,,,"Гуткевич Е.В., Каткова М.Н.",2015,,Национальный исследовательский Томский государственный университет,,120,120,Russian,,,,978-5-94621-441-4,,,,,,,,,,68280,0,,,,,,,1,1573098,pdf,209b8dfd0d47515ff492a31ac56d784a,,,,0,2000-01-01 01:00:00,2017-04-19 19:07:37,,Психология. Педагогика;Психология,
30116844,Психология экстремальных ситуаций и состояний: учеб. пособие,,,,"Рогачева Т.В., Залевский Г.В., Левицкая Т.Е.",2015,,Национальный исследовательский Томский государственный университет,,276,275,Russian,,,,978-5-94621-442-1,,,,,,,,,,68281,0,,,,,,,1,2532887,pdf,c45af01dd0f396d76455be64f0b938af,,,,0,2000-01-01 01:00:00,2017-04-19 19:07:37,,Психология. Педагогика;Психология,
30116845,Обучение иноязычному дискурсу студентов неязыковых специальностей с использованием профессионально ориентированной проектной деятельности,,,,Минакова Л.Ю.,2015,,Национальный исследовательский Томский государственный университет,,96,96,Russian,,,,978-5-94621-440-7,,,,,,,,,,68283,0,,,,,,,1,1245010,pdf,98cefa0075dca20d5792dcd20daf2ea2,,,,0,2000-01-01 01:00:00,2017-04-19 19:07:37,,Психология. Педагогика;Педагогика,
30116846,Интеллектуальный потенциал и инновационная активность вузовской молодежи: коллективная монография,,,,"Отв. ред. С.А. Богомаз, О.М. Краснорядцева",2014,,Национальный исследовательский Томский государственный университет,,192,191,Russian,,,,978-5-94621-437-7,,,,,,,,,,68284,0,,,,,,,1,3488293,pdf,e324b9ad5727bc2b4b1f41f3162c3fe7,,,,0,2000-01-01 01:00:00,2017-04-19 19:07:37,,Психология. Педагогика;Психология,
30116847,Позиционирование и продвижение томских университетов в коммуникативном пространстве Интернета,,,,"Окушова Г.А., Бычкова М.Н., Гужова И.В.",2014,,Национальный исследовательский Томский государственный университет,,142,142,Russian,,,,978-5-94621-444-5,,,,,,,,,,68285,0,,,,,,,1,7005466,pdf,43107a93b550e8dccf51f350a8588458,,,,0,2000-01-01 01:00:00,2017-04-19 19:07:37,,Психология. Педагогика;Практическая психология,
30116848,Сопровождение беременности: здоровьесберегающие и психологические аспекты: учеб. пособие,,,,"Кривоногова Т.С., Тренькаева Н.А.;Под ред. Т.С. Кривоноговой",2015,,Национальный исследовательский Томский государственный университет,,110,111,Russian,,,,978-5-94621-443-8,,,,,,,,,,68286,0,,,,,,,1,1297667,pdf,321182dddf0a8aa9cf9c588b1d3df4e3,,,,0,2000-01-01 01:00:00,2017-04-19 19:07:37,,Психология. Педагогика;Психология,
30116849,Тактика коммуникативных следственных действий,,,,Ахмедшин Р.Л.,2014,,Национальный исследовательский Томский государственный университет,,294,294,Russian,,,,978-5-94621-449-0,,,,,,,,,,68287,0,,,,,,,1,3128271,pdf,aaab71b572c7eabbb3fb9c8cd85843f3,,,,0,2000-01-01 01:00:00,2017-04-19 19:07:37,,Право. Юридические науки;Гражданское право и процесс,
30116850,"Инноватика-2014: сб. материалов X Всероссийской школы-конференции студентов, аспирантов и молодых ученых с международным участием. 23–25 апреля 2014 г. г. Томск, Россия",,,,"Под ред. А.Н. Солдатова, С.Л. Минькова",2015,,Национальный исследовательский Томский государственный университет,,644,644,Russian,,,,978-5-94621-464-3,,,,,,,,,,68288,0,,,,,,,1,17136611,pdf,09b645adf5831f73926522064ddcda9a,,,,0,2000-01-01 01:00:00,2017-04-19 19:07:37,,Экономика и менеджмент;Инновационный менеджмент,
30116851,Правовые проблемы укрепления российской государственности: сб. ст. Ч. 63,,,,"отв. ред. М.К. Свиридов, Ю.К. Якимович; под ред. О.И. Андреевой, И.В. Чадновой",2014,,Национальный исследовательский Томский государственный университет,,152,152,Russian,,,,978-5-7511-2319-2,,,,,,,,,,68291,0,,,,,,,1,1524429,pdf,1318a9e83eeb8c35d44f8245459ac268,,,,0,2000-01-01 01:00:00,2017-04-19 19:07:37,,Право. Юридические науки;Уголовное право и процесс. Уголовно-исполнительное право,
30116852,"Договоры, направленные на передачу имущества в собственность: учеб. пособие",,,,"Соломин С.К., Соломина Н.Г.",2015,,Национальный исследовательский Томский государственный университет,,106,105,Russian,,,,978-5-94621-466-7,,,,,,,,,,68292,0,,,,,,,1,1173028,pdf,1eb71d0900b24ee14f8608c2b3d934e3,,,,0,2000-01-01 01:00:00,2017-04-19 19:07:37,,Право. Юридические науки;Гражданское право и процесс,
30116853,Проблема принципов в уголовно-исполнительном праве: история и современность,,,,Чубраков С.В.,2015,,Национальный исследовательский Томский государственный университет,,128,127,Russian,,,,978-5-94621-427-8,,,,,,,,,,68294,0,,,,,,,1,1446739,pdf,c9f5ba6993567d23046e9d323d8e2b49,,,,0,2000-01-01 01:00:00,2017-04-19 19:07:37,,Право. Юридические науки;Конституционное (государственное) право,
30116854,Доказательства и доказывание в уголовном процессе России,,,,Якимович Ю.К.,2015,,Национальный исследовательский Томский государственный университет,,80,80,Russian,,,,978-5-7511-2350-5,,,,,,,,,,68295,0,,,,,,,1,463708,pdf,3b11f2d02a98f2041d60742b9a1312f4,,,,0,2000-01-01 01:00:00,2017-04-19 19:07:37,,Право. Юридические науки;Гражданское право и процесс,
30116855,ENGLISH IN BIOLOGY AND ECOLOGY (Английский в сфере Биологии и экологии): учеб. пособие для студентов естественных специальностей,,,,"Минакова Л.Ю., Пилюкова А.В.",2015,,Национальный исследовательский Томский государственный университет,,152,152,Russian,,,,978-5-7511-2290-4,,,,,,,,,,68298,0,,,,,,,1,2195507,pdf,16b0c11466a75e1bf7ca039d36475bf4,,,,0,2000-01-01 01:00:00,2017-04-19 19:07:37,,Языкознание и литературоведение;Речь. Язык. Общение,
30116856,Русский клуб: учебно-методическое пособие,,,,"Нестерова Н.Г., Шилина В.В., Фащанова С.В., Бадмаева М.А.;Л.А. Иванова, А.А. Полякова, Цао Фэйфэй, К.М. Шамова, под ред. Н.Г. Нестеровой",2015,,Национальный исследовательский Томский государственный университет,,118,117,Russian,,,,978-5-94621-484-1,,,,,,,,,,68299,0,,,,,,,1,40970701,pdf,876608e2d7131dcc96f1953ec5d1aade,,,,0,2000-01-01 01:00:00,2017-04-19 19:07:37,,Языкознание и литературоведение;Речь. Язык. Общение,
30116857,Колебания и волны,,,,Дубнищев Ю.Н.,2011,"2-е изд., перераб.","Издательство \Лань\""""",,384,384,Russian,,,,978-5-8114-1183-2,,,,,,,,,,683,0,,,,,,,1,5364120,pdf,a789a5b124ff7dc22bc31370d4a7e6a7,,,,0,2000-01-01 01:00:00,2017-04-19 19:07:37,https://e.lanbook.com/img/covers/book/905/2011/683.jpg,Физика;Оптика,
30116858,Томские этюды. Изучаем русский язык на текстах о Сибири: учебное пособие,,,,"Нестерова Н.Г., Грекова М.В., Фащанова С.В., Шилина В.В.;Под ред. Н.Г. Нестеровой",2015,,Национальный исследовательский Томский государственный университет,,172,172,Russian,,,,978-5-94621-483-4,,,,,,,,,,68300,0,,,,,,,1,32229658,pdf,7f7ed20ebc6e419e433e9a6d754fbe88,,,,0,2000-01-01 01:00:00,2017-04-19 19:07:37,,Языкознание и литературоведение;Речь. Язык. Общение,
30116859,"Восприятие поэзии С.А. Есенина в Германии (1920–2010-е гг.): переводы, издания, критика, литературоведение",,,,"Хило Е.С., Никонова Н.Е.",2015,,Национальный исследовательский Томский государственный университет,,230,230,Russian,,,,978-5-94621-479-7,,,,,,,,,,68302,0,,,,,,,1,2431412,pdf,a9116394b1d07bed0f71c48168b06f46,,,,0,2000-01-01 01:00:00,2017-04-19 19:07:37,,Языкознание и литературоведение;Литературоведение,
30116860,Подготовка и транспорт проблемных нефтей (научно-практические аспекты),,,,"Волкова Г.И., Лоскутова Ю.В., Прозорова И.В., Березина Е.М.",2015,,Национальный исследовательский Томский государственный университет,,136,135,Russian,,,,978-5-94621-452-0,,,,,,,,,,68304,0,,,,,,,1,3036845,pdf,eb14770fd45d9869c678ff1127f1fffe,,,,0,2000-01-01 01:00:00,2017-04-19 19:07:37,,Химия;Экология и охрана окружающей среды,
30116861,Полифункциональные химические материалы и технологии: Материалы Международной научной конференции. 21–22 мая 2015 г. Том 1,,,,Под ред. Ю.Г. Слижова,2015,,Национальный исследовательский Томский государственный университет,,234,233,Russian,,,,978-5-94621-461-2,,,,,,,,,,68306,0,,,,,,,1,6495491,pdf,3fa291e5a61fc330bf478519d80efc64,,,,0,2000-01-01 01:00:00,2017-04-19 19:07:37,,Химия;Химическая технология,
30116862,Полифункциональные химические материалы и технологии: Материалы Международной научной конференции. 21–22 мая 2015 г. Том 3,,,,Под ред. Ю.Г. Слижова,2015,,Национальный исследовательский Томский государственный университет,,238,237,Russian,,,,978-5-94621-463-6,,,,,,,,,,68307,0,,,,,,,1,5156358,pdf,10582de592afe97f4ba0c7797949fafc,,,,0,2000-01-01 01:00:00,2017-04-19 19:07:37,,Химия;Химическая технология,
30116863,Практические работы по коллоидной химии: учеб. пособие,,,,"Шиляева Л.П., Судакова Н.Н., Белоусова В.Н., Минакова Т.С.;Мамонтов Г.В.",2015,,Национальный исследовательский Томский государственный университет,,244,244,Russian,,,,978-5-94621-453-7,,,,,,,,,,68308,0,,,,,,,1,3185377,pdf,0ee68d71e0d3f608cda5b27cad847ee5,,,,0,2000-01-01 01:00:00,2017-04-19 19:07:37,,Химия;Физическая и коллоидная химия,
30116864,Формирование эффективно-справедливой системы налогообложения малого бизнеса,,,,Гринкевич А.М.,2014,,Национальный исследовательский Томский государственный университет,,200,200,Russian,,,,978-5-94621-433-9,,,,,,,,,,68309,0,,,,,,,1,1821777,pdf,d1ecbda9e761e988fc1a6e4af1329c49,,,,0,2000-01-01 01:00:00,2017-04-19 19:07:37,,Экономика и менеджмент;Налоги и налогообложение,
30116865,ЕСЛИ ТЕБЕ БИЗНЕСМЕН ИМЯ…: материалы I и II Всероссийских молодежных научно-практических конференций с международным участием. 2013–2014 гг.,,,,"Организац.комитет: Гринкевич Л.С., Рюмина Ю.А. Члены оргкомитета: Иващенко Г.А., Краковецкая И.В., Алдохина Е.Г., Горяинова С.Е.",2014,,Национальный исследовательский Томский государственный университет,,234,234,Russian,,,,978-5-94621-435-3,,,,,,,,,,68310,0,,,,,,,1,3701853,pdf,eeddb16291810dfe24d2a0b163a57c5f,,,,0,2000-01-01 01:00:00,2017-04-19 19:07:37,,Деловая литература;Бизнес-рекомендации,
30116866,"Выявление, правовая защита и коммерциализация результатов интеллектуальной деятельности: учеб. пособие",,,,"Под ред. А.Н. Солдатова, С.Л. Минькова",2014,,Национальный исследовательский Томский государственный университет,,360,360,Russian,,,,978-5-94621-421-6,,,,,,,,,,68311,0,,,,,,,1,7652910,pdf,3a82de151ef3b5bb55af892c9b65a391,,,,0,2000-01-01 01:00:00,2017-04-19 19:07:37,,Экономика и менеджмент;Инновационный менеджмент,
30116867,"Материалы студенческой научно-практической конференции экономического факультета. Томск, 25–26 апреля 2014 г.",,,,Под ред. Д.М. Хлопцова,2014,,Национальный исследовательский Томский государственный университет,,388,388,Russian,,,,978-5-94621-426-1,,,,,,,,,,68312,0,,,,,,,1,5321003,pdf,80d404e5a8f7a15fedcbe8c073b96504,,,,0,2000-01-01 01:00:00,2017-04-19 19:07:37,,Экономика и менеджмент;Экономика предприятий и организаций,
30116868,Аутсорсинг в бизнесе и государственном (муниципальном) управлении: учеб. пособие,,,,Шимширт Н.Д.,2015,,Национальный исследовательский Томский государственный университет,,172,172,Russian,,,,978-5-94621-439-1,,,,,,,,,,68313,0,,,,,,,1,2341507,pdf,0e2a751de8636910871551543c16d905,,,,0,2000-01-01 01:00:00,2017-04-19 19:07:37,,Экономика и менеджмент;Экономическая теория,
30116869,Эвенки Верхнекетья: Историко-этнографический очерк,,,,"Дуткина В.А., Белянская М.Х.",2015,,Национальный исследовательский Томский государственный университет,,164,163,Russian,,,,978-5-94621-447-6,,,,,,,,,,68314,0,,,,,,,1,25939288,pdf,45657818e2c99dea47c17604d2f341de,,,,0,2000-01-01 01:00:00,2017-04-19 19:07:37,,Социально-гуманитарные науки;История,
30116870,Виды Томска и его окрестностей: каталог-альбом литографий,,,,Колосов М.,2015,,Национальный исследовательский Томский государственный университет,,60,59,Russian,,,,978-5-7511-2296-6,,,,,,,,,,68316,0,,,,,,,1,3479388,pdf,3d0a5e8055d6458599f512db3543a66d,,,,0,2000-01-01 01:00:00,2017-04-19 19:07:37,,Социально-гуманитарные науки;История,
30116871,Дерматоглифика в исследованиях личности: криминалистический и судебно-медицинский аспекты,,,,Мазур Е.С.;Под ред. В.Н. Звягина,2014,,Национальный исследовательский Томский государственный университет,,150,150,Russian,,,,978-5-94621-450-6,,,,,,,,,,68318,0,,,,,,,1,5548013,pdf,8fb3d0d1ac9c1b6d0f4ba55e3e662be5,,,,0,2000-01-01 01:00:00,2017-04-19 19:07:37,,Социально-гуманитарные науки;История,
30116872,Научная библиотека ТГУ в биографиях сотрудников,,,,"сост.: Л.Л. Берцун, М.И. Алексеева, С.Н. Лопатина; под ред. С.А. Некрылова, С.Ф. Фоминых",2015,,Национальный исследовательский Томский государственный университет,,312,312,Russian,,,,978-5-94621-454-4,,,,,,,,,,68319,0,,,,,,,1,43081247,pdf,7f5a254bcfd6419f2d5456aa930e045f,,,,0,2000-01-01 01:00:00,2017-04-19 19:07:37,,Социально-гуманитарные науки;История,
30116873,Connect-Universum – 2014: сборник материалов V Международной научно-практической интернет-конференции,,,,Научный редактор Г.А. Окушова,2015,,Национальный исследовательский Томский государственный университет,,256,255,Russian,,,,978-5-94621-458-2,,,,,,,,,,68320,0,,,,,,,1,4579991,pdf,9ba1e3537e1c423626e954710dbdf49a,,,,0,2000-01-01 01:00:00,2017-04-19 19:07:37,,Социально-гуманитарные науки;Социальная работа,
30116874,Томский комитет ученых в годы Великой Отечественной войны 1941–1945 гг.: документы и материалы,,,,отв. ред. С.Ф. Фоминых,2015,,Национальный исследовательский Томский государственный университет,,480,480,Russian,,,,978-5-94621-455-1,,,,,,,,,,68321,0,,,,,,,1,4602028,pdf,edf16890eba5d640644d324aee07ee84,,,,0,2000-01-01 01:00:00,2017-04-19 19:07:37,,Социально-гуманитарные науки;История,
30116875,Виды Томска: каталог-альбом литографий,,,,Флек Ю.В.;сост. Г.И. Колосова,2015,,Национальный исследовательский Томский государственный университет,,32,32,Russian,,,,978-5-7511-2297-3,,,,,,,,,,68322,0,,,,,,,1,1139216,pdf,22638a868c54437485a3067e4259ffc6,,,,0,2000-01-01 01:00:00,2017-04-19 19:07:37,,Социально-гуманитарные науки;История,
30116876,Гендерная проблематика в современной философии: учебное пособие,,,,Хитрук Е.Б.,2015,,Национальный исследовательский Томский государственный университет,,60,59,Russian,,,,978-5-94621-482-7,,,,,,,,,,68323,0,,,,,,,1,620070,pdf,02ec24f839523c74d1ce59a0cdbab25d,,,,0,2000-01-01 01:00:00,2017-04-19 19:07:37,,Социально-гуманитарные науки;Философия,
30116877,Биология размножения и развития беспозвоночных: учебник,,,,"Островерхова Г.П., Островерхова Н.В.",2015,,Национальный исследовательский Томский государственный университет,,464,463,Russian,,,,78-5-94621-394-3,,,,,,,,,,68324,0,,,,,,,1,32773507,pdf,4c52536f4b48ecee285cf8afe4063bec,,,,0,2000-01-01 01:00:00,2017-04-19 19:07:37,,Биология,
30116878,Оптоэлектроника и нанофотоника,,,,Игнатов А.Н.,2011,1-е изд.,"Издательство \Лань\""""",,528,539,Russian,,,,978-5-8114-1136-8,,,,,,,,,,684,0,,,,,,,1,6766559,pdf,486e8c8308af88e7187642040fe43106,,,,0,2000-01-01 01:00:00,2017-04-19 19:07:37,https://e.lanbook.com/img/covers/book/905/2011/684.jpg,Физика;Оптика,
30116879,Цифровая обработка сигналов в базисе программируемых логических интегральных схем,,,,Строгонов А.В.,2015,"2-е изд., испр. и доп.","Издательство \Лань\""""",,310,310,Russian,,,,978-5-8114-1981-4,,,,,,,,,,68427,0,,,,,,,1,57653604,pdf,f3d13235cf826c71298ddc88b7fc2e88,,,,0,2000-01-01 01:00:00,2017-04-19 19:07:37,https://e.lanbook.com/img/covers/book/905/2015/68427.jpg,Инженерно-технические науки;Электроника и радиотехника,
30116880,"Проектирование производственных систем: учебное пособие по дисциплине «Проектирование производственных систем» для студентов, обучающихся по направлению 38.04.02 (080200) «Менеджмент»",,,,"Чубинский А.Н., Тамби А.А.",2015,,Санкт-Петербургский государственный лесотехнический университет,,72,72,Russian,,,,978-5-9239-0762-9,,,,,,,,,,68440,0,,,,,,,1,1408163,pdf,f205af8d9f5e664444ac61e10b5ef835,,,,0,2000-01-01 01:00:00,2017-04-19 19:07:37,,Инженерно-технические науки;Автоматика и управление в технических системах,
30116881,Целевое лесовыращивание: лабораторный практикум для подготовки бакалавров по направлению 35.03.01 «Лесное дело»,,,,"Григорьева О.И., Беляева Н.В., Мартынов А.Н., Ковалев Н.В.",2015,,Санкт-Петербургский государственный лесотехнический университет,,52,52,Russian,,,,978-5-9239-0777-3,,,,,,,,,,68441,0,,,,,,,1,614469,pdf,ba1cd172e68062ce7a7816ef2dcb2595,,,,0,2000-01-01 01:00:00,2017-04-19 19:07:37,,Лесное хозяйство и лесоинженерное дело,
30116882,Современный стратегический анализ: учебное пособие для магистров по направлению подготовки 38.04.02 «Менеджмент»,,,,"Кораблев А.И., Иготти И.Н.",2015,,Санкт-Петербургский государственный лесотехнический университет,,48,48,Russian,,,,978-5-9239-0768-1,,,,,,,,,,68443,0,,,,,,,1,541477,pdf,aef12a2f5f4480cf90a7f6a4db85dadf,,,,0,2000-01-01 01:00:00,2017-04-19 19:07:37,,Экономика и менеджмент;Стратегический менеджмент,
30116883,Гидрогазодинамика: учебное пособие по дисциплине «Гидрогазодинамика» для студентов направления подготовки 13.03.01 (140100.62) «Теплоэнергетика и теплотехника»,,,,"Куликов А.А., Иванова И.В., Дюкова И.Н.",2015,,Санкт-Петербургский государственный лесотехнический университет,,64,65,Russian,,,,978-5-9239-0760-5,,,,,,,,,,68444,0,,,,,,,1,1174575,pdf,33dad90f5f45745db98d54922846cea8,,,,0,2000-01-01 01:00:00,2017-04-19 19:07:37,,Инженерно-технические науки;Гидромеханизация,
30116884,Автомобильное многоборье в системе формирования профессионально важных качеств студентов технических вузов,,,,"Романенко В.И., Сингуринди Э.Г.",2015,,Санкт-Петербургский государственный лесотехнический университет,,68,69,Russian,,,,978-5-9239-0776-6,,,,,,,,,,68448,0,,,,,,,1,2086944,pdf,70a1627ea8217ecab1fe15447e802185,,,,0,2000-01-01 01:00:00,2017-04-19 19:07:37,,Физкультура и Спорт,
30116885,Теория механизмов и машин,,,,"Сергеевичев В.В., Супонина Н.Ю., Бочарова Т.Г.",2015,,Санкт-Петербургский государственный лесотехнический университет,,88,88,Russian,,,,978-5-9239-0778-0,,,,,,,,,,68450,0,,,,,,,1,5679767,pdf,36a7fe777acd49daee8dae4e737483dd,,,,0,2000-01-01 01:00:00,2017-04-19 19:07:37,,Инженерно-технические науки;Машиностроение,
30116886,Основы топографии и инженерной геодезии. Основы инженерной геодезии: учебное пособие для бакалавров,,,,Соловьев А.Н.,2015,,Санкт-Петербургский государственный лесотехнический университет,,132,133,Russian,,,,978-5-9239-0770-4,,,,,,,,,,68451,0,,,,,,,1,6183630,pdf,220a4456d9e10000e5c9ec0d142699aa,,,,0,2000-01-01 01:00:00,2017-04-19 19:07:37,,Лесное хозяйство и лесоинженерное дело,
30116887,Основы топографии и инженерной геодезии. Основы топографии: учебное пособие для бакалавров,,,,Соловьев А.Н.,2015,,Санкт-Петербургский государственный лесотехнический университет,,116,116,Russian,,,,978-5-9239-0769-8,,,,,,,,,,68452,0,,,,,,,1,5931375,pdf,dde285d5178fbc76b29e8f5183fcb28e,,,,0,2000-01-01 01:00:00,2017-04-19 19:07:37,,Лесное хозяйство и лесоинженерное дело,
30116888,Мировая экономика и международные экономические отношения: учебное пособие для студентов направлений подготовки 38.03.01 «Экономика» и 38.03.02 «Менеджмент»,,,,Тростинская В.П.,2015,,Санкт-Петербургский государственный лесотехнический университет,,96,97,Russian,,,,978-5-9239-0774-2,,,,,,,,,,68453,0,,,,,,,1,1113505,pdf,50a1df4908193bd9336c01d0a07903b8,,,,0,2000-01-01 01:00:00,2017-04-19 19:07:37,,Экономика и менеджмент;Мировая экономика,
30116889,"Производственный менеджмент. Введение в дисциплину: учебное пособие для бакалавров направлений подготовки 38.03.02 «Менеджмент», 27.03.04 «Управление в технических системах»",,,,"Захаренкова И.А., Иготти И.Н., Беспалова В.В.",2015,,Санкт-Петербургский государственный лесотехнический университет,,24,25,Russian,,,,978-5-9239-0766-7,,,,,,,,,,68456,0,,,,,,,1,417090,pdf,8ad47c594428eb95d99023e331300dfb,,,,0,2000-01-01 01:00:00,2017-04-19 19:07:37,,Инженерно-технические науки;Автоматика и управление в технических системах,
30116890,Создание сайтов на основе WordPress,,,,Сергеев А.Н.,2015,1-е изд.,"Издательство \Лань\""""",,128,122,Russian,,,,978-5-8114-1928-9,,,,,,,,,,68457,0,,,,,,,1,8544132,pdf,b416e9c34771bf35d62aae30395aa9c4,,,,0,2000-01-01 01:00:00,2017-04-19 19:07:37,https://e.lanbook.com/img/covers/book/905/2015/68457.jpg,Информатика;Web-дизайн,
30116891,Мультиагентное моделирование в среде NetLogo,,,,Мезенцев К.Н.,2015,1-е изд.,"Издательство \Лань\""""",,176,175,Russian,,,,978-5-8114-1933-3,,,,,,,,,,68458,0,,,,,,,1,1827436,pdf,faccf7348884c56829fcd7c16f45ed40,,,,0,2000-01-01 01:00:00,2017-04-19 19:07:37,https://e.lanbook.com/img/covers/book/905/2015/68458.jpg,Информатика;Прикладные программы,
30116892,Алгоритмы вычислительной статистики в системе R,,,,"Буховец А.Г., Москалев П.В.",2015,"2-е изд., перераб. и доп.","Издательство \Лань\""""",,160,160,Russian,,,,978-5-8114-1802-2,,,,,,,,,,68459,0,,,,,,,1,2525076,pdf,3d76224a1a0c561d03196273c5e6c33a,,,,0,2000-01-01 01:00:00,2017-04-19 19:07:37,https://e.lanbook.com/img/covers/book/905/2015/68459.jpg,Информатика;Математические программы,
30116893,Курс теории автоматического управления,,,,Первозванский А.А.,2015,"3-е изд., стер.","Издательство \Лань\""""",,624,624,Russian,,,,978-5-8114-0995-2,,,,,,,,,,68460,0,,,,,,,1,56608655,pdf,d277ffcef5878b31ab47b8ab2be2c858,,,,0,2000-01-01 01:00:00,2017-04-19 19:07:37,https://e.lanbook.com/img/covers/book/905/2015/68460.jpg,Информатика;САПР,
30116894,Числовые расчеты в Excel,,,,Васильев А.Н.,2014,1-е изд.,"Издательство \Лань\""""",,608,598,Russian,,,,978-5-8114-1580-9,,,,,,,,,,68464,0,,,,,,,1,26148392,pdf,b6bbdbceddf22076a91751bfb66daf29,,,,0,2000-01-01 01:00:00,2017-04-19 19:07:37,https://e.lanbook.com/img/covers/book/905/2014/68464.jpg,Информатика;Математические программы,
30116895,Линейные системы с обратной связью,,,,Веремей Е.И.,2013,1-е изд.,"Издательство \Лань\""""",,448,448,Russian,,,,978-5-8114-1412-3,,,,,,,,,,68465,0,,,,,,,1,3987649,pdf,fb5b25891fd94cffa093c57c76fbf1c4,,,,0,2000-01-01 01:00:00,2017-04-19 19:07:37,https://e.lanbook.com/img/covers/book/905/2013/68465.jpg,Информатика;Информационные технологии,
30116896,Введение в теоретико-числовые методы криптографии,,,,"Глухов М.М., Круглов И.А., Пичкур А.Б., Черемушкин А.В.",2011,1-е изд.,"Издательство \Лань\""""",,400,395,Russian,,,,978-5-8114-1116-0,,,,,,,,,,68466,0,,,,,,,1,5618373,pdf,1c8e5b26b59e8ba08300cc753d40a232,,,,0,2000-01-01 01:00:00,2017-04-19 19:07:37,https://e.lanbook.com/img/covers/book/905/2011/68466.jpg,Информатика;Защита информации,
30116897,Методы исследования операций,,,,Есипов Б.А.,2013,"2-е изд., испр. и доп.","Издательство \Лань\""""",,304,300,Russian,,,,978-5-8114-0917-4,,,,,,,,,,68467,0,,,,,,,1,2771085,pdf,e5b1185bd93831c129c9dd84417cc0ad,,,,0,2000-01-01 01:00:00,2017-04-19 19:07:37,https://e.lanbook.com/img/covers/book/905/2013/68467.jpg,Информатика;Информационные технологии,
30116898,Теория систем управления,,,,Певзнер Л.Д.,2013,"2-е изд., испр. и доп.","Издательство \Лань\""""",,424,421,Russian,,,,978-5-8114-1566-3,,,,,,,,,,68469,0,,,,,,,1,4389102,pdf,6c4da8826a076c7f6eaa68fd74e156f4,,,,0,2000-01-01 01:00:00,2017-04-19 19:07:37,https://e.lanbook.com/img/covers/book/905/2013/68469.jpg,Информатика;САПР,
30116899,Математическое программирование,,,,Юрьева А.А.,2014,"2-е изд., испр. и доп.","Издательство \Лань\""""",,432,432,Russian,,,,978-5-8114-1585-4,,,,,,,,,,68470,0,,,,,,,1,6039641,pdf,f1ad3d571464223be686ae602071aff8,,,,0,2000-01-01 01:00:00,2017-04-19 19:07:37,https://e.lanbook.com/img/covers/book/905/2014/68470.jpg,Информатика;Программирование,
30116900,Практикум по основам современной информатики,,,,"Кудинов Ю.И., Пащенко Ф.Ф., Келина А.Ю.",2011,1-е изд.,"Издательство \Лань\""""",,352,351,Russian,,,,978-5-8114-1152-8,,,,,,,,,,68471,0,,,,,,,1,5580494,pdf,1c7675434fc9fa9df26c77083d5d1f9e,,,,0,2000-01-01 01:00:00,2017-04-19 19:07:37,https://e.lanbook.com/img/covers/book/905/2011/68471.jpg,Информатика;Информационные технологии,
30116901,Моделирование процессов и систем,,,,Петров А.В.,2015,1-е изд.,"Издательство \Лань\""""",,288,288,Russian,,,,978-5-8114-1886-2,,,,,,,,,,68472,0,,,,,,,1,2434624,pdf,8dae5162440440e32f244cb955ea0ba0,,,,0,2000-01-01 01:00:00,2017-04-19 19:07:37,https://e.lanbook.com/img/covers/book/905/2015/68472.jpg,Информатика;Информационные технологии,
30116902,Основы корректирующего кодирования: теория и лабораторный практикум. + CD,,,,Матвеев Б.В.,2014,"2-е изд., стер.","Издательство \Лань\""""",,192,192,Russian,,,,978-5-8114-1631-8,,,,,,,,,,68473,0,,,,,,,1,1667047,pdf,e61c5c5e93322983749ff4122550747e,,,,0,2000-01-01 01:00:00,2017-04-19 19:07:37,https://e.lanbook.com/img/covers/book/905/2014/68473.jpg,Информатика;Программирование,
30116903,Проектирование цифровых устройств + CD,,,,"Пухальский Г.И., Новосельцева Т.Я.",2012,1-е изд.,"Издательство \Лань\""""",,896,889,Russian,,,,978-5-8114-1265-5,,,,,,,,,,68474,0,,,,,,,1,38706821,pdf,2bf52833bba3283edbae13c28e3c5e53,,,,0,2000-01-01 01:00:00,2017-04-19 19:07:37,https://e.lanbook.com/img/covers/book/905/2012/68474.jpg,Информатика;Виртуальные приборы,
30116904,Адаптивные и инвариантные алгоритмы обнаружения объектов на изображениях и их моделирование в Matlab,,,,Волков В.Ю.,2014,"2-е изд., доп.","Издательство \Лань\""""",,192,192,Russian,,,,978-5-8114-1656-1,,,,,,,,,,68475,0,,,,,,,1,9009451,pdf,57bdef437508ca70f240f7fedca29a95,,,,0,2000-01-01 01:00:00,2017-04-19 19:07:37,https://e.lanbook.com/img/covers/book/905/2014/68475.jpg,Информатика;Математические программы,
30116905,Графические изображения некоторых принципов рационального конструирования в машиностроении,,,,"Крутов В.Н., Зубарев Ю.М., Демидович И.В., Треяль В.А.",2011,1-е изд.,"Издательство \Лань\""""",,208,204,Russian,,,,978-5-8114-1128-3,,,,,,,,,,685,0,,,,,,,1,4257598,pdf,605d63fcd26c340736aa2333ad4ec836,,,,0,2000-01-01 01:00:00,2017-04-19 19:07:37,https://e.lanbook.com/img/covers/book/905/2011/685.jpg,Инженерно-технические науки;Машиностроение;Начертательная геометрия и инженерная графика,
30116906,Международный бизнес в сфере информационных технологий,,,,"Абрамова А.В., Савинов Ю.А.;Под общ. ред. Ливенцева Н.Н.",2010,,"Издательство \Аспект Пресс\""""",,206,204,Russian,,,,978-5-7567-0603-1,,,,,,,,,,68655,0,,,,,,,1,1156094,pdf,39b25f797001bed8bd7c75a7821b642e,,,,0,2000-01-01 01:00:00,2017-04-19 19:07:37,https://e.lanbook.com/img/covers/book/27835/2010/68655.jpg,Социально-гуманитарные науки;Международные отношения и дипломатия,
30116907,Внешнеполитический процесс. Сравнительный анализ,,,,"Алексеева Т.А., Казанцев А.А.",2012,,"Издательство \Аспект Пресс\""""",,223,224,Russian,,,,978-5-7567-0649-9,,,,,,,,,,68657,0,,,,,,,1,2321438,pdf,baa3605f5b4a4b8db1285fc9ed99b2ed,,,,0,2000-01-01 01:00:00,2017-04-19 19:07:37,https://e.lanbook.com/img/covers/book/27835/2012/68657.jpg,Социально-гуманитарные науки;Политология и обществознание,
30116908,Мировая политика и международные отношения,,,,"Ачкасов В.А., Ланцов С.А.",2011,,"Издательство \Аспект Пресс\""""",,480,480,Russian,,,,978-5-7567-0618-5,,,,,,,,,,68659,0,,,,,,,1,1564282,pdf,4d7b0089c2f573ebd35d075b6be0d08b,,,,0,2000-01-01 01:00:00,2017-04-19 19:07:37,https://e.lanbook.com/img/covers/book/27835/2011/68659.jpg,Социально-гуманитарные науки;Международные отношения и дипломатия,
30116909,Сравнительная политология,,,,Ачкасов В.А.;Под ред. Алиева Р.А.,2011,,"Издательство \Аспект Пресс\""""",,400,204,Russian,,,,978-5-7567-0596-6,,,,,,,,,,68660,0,,,,,,,1,1156417,pdf,f0d94e457de6e67d7fb913020735aca2,,,,0,2000-01-01 01:00:00,2017-04-19 19:07:37,,Социально-гуманитарные науки;Политология и обществознание,
30116910,Сравнительная интеграция. Практика и модели интеграции в зарубежной Европе и Тихоокеанской Азии,,,,Байков А.А.,2012,,"Издательство \Аспект Пресс\""""",,256,256,Russian,,,,978-5-7567-0644-4,,,,,,,,,,68662,0,,,,,,,1,1486730,pdf,eab20b3fa5bb55eaba8dbac0120094ac,,,,0,2000-01-01 01:00:00,2017-04-19 19:07:37,https://e.lanbook.com/img/covers/book/27835/2012/68662.jpg,Социально-гуманитарные науки;Политология и обществознание,
30116911,Массовая коммуникация: Западные теории и концепции,,,,Бакулев Г.П.,2010,2-е,"Издательство \Аспект Пресс\""""",,192,192,Russian,,,,978-5-7567-0564-5,,,,,,,,,,68663,0,,,,,,,1,732813,pdf,f61999c9970072d289c3516e670e9f3a,,,,0,2000-01-01 01:00:00,2017-04-19 19:07:37,https://e.lanbook.com/img/covers/book/27835/2010/68663.jpg,Социально-гуманитарные науки;Политология и обществознание,
30116912,Регионоведение,,,,Барыгин И.Н.,2007,,"Издательство \Аспект Пресс\""""",,399,400,Russian,,,,978-5-7567-0452-5,,,,,,,,,,68665,0,,,,,,,1,9500092,pdf,51f5d5140e3590fed23e41ccb015447f,,,,0,2000-01-01 01:00:00,2017-04-19 19:07:37,https://e.lanbook.com/img/covers/book/27835/2007/68665.jpg,Социально-гуманитарные науки;Политология и обществознание,
30116913,Международно-правовое регулирование трудовой миграции. Программа курса,,,,"Авт.-сост. Бекяшев Д.К., Иванов Д.В.",2014,,"Издательство \Аспект Пресс\""""",,70,70,Russian,,,,978-5-7567-0727-4,,,,,,,,,,68666,0,,,,,,,1,1626353,pdf,af7a9495d85780c60f617a2c8a9cee84,,,,0,2000-01-01 01:00:00,2017-04-19 19:07:37,https://e.lanbook.com/img/covers/book/27835/2014/68666.jpg,Социально-гуманитарные науки;Международные отношения и дипломатия,
30116914,Кризисы и конфликты на постсоветском пространстве,,,,"Блищенко В.И., Солнцева М.М.",2014,,"Издательство \Аспект Пресс\""""",,304,304,Russian,,,,978-5-7567-0758-8,,,,,,,,,,68667,0,,,,,,,1,2877089,pdf,f6307120d398300d4b74db8b8632f277,,,,0,2000-01-01 01:00:00,2017-04-19 19:07:37,https://e.lanbook.com/img/covers/book/27835/2014/68667.jpg,Социально-гуманитарные науки;Политология и обществознание,
30116915,Экономическая политология. Отношения бизнеса с государством и обществом,,,,Отв. ред. Богатуров А.Д.,2012,,"Издательство \Аспект Пресс\""""",,240,240,Russian,,,,978-5-7567-0627-7,,,,,,,,,,68670,0,,,,,,,1,1092142,pdf,0533dca7f3999e0063ba1b0510a8913b,,,,0,2000-01-01 01:00:00,2017-04-19 19:07:37,https://e.lanbook.com/img/covers/book/27835/2012/68670.jpg,Социально-гуманитарные науки;Политология и обществознание,
30116916,Методы политических исследований,,,,Боришполец К.П.,2010,2-е,"Издательство \Аспект Пресс\""""",,230,232,Russian,,,,978-5-7567-0582-9,,,,,,,,,,68672,0,,,,,,,1,2178029,pdf,a0e51a4c2bb33b53289787bb8dc9ccbc,,,,0,2000-01-01 01:00:00,2017-04-19 19:07:37,https://e.lanbook.com/img/covers/book/27835/2010/68672.jpg,Социально-гуманитарные науки;Политология и обществознание,
30116917,Личностный стиль за столом международных переговоров,,,,"Василенко И.А., Василенко Е.В.",2012,,"Издательство \Аспект Пресс\""""",,208,208,Russian,,,,978-5-7567-0677-2,,,,,,,,,,68674,0,,,,,,,1,3105958,pdf,dc46dc87c2ac6d008d8b2d1d136dcd94,,,,0,2000-01-01 01:00:00,2017-04-19 19:07:37,https://e.lanbook.com/img/covers/book/27835/2012/68674.jpg,Социально-гуманитарные науки;Международные отношения и дипломатия,
30116918,Конфликты на Востоке. Этнические и конфессиональные,,,,Под ред. Воскресенского А.Д.,2008,,"Издательство \Аспект Пресс\""""",,512,512,Russian,,,,978-5-7567-0497-6,,,,,,,,,,68676,0,,,,,,,1,2082711,pdf,1087a4428e4f95a83696d43e1908874d,,,,0,2000-01-01 01:00:00,2017-04-19 19:07:37,https://e.lanbook.com/img/covers/book/27835/2008/68676.jpg,Социально-гуманитарные науки;Политология и обществознание,
30116919,Политические системы и модели демократии на Востоке,,,,Воскресенский А.Д.,2007,,"Издательство \Аспект Пресс\""""",,190,191,Russian,,,,978-5-7567-0473-0,,,,,,,,,,68677,0,,,,,,,1,1467171,pdf,efb9e890e2ed3ebd64dac396ededfdda,,,,0,2000-01-01 01:00:00,2017-04-19 19:07:37,https://e.lanbook.com/img/covers/book/27835/2007/68677.jpg,Социально-гуманитарные науки;Политология и обществознание,
30116920,Политические технологии: ПР и реклама,,,,Гринберг Т.Э.,2012,2-е,"Издательство \Аспект Пресс\""""",,280,280,Russian,,,,978-5-7567-0639-0,,,,,,,,,,68679,0,,,,,,,1,1011388,pdf,db88f922f66e99bc9524b5894a3593c8,,,,0,2000-01-01 01:00:00,2017-04-19 19:07:37,https://e.lanbook.com/img/covers/book/27835/2012/68679.jpg,Социально-гуманитарные науки;Политология и обществознание,
30116921,Становление государств Центральной Азии. Политические процессы,,,,Звягельская И.Д.,2009,,"Издательство \Аспект Пресс\""""",,208,208,Russian,,,,978-5-7567-0570-6,,,,,,,,,,68682,0,,,,,,,1,1100411,pdf,129ba8d03f9ee6f931c2b4fc2630330c,,,,0,2000-01-01 01:00:00,2017-04-19 19:07:37,https://e.lanbook.com/img/covers/book/27835/2009/68682.jpg,Социально-гуманитарные науки;Политология и обществознание,
30116922,Ближневосточный клинч: Конфликты на Ближнем Востоке и политика России,,,,Звягельская И.,2014,,"Издательство \Аспект Пресс\""""",,208,208,Russian,,,,978-5-7567-0754-0,,,,,,,,,,68683,0,,,,,,,1,1450399,pdf,2ca6e0859f1d796b9a3f02ce0ab8503d,,,,0,2000-01-01 01:00:00,2017-04-19 19:07:37,https://e.lanbook.com/img/covers/book/27835/2014/68683.jpg,Социально-гуманитарные науки;Политология и обществознание,
30116923,Экологическая миграция населения. Международно-правовые аспекты,,,,"Иванов Д.В., Бекяшев Д.К.",2013,,"Издательство \Аспект Пресс\""""",,176,176,Russian,,,,978-5-7567-0695-6,,,,,,,,,,68686,0,,,,,,,1,2014907,pdf,8c312ce72d1ef3ec5636447e61933ccc,,,,0,2000-01-01 01:00:00,2017-04-19 19:07:37,https://e.lanbook.com/img/covers/book/27835/2013/68686.jpg,Социально-гуманитарные науки;Международные отношения и дипломатия,
30116924,Теория партий и партийных систем,,,,Исаев Б.А.,2008,,"Издательство \Аспект Пресс\""""",,367,368,Russian,,,,978-5-7567-0506-5,,,,,,,,,,68687,0,,,,,,,1,2189614,pdf,62bb0c1ff676cc831e1f7063f1cd48fd,,,,0,2000-01-01 01:00:00,2017-04-19 19:07:37,https://e.lanbook.com/img/covers/book/27835/2008/68687.jpg,Социально-гуманитарные науки;Политология и обществознание,
30116925,Теория партий и партийных систем. Хрестоматия,,,,Сост. Исаев Б.А.,2008,,"Издательство \Аспект Пресс\""""",,400,400,Russian,,,,978-5-7567-0507-2,,,,,,,,,,68688,0,,,,,,,1,1909793,pdf,d0fd12e4310571d12950d873ec520dfd,,,,0,2000-01-01 01:00:00,2017-04-19 19:07:37,https://e.lanbook.com/img/covers/book/27835/2008/68688.jpg,Социально-гуманитарные науки;Политология и обществознание,
30116926,Современная военная стратегия,,,,"Конышев В.Н., Сергунин А.А.",2014,,"Издательство \Аспект Пресс\""""",,272,272,Russian,,,,978-5-7567-0745-8,,,,,,,,,,68690,0,,,,,,,1,1035548,pdf,a4056835201c5e7a84ba9566206a92eb,,,,0,2000-01-01 01:00:00,2017-04-19 19:07:37,https://e.lanbook.com/img/covers/book/27835/2014/68690.jpg,Социально-гуманитарные науки;Политология и обществознание,
30116927,Становление национальной идентичности. Какая Россия нужна миру,,,,Кортунов С.В.,2009,,"Издательство \Аспект Пресс\""""",,376,376,Russian,,,,978-5-7567-0558-4,,,,,,,,,,68692,0,,,,,,,1,1564792,pdf,e6ea55837428da38fd4117178eff49eb,,,,0,2000-01-01 01:00:00,2017-04-19 19:07:37,https://e.lanbook.com/img/covers/book/27835/2009/68692.jpg,Социально-гуманитарные науки;Политология и обществознание,
30116928,Проблемы европейской политики в отношениях между Россией и Украиной,,,,Корэйба Я.,2014,,"Издательство \Аспект Пресс\""""",,222,224,Russian,,,,978-5-7567-0713-7,,,,,,,,,,68693,0,,,,,,,1,945329,pdf,161eb650af39cc7386713a69d32af103,,,,0,2000-01-01 01:00:00,2017-04-19 19:07:37,https://e.lanbook.com/img/covers/book/27835/2014/68693.jpg,Социально-гуманитарные науки;Политология и обществознание,
30116929,"Содружество Независимых Государств: Интеграция, парламентская дипломатия и конфликты",,,,"Косов Ю.В., Торопыгин А.В.",2012,,"Издательство \Аспект Пресс\""""",,296,296,Russian,,,,978-5-7567-0640-6,,,,,,,,,,68694,0,,,,,,,1,2359274,pdf,af3a6524d24730912e3b36fbfc0716d4,,,,0,2000-01-01 01:00:00,2017-04-19 19:07:37,https://e.lanbook.com/img/covers/book/27835/2012/68694.jpg,Социально-гуманитарные науки;Международные отношения и дипломатия,
30116930,Инновационные направления современных международных отношений,,,,"Бирюков А.В., Зиновьева Е.С., Крутских А.В.;Под ред. Крутских А.В. и Бирюкова А.В.",2009,,"Издательство \Аспект Пресс\""""",,295,296,Russian,,,,978-5-7567-0562-1,,,,,,,,,,68695,0,,,,,,,1,1044747,pdf,01cb7193f47c879c1cb2482d5b8f20e5,,,,0,2000-01-01 01:00:00,2017-04-19 19:07:37,https://e.lanbook.com/img/covers/book/27835/2009/68695.jpg,Социально-гуманитарные науки;Международные отношения и дипломатия,
30116931,Публичная дипломатия США,,,,"Кубышкин А.И., Цветкова Н.А.",2013,,"Издательство \Аспект Пресс\""""",,271,272,Russian,,,,978-5-7567-0691-8,,,,,,,,,,68696,0,,,,,,,1,2378541,pdf,ef629a3affd166f294681fa2aa4d2bda,,,,0,2000-01-01 01:00:00,2017-04-19 19:07:37,https://e.lanbook.com/img/covers/book/27835/2013/68696.jpg,Социально-гуманитарные науки;Международные отношения и дипломатия,
30116932,Международная безопасность,,,,Кулагин В.М.,2007,,"Издательство \Аспект Пресс\""""",,318,320,Russian,,,,978-5-7567-0411-2,,,,,,,,,,68697,0,,,,,,,1,1931222,pdf,b94d7fdbc5c70e5585906bbdb828b583,,,,0,2000-01-01 01:00:00,2017-04-19 19:07:37,https://e.lanbook.com/img/covers/book/27835/2007/68697.jpg,Социально-гуманитарные науки;Международные отношения и дипломатия,
30116933,Современные глобальные проблемы мировой политики,,,,Под ред. Лебедевой М.М.,2009,,"Издательство \Аспект Пресс\""""",,256,256,Russian,,,,978-5-7567-0539-3,,,,,,,,,,68698,0,,,,,,,1,1188870,pdf,58b136a2ae9704eead2b6746da7f5c78,,,,0,2000-01-01 01:00:00,2017-04-19 19:07:37,https://e.lanbook.com/img/covers/book/27835/2009/68698.jpg,Социально-гуманитарные науки;Политология и обществознание,
30116934,Негосударственные участники мировой политики,,,,"Под ред. Лебедевой М.М., Харкевича М.В.",2013,,"Издательство \Аспект Пресс\""""",,208,208,Russian,,,,978-5-7567-0697-0,,,,,,,,,,68699,0,,,,,,,1,2083969,pdf,6bb93a1d677cb7fa86409e23b1955f7d,,,,0,2000-01-01 01:00:00,2017-04-19 19:07:37,https://e.lanbook.com/img/covers/book/27835/2013/68699.jpg,Социально-гуманитарные науки;Политология и обществознание,
30116935,Мировая политика,,,,Лебедева М.М.,2007,2-е,"Издательство \Аспект Пресс\""""",,365,368,Russian,,,,978-5-7567-0428-0,,,,,,,,,,68700,0,,,,,,,1,3239571,pdf,2a73483fa15da945c77f65460c38d855,,,,0,2000-01-01 01:00:00,2017-04-19 19:07:37,https://e.lanbook.com/img/covers/book/27835/2007/68700.jpg,Социально-гуманитарные науки;Политология и обществознание,
30116936,Технология ведения переговоров,,,,Лебедева М.М.,2010,,"Издательство \Аспект Пресс\""""",,192,192,Russian,,,,978-5-7567-0571-3,,,,,,,,,,68701,0,,,,,,,1,950638,pdf,9e7b1b180b10fd7da6ab03f1fbc96ca6,,,,0,2000-01-01 01:00:00,2017-04-19 19:07:37,https://e.lanbook.com/img/covers/book/27835/2010/68701.jpg,Социально-гуманитарные науки;Политология и обществознание,
30116937,Введение в географию мирового хозяйства: Международное разделение труда,,,,Мироненко Н.С.,2006,,"Издательство \Аспект Пресс\""""",,239,240,Russian,,,,5-7567-0423-Х,,,,,,,,,,68702,0,,,,,,,1,3970831,pdf,36d871005150fd760c550fcd6d07b71a,,,,0,2000-01-01 01:00:00,2017-04-19 19:07:37,https://e.lanbook.com/img/covers/book/27835/2006/68702.jpg,Социально-гуманитарные науки;Международные отношения и дипломатия,
30116938,Общественно-географические проблемы освоения пространства и ресурсов Мирового океана. Сборник статей,,,,Под ред. Мироненко Н.С.,2008,,"Издательство \Аспект Пресс\""""",,192,192,Russian,,,,978-5-7567-0535-5,,,,,,,,,,68703,0,,,,,,,1,2504383,pdf,b79ea65c7eaebf468a52a04ad1638ac9,,,,0,2000-01-01 01:00:00,2017-04-19 19:07:37,https://e.lanbook.com/img/covers/book/27835/2008/68703.jpg,Социально-гуманитарные науки;Политология и обществознание,
30116939,"Телевидение, власть и общество",,,,Мицкевич Эллен,2013,,"Издательство \Аспект Пресс\""""",,238,237,Russian,,,,978-5-7567-0685-7,,,,,,,,,,68704,0,,,,,,,1,2370575,pdf,4effd4ecb2503e790da2f6586d5fba9c,,,,0,2000-01-01 01:00:00,2017-04-19 19:07:37,https://e.lanbook.com/img/covers/book/27835/2013/68704.jpg,Социально-гуманитарные науки;Политология и обществознание,
30116940,Проблемы водопользования в истории международных отношений,,,,Под ред. Наринского М.М.,2013,,"Издательство \Аспект Пресс\""""",,152,152,Russian,,,,978-5-7567-0714-4,,,,,,,,,,68705,0,,,,,,,1,1939405,pdf,47adb5f94eaa60b1ba39276ee8d8fcb0,,,,0,2000-01-01 01:00:00,2017-04-19 19:07:37,https://e.lanbook.com/img/covers/book/27835/2013/68705.jpg,Социально-гуманитарные науки;История,
30116941,Международные отношения и мировая политика: Введение в специальность,,,,Никитина Ю.А.,2014,3-е,"Издательство \Аспект Пресс\""""",,156,160,Russian,,,,978-5-7567-0757-1,,,,,,,,,,68707,0,,,,,,,1,1649420,pdf,a2980d0583aed1cc26ae47a70aa1327c,,,,0,2000-01-01 01:00:00,2017-04-19 19:07:37,https://e.lanbook.com/img/covers/book/27835/2014/68707.jpg,Социально-гуманитарные науки;Политология и обществознание,
30116942,Законодательная деятельность. Политико-правовой анализ,,,,"Нисневич Ю.А., Платонов В.М., Слизовский Д.Е.",2007,,"Издательство \Аспект Пресс\""""",,285,288,Russian,,,,978-5-7567-0458-7,,,,,,,,,,68708,0,,,,,,,1,974159,pdf,89a7a997a3249c2e994486b0644de897,,,,0,2000-01-01 01:00:00,2017-04-19 19:07:37,https://e.lanbook.com/img/covers/book/27835/2007/68708.jpg,Социально-гуманитарные науки;Политология и обществознание,
30116943,Вертикаль никуда. Очерки политической истории России. 1991 - 2008 гг.,,,,Нисневич Ю.А.,2010,,"Издательство \Аспект Пресс\""""",,160,160,Russian,,,,978-5-7567-0583-6,,,,,,,,,,68709,0,,,,,,,1,654360,pdf,b87c8e34d4fd7137ddd334715ddc9faa,,,,0,2000-01-01 01:00:00,2017-04-19 19:07:37,https://e.lanbook.com/img/covers/book/27835/2010/68709.jpg,Социально-гуманитарные науки;Политология и обществознание,
30116944,Государственная власть современной России,,,,Нисневич Ю.А.,2008,,"Издательство \Аспект Пресс\""""",,494,495,Russian,,,,978-5-7567-0517-1,,,,,,,,,,68710,0,,,,,,,1,1597005,pdf,980c0b9e2ae79d9e4dc8052ccdee932e,,,,0,2000-01-01 01:00:00,2017-04-19 19:07:37,https://e.lanbook.com/img/covers/book/27835/2008/68710.jpg,Социально-гуманитарные науки;Политология и обществознание,
30116945,Введение в экономический анализ политических процессов,,,,Олейнов А.Г.,2015,2-е,"Издательство \Аспект Пресс\""""",,240,240,Russian,,,,978-5-7567-0779-3,,,,,,,,,,68712,0,,,,,,,1,1781193,pdf,92966e45a9d70691000828650c464542,,,,0,2000-01-01 01:00:00,2017-04-19 19:07:37,https://e.lanbook.com/img/covers/book/27835/2015/68712.jpg,Социально-гуманитарные науки;Политология и обществознание,
30116946,Политическая культура России ХХ века,,,,Орлов И.Б.,2008,,"Издательство \Аспект Пресс\""""",,223,224,Russian,,,,978-5-7567-0498-3,,,,,,,,,,68713,0,,,,,,,1,1203022,pdf,4c44f42b978a04b36bd2fdbd5ea6c3d1,,,,0,2000-01-01 01:00:00,2017-04-19 19:07:37,https://e.lanbook.com/img/covers/book/27835/2008/68713.jpg,Социально-гуманитарные науки;Политология и обществознание,
30116947,Основы природопользования,,,,"Рудский В.В., Стурман В.И.",2007,,"Издательство \Аспект Пресс\""""",,271,272,Russian,,,,978-5-7567-0444-0,,,,,,,,,,68721,0,,,,,,,1,15758216,pdf,b2690bacf08d5ae7ae13ea9dee7306bc,,,,0,2000-01-01 01:00:00,2017-04-19 19:07:37,https://e.lanbook.com/img/covers/book/27835/2007/68721.jpg,Социально-гуманитарные науки;Политология и обществознание,
30116948,Панисламизм: Истоки и современность. Джамалуддин Афгани и его религиозно-политические последователи ХХ — начала ХХI века,,,,Сикоев Р.Р.,2010,,"Издательство \Аспект Пресс\""""",,287,288,Russian,,,,978-5-7567-0599-7,,,,,,,,,,68723,0,,,,,,,1,1154240,pdf,5e96991b360fdf32db83edac1e8029ee,,,,0,2000-01-01 01:00:00,2017-04-19 19:07:37,https://e.lanbook.com/img/covers/book/27835/2010/68723.jpg,Социально-гуманитарные науки;Политология и обществознание,
30116949,Лекции по истории и этнологии Литвы,,,,Симонян Р.Х.,2013,,"Издательство \Аспект Пресс\""""",,256,256,Russian,,,,978-5-7567-0742-7,,,,,,,,,,68724,0,,,,,,,1,1006903,pdf,6a579f987bfeb4ecb01cb31bbd777f5d,,,,0,2000-01-01 01:00:00,2017-04-19 19:07:37,https://e.lanbook.com/img/covers/book/27835/2013/68724.jpg,Социально-гуманитарные науки;История,
30116950,Идеология и политика,,,,Сирота Н.М.,2011,,"Издательство \Аспект Пресс\""""",,216,216,Russian,,,,978-5-7567-0609-3,,,,,,,,,,68725,0,,,,,,,1,809336,pdf,61cbf4d182107104975771cb44a90f71,,,,0,2000-01-01 01:00:00,2017-04-19 19:07:37,https://e.lanbook.com/img/covers/book/27835/2011/68725.jpg,Социально-гуманитарные науки;Политология и обществознание,
30116951,Экологические проблемы стран Азии и Африки,,,,Под ред. Стрельцова Д.В.и Алиева Р.А.,2012,,"Издательство \Аспект Пресс\""""",,271,272,Russian,,,,978-5-7567-0641-3,,,,,,,,,,68733,0,,,,,,,1,2375744,pdf,444234491790501f1d8a00822cd1d578,,,,0,2000-01-01 01:00:00,2017-04-19 19:07:37,,Социально-гуманитарные науки;Политология и обществознание,
30116952,Лидерство и самоорганизация в мировой системе,,,,Темников Д.М.,2011,,"Издательство \Аспект Пресс\""""",,173,176,Russian,,,,978-5-7567-0604-8,,,,,,,,,,68736,0,,,,,,,1,743150,pdf,9241cc53b721e0cd714d3acf003ab389,,,,0,2000-01-01 01:00:00,2017-04-19 19:07:37,https://e.lanbook.com/img/covers/book/27835/2011/68736.jpg,Социально-гуманитарные науки;Политология и обществознание,
30116953,Европейская дипломатия и международные процессы эпохи наполеоновских войн,,,,"Под ред. Торкунова А.В., Наринского М.М.",2012,,"Издательство \Аспект Пресс\""""",,256,256,Russian,,,,978-5-7567-0688-8,,,,,,,,,,68738,0,,,,,,,1,2421079,pdf,ba551359af39b613c895ec0f022081c4,,,,0,2000-01-01 01:00:00,2017-04-19 19:07:37,https://e.lanbook.com/img/covers/book/27835/2012/68738.jpg,Социально-гуманитарные науки;Международные отношения и дипломатия,
30116954,Эмоции в политическом поведении,,,,Урнов М.Ю.,2008,,"Издательство \Аспект Пресс\""""",,240,240,Russian,,,,978-5-7567-0516-4,,,,,,,,,,68744,0,,,,,,,1,6022688,pdf,afc0de3419609ca1ac4f15dbbb48029b,,,,0,2000-01-01 01:00:00,2017-04-19 19:07:37,https://e.lanbook.com/img/covers/book/27835/2008/68744.jpg,Социально-гуманитарные науки;Политология и обществознание,
30116955,Анализ международных ситуаций и политическая экспертиза,,,,Хрусталев М.А.,2015,,"Издательство \Аспект Пресс\""""",,208,208,Russian,,,,978-5-7567-0736-6,,,,,,,,,,68746,0,,,,,,,1,1655559,pdf,3fe693e3607cd55f907ccb98b054424b,,,,0,2000-01-01 01:00:00,2017-04-19 19:07:37,https://e.lanbook.com/img/covers/book/27835/2015/68746.jpg,Социально-гуманитарные науки;Международные отношения и дипломатия,
30116956,Региональные элиты России,,,,Чирикова А.Е.,2009,,"Издательство \Аспект Пресс\""""",,271,272,Russian,,,,978-5-7567-0563-8,,,,,,,,,,68747,0,,,,,,,1,1025541,pdf,3a1eb88069ae7a081d5a0e78c30fc085,,,,0,2000-01-01 01:00:00,2017-04-19 19:07:37,,Социально-гуманитарные науки;Политология и обществознание,
30116957,Введение в прикладной анализ международных ситуаций,,,,Под ред. Шаклеиной Т.А.,2014,,"Издательство \Аспект Пресс\""""",,256,256,Russian,,,,978-5-7567-0736-6,,,,,,,,,,68748,0,,,,,,,1,3132255,pdf,664a4ddd6ea109a3ca5c2e864045e15f,,,,0,2000-01-01 01:00:00,2017-04-19 19:07:37,https://e.lanbook.com/img/covers/book/27835/2014/68748.jpg,Социально-гуманитарные науки;Международные отношения и дипломатия,
30116958,Россия и США в мировой политике,,,,Шаклеина Т.А.,2012,,"Издательство \Аспект Пресс\""""",,272,272,Russian,,,,978-5-7567-0643-7,,,,,,,,,,68750,0,,,,,,,1,2634290,pdf,02e41dc228ddc4d8e745a29aefb8e8db,,,,0,2000-01-01 01:00:00,2017-04-19 19:07:37,https://e.lanbook.com/img/covers/book/27835/2012/68750.jpg,Социально-гуманитарные науки;Политология и обществознание,
30116959,Международная и национальная практика противодействия коррупции и отмыванию незаконных доходов: Практика корпоративного управления,,,,Шашкова А.В.,2014,,"Издательство \Аспект Пресс\""""",,272,272,Russian,,,,978-5-7567-0755-7,,,,,,,,,,68751,0,,,,,,,1,1173549,pdf,d854bf16ce109efdfc690cf794e5170b,,,,0,2000-01-01 01:00:00,2017-04-19 19:07:37,,Социально-гуманитарные науки;Международные отношения и дипломатия,
30116960,Внешнеполитические ресурсы. Россия и ЕС на пространстве «общего соседства»,,,,Шишкина О.В.,2014,,"Издательство \Аспект Пресс\""""",,158,160,Russian,,,,978-5-7567-0657-4,,,,,,,,,,68752,0,,,,,,,1,924335,pdf,8b6683e5370bf9f88c4f1895fe48ffc4,,,,0,2000-01-01 01:00:00,2017-04-19 19:07:37,https://e.lanbook.com/img/covers/book/27835/2014/68752.jpg,Социально-гуманитарные науки;Политология и обществознание,
30116961,Основы нейрофармакологии,,,,Белова Е.И.,2010,,"Издательство \Аспект Пресс\""""",,176,176,Russian,,,,978-5-7567-0403-7,,,,,,,,,,68758,0,,,,,,,1,799312,pdf,34543c4b24b4d5adb31dcd22771d7717,,,,0,2000-01-01 01:00:00,2017-04-19 19:07:37,https://e.lanbook.com/img/covers/book/27835/2010/68758.jpg,Психология. Педагогика;Психология,
30116962,Социальная психология здоровья и болезни,,,,Бовина И.Б.,2008,2-е,"Издательство \Аспект Пресс\""""",,263,264,Russian,,,,978-5-7567-0540-9,,,,,,,,,,68759,0,,,,,,,1,1452329,pdf,928779632091646ce39c156b041cf135,,,,0,2000-01-01 01:00:00,2017-04-19 19:07:37,https://e.lanbook.com/img/covers/book/27835/2008/68759.jpg,Психология. Педагогика;Социальная психология,
30116963,Социальная психология массовой коммуникации,,,,Богомолова Н.Н.,2010,,"Издательство \Аспект Пресс\""""",,191,192,Russian,,,,978-5-7567-0513-3,,,,,,,,,,68760,0,,,,,,,1,687834,pdf,f0fe48582e83bdc56bf91840a552ef17,,,,0,2000-01-01 01:00:00,2017-04-19 19:07:37,https://e.lanbook.com/img/covers/book/27835/2010/68760.jpg,Психология. Педагогика;Социальная психология,
30116964,Психология организации времени,,,,Болотова А.К.,2006,,"Издательство \Аспект Пресс\""""",,254,255,Russian,,,,5-7567-0420-5,,,,,,,,,,68761,0,,,,,,,1,1246886,pdf,a59ed7c7867b528cd96806f4e39ef2c8,,,,0,2000-01-01 01:00:00,2017-04-19 19:07:37,https://e.lanbook.com/img/covers/book/27835/2006/68761.jpg,Психология. Педагогика;Психология,
30116965,Анатомия центральной нервной системы,,,,"Воронова Н.В., Климова Н.М., Менджерицкий А.М.",2008,,"Издательство \Аспект Пресс\""""",,128,128,Russian,,,,978-5-7567-0388-7,,,,,,,,,,68762,0,,,,,,,1,10276625,pdf,db838aa8de4dfe2d27fa79a774c77f94,,,,0,2000-01-01 01:00:00,2017-04-19 19:07:37,https://e.lanbook.com/img/covers/book/27835/2008/68762.jpg,Психология. Педагогика;Психология,
30116966,"Социальная психология справедливости: Бизнес, политика, юриспруденция",,,,Гулевич О.А.,2007,,"Издательство \Аспект Пресс\""""",,254,255,Russian,,,,978-5-7567-0501-0,,,,,,,,,,68763,0,,,,,,,1,1449259,pdf,62d69ecba0147ff484e81445901690d3,,,,0,2000-01-01 01:00:00,2017-04-19 19:07:37,https://e.lanbook.com/img/covers/book/27835/2007/68763.jpg,Психология. Педагогика;Социальная психология,
30116967,Индивидуальная психотерапия: Практикум,,,,Гулевский В.Я.,2008,,"Издательство \Аспект Пресс\""""",,189,190,Russian,,,,978-5-7567-0470-9,,,,,,,,,,68764,0,,,,,,,1,867345,pdf,6e92e06e64eda48fce2478249b9034da,,,,0,2000-01-01 01:00:00,2017-04-19 19:07:37,https://e.lanbook.com/img/covers/book/27835/2008/68764.jpg,Психология. Педагогика;Психология,
30116968,Основные методы сбора данных в психологии,,,,Под ред. Капустина С.А.,2012,,"Издательство \Аспект Пресс\""""",,158,160,Russian,,,,978-5-7567-0653-6,,,,,,,,,,68768,0,,,,,,,1,2899161,pdf,28ce2420ddb43143cdd6561ebc8b1e71,,,,0,2000-01-01 01:00:00,2017-04-19 19:07:37,https://e.lanbook.com/img/covers/book/27835/2012/68768.jpg,Психология. Педагогика;Психология,
30116969,Опекунская семья,,,,Козлова Т.З.,2009,,"Издательство \Аспект Пресс\""""",,200,200,Russian,,,,978-5-7567-0543-0,,,,,,,,,,68770,0,,,,,,,1,2619538,pdf,bf1549626b372856a0256ecfd654fa70,,,,0,2000-01-01 01:00:00,2017-04-19 19:07:37,https://e.lanbook.com/img/covers/book/27835/2009/68770.jpg,Психология. Педагогика;Социальная психология,
30116970,Психологическое консультирование: Теория и практика,,,,Линде Н.Д.,2013,2-е,"Издательство \Аспект Пресс\""""",,272,272,Russian,,,,978-5-7567-0696-3,,,,,,,,,,68772,0,,,,,,,1,2934645,pdf,d468c8756e693998051a0262398fd862,,,,0,2000-01-01 01:00:00,2017-04-19 19:07:37,https://e.lanbook.com/img/covers/book/27835/2013/68772.jpg,Психология. Педагогика;Психология,
30116971,"Фокус-группы: Методы, методология, модерирование",,,,Мельникова О.Т.,2007,,"Издательство \Аспект Пресс\""""",,320,320,Russian,,,,978-5-7567-0449-5,,,,,,,,,,68773,0,,,,,,,1,2477050,pdf,b152f48dfc4716017324183db973d4cb,,,,0,2000-01-01 01:00:00,2017-04-19 19:07:37,https://e.lanbook.com/img/covers/book/27835/2007/68773.jpg,Психология. Педагогика;Психология,
30116972,Математические методы в психологии: Практикум,,,,Митина О.В.,2009,,"Издательство \Аспект Пресс\""""",,238,238,Russian,,,,978-5-7567-0485-3,,,,,,,,,,68774,0,,,,,,,1,3640451,pdf,f3cdd876b3b57ba77da5394f40fd4a27,,,,0,2000-01-01 01:00:00,2017-04-19 19:07:37,https://e.lanbook.com/img/covers/book/27835/2009/68774.jpg,Психология. Педагогика;Психология,
30116973,Психогенетика,,,,"Равич-Щербо И.В., Марютина Т.М., Григоренко Е.Л.;Под ред. Равич-Щербо И.В., Полетаевой И.И.",2008,2-е,"Издательство \Аспект Пресс\""""",,448,448,Russian,,,,978-5-7567-0417-4,,,,,,,,,,68775,0,,,,,,,1,4405152,pdf,b263ebf236495845e58052f473ba1697,,,,0,2000-01-01 01:00:00,2017-04-19 19:07:37,https://e.lanbook.com/img/covers/book/27835/2008/68775.jpg,Психология. Педагогика;Психология,
30116974,Этнопсихология. Практикум,,,,Стефаненко Т.Г.,2013,2-е,"Издательство \Аспект Пресс\""""",,224,224,Russian,,,,978-5-7567-0676-5,,,,,,,,,,68780,0,,,,,,,1,2430696,pdf,462ef11bed18a57bef591648227eae7b,,,,0,2000-01-01 01:00:00,2017-04-19 19:07:37,https://e.lanbook.com/img/covers/book/27835/2013/68780.jpg,Психология. Педагогика;Психология,
30116975,Психологическое измерение,,,,Тюменева Ю.А.,2007,,"Издательство \Аспект Пресс\""""",,192,192,Russian,,,,978-5-7567-0441-9,,,,,,,,,,68782,0,,,,,,,1,1914160,pdf,03675ad42c8c8fb1fe7084bb69b2ad8a,,,,0,2000-01-01 01:00:00,2017-04-19 19:07:37,https://e.lanbook.com/img/covers/book/27835/2007/68782.jpg,Психология. Педагогика;Психология,
30116976,Психология памяти,,,,Черемошкина Л.В.,2009,2-е,"Издательство \Аспект Пресс\""""",,319,320,Russian,,,,978-5-7567-0550-8,,,,,,,,,,68784,0,,,,,,,1,1641053,pdf,fc050a2443fc2006821269c35c23f5fa,,,,0,2000-01-01 01:00:00,2017-04-19 19:07:37,,Психология. Педагогика;Психология,
30116977,Пишем сочинение грамотно. Диктанты и контрольные,,,,"Вигилянская Е., Гаврилов Ю.",2008,,"Издательство \Аспект Пресс\""""",,159,160,Russian,,,,978-5-7567-0488-4,,,,,,,,,,68790,0,,,,,,,1,622759,pdf,b629c7f9f4860a1c212b38ace8105094,,,,0,2000-01-01 01:00:00,2017-04-19 19:07:37,https://e.lanbook.com/img/covers/book/27835/2008/68790.jpg,Языкознание и литературоведение;Речь. Язык. Общение,
30116978,Постигая Гоголя,,,,Манн Ю.В.,2005,,"Издательство \Аспект Пресс\""""",,206,208,Russian,,,,5-7567-0385-3,,,,,,,,,,68793,0,,,,,,,1,2887419,pdf,e871af40859b2e3ffdd5335bbb707ed5,,,,0,2000-01-01 01:00:00,2017-04-19 19:07:37,https://e.lanbook.com/img/covers/book/27835/2005/68793.jpg,Языкознание и литературоведение;Русская литература и литературоведение,
30116979,Гоголь. Завершение пути: 1845 — 1852,,,,Манн Ю.В.,2009,,"Издательство \Аспект Пресс\""""",,304,304,Russian,,,,978-5-7567-0541-6,,,,,,,,,,68794,0,,,,,,,1,1312945,pdf,3b0176d9c58a44d94d4a799bb2db5d3b,,,,0,2000-01-01 01:00:00,2017-04-19 19:07:37,https://e.lanbook.com/img/covers/book/27835/2009/68794.jpg,Языкознание и литературоведение;Русская литература и литературоведение,
30116980,Русская литературная критика XVIII–XIX веков: Курс лекций,,,,"Недзвецкий В.А., Зыкова Г.В.",2008,,"Издательство \Аспект Пресс\""""",,302,304,Russian,,,,978-5-7567-0508-9,,,,,,,,,,68795,0,,,,,,,1,2450273,pdf,2de1bdff118db34cd6f0415d31c42cba,,,,0,2000-01-01 01:00:00,2017-04-19 19:07:37,https://e.lanbook.com/img/covers/book/27835/2008/68795.jpg,Языкознание и литературоведение;Русская литература и литературоведение,
30116981,Искусство речи,,,,Петрова А.Н.,2013,,"Издательство \Аспект Пресс\""""",,125,128,Russian,,,,978-5-7567-0514-0,,,,,,,,,,68796,0,,,,,,,1,6025114,pdf,53920d5413daed67f6c404fb43ba67ee,,,,0,2000-01-01 01:00:00,2017-04-19 19:07:37,https://e.lanbook.com/img/covers/book/27835/2013/68796.jpg,Языкознание и литературоведение;Речь. Язык. Общение,
30116982,Практикум по современному русскому языку. Морфология,,,,"Рахманова Л.И., Суздальцева В.Н., Кононова В.И., Бахирев Ю.Г.;Гусельникова Н.В.",2012,,"Издательство \Аспект Пресс\""""",,103,103,Russian,,,,978-5-7567-0592-8,,,,,,,,,,68797,0,,,,,,,1,611395,pdf,91debb82970c5e22481f3f80c694d40d,,,,0,2000-01-01 01:00:00,2017-04-19 19:07:37,https://e.lanbook.com/img/covers/book/27835/2012/68797.jpg,Языкознание и литературоведение;Современный русский язык,
30116983,Введение в языковедение,,,,Реформатский А.А.;Под ред. Виноградова В.А.,2014,5-е,"Издательство \Аспект Пресс\""""",,536,536,Russian,,,,978-5-7567-0377-1,,,,,,,,,,68799,0,,,,,,,1,11868121,pdf,8e7e03ab9b8a246b94f6cd961ded605d,,,,0,2000-01-01 01:00:00,2017-04-19 19:07:37,https://e.lanbook.com/img/covers/book/27835/2014/68799.jpg,Языкознание и литературоведение;Речь. Язык. Общение,
30116984,Практикум по современному русскому языку. Лексика. Фразеология,,,,Суздальцева В.Н.,2011,2-е,"Издательство \Аспект Пресс\""""",,135,136,Russian,,,,978-5-7567-0586-7,,,,,,,,,,68800,0,,,,,,,1,552619,pdf,aa7d57bd599a9e17bc5b4552d980f06b,,,,0,2000-01-01 01:00:00,2017-04-19 19:07:37,https://e.lanbook.com/img/covers/book/27835/2011/68800.jpg,Языкознание и литературоведение;Современный русский язык,
30116985,СМИ в меняющейся России: Коллективная монография,,,,"Аникина М.Е., Блинова М.В., Вартанова Е.Л., Воинова Е.А.;Иваницкий В.Л., Платонова Д.В., Разин П.В., Реснянская Л.Л., Смирнов С.С., Спаркс К., Стечкин И.В., Фомичева И.Д., Хвостунова О.И. Под ред. проф. Е.Л. Вартановой; науч. ред. И.Д. Фомичева",2010,,"Издательство \Аспект Пресс\""""",,336,336,Russian,,,,978–5–7567–0565–2,,,,,,,,,,68802,0,,,,,,,1,1202412,pdf,1cd8a6535a53a355847b07548e67270c,,,,0,2000-01-01 01:00:00,2017-04-19 19:07:37,https://e.lanbook.com/img/covers/book/27835/2010/68802.jpg,Журналистика и медиа-бизнес,
30116986,Современные медиа: Приемы информационных войн: Учеб. пособие для студентов вузов,,,,Вирен Г.,2013,,"Издательство \Аспект Пресс\""""",,126,128,Russian,,,,978–5–7567–0701-4,,,,,,,,,,68804,0,,,,,,,1,1193932,pdf,2f74ab5bb7bf75f87ad619805312f2a7,,,,0,2000-01-01 01:00:00,2017-04-19 19:07:37,https://e.lanbook.com/img/covers/book/27835/2013/68804.jpg,Журналистика и медиа-бизнес,
30116987,Мастерство эфирного выступления,,,,"Гаймакова Б.Д., Макарова С.К., Новикова В.И., Оссовская М.П.",2004,,"Издательство \Аспект Пресс\""""",,283,284,Russian,,,,5-7567-0338-1,,,,,,,,,,68806,0,,,,,,,1,2211005,pdf,b15e4e04552d639e862dc0e56b873a60,,,,0,2000-01-01 01:00:00,2017-04-19 19:07:37,https://e.lanbook.com/img/covers/book/27835/2004/68806.jpg,Журналистика и медиа-бизнес,
30116988,Техника и технология СМИ: Художественное конструирование газеты и журнала: Учеб. пособие,,,,Галкин С.И.,2008,,"Издательство \Аспект Пресс\""""",,215,216,Russian,,,,978–5–7567–0382–5,,,,,,,,,,68807,0,,,,,,,1,168597012,pdf,9e9d5a59a03c5785d5e4465473c7315b,,,,0,2000-01-01 01:00:00,2017-04-19 19:07:37,https://e.lanbook.com/img/covers/book/27835/2008/68807.jpg,Журналистика и медиа-бизнес,
30116989,История отечественного и зарубежного телевидения: Учеб. пособие,,,,Голядкин Н.А.,2014,"3-е изд., испр.","Издательство \Аспект Пресс\""""",,191,191,Russian,,,,978–5–7567–0730–4,,,,,,,,,,68808,0,,,,,,,1,726893,pdf,a28150d1154f9e97d77d8a00a388fd9c,,,,0,2000-01-01 01:00:00,2017-04-19 19:07:37,https://e.lanbook.com/img/covers/book/27835/2014/68808.jpg,Журналистика и медиа-бизнес,
30116990,Экономика отечественных СМИ: Учеб. пособие для студентов вузов,,,,Гуревич С. М.,2009,"4-е изд., перераб. и доп.","Издательство \Аспект Пресс\""""",,296,296,Russian,,,,978–5–7567–0545–4,,,,,,,,,,68809,0,,,,,,,1,1086622,pdf,2331fa9922ce51aca8c5134acf9f060b,,,,0,2000-01-01 01:00:00,2017-04-19 19:07:37,https://e.lanbook.com/img/covers/book/27835/2009/68809.jpg,Журналистика и медиа-бизнес,
30116991,Живой репортаж: Профессиональные советы тележурналисту,,,,Ермилов А.,2010,,"Издательство \Аспект Пресс\""""",,112,112,Russian,,,,978–5–7567–0572–0,,,,,,,,,,68811,0,,,,,,,1,1646991,pdf,22c8351344928533b8653d8a7e60f9a1,,,,0,2000-01-01 01:00:00,2017-04-19 19:07:37,https://e.lanbook.com/img/covers/book/27835/2010/68811.jpg,Журналистика и медиа-бизнес,
30116992,История печати: Антология: Т. III,,,,"Cост., предисл. и коммент. Я.Н. Засурского, О.А. Бакулина",2008,,"Издательство \Аспект Пресс\""""",,271,272,Russian,,,,978–5–7567–0480–8,,,,,,,,,,68813,0,,,,,,,1,1020772,pdf,ee8ee499e08f6e4c004554f09b5c70fc,,,,0,2000-01-01 01:00:00,2017-04-19 19:07:37,https://e.lanbook.com/img/covers/book/27835/2008/68813.jpg,Журналистика и медиа-бизнес,
30116993,Калейдоскоп-2: Заметки заинтересованного наблюдателя,,,,Золотаревский Л.,2014,,"Издательство \Аспект Пресс\""""",,215,215,Russian,,,,978–5–7567–0741–0,,,,,,,,,,68814,0,,,,,,,1,31062835,pdf,31fd238142d7415445b42b2086dd289b,,,,0,2000-01-01 01:00:00,2017-04-19 19:07:37,https://e.lanbook.com/img/covers/book/27835/2014/68814.jpg,Журналистика и медиа-бизнес,
30116994,Телевидение - любовь моя,,,,Золотаревский Л.А.,2010,,"Издательство \Аспект Пресс\""""",,200,200,Russian,,,,978–5–7567–0573–7,,,,,,,,,,68815,0,,,,,,,1,670461,pdf,adbbd1b36f59fcff05771d786d2f7bb4,,,,0,2000-01-01 01:00:00,2017-04-19 19:07:37,https://e.lanbook.com/img/covers/book/27835/2010/68815.jpg,Журналистика и медиа-бизнес,
30116995,Основы бизнес-моделирования СМИ: Учеб. пособие для студентов вузов,,,,Иваницкий В.Л.,2010,,"Издательство \Аспект Пресс\""""",,254,256,Russian,,,,978–5–7567–0576–8,,,,,,,,,,68816,0,,,,,,,1,2841106,pdf,b071bfbc0a0236043fc07c5c230f4789,,,,0,2000-01-01 01:00:00,2017-04-19 19:07:37,https://e.lanbook.com/img/covers/book/27835/2010/68816.jpg,Журналистика и медиа-бизнес,
30116996,Телевизионный редактор,,,,Кемарская И.Н.,2009,,"Издательство \Аспект Пресс\""""",,191,192,Russian,,,,978–5–7567-0356-6,,,,,,,,,,68817,0,,,,,,,1,812725,pdf,aedb34af52bdc060540354dd4909400b,,,,0,2000-01-01 01:00:00,2017-04-19 19:07:37,https://e.lanbook.com/img/covers/book/27835/2009/68817.jpg,Журналистика и медиа-бизнес,
30116997,Интервью: Методика обучения. Практические советы: Учеб. пособие для студентов вузов,,,,Кодола Н.В.,2011,"2-е изд., испр., перераб. и доп.","Издательство \Аспект Пресс\""""",,174,175,Russian,,,,978–5–7567–0605–5,,,,,,,,,,68818,0,,,,,,,1,705075,pdf,aa319bb59bfc41fc1a27cd95d1e58aaa,,,,0,2000-01-01 01:00:00,2017-04-19 19:07:37,https://e.lanbook.com/img/covers/book/27835/2011/68818.jpg,Журналистика и медиа-бизнес,
30116998,Кино как бизнес и политика: Современная киноиндустрия США и России: Учеб. пособие,,,,Кокарев Е.И.,2009,"2-е изд., перераб.","Издательство \Аспект Пресс\""""",,344,344,Russian,,,,978–5–7567–0521–8,,,,,,,,,,68819,0,,,,,,,1,1456230,pdf,b5ac06bff544b278569a217b96876a84,,,,0,2000-01-01 01:00:00,2017-04-19 19:07:37,https://e.lanbook.com/img/covers/book/27835/2009/68819.jpg,Журналистика и медиа-бизнес,
30116999,Практическая журналистика: 15 мастер-классов: Учеб. пособие для студентов вузов,,,,Колесниченко А.В.,2014,,"Издательство \Аспект Пресс\""""",,112,111,Russian,,,,978–5–7567–0740–3,,,,,,,,,,68821,0,,,,,,,1,1313168,pdf,9c4a476d844af0f20417201e13593818,,,,0,2000-01-01 01:00:00,2017-04-19 19:07:37,https://e.lanbook.com/img/covers/book/27835/2014/68821.jpg,Журналистика и медиа-бизнес,
30117000,Основы журналистики: Учебник для студентов вузов,,,,Корконосенко С.Г.,2009,"2-е изд., перераб. и доп.","Издательство \Аспект Пресс\""""",,318,320,Russian,,,,978–5–7567–0410–5,,,,,,,,,,68822,0,,,,,,,1,2369516,pdf,595d2a7b263f6444249d1e696a9c5567,,,,0,2000-01-01 01:00:00,2017-04-19 19:07:37,https://e.lanbook.com/img/covers/book/27835/2009/68822.jpg,Журналистика и медиа-бизнес,
30117001,Основы творческой деятельности журналиста: Учебник для студентов вузов,,,,Лазутина Г.В.,2010,"2-е изд., перераб. и доп.","Издательство \Аспект Пресс\""""",,240,240,Russian,,,,978–5–7567–0306–1,,,,,,,,,,68823,0,,,,,,,1,1244269,pdf,3d12d1729b1bfeaffdbe11d9e78397e6,,,,0,2000-01-01 01:00:00,2017-04-19 19:07:37,https://e.lanbook.com/img/covers/book/27835/2010/68823.jpg,Журналистика и медиа-бизнес,
30117002,Профессиональная этика журналиста: Учебник для студентов вузов,,,,Лазутина Г.В.,2013,"3-е изд., перераб. и доп.","Издательство \Аспект Пресс\""""",,224,223,Russian,,,,978–5–7567–0612–3,,,,,,,,,,68824,0,,,,,,,1,955980,pdf,c74ff498ca83150f9bf16150ab776169,,,,0,2000-01-01 01:00:00,2017-04-19 19:07:37,https://e.lanbook.com/img/covers/book/27835/2013/68824.jpg,Журналистика и медиа-бизнес,
30117003,Жанры радиожурналистики: Учебное пособие,,,,Лебедева Т.В.,2012,,"Издательство \Аспект Пресс\""""",,224,224,Russian,,,,978–5–7567–0655-0,,,,,,,,,,68826,0,,,,,,,1,1341995,pdf,fc82d23abf59602eb219e5f85aa16c2e,,,,0,2000-01-01 01:00:00,2017-04-19 19:07:37,https://e.lanbook.com/img/covers/book/27835/2012/68826.jpg,Журналистика и медиа-бизнес,
30117004,Технология интервью: Учеб. пособие для вузов,,,,Лукина М.,2012,"2-е изд., доп.","Издательство \Аспект Пресс\""""",,192,192,Russian,,,,978–5–7567–0371-9,,,,,,,,,,68828,0,,,,,,,1,2193394,pdf,c4d75cb8243f4c6b7e77a997eaf52ff5,,,,0,2000-01-01 01:00:00,2017-04-19 19:07:37,https://e.lanbook.com/img/covers/book/27835/2012/68828.jpg,Журналистика и медиа-бизнес,
30117005,Хочу к микрофону: Профессиональные советы диктору,,,,Ляшенко Б.;Под ред. Г. А. Шевелева,2007,,"Издательство \Аспект Пресс\""""",,125,126,Russian,,,,978–5–7567–0450–1,,,,,,,,,,68829,0,,,,,,,1,478583,pdf,da1ecc3d34cfe784188ff5926c67e134,,,,0,2000-01-01 01:00:00,2017-04-19 19:07:37,https://e.lanbook.com/img/covers/book/27835/2007/68829.jpg,Журналистика и медиа-бизнес,
30117006,Новости как профессия: Учеб. пособие для студентов вузов,,,,Магронт М.,2015,,"Издательство \Аспект Пресс\""""",,120,120,Russian,,,,978–5–7567–0773–1,,,,,,,,,,68830,0,,,,,,,1,8883234,pdf,3af4c98d0f28400b9f2bf5c6c96de759,,,,0,2000-01-01 01:00:00,2017-04-19 19:07:37,https://e.lanbook.com/img/covers/book/27835/2015/68830.jpg,Журналистика и медиа-бизнес,
30117007,Оператор. Пространство. Кадр,,,,Медынский С.Е.,2011,,"Издательство \Аспект Пресс\""""",,111,112,Russian,,,,978–5–7567–0613-0,,,,,,,,,,68831,0,,,,,,,1,3363325,pdf,e169d55c20de299e2c16738448b0482f,,,,0,2000-01-01 01:00:00,2017-04-19 19:07:37,https://e.lanbook.com/img/covers/book/27835/2011/68831.jpg,Журналистика и медиа-бизнес,
30117008,"Телевизионное общение в кадре и за кадром: Учеб. пособие для студентов вузов, обучающихся по направлению и специальности \Журналистика\""""",,,,Муратов С.А.,2007,,"Издательство \Аспект Пресс\""""",,202,203,Russian,,,,978-5-7567-0300-9,,,,,,,,,,68833,0,,,,,,,1,1040840,pdf,0b4aef4ad16bd0b8b22274f086422581,,,,0,2000-01-01 01:00:00,2017-04-19 19:07:37,https://e.lanbook.com/img/covers/book/27835/2007/68833.jpg,Журналистика и медиа-бизнес,
30117009,Правовые и этические нормы в журналистике,,,,Составитель Е.П. Прохоров,2012,"3-е изд., перераб. и доп.","Издательство \Аспект Пресс\""""",,255,256,Russian,,,,978–5–7567–0648–2,,,,,,,,,,68834,0,,,,,,,1,2381232,pdf,ec03353643505377a57d250235190f68,,,,0,2000-01-01 01:00:00,2017-04-19 19:07:37,https://e.lanbook.com/img/covers/book/27835/2012/68834.jpg,Журналистика и медиа-бизнес,
30117010,СМИ и политика: Учеб. пособие для студентов вузов,,,,"Реснянская Л.Л., Воинова Е.А., Хвостунова О.И.;Под ред. Л.Л. Реснянской",2007,,"Издательство \Аспект Пресс\""""",,256,256,Russian,,,,978–5–7567–0455–6,,,,,,,,,,68839,0,,,,,,,1,1360607,pdf,29fb75de0bb2fb36d0467915c416cb88,,,,0,2000-01-01 01:00:00,2017-04-19 19:07:37,https://e.lanbook.com/img/covers/book/27835/2007/68839.jpg,Журналистика и медиа-бизнес,
30117011,История отечественного телевидения: Взгляд исследователей и практиков: Учебное пособие,,,,Вартанова Е.Л.;Под ред. Г.А. Шевелева,2012,,"Издательство \Аспект Пресс\""""",,160,160,Russian,,,,978–5–7567–0658–1,,,,,,,,,,68840,0,,,,,,,1,2739054,pdf,2e4046aaf24c4e278d5af905a5eeea5b,,,,0,2000-01-01 01:00:00,2017-04-19 19:07:37,https://e.lanbook.com/img/covers/book/27835/2012/68840.jpg,Журналистика и медиа-бизнес,
30117012,Телевидение и мы: Четыре беседы,,,,Саппак В.,2007,,"Издательство \Аспект Пресс\""""",,168,167,Russian,,,,978–5–7567–0477–8,,,,,,,,,,68841,0,,,,,,,1,5065377,pdf,39efb5dd0248cd66b13db98fd154e1b4,,,,0,2000-01-01 01:00:00,2017-04-19 19:07:37,https://e.lanbook.com/img/covers/book/27835/2007/68841.jpg,Журналистика и медиа-бизнес,
30117013,Введение в специальность: Профессия: журналист: Учеб. пособие для студентов вузов,,,,Свитич Л.Г.,2011,"3-е изд., испр. и доп.","Издательство \Аспект Пресс\""""",,255,256,Russian,,,,978–5–7567–0602–4,,,,,,,,,,68842,0,,,,,,,1,1110175,pdf,9ab922f93625b618366a71113675f62c,,,,0,2000-01-01 01:00:00,2017-04-19 19:07:37,https://e.lanbook.com/img/covers/book/27835/2011/68842.jpg,Журналистика и медиа-бизнес,
30117014,Интернет-издание от А до Я: Руководство для веб-редактора. Учеб. пособие для студентов вузов,,,,Сотникова О.П.,2014,,"Издательство \Аспект Пресс\""""",,160,159,Russian,,,,978–5–7567–0723–6,,,,,,,,,,68843,0,,,,,,,1,5529804,pdf,83408b60ad6b3b3707cdbd14dc29b201,,,,0,2000-01-01 01:00:00,2017-04-19 19:07:37,https://e.lanbook.com/img/covers/book/27835/2014/68843.jpg,Журналистика и медиа-бизнес,
30117015,Жанры периодической печати: Учебное пособие для вузов,,,,Тертычный А.А.,2014,"5-е изд., испр. и доп.","Издательство \Аспект Пресс\""""",,350,350,Russian,,,,978-5-7567-0729-8,,,,,,,,,,68844,0,,,,,,,1,2292941,pdf,b119d8a987d5ece0008c564238969495,,,,0,2000-01-01 01:00:00,2017-04-19 19:07:37,https://e.lanbook.com/img/covers/book/27835/2014/68844.jpg,Журналистика и медиа-бизнес,
30117016,История отечественного телевидения,,,,Рохлин А.М.,2008,,"Издательство \Аспект Пресс\""""",,127,128,Russian,,,,978–5–7567–0518–8,,,,,,,,,,68848,0,,,,,,,1,449964,pdf,8ac22bd57fd337a18a81032bf6b4e700,,,,0,2000-01-01 01:00:00,2017-04-19 19:07:37,https://e.lanbook.com/img/covers/book/27835/2008/68848.jpg,Журналистика и медиа-бизнес,
30117017,Ключи к эфиру: В 2 кн. Кн. 1. Радиожурналист и политика,,,,"Рувинский А.И., Семенов Ю.А., Тхагушев И.Н., Шариков А.В.;Под ред. Г.А. Шевелева",2007,,"Издательство \Аспект Пресс\""""",,205,207,Russian,,,,978–5–7567–0456–3,,,,,,,,,,68849,0,,,,,,,1,3672452,pdf,97b3f6f32b68986eeebcb579bb67a14a,,,,0,2000-01-01 01:00:00,2017-04-19 19:07:37,https://e.lanbook.com/img/covers/book/27835/2007/68849.jpg,Журналистика и медиа-бизнес,
30117018,"Ключи к эфиру: В 2 кн. Кн. 2. Основы мастерства: Опыт, практические советы",,,,"Азарх Л.Д., Борисова Е.Ю., Дубовцева Л.И., Ермилов А.Е.;С.И. Ермолаев, В.Е. Жаров, Т.В. Милоянин, Н.А. Саприн, В.Ф. Чуриков. Под ред. Г.А. Шевелева",2007,,"Издательство \Аспект Пресс\""""",,270,271,Russian,,,,978–5–7567–0495–2,,,,,,,,,,68850,0,,,,,,,1,11766874,pdf,a6e34812e71ca5a4e96c6db93b8f9e78,,,,0,2000-01-01 01:00:00,2017-04-19 19:07:37,https://e.lanbook.com/img/covers/book/27835/2007/68850.jpg,Журналистика и медиа-бизнес,
30117019,Методика телевизионной журналистики: Учебное пособие для студентов вузов,,,,"Шестеркина Л.П., Николаева Т.Д.",2012,,"Издательство \Аспект Пресс\""""",,224,224,Russian,,,,978–5–7567–0661–1,,,,,,,,,,68851,0,,,,,,,1,2786429,pdf,7d0e3b4f9d2c10ff4e9537b321f5c8bc,,,,0,2000-01-01 01:00:00,2017-04-19 19:07:37,https://e.lanbook.com/img/covers/book/27835/2012/68851.jpg,Журналистика и медиа-бизнес,
30117020,Типология периодической печати: Учеб. пособие для студентов вузов,,,,"Аникина М.Е., Баранов В.В., Воронова О.А.",2009,,"Издательство \Аспект Пресс\""""",,236,237,Russian,,,,978–5–7567–0432–7,,,,,,,,,,68853,0,,,,,,,1,1366060,pdf,1cca2cca5be0f89097db6faf37248003,,,,0,2000-01-01 01:00:00,2017-04-19 19:07:37,https://e.lanbook.com/img/covers/book/27835/2009/68853.jpg,Журналистика и медиа-бизнес,
30117021,"Связи с общественностью: Теория, практика, коммуникативные стратегии: Учеб. пособие для студентов вузов",,,,"Шомова С.А., Эркенова Ф.С., Караева В.А., Старых Н.В.;Т.Э. Гринберг, А.В. Сапкин, М.И. Пискунова, Е.Е. Пронина, Е.Г. Калиберда, М.А. Кузьменкова, М.Г. Шилина. Под ред. В.М. Горохова, Т.Э. Гринберг",2013,,"Издательство \Аспект Пресс\""""",,198,199,Russian,,,,978–5–7567–0598–0,,,,,,,,,,68854,0,,,,,,,1,755522,pdf,48ee362e7efae93e6b5d19040d5495e5,,,,0,2000-01-01 01:00:00,2017-04-19 19:07:37,https://e.lanbook.com/img/covers/book/27835/2013/68854.jpg,Журналистика и медиа-бизнес,
30117022,Технологии командообразования: Учеб. пособие для студентов вузов,,,,"Жуков Ю.М., Журавлев А.В., Павлова Е.Н.",2008,,"Издательство \Аспект Пресс\""""",,320,320,Russian,,,,978–5–7567–0510–2,,,,,,,,,,68855,0,,,,,,,1,2638699,pdf,df457cfde0a73ceb2fb2637bee88de22,,,,0,2000-01-01 01:00:00,2017-04-19 19:07:37,https://e.lanbook.com/img/covers/book/27835/2008/68855.jpg,Журналистика и медиа-бизнес,
30117023,Антикризисное управление: Учебное пособие для студентов вузов,,,,Зуб А.Т.,2005,,"Издательство \Аспект Пресс\""""",,319,320,Russian,,,,5–7567–0363-2,,,,,,,,,,68856,0,,,,,,,1,1232277,pdf,58261d2f21d4cdb9599d9ef4db00544b,,,,0,2000-01-01 01:00:00,2017-04-19 19:07:37,https://e.lanbook.com/img/covers/book/27835/2005/68856.jpg,Журналистика и медиа-бизнес,
30117024,Внутрикорпоративные связи с общественностью. Теория и практика: Учеб. пособие для студентов вузов,,,,Минаева Л.В.,2010,,"Издательство \Аспект Пресс\""""",,287,288,Russian,,,,978–5–7567–0585–0,,,,,,,,,,68859,0,,,,,,,1,1252671,pdf,5e47e1dea1cb5aee8b7e0f9f022e62b5,,,,0,2000-01-01 01:00:00,2017-04-19 19:07:37,https://e.lanbook.com/img/covers/book/27835/2010/68859.jpg,Журналистика и медиа-бизнес,
30117025,Социальная реклама: Теория и практика: Учеб. пособие для студентов вузов,,,,Николайшвили. Г.Г.,2008,,"Издательство \Аспект Пресс\""""",,191,184,Russian,,,,978–5–7567–0489–1,,,,,,,,,,68860,0,,,,,,,1,11001304,pdf,34d0dab968917282ca7d7c88ae039606,,,,0,2000-01-01 01:00:00,2017-04-19 19:07:37,https://e.lanbook.com/img/covers/book/27835/2008/68860.jpg,Журналистика и медиа-бизнес,
30117026,Документирование управленческой деятельности: Практикум: Учеб. пособие для студентов вузов,,,,Филинова И.М.,2009,,"Издательство \Аспект Пресс\""""",,127,128,Russian,,,,978–5–7567–0546–1,,,,,,,,,,68863,0,,,,,,,1,1488817,pdf,14db4902ae71351f407dd893526cf220,,,,0,2000-01-01 01:00:00,2017-04-19 19:07:37,https://e.lanbook.com/img/covers/book/27835/2009/68863.jpg,Журналистика и медиа-бизнес,
30117027,Коммуникационные кампании: Учебное пособие для студентов вузов,,,,Чумиков А.Н.,2014,,"Издательство \Аспект Пресс\""""",,160,160,Russian,,,,978-5-7567-0749-6,,,,,,,,,,68864,0,,,,,,,1,21750633,pdf,05a4b6646a724eb4539f04943539a3dc,,,,0,2000-01-01 01:00:00,2017-04-19 19:07:37,,Журналистика и медиа-бизнес,
30117028,Переговоры - фасилитация - медиация: Учебное пособие для студентов вузов,,,,Чумиков А.Н.,2014,,"Издательство \Аспект Пресс\""""",,160,159,Russian,,,,978-5-7567-0738-0,,,,,,,,,,68865,0,,,,,,,1,5907053,pdf,4f6894696743fc86c6270f411873617a,,,,0,2000-01-01 01:00:00,2017-04-19 19:07:37,https://e.lanbook.com/img/covers/book/27835/2014/68865.jpg,Журналистика и медиа-бизнес,
30117029,"Реклама и связи с общественностью: Имидж, репутация, бренд: Учеб. пособие для студентов вузов",,,,Чумиков А.Н.,2014,"2-е изд., испр. и доп.","Издательство \Аспект Пресс\""""",,159,160,Russian,,,,978–5–7567–0717–5,,,,,,,,,,68866,0,,,,,,,1,6108330,pdf,281bc43a0e364acbe5846eeea5fab431,,,,0,2000-01-01 01:00:00,2017-04-19 19:07:37,https://e.lanbook.com/img/covers/book/27835/2014/68866.jpg,Журналистика и медиа-бизнес,
30117030,Математические модели естественных наук,,,,Юдович В.И.,2011,1-е изд.,"Издательство \Лань\""""",,336,336,Russian,,,,978-5-8114-1118-4,,,,,,,,,,689,0,,,,,,,1,1905855,pdf,50ec319b57702aeb9408afde5a8bd34c,,,,0,2000-01-01 01:00:00,2017-04-19 19:07:37,https://e.lanbook.com/img/covers/book/905/2011/689.jpg,Прикладная математика;Математика,
30117031,Оптоэлектроника и нанофотоника,,,,Игнатов А.Н.,2011,1-е изд.,"Издательство \Лань\""""",,528,539,Russian,,,,978-5-8114-1136-8,,,,,,,,,,690,0,,,,,,,1,6766559,pdf,bd422d532b552f0011e06c7d55947963,,,,0,2000-01-01 01:00:00,2017-04-19 19:07:37,https://e.lanbook.com/img/covers/book/905/2011/690.jpg,Инженерно-технические науки;Электроника и радиотехника,
30117032,Психология имиджа,,,,Перелыгина Е.Б.,2002,,"Издательство \Аспект Пресс\""""",,223,224,Russian,,,,5-7567-0265-2,,,,,,,,,,69081,0,,,,,,,1,1495518,pdf,c31fc7dd430183bdcb3f120d309b977f,,,,0,2000-01-01 01:00:00,2017-04-19 19:07:37,https://e.lanbook.com/img/covers/book/27835/2002/69081.jpg,Психология. Педагогика;Практическая психология,
30117033,Техника и технология СМИ: Художественное конструирование газеты и журнала,,,,Галкин С.И.,2008,,"Издательство \Аспект Пресс\""""",,215,216,Russian,,,,978-5-7567-0382-5,,,,,,,,,,69085,0,,,,,,,1,168597012,pdf,1ccca4cbd745dfad86def9ef2f5df0af,,,,0,2000-01-01 01:00:00,2017-04-19 19:07:37,https://e.lanbook.com/img/covers/book/27835/2008/69085.jpg,Журналистика и медиа-бизнес,
30117034,Коментарий к Федеральному закону от 21 июля 2014 г. № 209-ФЗ «О государственной информационной системе жилищно-коммунального хозяйства» (постатейный),,,,Борисов А.Н.,2015,,"Издательство \Юстицинформ\""""",,120,120,Russian,,,,978-5-7205-1287-3,,,,,,,,,,69091,0,,,,,,,1,404191,pdf,6d5764e5f654f6a26d4ba5f64a74766c,,,,0,2000-01-01 01:00:00,2017-04-19 19:07:37,https://e.lanbook.com/img/covers/book/8630/2015/69091.jpg,Право. Юридические науки;Жилищное право,
30117035,Комментарий к Федеральному закону от 28 декабря 2013 г. № 412-ФЗ «Об аккредитации в национальной системе аккредитации» (постатейный),,,,Борисов А.Н.,2015,,"Издательство \Юстицинформ\""""",,340,340,Russian,,,,978-5-7205-1297-2,,,,,,,,,,69092,0,,,,,,,1,944875,pdf,69612fed4acf5cea8aa39fba76bbab2d,,,,0,2000-01-01 01:00:00,2017-04-19 19:07:37,https://e.lanbook.com/img/covers/book/8630/2015/69092.jpg,Право. Юридические науки;Финансовое право. Налоговое и бюджетное право,
30117036,Комментарий к Федеральному закону от 29 июля 1998 г. № 135-ФЗ«Об оценочной деятельности в Российской Федерации» (постатейный),,,,Борисов А.Н.,2015,,"Издательство \Юстицинформ\""""",,476,476,Russian,,,,978-5-7205-1296-5,,,,,,,,,,69093,0,,,,,,,1,1332562,pdf,a5aa19e69eb055fdce934946a37e8780,,,,0,2000-01-01 01:00:00,2017-04-19 19:07:37,https://e.lanbook.com/img/covers/book/8630/2015/69093.jpg,Право. Юридические науки;Финансовое право. Налоговое и бюджетное право,
30117037,Налог на имущество физических лиц: Комментарий к главе 32 Налогового кодекса Российской Федерации (постатейный),,,,Гладких С.Р.,2015,,"Издательство \Юстицинформ\""""",,248,248,Russian,,,,978-5-7205-1285-9,,,,,,,,,,69094,0,,,,,,,1,759496,pdf,85cfc58bfff85d4d1c8c61a1ebf7d100,,,,0,2000-01-01 01:00:00,2017-04-19 19:07:37,https://e.lanbook.com/img/covers/book/8630/2015/69094.jpg,Право. Юридические науки;Финансовое право. Налоговое и бюджетное право,
30117038,Правовое регулирование отношений по морской перевозке грузов в линейном сообщении в Российской Федерации: монография,,,,Иванова Т.Н.,2015,,"Издательство \Юстицинформ\""""",,160,160,Russian,,,,978-5-7205-1286-6,,,,,,,,,,69095,0,,,,,,,1,578929,pdf,af6303c74226238b81a78bc32c4d7081,,,,0,2000-01-01 01:00:00,2017-04-19 19:07:37,https://e.lanbook.com/img/covers/book/8630/2015/69095.jpg,Право. Юридические науки;Транспортное право,
30117039,"Гражданский, арбитражный и административный процесс в схемах с комментариями",,,,"Князькин С.И., Юрлов И.А.",2015,,"Издательство \Infotropic Media\""""",,434,434,Russian,,,,978-5-9998-0213-2,,,,,,,,,,69097,0,,,,,,,1,46405592,pdf,ec00140e9edacce2ff86917539fd7ef0,,,,0,2000-01-01 01:00:00,2017-04-19 19:07:37,https://e.lanbook.com/img/covers/book/20508/2015/69097.jpg,Право. Юридические науки;Гражданское право и процесс,
30117040,Спортивные споры и их разрешение: теория и практика (на примере индивидуальных видов спорта),,,,Юрлов С.А.,2015,,"Издательство \Infotropic Media\""""",,284,284,Russian,,,,978-5-9998-0214-9,,,,,,,,,,69098,0,,,,,,,1,2561420,pdf,41910ff3eaf80d0a06f87e2a57b3fb12,,,,0,2000-01-01 01:00:00,2017-04-19 19:07:37,https://e.lanbook.com/img/covers/book/20508/2015/69098.jpg,Право. Юридические науки;Гражданское право и процесс,
30117041,Основные проблемы правового института несостоятельности (банкротства): монография,,,,Кузнецов С.А.,2015,,"Издательство \Infotropic Media\""""",,304,304,Russian,,,,978-5-9998-0219-4,,,,,,,,,,69099,0,,,,,,,1,2186054,pdf,3ef993c92cff8f372b9e8575153e12ed,,,,0,2000-01-01 01:00:00,2017-04-19 19:07:37,https://e.lanbook.com/img/covers/book/20508/2015/69099.jpg,Право. Юридические науки;Гражданское право и процесс,
30117042,"Основные понятия и законы теории цепей, методы анализа процессов в цепях",,,,Новиков Ю.Н.,2011,"3-е изд., испр. и доп.","Издательство \Лань\""""",,368,368,Russian,,,,978-5-8114-1184-9,,,,,,,,,,691,0,,,,,,,1,6631312,pdf,0b0ef7e094f608815da7e39e8b02e707,,,,0,2000-01-01 01:00:00,2017-04-19 19:07:37,https://e.lanbook.com/img/covers/book/905/2011/691.jpg,Инженерно-технические науки;Электроника и радиотехника;Электротехника,
30117043,История еврейского и израильского права,,,,Примаков Д.Я.,2015,,"Издательство \Infotropic Media\""""",,212,212,Russian,,,,978-5-9998-0222-4,,,,,,,,,,69100,0,,,,,,,1,1841731,pdf,ac71ce266eb9290cca429ecb2f383d7c,,,,0,2000-01-01 01:00:00,2017-04-19 19:07:37,https://e.lanbook.com/img/covers/book/20508/2015/69100.jpg,Право. Юридические науки;Основы государства и права. Теория государства и права,
30117044,Третьи лица в страховании,,,,Абрамов В.Ю.,2014,,"Издательство \Финансы и статистика\""""",,128,128,Russian,,,,5-279-02669-7,,,,,,,,,,69101,0,,,,,,,1,917136,pdf,cc2d28ad97f4c6a74901041e2d1322ee,,,,0,2000-01-01 01:00:00,2017-04-19 19:07:37,https://e.lanbook.com/img/covers/book/1443/2014/69101.jpg,Экономика и менеджмент;Страхование,
30117045,"Малый и средний бизнес: эволюция понятий, рыночная среда, проблемы развития",,,,Акимов О.Ю.,2014,,"Издательство \Финансы и статистика\""""",,192,193,Russian,,,,5-279-02813-4,,,,,,,,,,69102,0,,,,,,,1,3663855,pdf,4bbf6b29918da2cf85812079727bbb7a,,,,0,2000-01-01 01:00:00,2017-04-19 19:07:37,https://e.lanbook.com/img/covers/book/1443/2014/69102.jpg,Экономика и менеджмент;Экономика предприятий и организаций,
30117046,Казначейская система исполнения бюджета в Российской Федерации,,,,"Акперов И.Г., Коноплева И.А., Головач С.П.",2014,,"Издательство \Финансы и статистика\""""",,352,352,Russian,,,,5-279-02596-1,,,,,,,,,,69103,0,,,,,,,1,2438710,pdf,fcabf2f786bbd4ede7809f69043611c8,,,,0,2000-01-01 01:00:00,2017-04-19 19:07:37,https://e.lanbook.com/img/covers/book/1443/2014/69103.jpg,Экономика и менеджмент;Мировая экономика,
30117047,"Нематериальные активы: структура, оценка, управление",,,,Аксенов А.П.,2014,,"Издательство \Финансы и статистика\""""",,192,192,Russian,,,,978-5-279-03177-1,,,,,,,,,,69104,0,,,,,,,1,5308645,pdf,524ec48c92a04cca97ff50022f5287ce,,,,0,2000-01-01 01:00:00,2017-04-19 19:07:37,https://e.lanbook.com/img/covers/book/1443/2014/69104.jpg,Экономика и менеджмент;Бухгалтерский учет; анализ и аудит,
30117048,Основы функционирования рынка ценных бумаг,,,,Анесянц С.А.,2014,,"Издательство \Финансы и статистика\""""",,144,144,Russian,,,,5-279-02690-5,,,,,,,,,,69105,0,,,,,,,1,1303280,pdf,06061f044e382a201ac65f6bdbb06615,,,,0,2000-01-01 01:00:00,2017-04-19 19:07:37,https://e.lanbook.com/img/covers/book/1443/2014/69105.jpg,Экономика и менеджмент;Финансы и кредит,
30117049,Финансовый менеджмент в страховании,,,,Архипов А.П.,2014,,"Издательство \Финансы и статистика\""""",,320,320,Russian,,,,978-5-279-03483-3,,,,,,,,,,69106,0,,,,,,,1,2246222,pdf,74f32f5226d0261de8ed2efab0af8289,,,,0,2000-01-01 01:00:00,2017-04-19 19:07:37,https://e.lanbook.com/img/covers/book/1443/2014/69106.jpg,Экономика и менеджмент;Страхование,
30117050,Страхование. Современный курс,,,,"Архипов А.П., Гомелля В.Б., Туленты Д.С.;Под ред. Коломина Е.В.",2014,2-е,"Издательство \Финансы и статистика\""""",,448,448,Russian,,,,978-5-279-03333-1,,,,,,,,,,69107,0,,,,,,,1,2437457,pdf,05f562a56ef56ca7dc562d66c735f63a,,,,0,2000-01-01 01:00:00,2017-04-19 19:07:37,https://e.lanbook.com/img/covers/book/1443/2014/69107.jpg,Экономика и менеджмент;Экономическая теория,
30117051,Управление персоналом. Оптимизация командной работы: Реинжиниринговая технология: Практикум,,,,Авдеев В.В.,2014,,"Издательство \Финансы и статистика\""""",,256,256,Russian,,,,978-5-279-03283-9,,,,,,,,,,69108,0,,,,,,,1,10933048,pdf,14741f5cbec8a00fd9cd1e3d2d6e08d0,,,,0,2000-01-01 01:00:00,2017-04-19 19:07:37,https://e.lanbook.com/img/covers/book/1443/2014/69108.jpg,Экономика и менеджмент;Экономическая теория,
30117052,Управление персоналом. Оптимизация командной работы: Реинжиниринговая технология,,,,Авдеев В.В.,2014,,"Издательство \Финансы и статистика\""""",,960,960,Russian,,,,5-279-02687-5,,,,,,,,,,69109,0,,,,,,,1,11393183,pdf,dbe12bbed8dbcc61cb031b72dec6b57d,,,,0,2000-01-01 01:00:00,2017-04-19 19:07:37,https://e.lanbook.com/img/covers/book/1443/2014/69109.jpg,Экономика и менеджмент;Управление персоналом,
30117053,Управление персоналом: технология формирования команды,,,,Авдеев В.В.,2014,,"Издательство \Финансы и статистика\""""",,544,544,Russian,,,,5-279-02380-9,,,,,,,,,,69110,0,,,,,,,1,7666897,pdf,cd4a88861c8bd56def749a2315bff551,,,,0,2000-01-01 01:00:00,2017-04-19 19:07:37,https://e.lanbook.com/img/covers/book/1443/2014/69110.jpg,Экономика и менеджмент;Управление персоналом,
30117054,Государственное регулирование национальной экономики,,,,Бабашкина А.М.,2014,,"Издательство \Финансы и статистика\""""",,480,478,Russian,,,,5-279-02583-6,,,,,,,,,,69111,0,,,,,,,1,3128708,pdf,89dffc0fb5b7f003071b316624274756,,,,0,2000-01-01 01:00:00,2017-04-19 19:07:37,https://e.lanbook.com/img/covers/book/1443/2014/69111.jpg,Экономика и менеджмент;Экономическая теория,
30117055,Теоретико-методологические основы денежно-кредитного регулирования инфляционных процессов,,,,Бамматказиева Ф.А.,2014,,"Издательство \Финансы и статистика\""""",,240,241,Russian,,,,5-279-02964-5,,,,,,,,,,69113,0,,,,,,,1,1271006,pdf,d6de4366b5fc57734f7ef1f043dcd5fc,,,,0,2000-01-01 01:00:00,2017-04-19 19:07:37,https://e.lanbook.com/img/covers/book/1443/2014/69113.jpg,Экономика и менеджмент;Финансы и кредит,
30117056,Сборник задач по финансовым инвестициям,,,,"Барбаумов В.Е., Гладких И.М., Чуйко А.С.",2014,,"Издательство \Финансы и статистика\""""",,352,351,Russian,,,,5-279-02974-2,,,,,,,,,,69114,0,,,,,,,1,2824028,pdf,75253b8db6adebe4ff29a1a6f496740b,,,,0,2000-01-01 01:00:00,2017-04-19 19:07:37,https://e.lanbook.com/img/covers/book/1443/2014/69114.jpg,Экономика и менеджмент;Финансовый менеджмент,
30117057,Маркетинг в туризме и гостеприимстве,,,,Барышев А.Ф.,2014,,"Издательство \Финансы и статистика\""""",,160,159,Russian,,,,978-5-279-03255-6,,,,,,,,,,69115,0,,,,,,,1,832776,pdf,d89b0e809b13f85da4289041d6d9a70d,,,,0,2000-01-01 01:00:00,2017-04-19 19:07:37,https://e.lanbook.com/img/covers/book/1443/2014/69115.jpg,Экономика и менеджмент;Туризм и гостиничный бизнес,
30117058,Аудит банков,,,,"Под ред. Белоглазовой Г.Н., Кроливецкой Л.П.",2014,2-е,"Издательство \Финансы и статистика\""""",,416,415,Russian,,,,5-279-02973-4,,,,,,,,,,69116,0,,,,,,,1,2103161,pdf,d6c3e948a5bf6f7c27ae7948a66c518d,,,,0,2000-01-01 01:00:00,2017-04-19 19:07:37,https://e.lanbook.com/img/covers/book/1443/2014/69116.jpg,Экономика и менеджмент;Бухгалтерский учет; анализ и аудит,
30117059,"Маркетинговое исследование: информация, анализ, прогноз",,,,Беляевский И.К.,2014,,"Издательство \Финансы и статистика\""""",,320,320,Russian,,,,5-279-02220-9,,,,,,,,,,69117,0,,,,,,,1,1816017,pdf,a01d4f94b54ff7eeafeade3d811666ed,,,,0,2000-01-01 01:00:00,2017-04-19 19:07:37,https://e.lanbook.com/img/covers/book/1443/2014/69117.jpg,Экономика и менеджмент;Маркетинг,
30117060,Современный рынок золота,,,,"Под ред. Букато В.И., Лапидуса М.Х.",2014,,"Издательство \Финансы и статистика\""""",,320,321,Russian,,,,5-279-02956-4,,,,,,,,,,69118,0,,,,,,,1,1864441,pdf,8d0053d1315f6ee9e7232bd2c3626951,,,,0,2000-01-01 01:00:00,2017-04-19 19:07:37,https://e.lanbook.com/img/covers/book/1443/2014/69118.jpg,Экономика и менеджмент;Финансы и кредит,
30117061,Эффективность внешней торговли России: методология расчетов,,,,Буров А.С.,2014,,"Издательство \Финансы и статистика\""""",,80,81,Russian,,,,5-279-02670-0,,,,,,,,,,69119,0,,,,,,,1,1270385,pdf,099d09d80dc4fb9b2a84c274ca53b9e7,,,,0,2000-01-01 01:00:00,2017-04-19 19:07:37,https://e.lanbook.com/img/covers/book/1443/2014/69119.jpg,Экономика и менеджмент;Мировая экономика,
30117062,Трансформационная экономика России,,,,"Бузгалин А.В., Герасименко В.В., Грандберг З.А.",2014,,"Издательство \Финансы и статистика\""""",,616,616,Russian,,,,5-279-03094-5,,,,,,,,,,69120,0,,,,,,,1,4516605,pdf,a0c4bf06ae4e0b79d79e4b1af336637d,,,,0,2000-01-01 01:00:00,2017-04-19 19:07:37,https://e.lanbook.com/img/covers/book/1443/2014/69120.jpg,Экономика и менеджмент;Мировая экономика,
30117063,"Эволюция денег, кредита и банков",,,,Челноков В.А.,2014,,"Издательство \Финансы и статистика\""""",,256,257,Russian,,,,978-5-279-03275-4,,,,,,,,,,69121,0,,,,,,,1,842482,pdf,1734a186207788a73775a1f26f31487b,,,,0,2000-01-01 01:00:00,2017-04-19 19:07:37,https://e.lanbook.com/img/covers/book/1443/2014/69121.jpg,Экономика и менеджмент;Финансы и кредит,
30117064,Налоги: Практика налогообложения,,,,Под ред. Черника Д.Г.,2014,,"Издательство \Финансы и статистика\""""",,368,368,Russian,,,,978-5-279-03145-0,,,,,,,,,,69122,0,,,,,,,1,6523653,pdf,34515cc449eeb3c4895b4b0caaaa5177,,,,0,2000-01-01 01:00:00,2017-04-19 19:07:37,https://e.lanbook.com/img/covers/book/1443/2014/69122.jpg,Экономика и менеджмент;Налоги и налогообложение,
30117065,Международный офшорный бизнес и банки,,,,Чернявский С.П.,2014,,"Издательство \Финансы и статистика\""""",,144,144,Russian,,,,5-279-02398-1,,,,,,,,,,69123,0,,,,,,,1,1466541,pdf,0d715346b6987d5a73a01bc38c398884,,,,0,2000-01-01 01:00:00,2017-04-19 19:07:37,https://e.lanbook.com/img/covers/book/1443/2014/69123.jpg,Экономика и менеджмент;Финансы и кредит,
30117066,Предпринимательство на потребительском рынке. Финансовые аспекты,,,,Дацко С.Н.,2014,,"Издательство \Финансы и статистика\""""",,64,64,Russian,,,,5-279-03134-8,,,,,,,,,,69124,0,,,,,,,1,417393,pdf,a0699cd6fc416d522b1304bca4276d87,,,,0,2000-01-01 01:00:00,2017-04-19 19:07:37,https://e.lanbook.com/img/covers/book/1443/2014/69124.jpg,Экономика и менеджмент;Предпринимательская деятельность,
30117067,Предпринимательство в России,,,,Дацко С.Н.,2014,,"Издательство \Финансы и статистика\""""",,352,352,Russian,,,,5-279-03123-2,,,,,,,,,,69125,0,,,,,,,1,2245608,pdf,c257ff5c37b216b5573176a83d649b2f,,,,0,2000-01-01 01:00:00,2017-04-19 19:07:37,https://e.lanbook.com/img/covers/book/1443/2014/69125.jpg,Экономика и менеджмент;Предпринимательская деятельность,
30117068,Финансы в схемах,,,,"Давыдова Л.В., Федорова О.А., Коршунова Г.В.",2014,,"Издательство \Финансы и статистика\""""",,80,80,Russian,,,,978-5-279-03331-7,,,,,,,,,,69126,0,,,,,,,1,11242585,pdf,96d4745ee592ae47e7349fc17be88e9b,,,,0,2000-01-01 01:00:00,2017-04-19 19:07:37,https://e.lanbook.com/img/covers/book/1443/2014/69126.jpg,Экономика и менеджмент;Финансы и кредит,
30117069,"Территориально-распределенный бизнес: организация, финансовые потоки, налогообложение",,,,"Джаарбеков С.М., Черник И.Д.",2014,,"Издательство \Финансы и статистика\""""",,256,256,Russian,,,,978-5-279-03512-0,,,,,,,,,,69127,0,,,,,,,1,874543,pdf,8dad64b341269d22e1d69ebdbb98b11d,,,,0,2000-01-01 01:00:00,2017-04-19 19:07:37,https://e.lanbook.com/img/covers/book/1443/2014/69127.jpg,Экономика и менеджмент;Производственный менеджмент,
30117070,Введение в технологию туризма,,,,Егоренков Л.И.,2014,,"Издательство \Финансы и статистика\""""",,304,304,Russian,,,,978-5-279-03325-6,,,,,,,,,,69128,0,,,,,,,1,5504683,pdf,65badb0358c723dbcc7a21dc56d9fab4,,,,0,2000-01-01 01:00:00,2017-04-19 19:07:37,https://e.lanbook.com/img/covers/book/1443/2014/69128.jpg,Экономика и менеджмент;Туризм и гостиничный бизнес,
30117071,Денежно-кредитная система и Международный банк Азербайджана,,,,Гаджиев Д.Ф.,2014,,"Издательство \Финансы и статистика\""""",,240,240,Russian,,,,978-5-279-03350-8,,,,,,,,,,69129,0,,,,,,,1,1471084,pdf,e28f942819c713ad65ea588f994fd3dc,,,,0,2000-01-01 01:00:00,2017-04-19 19:07:37,https://e.lanbook.com/img/covers/book/1443/2014/69129.jpg,Экономика и менеджмент;Банковское дело,
30117072,Акционерное дело,,,,Под ред. Галанова В.А.,2014,,"Издательство \Финансы и статистика\""""",,544,544,Russian,,,,5-279-02651-4,,,,,,,,,,69130,0,,,,,,,1,20906305,pdf,3eb40c97b1076c8bbb0b9a93275fd9de,,,,0,2000-01-01 01:00:00,2017-04-19 19:07:37,https://e.lanbook.com/img/covers/book/1443/2014/69130.jpg,Экономика и менеджмент;Финансовый менеджмент,
30117073,Управление государственной собственностью на акции,,,,"Галанов В.А., Гришина О.А., Шибаев С.Р.",2014,,"Издательство \Финансы и статистика\""""",,352,350,Russian,,,,5-279-02829-0,,,,,,,,,,69131,0,,,,,,,1,5126620,pdf,154e3449a476586293ae43b93c546e94,,,,0,2000-01-01 01:00:00,2017-04-19 19:07:37,https://e.lanbook.com/img/covers/book/1443/2014/69131.jpg,Экономика и менеджмент;Финансовый менеджмент,
30117074,Очерки экономической теории страхования,,,,Гомелля В.Б.;Под ред. Коломина Е.В.,2014,,"Издательство \Финансы и статистика\""""",,352,352,Russian,,,,978-5-279-03477-2,,,,,,,,,,69132,0,,,,,,,1,1898201,pdf,41b909f4835e4abfc15e44ef2a180056,,,,0,2000-01-01 01:00:00,2017-04-19 19:07:37,https://e.lanbook.com/img/covers/book/1443/2014/69132.jpg,Экономика и менеджмент;Экономическая теория,
30117075,Налоговая политика России: проблемы и перспективы,,,,Под ред. Горского И.В.,2014,,"Издательство \Финансы и статистика\""""",,288,288,Russian,,,,5-279-02663-8,,,,,,,,,,69133,0,,,,,,,1,2660812,pdf,1908620a665a61000c7956c1bb114fbd,,,,0,2000-01-01 01:00:00,2017-04-19 19:07:37,https://e.lanbook.com/img/covers/book/1443/2014/69133.jpg,Экономика и менеджмент;Налоги и налогообложение,
30117076,Экономика предприятия: Учебник. Практикум,,,,"Грибов В.Д., Грузинов В.П.",2014,4-е,"Издательство \Финансы и статистика\""""",,400,400,Russian,,,,978-5-279-03335-5,,,,,,,,,,69134,0,,,,,,,1,3666288,pdf,72e038417d7cd75d73bed17d8f72754b,,,,0,2000-01-01 01:00:00,2017-04-19 19:07:37,https://e.lanbook.com/img/covers/book/1443/2014/69134.jpg,Экономика и менеджмент;Экономика предприятий и организаций,
30117077,Бюджетная система Российской Федерации,,,,"Грицюк Т.В., Котилко В.В., Лексин И.В.",2014,,"Издательство \Финансы и статистика\""""",,560,560,Russian,,,,978-5-279-03533-5,,,,,,,,,,69135,0,,,,,,,1,8626702,pdf,2998378c9d5be0e95b84dc2ed456b655,,,,0,2000-01-01 01:00:00,2017-04-19 19:07:37,https://e.lanbook.com/img/covers/book/1443/2014/69135.jpg,Экономика и менеджмент;Финансовый менеджмент,
30117078,Трансакционные издержки финансовых предпринимательских структур,,,,Григорьева Е.М.,2014,,"Издательство \Финансы и статистика\""""",,192,192,Russian,,,,978-5-279-03218-1,,,,,,,,,,69136,0,,,,,,,1,1749032,pdf,4e8ced1b947ffbe6aee402359f409486,,,,0,2000-01-01 01:00:00,2017-04-19 19:07:37,https://e.lanbook.com/img/covers/book/1443/2014/69136.jpg,Экономика и менеджмент;Финансовый менеджмент,
30117079,Межбанковский кредитный рынок России,,,,"Гугнин В.К., Исаева Н.А.",2014,,"Издательство \Финансы и статистика\""""",,288,287,Russian,,,,5-279-03120-8,,,,,,,,,,69137,0,,,,,,,1,5116125,pdf,e09f202c3a0c3481a14e57a93c4365a4,,,,0,2000-01-01 01:00:00,2017-04-19 19:07:37,https://e.lanbook.com/img/covers/book/1443/2014/69137.jpg,Экономика и менеджмент;Финансы и кредит,
30117080,Управление предприятием: финансовые и инвестиционные решения,,,,"Гукова А.В., Аникина И.Д., Беков Р.С.",2014,,"Издательство \Финансы и статистика\""""",,184,185,Russian,,,,978-5-279-03395-9,,,,,,,,,,69138,0,,,,,,,1,1739656,pdf,ddd7087c5cc6d78c81ceef11293a0199,,,,0,2000-01-01 01:00:00,2017-04-19 19:07:37,https://e.lanbook.com/img/covers/book/1443/2014/69138.jpg,Экономика и менеджмент;Производственный менеджмент,
30117081,"Научный альманах экономических исследований. Приоритеты и пути развития финансов, налогообложения и бухгалтерского учета: антикризисные решения. Сборник научных трудов",,,,"Под ред. д-ра экон. наук, профессора Гварлиани Т.Е.",2014,,"Издательство \Финансы и статистика\""""",,496,496,Russian,,,,978-5-279-03443-7,,,,,,,,,,69139,0,,,,,,,1,3520083,pdf,46d7f8cca90b0269351b021eec3b4d8d,,,,0,2000-01-01 01:00:00,2017-04-19 19:07:37,https://e.lanbook.com/img/covers/book/1443/2014/69139.jpg,Экономика и менеджмент;Бухгалтерский учет; анализ и аудит,
30117082,Современные механизмы регулирования инвестиционной деятельности: на примере развития курортов,,,,"Гнат Е.В., Гварлиани Н.Х., Палаткин А.С., Маркарян С.О.;Андреев А.В.",2014,,"Издательство \Финансы и статистика\""""",,344,344,Russian,,,,978-5-279-03419-2,,,,,,,,,,69141,0,,,,,,,1,7858573,pdf,e3ed894f5f61941f67a3b1f9e7185624,,,,0,2000-01-01 01:00:00,2017-04-19 19:07:37,https://e.lanbook.com/img/covers/book/1443/2014/69141.jpg,Экономика и менеджмент;Туризм и гостиничный бизнес,
30117083,Управленческий учет по видам деятельности: Лекции и практикум в таблицах и схемах,,,,"Гварлиани Т.Е., Быков Е.А., Мостовая Е.В., Черемшанов С.В.;Под ред. проф. Гварлиани Т.Е.",2014,,"Издательство \Финансы и статистика\""""",,304,305,Russian,,,,978-5-279-03234-1,,,,,,,,,,69142,0,,,,,,,1,5822122,pdf,c26055f4d7635147d00a8ddd8ae6ee60,,,,0,2000-01-01 01:00:00,2017-04-19 19:07:37,https://e.lanbook.com/img/covers/book/1443/2014/69142.jpg,Экономика и менеджмент;Управленческий и финансовый учет,
30117084,Основы страхования,,,,Гвозденко А.А.,2014,2-е,"Издательство \Финансы и статистика\""""",,320,320,Russian,,,,5-279-02627-2,,,,,,,,,,69143,0,,,,,,,1,2159925,pdf,d6d0e3d8bfe4110bbd5c5be74e9c9f5e,,,,0,2000-01-01 01:00:00,2017-04-19 19:07:37,https://e.lanbook.com/img/covers/book/1443/2014/69143.jpg,Экономика и менеджмент;Страхование,
30117085,Пусть говорят Ваши пальцы: Онлайновая реклама в Интернете,,,,Харрис Г.,2014,,"Издательство \Финансы и статистика\""""",,144,144,Russian,,,,5-279-02411-2,,,,,,,,,,69144,0,,,,,,,1,1980565,pdf,a667bcc9ce679fe2b80cf0af8c22f24a,,,,0,2000-01-01 01:00:00,2017-04-19 19:07:37,https://e.lanbook.com/img/covers/book/1443/2014/69144.jpg,Экономика и менеджмент;Реклама и PR,
30117086,Государственный кредит в условиях финансовой глобализации,,,,"Хоминич И.П., Саввина О.В.",2014,,"Издательство \Финансы и статистика\""""",,256,256,Russian,,,,978-5-279-03434-5,,,,,,,,,,69145,0,,,,,,,1,3021056,pdf,b4a135802eaad56e078093353f828618,,,,0,2000-01-01 01:00:00,2017-04-19 19:07:37,https://e.lanbook.com/img/covers/book/1443/2014/69145.jpg,Экономика и менеджмент;Экономическая теория,
30117087,Управление частными капиталами в системе социальных финансов,,,,Под ред. Хоминич И.П.,2014,,"Издательство \Финансы и статистика\""""",,608,609,Russian,,,,978-5-279-03367-6,,,,,,,,,,69146,0,,,,,,,1,5498314,pdf,397eff2c190f9a13a4f656f5d33a50a4,,,,0,2000-01-01 01:00:00,2017-04-19 19:07:37,https://e.lanbook.com/img/covers/book/1443/2014/69146.jpg,Экономика и менеджмент;Финансы и кредит,
30117088,Туроперейтинг: организация деятельности,,,,Ильина Е.Н.,2014,2-е,"Издательство \Финансы и статистика\""""",,240,241,Russian,,,,978-5-279-03247-1,,,,,,,,,,69147,0,,,,,,,1,6231114,pdf,b23db4d2373e83e8d238669a693a93ca,,,,0,2000-01-01 01:00:00,2017-04-19 19:07:37,,Экономика и менеджмент;Туризм и гостиничный бизнес,
30117089,Туроперейтинг: продвижение туристского продукта,,,,Ильина Е.Н.,2014,,"Издательство \Финансы и статистика\""""",,176,176,Russian,,,,978-5-279-03248-8,,,,,,,,,,69148,0,,,,,,,1,13065178,pdf,ebc06a4043f419def6d484e284d51883,,,,0,2000-01-01 01:00:00,2017-04-19 19:07:37,,Экономика и менеджмент;Туризм и гостиничный бизнес,
30117090,Туроперейтинг: стратегия обслуживания,,,,Ильина Е.Н.,2014,,"Издательство \Финансы и статистика\""""",,160,160,Russian,,,,978-5-279-03311-9,,,,,,,,,,69149,0,,,,,,,1,3554879,pdf,7811090f46dc9ecff4f1be55e877d301,,,,0,2000-01-01 01:00:00,2017-04-19 19:07:37,,Экономика и менеджмент;Туризм и гостиничный бизнес,
30117091,Введение в репродуктивистику. Становление науки о воспроизводстве человека,,,,"Илышев А.М., Багирова А.П.",2014,,"Издательство \Финансы и статистика\""""",,304,304,Russian,,,,978-5-279-03456-7,,,,,,,,,,69151,0,,,,,,,1,1458700,pdf,a1e7f95b96ef27ab7b0c904923c062c7,,,,0,2000-01-01 01:00:00,2017-04-19 19:07:37,https://e.lanbook.com/img/covers/book/1443/2014/69151.jpg,Экономика и менеджмент;Мировая экономика,
30117092,Стратегический конкурентный анализ в транзитивной экономике России,,,,"Илышев А.М., Илышева Н.Н., Селевич Т.С.",2014,,"Издательство \Финансы и статистика\""""",,480,480,Russian,,,,978-5-279-03427-7,,,,,,,,,,69152,0,,,,,,,1,2798550,pdf,0d9eabc2b4466b1f8cd5b8158410bb8f,,,,0,2000-01-01 01:00:00,2017-04-19 19:07:37,https://e.lanbook.com/img/covers/book/1443/2014/69152.jpg,Экономика и менеджмент;Мировая экономика,
30117093,Анализ в управлении финансовым состоянием коммерческой организации,,,,"Илышева Н.Н., Крылов С.И.",2014,,"Издательство \Финансы и статистика\""""",,240,241,Russian,,,,978-5-279-03304-1,,,,,,,,,,69153,0,,,,,,,1,2492069,pdf,08f767077c82213d7c06725973375782,,,,0,2000-01-01 01:00:00,2017-04-19 19:07:37,https://e.lanbook.com/img/covers/book/1443/2014/69153.jpg,Экономика и менеджмент;Экономика предприятий и организаций,
30117094,Партнерство субъектов АПК и сферы образования: инновации в управлении,,,,"Иванова В.Н., Девяткина Т.В.",2014,,"Издательство \Финансы и статистика\""""",,64,64,Russian,,,,978-5-279-03469-7,,,,,,,,,,69154,0,,,,,,,1,684217,pdf,e31e8a02c107b17002fc0a7658186b27,,,,0,2000-01-01 01:00:00,2017-04-19 19:07:37,https://e.lanbook.com/img/covers/book/1443/2014/69154.jpg,Экономика и менеджмент;Региональная экономика,
30117095,"Формирование нового поколения профессиональных кадров: проблемы современной организации и содержания профессионального образования в России: теория, методология, методика. Материалы Всероссийской научно-практической конференции, МГУТУ, 22–24 октября 2009",,,,Иванова В.Н.,2014,,"Издательство \Финансы и статистика\""""",,624,626,Russian,,,,978-5-279-03486-4,,,,,,,,,,69155,0,,,,,,,1,1800395,pdf,b4b59e52283fb9820aa5eaca578fd4d0,,,,0,2000-01-01 01:00:00,2017-04-19 19:07:37,https://e.lanbook.com/img/covers/book/1443/2014/69155.jpg,Экономика и менеджмент;Управление персоналом,
30117096,Государственно-частное партнерство в инновационном развитии региона и предприятий,,,,"Иванова В.Н., Иванов В.С.",2014,,"Издательство \Финансы и статистика\""""",,160,160,Russian,,,,978-5-279-03485-7,,,,,,,,,,69156,0,,,,,,,1,637086,pdf,ee5b71dafff5a17ee9f5b31bf9dc9123,,,,0,2000-01-01 01:00:00,2017-04-19 19:07:37,https://e.lanbook.com/img/covers/book/1443/2014/69156.jpg,Экономика и менеджмент;Региональная экономика,
30117097,Риски в АПК: факторы непроизводственной инфраструктуры,,,,"Иванова В.Н., Беглова Н.В.",2014,,"Издательство \Финансы и статистика\""""",,96,96,Russian,,,,978-5-279-03465-9,,,,,,,,,,69157,0,,,,,,,1,448245,pdf,572a4b56006d1167b23038054c3ef28d,,,,0,2000-01-01 01:00:00,2017-04-19 19:07:37,https://e.lanbook.com/img/covers/book/1443/2014/69157.jpg,Экономика и менеджмент;Региональная экономика,
30117098,Организация офшорного бизнеса,,,,Кабир Л.С.,2014,,"Издательство \Финансы и статистика\""""",,144,143,Russian,,,,5-279-02526-7,,,,,,,,,,69158,0,,,,,,,1,1275162,pdf,68cd551d9608986250ecf44ab1d1d594,,,,0,2000-01-01 01:00:00,2017-04-19 19:07:37,https://e.lanbook.com/img/covers/book/1443/2014/69158.jpg,Экономика и менеджмент;Мировая экономика,
30117099,"Пищевая промышленность России. Современное состояние, проблемы, ориентиры будущего развития",,,,"Иванова В.Н., Серегин С.Н.",2014,,"Издательство \Финансы и статистика\""""",,568,568,Russian,,,,978-5-279-03546-5,,,,,,,,,,69159,0,,,,,,,1,10492167,pdf,57581bbb526f167da5fb6f4e2d84beff,,,,0,2000-01-01 01:00:00,2017-04-19 19:07:37,https://e.lanbook.com/img/covers/book/1443/2014/69159.jpg,Экономика и менеджмент;Экономика предприятий и организаций,
30117100,Регулирование международных кредитных отношений России,,,,Карелин О.В.,2014,,"Издательство \Финансы и статистика\""""",,176,173,Russian,,,,5-279-02424-4,,,,,,,,,,69160,0,,,,,,,1,2313829,pdf,6b5e637c8a14eac97ea9710bf4f5bef2,,,,0,2000-01-01 01:00:00,2017-04-19 19:07:37,https://e.lanbook.com/img/covers/book/1443/2014/69160.jpg,Экономика и менеджмент;Мировая экономика,
30117101,Фондовые биржи: вводный курс,,,,"Ключников И.К., Молчанова О.А., Ключников О.И.",2014,,"Издательство \Финансы и статистика\""""",,200,200,Russian,,,,978-5-279-03338-6,,,,,,,,,,69161,0,,,,,,,1,1206587,pdf,76a56a93c8c602cfa8460966ad24530d,,,,0,2000-01-01 01:00:00,2017-04-19 19:07:37,https://e.lanbook.com/img/covers/book/1443/2014/69161.jpg,Экономика и менеджмент;Экономическая теория,
30117102,Финансы. Денежное обращение. Кредит,,,,Колпакова Г.М.,2014,2-е,"Издательство \Финансы и статистика\""""",,496,496,Russian,,,,978-5-279-02585-2,,,,,,,,,,69162,0,,,,,,,1,3281282,pdf,986f27e11c39712116191b71a4563e73,,,,0,2000-01-01 01:00:00,2017-04-19 19:07:37,https://e.lanbook.com/img/covers/book/1443/2014/69162.jpg,Экономика и менеджмент;Финансы и кредит,
30117103,Зоны свободной торговли: краткий словарь,,,,Комаров В.В.,2014,,"Издательство \Финансы и статистика\""""",,160,160,Russian,,,,5-279-02989-6,,,,,,,,,,69163,0,,,,,,,1,571355,pdf,f7466a97e0f93fe25fa24102fa16ab14,,,,0,2000-01-01 01:00:00,2017-04-19 19:07:37,https://e.lanbook.com/img/covers/book/1443/2014/69163.jpg,Экономика и менеджмент;Мировая экономика,
30117104,Финансы и кредит. Организация самостоятельной работы студентов,,,,Под ред. Коноваловой Т.В.,2014,,"Издательство \Финансы и статистика\""""",,176,176,Russian,,,,978-5-279-03151-1,,,,,,,,,,69164,0,,,,,,,1,9557520,pdf,ce9df49034ad8de2aadd3fa7d5e343a0,,,,0,2000-01-01 01:00:00,2017-04-19 19:07:37,https://e.lanbook.com/img/covers/book/1443/2014/69164.jpg,Экономика и менеджмент;Финансы и кредит,
30117105,Мировая экономика. Краткий курс для бакалавров,,,,Короткова Т.Л.,2014,,"Издательство \Финансы и статистика\""""",,192,192,Russian,,,,978-5-279-03501-4,,,,,,,,,,69165,0,,,,,,,1,2435924,pdf,7fdef4a58613ea23936a057b8591ee95,,,,0,2000-01-01 01:00:00,2017-04-19 19:07:37,https://e.lanbook.com/img/covers/book/1443/2014/69165.jpg,Экономика и менеджмент;Мировая экономика,
30117106,Банковское дело: сборник тестов,,,,"Коваленко С.Б., Карпова Р.А., Рябова А.Ф., Шулькова Н.Н.;Под ред. Коваленко С.Б.",2014,,"Издательство \Финансы и статистика\""""",,160,160,Russian,,,,978-5-279-03339-3,,,,,,,,,,69166,0,,,,,,,1,1041875,pdf,f4dab5f2ff9896a03ad6ca7359386118,,,,0,2000-01-01 01:00:00,2017-04-19 19:07:37,https://e.lanbook.com/img/covers/book/1443/2014/69166.jpg,Экономика и менеджмент;Банковское дело,
30117107,Банковский риск-менеджмент,,,,Ковалев П.П.,2014,,"Издательство \Финансы и статистика\""""",,304,303,Russian,,,,978-5-279-03380-5,,,,,,,,,,69167,0,,,,,,,1,4955648,pdf,8daa69b27f2df6dc37084950114feb13,,,,0,2000-01-01 01:00:00,2017-04-19 19:07:37,https://e.lanbook.com/img/covers/book/1443/2014/69167.jpg,Экономика и менеджмент;Банковское дело,
30117108,Управление имуществом на предприятии,,,,Ковалев А.П.,2014,,"Издательство \Финансы и статистика\""""",,272,272,Russian,,,,978-5-279-03369-0,,,,,,,,,,69168,0,,,,,,,1,2182697,pdf,53befa238ddf68108ae80620ce5fb3f2,,,,0,2000-01-01 01:00:00,2017-04-19 19:07:37,https://e.lanbook.com/img/covers/book/1443/2014/69168.jpg,Экономика и менеджмент;Экономическая теория,
30117109,Анализ финансового состояния и инвестиционной привлекательности предприятия,,,,"Крылов Э.И., Власова В.М., Егорова М.Г.",2014,,"Издательство \Финансы и статистика\""""",,192,192,Russian,,,,5-279-02645-Х,,,,,,,,,,69170,0,,,,,,,1,981530,pdf,afcb6718caff8ac68f8239170417b89a,,,,0,2000-01-01 01:00:00,2017-04-19 19:07:37,https://e.lanbook.com/img/covers/book/1443/2014/69170.jpg,Экономика и менеджмент;Финансовый менеджмент,
30117110,Развитие методологии анализа в сбалансированной системе показателей,,,,Крылов С.И.,2014,,"Издательство \Финансы и статистика\""""",,152,152,Russian,,,,978-5-279-03458-1,,,,,,,,,,69171,0,,,,,,,1,2044636,pdf,bc3325fd88d5ff587ddca051e5649c37,,,,0,2000-01-01 01:00:00,2017-04-19 19:07:37,https://e.lanbook.com/img/covers/book/1443/2014/69171.jpg,Экономика и менеджмент;Финансовый менеджмент,
30117111,Банковский аудит,,,,"Куницына Н.Н., Хисамудинов В.В.",2014,2-е,"Издательство \Финансы и статистика\""""",,216,216,Russian,,,,978-5-279-03438-3,,,,,,,,,,69172,0,,,,,,,1,930113,pdf,c25f986960d0c4d834a8e035c3d2ea7e,,,,0,2000-01-01 01:00:00,2017-04-19 19:07:37,https://e.lanbook.com/img/covers/book/1443/2014/69172.jpg,Экономика и менеджмент;Бухгалтерский учет; анализ и аудит,
30117112,Антикризисное управление. Курс лекций,,,,Кузнецов С.Ю.,2014,,"Издательство \Финансы и статистика\""""",,176,176,Russian,,,,978-5-279-03320-1,,,,,,,,,,69173,0,,,,,,,1,879468,pdf,75ce060d46cdf19fcca8cbec27515e10,,,,0,2000-01-01 01:00:00,2017-04-19 19:07:37,https://e.lanbook.com/img/covers/book/1443/2014/69173.jpg,Экономика и менеджмент;Экономическая теория,
30117113,"Интеллектуальные активы: учет, анализ и аудит",,,,Кузубов С.А.,2014,,"Издательство \Финансы и статистика\""""",,184,184,Russian,,,,978-5-279-03424-6,,,,,,,,,,69174,0,,,,,,,1,1647438,pdf,9716c22d41f8f3354141a00d09a4381c,,,,0,2000-01-01 01:00:00,2017-04-19 19:07:37,https://e.lanbook.com/img/covers/book/1443/2014/69174.jpg,Экономика и менеджмент;Инновационный менеджмент,
30117114,Налоговые правонарушения: поиск и выявление,,,,Латышев В.И.,2014,,"Издательство \Финансы и статистика\""""",,96,96,Russian,,,,5-279-02960-2,,,,,,,,,,69176,0,,,,,,,1,2265210,pdf,07a8801bfa374181a6f707b4b000aaaf,,,,0,2000-01-01 01:00:00,2017-04-19 19:07:37,https://e.lanbook.com/img/covers/book/1443/2014/69176.jpg,Экономика и менеджмент;Налоги и налогообложение,
30117115,Информационные технологии в бизнесе. Практикум: применение системы Decision в микро- и макроэкономике,,,,Лихтенштейн В.Е.,2014,,"Издательство \Финансы и статистика\""""",,512,510,Russian,,,,978-5-279-03284-6,,,,,,,,,,69177,0,,,,,,,1,110271502,pdf,fbfcf366bb943d0dd88666a376eb402b,,,,0,2000-01-01 01:00:00,2017-04-19 19:07:37,https://e.lanbook.com/img/covers/book/1443/2014/69177.jpg,Экономика и менеджмент;Макроэкономика,
30117116,Новые подходы в экономике,,,,"Лихтенштейн В.Е., Росс Г.В.",2014,,"Издательство \Финансы и статистика\""""",,160,160,Russian,,,,978-5-279-03532-8,,,,,,,,,,69178,0,,,,,,,1,3769030,pdf,b50d79e0f6d409af465b561c53d0b8cb,,,,0,2000-01-01 01:00:00,2017-04-19 19:07:37,https://e.lanbook.com/img/covers/book/1443/2014/69178.jpg,Экономика и менеджмент;Экономическая теория,
30117117,Введение в теорию развития,,,,"Лихтенштейн Г.В., Росс Г.В.",2014,,"Издательство \Финансы и статистика\""""",,328,328,Russian,,,,978-5-279-03513-7,,,,,,,,,,69179,0,,,,,,,1,1896139,pdf,7d12762c9e593ccc03cfd0223dfb82ef,,,,0,2000-01-01 01:00:00,2017-04-19 19:07:37,https://e.lanbook.com/img/covers/book/1443/2014/69179.jpg,Экономика и менеджмент;Макроэкономика,
30117118,Взаимное страхование в России: особенности эволюции,,,,Логвинова И.Л.,2014,,"Издательство \Финансы и статистика\""""",,176,176,Russian,,,,978-5-279-03459-8,,,,,,,,,,69180,0,,,,,,,1,1282909,pdf,641ee69d0b40db90f3b9d717e9ecfcfe,,,,0,2000-01-01 01:00:00,2017-04-19 19:07:37,https://e.lanbook.com/img/covers/book/1443/2014/69180.jpg,Экономика и менеджмент;Страхование,
30117119,Формирование и развитие рынка банковских продуктов и услуг,,,,Магомедов Г.И.,2014,,"Издательство \Финансы и статистика\""""",,144,144,Russian,,,,978-5-279-03317-1,,,,,,,,,,69182,0,,,,,,,1,660923,pdf,88c7dbcbf13b2ee6a1d52e29d6434e41,,,,0,2000-01-01 01:00:00,2017-04-19 19:07:37,https://e.lanbook.com/img/covers/book/1443/2014/69182.jpg,Экономика и менеджмент;Банковское дело,
30117120,Коммерция,,,,Манько А.В.,2014,,"Издательство \Финансы и статистика\""""",,256,253,Russian,,,,5-279-02384-1,,,,,,,,,,69183,0,,,,,,,1,1822831,pdf,11f2c90006eb7e77029d77f74def0c3b,,,,0,2000-01-01 01:00:00,2017-04-19 19:07:37,https://e.lanbook.com/img/covers/book/1443/2014/69183.jpg,Экономика и менеджмент;Предпринимательская деятельность,
30117121,Оценка экономического капитала банка в условиях развития интенсивной модели российского банковского сектора,,,,Мануйленко В.В.,2014,,"Издательство \Финансы и статистика\""""",,176,176,Russian,,,,978-5-279-03547-2,,,,,,,,,,69184,0,,,,,,,1,6749416,pdf,28271719d8f5149055d8b29b222e515d,,,,0,2000-01-01 01:00:00,2017-04-19 19:07:37,https://e.lanbook.com/img/covers/book/1443/2014/69184.jpg,Экономика и менеджмент;Банковское дело,
30117122,Оценка геоэкологических рисков: моделирование безопасности туристско-рекреационных территорий,,,,Минаев В.А.,2014,,"Издательство \Финансы и статистика\""""",,336,334,Russian,,,,978-5-279-03383-6,,,,,,,,,,69185,0,,,,,,,1,14789824,pdf,843dde6f908acdcce53149fe05018964,,,,0,2000-01-01 01:00:00,2017-04-19 19:07:37,https://e.lanbook.com/img/covers/book/1443/2014/69185.jpg,Экономика и менеджмент;Туризм и гостиничный бизнес,
30117123,Организация коммерческой деятельности промышленного предприятия,,,,"Минько Э.В., Минько А.Э.;Под ред. Самойлова А.В.",2014,,"Издательство \Финансы и статистика\""""",,608,608,Russian,,,,978-5-279-03429-1,,,,,,,,,,69186,0,,,,,,,1,2920955,pdf,0b788e8c5bad7a78cddd4480da64b41c,,,,0,2000-01-01 01:00:00,2017-04-19 19:07:37,https://e.lanbook.com/img/covers/book/1443/2014/69186.jpg,Экономика и менеджмент;Экономическая теория,
30117124,Аутсорсинг в развитии делового партнерства,,,,"Моисеева Н.К., Малютина О.Н., Москвина И.А.;Под ред. Моисеевой Н.К.",2014,,"Издательство \Финансы и статистика\""""",,240,239,Russian,,,,978-5-279-03452-9,,,,,,,,,,69187,0,,,,,,,1,120392044,pdf,efbfb6f11e47697f0a642976b119e2de,,,,0,2000-01-01 01:00:00,2017-04-19 19:07:37,https://e.lanbook.com/img/covers/book/1443/2014/69187.jpg,Экономика и менеджмент;Экономическая теория,
30117125,Логика бизнеса,,,,Под ред. Моисеевой Н.К.,2014,,"Издательство \Финансы и статистика\""""",,296,295,Russian,,,,978-5-279-03511-3,,,,,,,,,,69188,0,,,,,,,1,8194177,pdf,fe0ba9a737047bed6b5465c90459099d,,,,0,2000-01-01 01:00:00,2017-04-19 19:07:37,https://e.lanbook.com/img/covers/book/1443/2014/69188.jpg,Экономика и менеджмент;Экономика предприятий и организаций,
30117126,Маркетинг и турбизнес,,,,Моисеева Н.К.,2014,,"Издательство \Финансы и статистика\""""",,496,494,Russian,,,,978-5-279-03316-4,,,,,,,,,,69189,0,,,,,,,1,6307902,pdf,6811f3b1f5ba654c47cbc239600a0d8b,,,,0,2000-01-01 01:00:00,2017-04-19 19:07:37,,Экономика и менеджмент;Туризм и гостиничный бизнес,
30117127,Финансы предприятий отраслей народного хозяйства,,,,Моляков Д.С.,2014,,"Издательство \Финансы и статистика\""""",,200,200,Russian,,,,5-279-02054-0,,,,,,,,,,69190,0,,,,,,,1,1736788,pdf,618228fec23210dbf4f79296cd05b179,,,,0,2000-01-01 01:00:00,2017-04-19 19:07:37,https://e.lanbook.com/img/covers/book/1443/2014/69190.jpg,Экономика и менеджмент;Финансы и кредит,
30117128,Оптимизация затрат труда и карьера в бизнесе: Рекомендации для предприятий и банков,,,,Москвин В.А.,2014,,"Издательство \Финансы и статистика\""""",,320,321,Russian,,,,978-5-279-03293-8,,,,,,,,,,69191,0,,,,,,,1,1871981,pdf,e43a7f1962c2ceb70c4ec1088d55d8f3,,,,0,2000-01-01 01:00:00,2017-04-19 19:07:37,https://e.lanbook.com/img/covers/book/1443/2014/69191.jpg,Экономика и менеджмент;Финансовый менеджмент,
30117129,Финансовая политика России,,,,"Под ред. Набиева Р.А., Тактарова Г.А., Арыкбаева Р.К.",2014,2-е,"Издательство \Финансы и статистика\""""",,400,400,Russian,,,,978-5-279-03332-4,,,,,,,,,,69192,0,,,,,,,1,2754004,pdf,dc75b17c5fe241d9fd72b3b9e8e48016,,,,0,2000-01-01 01:00:00,2017-04-19 19:07:37,https://e.lanbook.com/img/covers/book/1443/2014/69192.jpg,Экономика и менеджмент;Мировая экономика,
30117130,"Налоговое производство: исчисление, уплата, возврат",,,,Нестеров Г.Г.,2014,,"Издательство \Финансы и статистика\""""",,240,240,Russian,,,,978-5-279-03411-6,,,,,,,,,,69194,0,,,,,,,1,1078501,pdf,110c2e32400e21ccaf82fda267df16c6,,,,0,2000-01-01 01:00:00,2017-04-19 19:07:37,https://e.lanbook.com/img/covers/book/1443/2014/69194.jpg,Экономика и менеджмент;Налоги и налогообложение,
30117131,Инвестиционная деятельность,,,,Николаев М.А.,2014,,"Издательство \Финансы и статистика\""""",,336,336,Russian,,,,"978,5,279,03364,5",,,,,,,,,,69195,0,,,,,,,1,1349219,pdf,85c29d5591287a1fb345c2b68473ed2a,,,,0,2000-01-01 01:00:00,2017-04-19 19:07:37,https://e.lanbook.com/img/covers/book/1443/2014/69195.jpg,Экономика и менеджмент;Финансы и кредит,
30117132,Стабилизационный фонд Российской Федерации: генезис развития,,,,Под ред. Пановой Г.С.,2014,,"Издательство \Финансы и статистика\""""",,224,224,Russian,,,,978-5-279-03337-9,,,,,,,,,,69196,0,,,,,,,1,2000545,pdf,32d25d8a7d1350c1fdf5410440ce07e3,,,,0,2000-01-01 01:00:00,2017-04-19 19:07:37,https://e.lanbook.com/img/covers/book/1443/2014/69196.jpg,Экономика и менеджмент;Финансы и кредит,
30117133,Налоги и налоговая система Российской Федерации,,,,Пансков В.Г.,2014,2-е,"Издательство \Финансы и статистика\""""",,496,496,Russian,,,,978-5-279-03303-4,,,,,,,,,,69197,0,,,,,,,1,4799228,pdf,a32b4ee889dae514ff9f81a605e9cd9a,,,,0,2000-01-01 01:00:00,2017-04-19 19:07:37,https://e.lanbook.com/img/covers/book/1443/2014/69197.jpg,Экономика и менеджмент;Налоги и налогообложение,
30117134,Таможенное регулирование внешнеторговой деятельности в России,,,,"Пансков В.Г., Федоткин В.В.",2014,,"Издательство \Финансы и статистика\""""",,368,366,Russian,,,,978-5-279-03290-7,,,,,,,,,,69198,0,,,,,,,1,3473038,pdf,a58c60bb17a94ac815a1a62d79617fa4,,,,0,2000-01-01 01:00:00,2017-04-19 19:07:37,https://e.lanbook.com/img/covers/book/1443/2014/69198.jpg,Экономика и менеджмент;Мировая экономика,
30117135,"Кредитная система: опыт, новые явления, проблемы и перспективы",,,,Полищук А.И.,2014,,"Издательство \Финансы и статистика\""""",,216,217,Russian,,,,5-279-02881-9,,,,,,,,,,69199,0,,,,,,,1,2447442,pdf,cd902c51d1d7c159a9c8e012b7103265,,,,0,2000-01-01 01:00:00,2017-04-19 19:07:37,https://e.lanbook.com/img/covers/book/1443/2014/69199.jpg,Экономика и менеджмент;Финансы и кредит,
30117136,Налоги и налоговое администрирование в Российской Федерации,,,,"Пономарев А.И., Игнатова Т.В., Богатырев М.А.",2014,2-е,"Издательство \Финансы и статистика\""""",,392,392,Russian,,,,978-5-279-03368-3,,,,,,,,,,69200,0,,,,,,,1,1470411,pdf,d556bb23a201b2efd49344e0d35a33a8,,,,0,2000-01-01 01:00:00,2017-04-19 19:07:37,https://e.lanbook.com/img/covers/book/1443/2014/69200.jpg,Экономика и менеджмент;Налоги и налогообложение,
30117137,"Основы рекламной деятельности: организация, планирование, оценка эффективности",,,,Пономарева А.М.,2014,,"Издательство \Финансы и статистика\""""",,192,192,Russian,,,,978-5-279-03253-2,,,,,,,,,,69201,0,,,,,,,1,1801567,pdf,9c25df9f799c34c2c2a593ea1d97e6bb,,,,0,2000-01-01 01:00:00,2017-04-19 19:07:37,https://e.lanbook.com/img/covers/book/1443/2014/69201.jpg,Экономика и менеджмент;Экономическая теория,
30117138,Очерки истории денег в России,,,,Попырин В.И.,2014,,"Издательство \Финансы и статистика\""""",,224,224,Russian,,,,978-5-279-03407-9,,,,,,,,,,69202,0,,,,,,,1,4510588,pdf,b1be309bf88c3a2beef3f965afccdf0e,,,,0,2000-01-01 01:00:00,2017-04-19 19:07:37,https://e.lanbook.com/img/covers/book/1443/2014/69202.jpg,Экономика и менеджмент;Финансы и кредит,
30117139,История финансовой мысли и политики налогов,,,,Пушкарева В.М.,2014,,"Издательство \Финансы и статистика\""""",,256,255,Russian,,,,5-279-02390-6,,,,,,,,,,69203,0,,,,,,,1,1926733,pdf,1ee741e98cbde39ff54fcd8ff37ae143,,,,0,2000-01-01 01:00:00,2017-04-19 19:07:37,https://e.lanbook.com/img/covers/book/1443/2014/69203.jpg,Экономика и менеджмент;Финансы и кредит,
30117140,История мировой и русской финансовой науки и политики,,,,Пушкарева В.М.,2014,,"Издательство \Финансы и статистика\""""",,272,271,Russian,,,,5-279-02667-0,,,,,,,,,,69204,0,,,,,,,1,2041717,pdf,d7ff97efc6bb3c968634551d3bb33e37,,,,0,2000-01-01 01:00:00,2017-04-19 19:07:37,https://e.lanbook.com/img/covers/book/1443/2014/69204.jpg,Экономика и менеджмент;Финансы и кредит,
30117141,Заработная плата и предпринимательский доход,,,,Ракоти В.Д.,2014,2-е,"Издательство \Финансы и статистика\""""",,336,335,Russian,,,,5-279-02581-Х,,,,,,,,,,69205,0,,,,,,,1,1743940,pdf,38ee8cb99838b07c3ea3ee1ffdadfe96,,,,0,2000-01-01 01:00:00,2017-04-19 19:07:37,https://e.lanbook.com/img/covers/book/1443/2014/69205.jpg,Экономика и менеджмент;Экономика и социология труда,
30117142,Биржевое дело,,,,"Резго Г.Я., Кетова И.А.;Под ред. Резго Г.Я.",2014,,"Издательство \Финансы и статистика\""""",,288,288,Russian,,,,978-5-279-03404-8,,,,,,,,,,69206,0,,,,,,,1,1905276,pdf,85952a4308a82dcea29e0f16120913df,,,,0,2000-01-01 01:00:00,2017-04-19 19:07:37,https://e.lanbook.com/img/covers/book/1443/2014/69206.jpg,Экономика и менеджмент;Трейдинг и биржевая торговля,
30117143,Транспортное обеспечение коммерческой деятельности,,,,Под ред. Резго Г.Я.,2014,,"Издательство \Финансы и статистика\""""",,128,129,Russian,,,,5-279-02767-7,,,,,,,,,,69207,0,,,,,,,1,1943198,pdf,ffbfad93678985265c11b0471150b9f8,,,,0,2000-01-01 01:00:00,2017-04-19 19:07:37,https://e.lanbook.com/img/covers/book/1443/2014/69207.jpg,Экономика и менеджмент;Экономическая теория,
30117144,Гендерный менеджмент: женщины в управлении,,,,"Резник С.Д., Макарова С.Н.",2014,,"Издательство \Финансы и статистика\""""",,416,416,Russian,,,,978-5-279-03349-2,,,,,,,,,,69208,0,,,,,,,1,3903558,pdf,24237e049bd995675300ca7f049a45ca,,,,0,2000-01-01 01:00:00,2017-04-19 19:07:37,https://e.lanbook.com/img/covers/book/1443/2014/69208.jpg,Экономика и менеджмент;Менеджмент,
30117145,Макроэкономика: практикум,,,,"Резник Г.А., Чувакова С.Г.",2014,,"Издательство \Финансы и статистика\""""",,216,216,Russian,,,,978-5-279-03397-3,,,,,,,,,,69209,0,,,,,,,1,973124,pdf,66263b4d8b4ec3d0c27b43335836585b,,,,0,2000-01-01 01:00:00,2017-04-19 19:07:37,https://e.lanbook.com/img/covers/book/1443/2014/69209.jpg,Экономика и менеджмент;Макроэкономика,
30117146,Стратегическое управление материальными ресурсами,,,,Руденко А.А.,2014,,"Издательство \Финансы и статистика\""""",,160,160,Russian,,,,978-5-279-03221-1,,,,,,,,,,69210,0,,,,,,,1,4338868,pdf,65c4a3d0429e552417d7e7b92c7e7701,,,,0,2000-01-01 01:00:00,2017-04-19 19:07:37,https://e.lanbook.com/img/covers/book/1443/2014/69210.jpg,Экономика и менеджмент;Стратегический менеджмент,
30117147,Всемирный банк: кредитование экономики,,,,Самодурова Н.В.,2014,,"Издательство \Финансы и статистика\""""",,144,145,Russian,,,,5-279-02668-9,,,,,,,,,,69211,0,,,,,,,1,1527506,pdf,1dd4d7404123cc2852742f3da3ecb381,,,,0,2000-01-01 01:00:00,2017-04-19 19:07:37,https://e.lanbook.com/img/covers/book/1443/2014/69211.jpg,Экономика и менеджмент;Банковское дело,
30117148,Гостиничный бизнес: классификация гостиниц и других средств размещения,,,,"Сенин В.С., Денисенко А.В.",2014,,"Издательство \Финансы и статистика\""""",,144,140,Russian,,,,5-279-02880-0,,,,,,,,,,69212,0,,,,,,,1,2471800,pdf,274e80dec543e480c0050aa188ccee23,,,,0,2000-01-01 01:00:00,2017-04-19 19:07:37,https://e.lanbook.com/img/covers/book/1443/2014/69212.jpg,Экономика и менеджмент;Туризм и гостиничный бизнес,
30117149,Организация международного туризма,,,,Сенин В.С.,2014,2-е,"Издательство \Финансы и статистика\""""",,400,399,Russian,,,,5-279-02409-0,,,,,,,,,,69213,0,,,,,,,1,3610084,pdf,b0d0ef176852f1f4b060f9f456a5d200,,,,0,2000-01-01 01:00:00,2017-04-19 19:07:37,https://e.lanbook.com/img/covers/book/1443/2014/69213.jpg,Экономика и менеджмент;Туризм и гостиничный бизнес,
30117150,Туристские услуги. Туристское обслуживание: Сборник нормативно-правовых и информационных материалов,,,,"Сост.: Сенин В.С., Чудновский А.Д.",2014,,"Издательство \Финансы и статистика\""""",,224,224,Russian,,,,978-5-279-03302-7,,,,,,,,,,69214,0,,,,,,,1,909083,pdf,7996916c53ab7bf448adbad1ba8145a9,,,,0,2000-01-01 01:00:00,2017-04-19 19:07:37,https://e.lanbook.com/img/covers/book/1443/2014/69214.jpg,Экономика и менеджмент;Туризм и гостиничный бизнес,
30117151,Налогообложение субъектов малого предпринимательства,,,,"Сергеев И.В., Волошина А.Н.",2014,,"Издательство \Финансы и статистика\""""",,224,225,Russian,,,,5-279-02717-0,,,,,,,,,,69215,0,,,,,,,1,2112587,pdf,43f3d132d73406d41abc53894eb2be0e,,,,0,2000-01-01 01:00:00,2017-04-19 19:07:37,https://e.lanbook.com/img/covers/book/1443/2014/69215.jpg,Экономика и менеджмент;Налоги и налогообложение,
30117152,Экологический туризм,,,,Сергеева Т.К.,2014,,"Издательство \Финансы и статистика\""""",,360,360,Russian,,,,5-279-02819-3,,,,,,,,,,69216,0,,,,,,,1,1189846,pdf,c87b40f4ce03c03d7a4b57ed13ad0fb8,,,,0,2000-01-01 01:00:00,2017-04-19 19:07:37,https://e.lanbook.com/img/covers/book/1443/2014/69216.jpg,Экономика и менеджмент,
30117153,Эффективный менеджмент: мыслить по-русски,,,,Шепель В.М.,2014,,"Издательство \Финансы и статистика\""""",,384,384,Russian,,,,5-279-03076-7,,,,,,,,,,69218,0,,,,,,,1,11266798,pdf,b61b3b2499e8a608e26241d0a92266ce,,,,0,2000-01-01 01:00:00,2017-04-19 19:07:37,https://e.lanbook.com/img/covers/book/1443/2014/69218.jpg,Экономика и менеджмент;Менеджмент,
30117154,Деньги. Кредит. Банки. Курс лекций в конспективном изложении,,,,"Шевчук Д.А., Шевчук В.А.",2014,,"Издательство \Финансы и статистика\""""",,160,159,Russian,,,,5-279-03157-7,,,,,,,,,,69219,0,,,,,,,1,811657,pdf,d9290d71bb56efec8ea76626f5effe11,,,,0,2000-01-01 01:00:00,2017-04-19 19:07:37,https://e.lanbook.com/img/covers/book/1443/2014/69219.jpg,Экономика и менеджмент;Банковское дело,
30117155,Оценка интеллектуальной собственности,,,,Под ред. Смирнова С.А.,2014,,"Издательство \Финансы и статистика\""""",,352,352,Russian,,,,5-279-02544-5,,,,,,,,,,69220,0,,,,,,,1,3993236,pdf,09f9735476474886c9528c29474b007f,,,,0,2000-01-01 01:00:00,2017-04-19 19:07:37,https://e.lanbook.com/img/covers/book/1443/2014/69220.jpg,Экономика и менеджмент;Инновационный менеджмент,
30117156,Финансовая система обязательного пенсионного страхования в России,,,,Соловьев А.К.,2014,,"Издательство \Финансы и статистика\""""",,480,479,Russian,,,,5-279-02823-1,,,,,,,,,,69221,0,,,,,,,1,3352476,pdf,ad0d52464bb153d8654122b0407eb8fe,,,,0,2000-01-01 01:00:00,2017-04-19 19:07:37,https://e.lanbook.com/img/covers/book/1443/2014/69221.jpg,Экономика и менеджмент;Государственное и муниципальное управление,
30117157,PHIбаланс как эталон оценки финансовой деятельности,,,,"Сухова Л.Ф., Любенкова Е.П., Урядова Т.Н.",2014,,"Издательство \Финансы и статистика\""""",,48,48,Russian,,,,978-5-279-03191-7,,,,,,,,,,69222,0,,,,,,,1,550356,pdf,b8caaf9f486e1c3381dd18fa68ad8426,,,,0,2000-01-01 01:00:00,2017-04-19 19:07:37,https://e.lanbook.com/img/covers/book/1443/2014/69222.jpg,Экономика и менеджмент;Финансы и кредит,
